txName: TRV1
constraint: {(PV > Zprime(1)), (Zprime(1) > MET(2),MET(3))}
condition: None
conditionDescription: None
figureUrl: None
source: Recast by CM2
validated: True
axesMap: [{0: 'x', 1: 'y', 2: 'y'}]
dataMap: {0: (1, 'mass', GeV), 1: (2, 'mass', GeV), 2: (3, 'mass', GeV)}
finalState: ['MET', 'MET']
intermediateState: None
efficiencyMap: [[[50.0,0,0],0.0],
[[50.0,1.0,1.0],0.0],
[[50.0,10.0,10.0],0],
[[50.0,20.0,20.0],0],
[[100.0,0,0],0],
[[100.0,1.0,1.0],0],
[[100.0,10.0,10.0],0],
[[150.0,0,0],0],
[[150.0,1.0,1.0],0],
[[150.0,10.0,10.0],0],
[[150.0,50.0,50.0],0],
[[150.0,70.0,70.0],0],
[[200.0,0,0],0],
[[200.0,1.0,1.0],0],
[[200.0,10.0,10.0],0],
[[200.0,50.0,50.0],0],
[[200.0,75.0,75.0],0],
[[250.0,0,0],9.581611e-06],
[[250.0,1.0,1.0],0],
[[250.0,10.0,10.0],0],
[[250.0,50.0,50.0],0],
[[250.0,75.0,75.0],0],
[[250.0,100.0,100.0],2.011118e-06],
[[250.0,120.0,120.0],1.705289e-06],
[[300.0,0,0],2.225795e-06],
[[300.0,1.0,1.0],2.439411e-06],
[[300.0,10.0,10.0],2.378784e-06],
[[300.0,50.0,50.0],9.033921e-06],
[[300.0,75.0,75.0],2.433051e-06],
[[300.0,100.0,100.0],2.672991e-06],
[[350.0,0,0],6.219883e-06],
[[350.0,1.0,1.0],4.338198e-06],
[[350.0,10.0,10.0],5.274939e-06],
[[350.0,50.0,50.0],4.707824e-06],
[[350.0,75.0,75.0],3.719588e-06],
[[350.0,100.0,100.0],5.881772e-06],
[[350.0,150.0,150.0],5.380794e-06],
[[350.0,170.0,170.0],4.099605e-06],
[[400.0,0,0],5.944807e-06],
[[400.0,1.0,1.0],5.129968e-06],
[[400.0,10.0,10.0],7.195573e-06],
[[400.0,50.0,50.0],8.925136e-06],
[[400.0,75.0,75.0],9.383064e-06],
[[400.0,100.0,100.0],9.233167e-06],
[[400.0,150.0,150.0],5.714829e-06],
[[450.0,0,0],9.753838e-06],
[[450.0,1.0,1.0],9.83558e-06],
[[450.0,10.0,10.0],1.322388e-05],
[[450.0,50.0,50.0],8.332523e-06],
[[450.0,75.0,75.0],1.14137e-05],
[[450.0,100.0,100.0],1.171796e-05],
[[450.0,150.0,150.0],7.248702e-06],
[[450.0,200.0,200.0],1.102618e-05],
[[450.0,220.0,220.0],1.21242e-05],
[[500.0,0,0],1.165843e-05],
[[500.0,1.0,1.0],1.261358e-05],
[[500.0,10.0,10.0],1.207985e-05],
[[500.0,50.0,50.0],1.086168e-05],
[[500.0,75.0,75.0],1.401485e-05],
[[500.0,100.0,100.0],1.094109e-05],
[[500.0,150.0,150.0],1.293347e-05],
[[500.0,200.0,200.0],1.320867e-05],
[[550.0,1.0,1.0],1.704638e-05],
[[550.0,10.0,10.0],1.582847e-05],
[[550.0,75.0,75.0],1.406927e-05],
[[550.0,150.0,150.0],1.986465e-05],
[[550.0,200.0,200.0],1.704496e-05],
[[550.0,250.0,250.0],1.376633e-05],
[[550.0,270.0,270.0],1.932124e-05],
[[600.0,0,0],2.087395e-05],
[[600.0,1.0,1.0],2.205962e-05],
[[600.0,10.0,10.0],2.188517e-05],
[[600.0,50.0,50.0],1.752727e-05],
[[600.0,75.0,75.0],1.614984e-05],
[[600.0,100.0,100.0],2.032564e-05],
[[600.0,150.0,150.0],2.055796e-05],
[[600.0,200.0,200.0],1.878628e-05],
[[600.0,250.0,250.0],2.335198e-05],
[[600.0,295.0,295.0],2.485181e-05],
[[650.0,1.0,1.0],2.391935e-05],
[[650.0,10.0,10.0],2.175898e-05],
[[650.0,75.0,75.0],2.016526e-05],
[[650.0,150.0,150.0],2.11363e-05],
[[650.0,200.0,200.0],2.703789e-05],
[[650.0,250.0,250.0],3.118225e-05],
[[650.0,300.0,300.0],2.900092e-05],
[[650.0,320.0,320.0],3.003686e-05],
[[700.0,0,0],3.25128e-05],
[[700.0,1.0,1.0],2.886442e-05],
[[700.0,10.0,10.0],2.893611e-05],
[[700.0,50.0,50.0],3.025351e-05],
[[700.0,75.0,75.0],2.463743e-05],
[[700.0,100.0,100.0],1.151877e-05],
[[700.0,150.0,150.0],2.30659e-05],
[[700.0,200.0,200.0],2.916246e-05],
[[700.0,250.0,250.0],3.385108e-05],
[[700.0,300.0,300.0],2.944192e-05],
[[750.0,1.0,1.0],2.868584e-05],
[[750.0,10.0,10.0],3.03813e-05],
[[750.0,75.0,75.0],3.095105e-05],
[[750.0,150.0,150.0],3.48143e-05],
[[750.0,200.0,200.0],3.080524e-05],
[[750.0,250.0,250.0],3.17182e-05],
[[750.0,300.0,300.0],4.231317e-05],
[[750.0,350.0,350.0],4.056782e-05],
[[750.0,370.0,370.0],3.540336e-05],
[[800.0,0,0],3.457913e-05],
[[800.0,1.0,1.0],2.978938e-05],
[[800.0,10.0,10.0],3.349863e-05],
[[800.0,50.0,50.0],2.886719e-05],
[[800.0,75.0,75.0],3.654358e-05],
[[800.0,100.0,100.0],3.681904e-05],
[[800.0,150.0,150.0],3.751371e-05],
[[800.0,200.0,200.0],3.22677e-05],
[[800.0,250.0,250.0],3.957358e-05],
[[800.0,300.0,300.0],4.269569e-05],
[[800.0,350.0,350.0],3.508286e-05],
[[850.0,1.0,1.0],3.835556e-05],
[[850.0,10.0,10.0],4.022161e-05],
[[850.0,75.0,75.0],2.965534e-05],
[[850.0,150.0,150.0],2.876231e-05],
[[850.0,200.0,200.0],4.33431e-05],
[[850.0,250.0,250.0],3.715763e-05],
[[850.0,300.0,300.0],4.915432e-05],
[[850.0,350.0,350.0],3.567204e-05],
[[850.0,400.0,400.0],4.270353e-05],
[[850.0,420.0,420.0],4.25662e-05],
[[900.0,0,0],4.372028e-05],
[[900.0,1.0,1.0],3.539051e-05],
[[900.0,10.0,10.0],4.321819e-05],
[[900.0,50.0,50.0],3.643426e-05],
[[900.0,75.0,75.0],3.21077e-05],
[[900.0,100.0,100.0],4.174825e-05],
[[900.0,150.0,150.0],4.673311e-05],
[[900.0,200.0,200.0],3.957611e-05],
[[900.0,250.0,250.0],3.36436e-05],
[[900.0,300.0,300.0],5.808224e-05],
[[900.0,350.0,350.0],3.890785e-05],
[[900.0,400.0,400.0],4.32209e-05],
[[950.0,1.0,1.0],3.51594e-05],
[[950.0,10.0,10.0],4.148872e-05],
[[950.0,75.0,75.0],4.397755e-05],
[[950.0,150.0,150.0],4.505325e-05],
[[950.0,200.0,200.0],5.046823e-05],
[[950.0,250.0,250.0],4.598306e-05],
[[950.0,300.0,300.0],4.890872e-05],
[[950.0,350.0,350.0],4.764603e-05],
[[950.0,400.0,400.0],4.930689e-05],
[[950.0,450.0,450.0],5.616147e-05],
[[950.0,470.0,470.0],5.655518e-05],
[[1000.0,0,0],4.832543e-05],
[[1000.0,50.0,50.0],5.127098e-05],
[[1000.0,100.0,100.0],4.869097e-05],
[[1000.0,150.0,150.0],5.20939e-05],
[[1000.0,200.0,200.0],4.783682e-05],
[[1000.0,250.0,250.0],5.132316e-05],
[[1000.0,300.0,300.0],5.172135e-05],
[[1000.0,350.0,350.0],4.153224e-05],
[[1000.0,400.0,400.0],5.449319e-05],
[[1000.0,450.0,450.0],5.473967e-05],
[[1050.0,520.0,520.0],5.941531e-05],
[[1100.0,0,0],5.076346e-05],
[[1100.0,100.0,100.0],5.276909e-05],
[[1100.0,200.0,200.0],6.35279e-05],
[[1100.0,300.0,300.0],5.52062e-05],
[[1100.0,400.0,400.0],4.939735e-05],
[[1100.0,500.0,500.0],6.821501e-05],
[[1150.0,570.0,570.0],5.707622e-05],
[[1200.0,0,0],5.314435e-05],
[[1200.0,100.0,100.0],5.604944e-05],
[[1200.0,200.0,200.0],5.828394e-05],
[[1200.0,300.0,300.0],5.332834e-05],
[[1200.0,400.0,400.0],6.631997e-05],
[[1200.0,500.0,500.0],5.83327e-05],
[[1250.0,620.0,620.0],6.460605e-05],
[[1300.0,0,0],5.563508e-05],
[[1300.0,100.0,100.0],5.87562e-05],
[[1300.0,200.0,200.0],5.499477e-05],
[[1300.0,300.0,300.0],5.351255e-05],
[[1300.0,400.0,400.0],5.87259e-05],
[[1300.0,500.0,500.0],5.895764e-05],
[[1300.0,600.0,600.0],6.248667e-05],
[[1350.0,670.0,670.0],7.11453e-05],
[[1400.0,0,0],6.222782e-05],
[[1400.0,100.0,100.0],6.306029e-05],
[[1400.0,200.0,200.0],6.365832e-05],
[[1400.0,300.0,300.0],7.124969e-05],
[[1400.0,400.0,400.0],6.043491e-05],
[[1400.0,500.0,500.0],6.37957e-05],
[[1400.0,600.0,600.0],7.173339e-05],
[[1450.0,720.0,720.0],5.511614e-05],
[[1500.0,0,0],5.082914e-05],
[[1500.0,100.0,100.0],7.265613e-05],
[[1500.0,200.0,200.0],6.731252e-05],
[[1500.0,300.0,300.0],6.34593e-05],
[[1500.0,400.0,400.0],6.827525e-05],
[[1500.0,500.0,500.0],7.349686e-05],
[[1500.0,600.0,600.0],6.655715e-05],
[[1500.0,700.0,700.0],6.120368e-05],
[[1550.0,770.0,770.0],6.908455e-05],
[[1600.0,0,0],7.089751e-05],
[[1600.0,100.0,100.0],6.854767e-05],
[[1600.0,200.0,200.0],6.215389e-05],
[[1600.0,300.0,300.0],5.984876e-05],
[[1600.0,400.0,400.0],6.785615e-05],
[[1600.0,500.0,500.0],5.93108e-05],
[[1600.0,600.0,600.0],7.319414e-05],
[[1600.0,700.0,700.0],7.106817e-05],
[[1650.0,820.0,820.0],6.678867e-05],
[[1700.0,0,0],7.586754e-05],
[[1700.0,100.0,100.0],6.188885e-05],
[[1700.0,200.0,200.0],5.709078e-05],
[[1700.0,300.0,300.0],6.841716e-05],
[[1700.0,400.0,400.0],6.915736e-05],
[[1700.0,500.0,500.0],6.950449e-05],
[[1700.0,600.0,600.0],7.751851e-05],
[[1700.0,700.0,700.0],8.218635e-05],
[[1700.0,800.0,800.0],6.796643e-05],
[[1750.0,870.0,870.0],5.669442e-05],
[[1800.0,0,0],7.025535e-05],
[[1800.0,100.0,100.0],6.699514e-05],
[[1800.0,200.0,200.0],7.363825e-05],
[[1800.0,300.0,300.0],6.583407e-05],
[[1800.0,400.0,400.0],5.952317e-05],
[[1800.0,500.0,500.0],7.851747e-05],
[[1800.0,600.0,600.0],7.358864e-05],
[[1800.0,700.0,700.0],8.324952e-05],
[[1800.0,800.0,800.0],7.02799e-05],
[[1850.0,920.0,920.0],7.187143e-05],
[[1900.0,0,0],6.38449e-05],
[[1900.0,100.0,100.0],5.944646e-05],
[[1900.0,200.0,200.0],7.396146e-05],
[[1900.0,300.0,300.0],7.156033e-05],
[[1900.0,400.0,400.0],6.542773e-05],
[[1900.0,500.0,500.0],6.568485e-05],
[[1900.0,600.0,600.0],7.011545e-05],
[[1900.0,700.0,700.0],6.191988e-05],
[[1900.0,800.0,800.0],5.945345e-05],
[[1900.0,900.0,900.0],6.336871e-05],
[[1950.0,970.0,970.0],8.017702e-05],
[[2000.0,0,0],5.406069e-05],
[[2000.0,100.0,100.0],5.776052e-05],
[[2000.0,200.0,200.0],6.18016e-05],
[[2000.0,300.0,300.0],6.61524e-05],
[[2000.0,400.0,400.0],6.150267e-05],
[[2000.0,500.0,500.0],6.190308e-05],
[[2000.0,600.0,600.0],6.63367e-05],
[[2000.0,700.0,700.0],6.478345e-05],
[[2000.0,800.0,800.0],6.190973e-05],
[[2000.0,900.0,900.0],7.165688e-05],
[[2050.0,1020.0,1020.0],8.038157e-05],
[[2100.0,0,0],6.213228e-05],
[[2100.0,100.0,100.0],7.125665e-05],
[[2100.0,200.0,200.0],6.693838e-05],
[[2100.0,300.0,300.0],6.749895e-05],
[[2100.0,400.0,400.0],6.722465e-05],
[[2100.0,500.0,500.0],7.885759e-05],
[[2100.0,600.0,600.0],7.097314e-05],
[[2100.0,700.0,700.0],6.03787e-05],
[[2100.0,800.0,800.0],6.600217e-05],
[[2100.0,900.0,900.0],7.083155e-05],
[[2100.0,1000.0,1000.0],6.348644e-05],
[[2150.0,1070.0,1070.0],6.805728e-05],
[[2200.0,0,0],6.579752e-05],
[[2200.0,100.0,100.0],5.293829e-05],
[[2200.0,200.0,200.0],6.47682e-05],
[[2200.0,300.0,300.0],7.254847e-05],
[[2200.0,400.0,400.0],6.149793e-05],
[[2200.0,500.0,500.0],5.897651e-05],
[[2200.0,600.0,600.0],6.888047e-05],
[[2200.0,700.0,700.0],6.948128e-05],
[[2200.0,800.0,800.0],6.589666e-05],
[[2200.0,900.0,900.0],7.499711e-05],
[[2200.0,1000.0,1000.0],7.427112e-05],
[[2250.0,1120.0,1120.0],6.873632e-05],
[[2300.0,0,0],7.580856e-05],
[[2300.0,100.0,100.0],5.698216e-05],
[[2300.0,200.0,200.0],6.60147e-05],
[[2300.0,300.0,300.0],6.706965e-05],
[[2300.0,400.0,400.0],8.160276e-05],
[[2300.0,500.0,500.0],5.343333e-05],
[[2300.0,600.0,600.0],5.954234e-05],
[[2300.0,700.0,700.0],7.925925e-05],
[[2300.0,800.0,800.0],6.211875e-05],
[[2300.0,900.0,900.0],8.365944e-05],
[[2300.0,1000.0,1000.0],7.446195e-05],
[[2300.0,1100.0,1100.0],6.895926e-05],
[[2350.0,1170.0,1170.0],7.539989e-05],
[[2400.0,0,0],6.157075e-05],
[[2400.0,100.0,100.0],5.740629e-05],
[[2400.0,200.0,200.0],6.062049e-05],
[[2400.0,300.0,300.0],6.594346e-05],
[[2400.0,400.0,400.0],5.766949e-05],
[[2400.0,500.0,500.0],7.549615e-05],
[[2400.0,600.0,600.0],6.569026e-05],
[[2400.0,700.0,700.0],6.499972e-05],
[[2400.0,800.0,800.0],7.91858e-05],
[[2400.0,900.0,900.0],7.84537e-05],
[[2400.0,1000.0,1000.0],6.237407e-05],
[[2400.0,1100.0,1100.0],6.09569e-05],
[[2450.0,1220.0,1220.0],5.175313e-05],
[[2500.0,0,0],7.031419e-05],
[[2500.0,100.0,100.0],7.310124e-05],
[[2500.0,200.0,200.0],6.001127e-05],
[[2500.0,300.0,300.0],6.778806e-05],
[[2500.0,400.0,400.0],6.305829e-05],
[[2500.0,500.0,500.0],7.766146e-05],
[[2500.0,600.0,600.0],8.151201e-05],
[[2500.0,700.0,700.0],6.848502e-05],
[[2500.0,800.0,800.0],8.407949e-05],
[[2500.0,900.0,900.0],5.837324e-05],
[[2500.0,1000.0,1000.0],6.352143e-05],
[[2500.0,1100.0,1100.0],6.775102e-05],
[[2500.0,1200.0,1200.0],5.72953e-05],
[[2550.0,1270.0,1270.0],7.53818e-05],
[[2600.0,0,0],5.805015e-05],
[[2600.0,100.0,100.0],6.673445e-05],
[[2600.0,200.0,200.0],7.253858e-05],
[[2600.0,300.0,300.0],7.112192e-05],
[[2600.0,400.0,400.0],5.924644e-05],
[[2600.0,500.0,500.0],6.268914e-05],
[[2600.0,600.0,600.0],6.301778e-05],
[[2600.0,700.0,700.0],6.473661e-05],
[[2600.0,800.0,800.0],6.628411e-05],
[[2600.0,900.0,900.0],5.990261e-05],
[[2600.0,1000.0,1000.0],5.663939e-05],
[[2600.0,1100.0,1100.0],7.38382e-05],
[[2600.0,1200.0,1200.0],7.237432e-05],
[[2650.0,1320.0,1320.0],6.179679e-05],
[[2700.0,0,0],5.817047e-05],
[[2700.0,100.0,100.0],6.098175e-05],
[[2700.0,200.0,200.0],6.516324e-05],
[[2700.0,300.0,300.0],6.680173e-05],
[[2700.0,400.0,400.0],6.543614e-05],
[[2700.0,500.0,500.0],7.211953e-05],
[[2700.0,600.0,600.0],6.160491e-05],
[[2700.0,700.0,700.0],5.536121e-05],
[[2700.0,800.0,800.0],5.286777e-05],
[[2700.0,900.0,900.0],5.923225e-05],
[[2700.0,1000.0,1000.0],6.780801e-05],
[[2700.0,1100.0,1100.0],5.665196e-05],
[[2700.0,1200.0,1200.0],7.032446e-05],
[[2700.0,1300.0,1300.0],6.142287e-05],
[[2750.0,1370.0,1370.0],7.172899e-05],
[[2800.0,0,0],6.044163e-05],
[[2800.0,100.0,100.0],5.463641e-05],
[[2800.0,200.0,200.0],7.255488e-05],
[[2800.0,300.0,300.0],5.524614e-05],
[[2800.0,400.0,400.0],7.13189e-05],
[[2800.0,500.0,500.0],5.06213e-05],
[[2800.0,600.0,600.0],6.000101e-05],
[[2800.0,700.0,700.0],6.77476e-05],
[[2800.0,800.0,800.0],7.848354e-05],
[[2800.0,900.0,900.0],7.513875e-05],
[[2800.0,1000.0,1000.0],6.556277e-05],
[[2800.0,1100.0,1100.0],7.059118e-05],
[[2800.0,1200.0,1200.0],5.682432e-05],
[[2800.0,1300.0,1300.0],6.947712e-05],
[[2850.0,1420.0,1420.0],6.958002e-05],
[[2900.0,0,0],6.007719e-05],
[[2900.0,100.0,100.0],6.506135e-05],
[[2900.0,200.0,200.0],6.212921e-05],
[[2900.0,300.0,300.0],6.745953e-05],
[[2900.0,400.0,400.0],5.892615e-05],
[[2900.0,500.0,500.0],0.0001232155],
[[2900.0,600.0,600.0],7.189732e-05],
[[2900.0,700.0,700.0],7.051923e-05],
[[2900.0,800.0,800.0],6.495369e-05],
[[2900.0,900.0,900.0],3.679345e-05],
[[2900.0,1000.0,1000.0],6.468004e-05],
[[2900.0,1100.0,1100.0],6.86788e-05],
[[2900.0,1200.0,1200.0],6.104354e-05],
[[2900.0,1300.0,1300.0],7.085091e-05],
[[2900.0,1400.0,1400.0],5.99929e-05],
[[2950.0,1470.0,1470.0],5.882116e-05],
[[3000.0,0,0],6.623504e-05],
[[3000.0,100.0,100.0],6.059706e-05],
[[3000.0,200.0,200.0],5.547488e-05],
[[3000.0,300.0,300.0],6.183495e-05],
[[3000.0,400.0,400.0],5.20404e-05],
[[3000.0,500.0,500.0],5.605296e-05],
[[3000.0,600.0,600.0],6.864422e-05],
[[3000.0,700.0,700.0],7.015631e-05],
[[3000.0,800.0,800.0],6.332219e-05],
[[3000.0,900.0,900.0],7.529227e-05],
[[3000.0,1000.0,1000.0],6.116886e-05],
[[3000.0,1100.0,1100.0],7.575063e-05],
[[3000.0,1200.0,1200.0],5.697537e-05],
[[3000.0,1300.0,1300.0],6.231118e-05],
[[3000.0,1400.0,1400.0],6.670935e-05]]
