txName: TRS1
constraint: {(PV > H0(1)), (H0(1) > MET(2),MET(3))}
condition: None
conditionDescription: None
figureUrl: https://cms-results.web.cern.ch/cms-results/public-results/publications/EXO-20-004/CMS-EXO-20-004_Figure_009-a.png
source: CMS
validated: True
axesMap: [{0: 'x', 1: '1.0', 2: '1.0'}, {0: 'x', 1: 'y', 2: 'y'}]
dataMap: {0: (1, 'mass', GeV), 1: (2, 'mass', GeV), 2: (3, 'mass', GeV)}
finalState: ['MET', 'MET']
intermediateState: None
efficiencyMap: [[[100.0,10.0,10.0],7.533619e-06],
[[150.0,1.0,1.0],1.56464e-05],
[[150.0,50.0,50.0],1.304956e-05],
[[200.0,1.0,1.0],2.244062e-05],
[[200.0,50.0,50.0],2.341514e-05],
[[200.0,100.0,100.0],5.002526e-05],
[[250.0,1.0,1.0],3.508378e-05],
[[250.0,10.0,10.0],3.336659e-05],
[[250.0,50.0,50.0],3.781695e-05],
[[250.0,100.0,100.0],3.706328e-05],
[[300.0,1.0,1.0],4.653255e-05],
[[300.0,50.0,50.0],4.13033e-05],
[[300.0,100.0,100.0],4.777739e-05],
[[350.0,1.0,1.0],4.796454e-05],
[[350.0,50.0,50.0],5.116546e-05],
[[350.0,100.0,100.0],4.86487e-05],
[[350.0,150.0,150.0],4.340658e-05],
[[400.0,1.0,1.0],6.778507e-05],
[[400.0,50.0,50.0],5.9935e-05],
[[400.0,100.0,100.0],5.514722e-05],
[[400.0,150.0,150.0],5.996457e-05],
[[450.0,1.0,1.0],7.881222e-05],
[[450.0,50.0,50.0],7.156112e-05],
[[450.0,100.0,100.0],7.912978e-05],
[[450.0,150.0,150.0],8.286335e-05],
[[450.0,200.0,200.0],8.707106e-05],
[[500.0,1.0,1.0],0.0001127432],
[[500.0,10.0,10.0],0.000104416],
[[500.0,50.0,50.0],0.0001088015],
[[500.0,100.0,100.0],0.0001114313],
[[500.0,150.0,150.0],0.0001126614],
[[500.0,200.0,200.0],0.0001148247],
[[550.0,1.0,1.0],0.0001556625],
[[550.0,50.0,50.0],0.0001344534],
[[550.0,100.0,100.0],0.0001373301],
[[550.0,150.0,150.0],0.00014703],
[[550.0,200.0,200.0],0.0001415545],
[[550.0,250.0,250.0],0.0001982442],
[[600.0,1.0,1.0],0.0002425038],
[[600.0,50.0,50.0],0.0001959756],
[[600.0,100.0,100.0],0.000184742],
[[600.0,150.0,150.0],0.0001838842],
[[600.0,200.0,200.0],0.0002580563],
[[600.0,250.0,250.0],0.0002239286],
[[650.0,1.0,1.0],0.0002316892],
[[650.0,50.0,50.0],0.0002255705],
[[650.0,100.0,100.0],0.0002312398],
[[650.0,150.0,150.0],0.000244169],
[[650.0,200.0,200.0],0.000218963],
[[650.0,250.0,250.0],0.0002580945],
[[650.0,300.0,300.0],0.000256454],
[[700.0,1.0,1.0],0.0002488843],
[[700.0,50.0,50.0],0.0002995805],
[[700.0,100.0,100.0],0.0002861144],
[[700.0,150.0,150.0],0.0003024814],
[[700.0,200.0,200.0],0.0002971802],
[[700.0,250.0,250.0],0.0003189544],
[[700.0,300.0,300.0],0.0003007166],
[[750.0,1.0,1.0],0.0003236036],
[[750.0,10.0,10.0],0.0003336375],
[[750.0,50.0,50.0],0.0003293539],
[[750.0,100.0,100.0],0.000350654],
[[750.0,150.0,150.0],0.0003403208],
[[750.0,200.0,200.0],0.0003767421],
[[750.0,250.0,250.0],0.0003506735],
[[750.0,300.0,300.0],0.0003916331],
[[750.0,350.0,350.0],0.0004326304],
[[800.0,1.0,1.0],0.0003866842],
[[800.0,150.0,150.0],0.0004179175],
[[800.0,200.0,200.0],0.0004309038],
[[800.0,250.0,250.0],0.0004536063],
[[800.0,300.0,300.0],0.0004306792],
[[800.0,350.0,350.0],0.0004518557],
[[850.0,1.0,1.0],0.000478938],
[[850.0,150.0,150.0],0.0004693017],
[[850.0,200.0,200.0],0.0005012064],
[[850.0,250.0,250.0],0.0004906533],
[[850.0,300.0,300.0],0.000591541],
[[850.0,350.0,350.0],0.0005756901],
[[850.0,400.0,400.0],0.0005682667],
[[900.0,1.0,1.0],0.0004619734],
[[900.0,150.0,150.0],0.0004919682],
[[900.0,200.0,200.0],0.0005638465],
[[900.0,250.0,250.0],0.0005450123],
[[900.0,300.0,300.0],0.0005696348],
[[900.0,350.0,350.0],0.0009364124],
[[900.0,400.0,400.0],0.0006904761],
[[950.0,1.0,1.0],0.0005119149],
[[950.0,150.0,150.0],0.0008790617],
[[950.0,200.0,200.0],0.0006171611],
[[950.0,250.0,250.0],0.0007466186],
[[950.0,300.0,300.0],0.0007480369],
[[950.0,350.0,350.0],0.001105515],
[[950.0,400.0,400.0],0.0006576431],
[[950.0,450.0,450.0],0.0006878394],
[[1000.0,1.0,1.0],0.0007345131],
[[1000.0,10.0,10.0],0.0007539678],
[[1000.0,50.0,50.0],0.0005597184],
[[1000.0,100.0,100.0],0.0006092976],
[[1000.0,150.0,150.0],0.0006450418],
[[1000.0,200.0,200.0],0.0008351085],
[[1000.0,250.0,250.0],0.0007737864],
[[1000.0,300.0,300.0],0.0007918923],
[[1000.0,350.0,350.0],0.0007321049],
[[1000.0,400.0,400.0],0.0007614058],
[[1000.0,450.0,450.0],0.0008047915],
[[1050.0,1.0,1.0],0.0006790066],
[[1050.0,150.0,150.0],0.0007578456],
[[1050.0,200.0,200.0],0.0009542489],
[[1050.0,250.0,250.0],0.000794854],
[[1050.0,300.0,300.0],0.0008792189],
[[1050.0,350.0,350.0],0.0009797024],
[[1050.0,400.0,400.0],0.000967653],
[[1050.0,450.0,450.0],0.0008255373],
[[1050.0,500.0,500.0],0.00115783],
[[1100.0,1.0,1.0],0.0007912062],
[[1100.0,150.0,150.0],0.00123424],
[[1100.0,200.0,200.0],0.001389707],
[[1100.0,250.0,250.0],0.0009943],
[[1100.0,300.0,300.0],0.001024857],
[[1100.0,350.0,350.0],0.001002948],
[[1100.0,400.0,400.0],0.001061942],
[[1100.0,450.0,450.0],0.001079426],
[[1100.0,500.0,500.0],0.00100343],
[[1150.0,1.0,1.0],0.0007762824],
[[1150.0,150.0,150.0],0.001016401],
[[1150.0,200.0,200.0],0.000824863],
[[1150.0,250.0,250.0],0.001045411],
[[1150.0,300.0,300.0],0.001015753],
[[1150.0,350.0,350.0],0.001050592],
[[1150.0,400.0,400.0],0.001051465],
[[1150.0,450.0,450.0],0.001072708],
[[1150.0,500.0,500.0],0.001085161],
[[1150.0,550.0,550.0],0.001282874],
[[1200.0,1.0,1.0],0.0009420456],
[[1200.0,150.0,150.0],0.0008310382],
[[1200.0,200.0,200.0],0.0008856796],
[[1200.0,250.0,250.0],0.0009695543],
[[1200.0,300.0,300.0],0.0009022064],
[[1200.0,350.0,350.0],0.0010208],
[[1200.0,400.0,400.0],0.001494755],
[[1200.0,450.0,450.0],0.001023077],
[[1200.0,500.0,500.0],0.001156867],
[[1200.0,550.0,550.0],0.00100839],
[[1250.0,1.0,1.0],0.0008870158],
[[1250.0,10.0,10.0],0.001220373],
[[1250.0,50.0,50.0],0.0009374953],
[[1250.0,100.0,100.0],0.00102377],
[[1250.0,150.0,150.0],0.001129153],
[[1250.0,200.0,200.0],0.001100978],
[[1250.0,250.0,250.0],0.001095486],
[[1250.0,300.0,300.0],0.001469298],
[[1250.0,350.0,350.0],0.001092063],
[[1250.0,400.0,400.0],0.001307783],
[[1250.0,450.0,450.0],0.001205955],
[[1250.0,500.0,500.0],0.001172661],
[[1250.0,550.0,550.0],0.00119639],
[[1250.0,600.0,600.0],0.001695869],
[[1300.0,1.0,1.0],0.0009353254],
[[1300.0,150.0,150.0],0.001035618],
[[1300.0,200.0,200.0],0.001064156],
[[1300.0,250.0,250.0],0.001086739],
[[1300.0,300.0,300.0],0.00116997],
[[1300.0,350.0,350.0],0.00126542],
[[1300.0,400.0,400.0],0.001207009],
[[1300.0,450.0,450.0],0.001223838],
[[1300.0,500.0,500.0],0.00125494],
[[1300.0,550.0,550.0],0.00125157],
[[1300.0,600.0,600.0],0.001323405],
[[1350.0,1.0,1.0],0.00109082],
[[1350.0,150.0,150.0],0.001042751],
[[1350.0,200.0,200.0],0.001157911],
[[1350.0,250.0,250.0],0.001259537],
[[1350.0,300.0,300.0],0.001245638],
[[1350.0,350.0,350.0],0.001248287],
[[1350.0,400.0,400.0],0.001248257],
[[1350.0,450.0,450.0],0.001435862],
[[1350.0,500.0,500.0],0.00157532],
[[1350.0,550.0,550.0],0.001571986],
[[1350.0,600.0,600.0],0.001376666],
[[1350.0,650.0,650.0],0.001455772],
[[1400.0,1.0,1.0],0.001192898],
[[1400.0,150.0,150.0],0.001070196],
[[1400.0,200.0,200.0],0.001204655],
[[1400.0,250.0,250.0],0.001145802],
[[1400.0,300.0,300.0],0.001311682],
[[1400.0,350.0,350.0],0.00152055],
[[1400.0,400.0,400.0],0.001410527],
[[1400.0,450.0,450.0],0.00166175],
[[1400.0,500.0,500.0],0.001617455],
[[1400.0,550.0,550.0],0.001784519],
[[1400.0,600.0,600.0],0.001641028],
[[1400.0,650.0,650.0],0.00151831],
[[1450.0,1.0,1.0],0.001019837],
[[1450.0,150.0,150.0],0.001127651],
[[1450.0,200.0,200.0],0.001289024],
[[1450.0,250.0,250.0],0.001179721],
[[1450.0,300.0,300.0],0.001705755],
[[1450.0,350.0,350.0],0.001359865],
[[1450.0,400.0,400.0],0.001444653],
[[1450.0,450.0,450.0],0.001547518],
[[1450.0,500.0,500.0],0.001751671],
[[1450.0,550.0,550.0],0.00213961],
[[1450.0,600.0,600.0],0.001569309],
[[1450.0,650.0,650.0],0.001538942],
[[1450.0,700.0,700.0],0.001641155],
[[1500.0,1.0,1.0],0.0009195625],
[[1500.0,10.0,10.0],0.0009486931],
[[1500.0,50.0,50.0],0.000947404],
[[1500.0,100.0,100.0],0.001142727],
[[1500.0,150.0,150.0],0.001200376],
[[1500.0,200.0,200.0],0.001261991],
[[1500.0,250.0,250.0],0.001553758],
[[1500.0,300.0,300.0],0.001345986],
[[1500.0,350.0,350.0],0.001547993],
[[1500.0,400.0,400.0],0.001614302],
[[1500.0,450.0,450.0],0.001373619],
[[1500.0,500.0,500.0],0.001646872],
[[1500.0,550.0,550.0],0.001474841],
[[1500.0,600.0,600.0],0.001558496],
[[1500.0,650.0,650.0],0.001607525],
[[1500.0,700.0,700.0],0.001438574],
[[1500.0,750.0,750.0],0.002051425],
[[1550.0,1.0,1.0],0.0009988252],
[[1550.0,150.0,150.0],0.001354055],
[[1550.0,200.0,200.0],0.001457949],
[[1550.0,250.0,250.0],0.001402055],
[[1550.0,300.0,300.0],0.001383719],
[[1550.0,350.0,350.0],0.001413389],
[[1550.0,400.0,400.0],0.00155912],
[[1550.0,450.0,450.0],0.001367692],
[[1550.0,500.0,500.0],0.001615193],
[[1550.0,550.0,550.0],0.001486331],
[[1550.0,600.0,600.0],0.001580608],
[[1550.0,650.0,650.0],0.001593297],
[[1550.0,700.0,700.0],0.001800609],
[[1550.0,750.0,750.0],0.001696384],
[[1600.0,1.0,1.0],0.001034685],
[[1600.0,150.0,150.0],0.001408777],
[[1600.0,200.0,200.0],0.001391077],
[[1600.0,250.0,250.0],0.001535667],
[[1600.0,300.0,300.0],0.001635996],
[[1600.0,350.0,350.0],0.001521194],
[[1600.0,400.0,400.0],0.001560211],
[[1600.0,450.0,450.0],0.001564837],
[[1600.0,500.0,500.0],0.001857841],
[[1600.0,550.0,550.0],0.001931671],
[[1600.0,600.0,600.0],0.00157489],
[[1600.0,650.0,650.0],0.001731559],
[[1600.0,700.0,700.0],0.001872876],
[[1600.0,750.0,750.0],0.001956233],
[[1650.0,1.0,1.0],0.001141941],
[[1650.0,150.0,150.0],0.001425659],
[[1650.0,200.0,200.0],0.001546898],
[[1650.0,250.0,250.0],0.00143789],
[[1650.0,300.0,300.0],0.001592062],
[[1650.0,350.0,350.0],0.001462286],
[[1650.0,400.0,400.0],0.001742564],
[[1650.0,450.0,450.0],0.001683953],
[[1650.0,500.0,500.0],0.001837159],
[[1650.0,550.0,550.0],0.001914836],
[[1650.0,600.0,600.0],0.001803733],
[[1650.0,650.0,650.0],0.001810416],
[[1650.0,700.0,700.0],0.001781145],
[[1650.0,750.0,750.0],0.00185401],
[[1650.0,800.0,800.0],0.002064627],
[[1700.0,1.0,1.0],0.00107903],
[[1700.0,150.0,150.0],0.001294905],
[[1700.0,200.0,200.0],0.001252734],
[[1700.0,250.0,250.0],0.00164786],
[[1700.0,300.0,300.0],0.001831995],
[[1700.0,350.0,350.0],0.001664514],
[[1700.0,400.0,400.0],0.001763783],
[[1700.0,450.0,450.0],0.001930199],
[[1700.0,500.0,500.0],0.001599813],
[[1700.0,550.0,550.0],0.001639012],
[[1700.0,600.0,600.0],0.001672366],
[[1700.0,650.0,650.0],0.001721211],
[[1700.0,700.0,700.0],0.001787379],
[[1700.0,750.0,750.0],0.001970771],
[[1700.0,800.0,800.0],0.002106174],
[[1750.0,1.0,1.0],0.001100285],
[[1750.0,10.0,10.0],0.001094917],
[[1750.0,50.0,50.0],0.001022445],
[[1750.0,100.0,100.0],0.001191342],
[[1750.0,150.0,150.0],0.001352617],
[[1750.0,200.0,200.0],0.001627246],
[[1750.0,250.0,250.0],0.001771078],
[[1750.0,300.0,300.0],0.001923847],
[[1750.0,350.0,350.0],0.001659786],
[[1750.0,400.0,400.0],0.001724344],
[[1750.0,450.0,450.0],0.002673195],
[[1750.0,500.0,500.0],0.001894479],
[[1750.0,550.0,550.0],0.001932718],
[[1750.0,600.0,600.0],0.002051086],
[[1750.0,650.0,650.0],0.002114932],
[[1750.0,700.0,700.0],0.002204893],
[[1750.0,750.0,750.0],0.002015729],
[[1750.0,800.0,800.0],0.001844423],
[[1750.0,850.0,850.0],0.001914404],
[[1800.0,1.0,1.0],0.001325929],
[[1800.0,150.0,150.0],0.001239612],
[[1800.0,200.0,200.0],0.00148496],
[[1800.0,250.0,250.0],0.00156456],
[[1800.0,300.0,300.0],0.001942418],
[[1800.0,350.0,350.0],0.001657515],
[[1800.0,400.0,400.0],0.001915685],
[[1800.0,450.0,450.0],0.001995194],
[[1800.0,500.0,500.0],0.002304117],
[[1800.0,550.0,550.0],0.001902042],
[[1800.0,600.0,600.0],0.00209471],
[[1800.0,650.0,650.0],0.002140709],
[[1800.0,700.0,700.0],0.002085783],
[[1800.0,750.0,750.0],0.002131832],
[[1800.0,800.0,800.0],0.002224751],
[[1800.0,850.0,850.0],0.002083685],
[[1850.0,1.0,1.0],0.001203662],
[[1850.0,150.0,150.0],0.001300127],
[[1850.0,200.0,200.0],0.001504809],
[[1850.0,250.0,250.0],0.001658297],
[[1850.0,300.0,300.0],0.001583714],
[[1850.0,350.0,350.0],0.001857533],
[[1850.0,400.0,400.0],0.001727081],
[[1850.0,450.0,450.0],0.002321346],
[[1850.0,500.0,500.0],0.001935354],
[[1850.0,550.0,550.0],0.00224996],
[[1850.0,600.0,600.0],0.002010291],
[[1850.0,650.0,650.0],0.002719361],
[[1850.0,700.0,700.0],0.002257067],
[[1850.0,750.0,750.0],0.001963591],
[[1850.0,800.0,800.0],0.002395748],
[[1850.0,850.0,850.0],0.00207296],
[[1850.0,900.0,900.0],0.002467955],
[[1900.0,1.0,1.0],0.001173074],
[[1900.0,150.0,150.0],0.001412421],
[[1900.0,200.0,200.0],0.00146152],
[[1900.0,250.0,250.0],0.0014872],
[[1900.0,300.0,300.0],0.001582303],
[[1900.0,350.0,350.0],0.001884646],
[[1900.0,400.0,400.0],0.002270018],
[[1900.0,450.0,450.0],0.002351457],
[[1900.0,500.0,500.0],0.002077571],
[[1900.0,550.0,550.0],0.002063811],
[[1900.0,600.0,600.0],0.002031677],
[[1900.0,650.0,650.0],0.00180272],
[[1900.0,700.0,700.0],0.002294105],
[[1900.0,750.0,750.0],0.002335625],
[[1900.0,800.0,800.0],0.002232843],
[[1900.0,850.0,850.0],0.002468513],
[[1900.0,900.0,900.0],0.002030258],
[[1950.0,1.0,1.0],0.001000965],
[[1950.0,150.0,150.0],0.001318737],
[[1950.0,200.0,200.0],0.001445654],
[[1950.0,250.0,250.0],0.001840737],
[[1950.0,300.0,300.0],0.001751819],
[[1950.0,350.0,350.0],0.002002138],
[[1950.0,400.0,400.0],0.001845262],
[[1950.0,450.0,450.0],0.002232453],
[[1950.0,500.0,500.0],0.002242497],
[[1950.0,550.0,550.0],0.002149584],
[[1950.0,600.0,600.0],0.00200109],
[[1950.0,650.0,650.0],0.002154104],
[[1950.0,700.0,700.0],0.001941504],
[[1950.0,750.0,750.0],0.002400265],
[[1950.0,800.0,800.0],0.002144145],
[[1950.0,850.0,850.0],0.00208921],
[[1950.0,900.0,900.0],0.002250609],
[[1950.0,950.0,950.0],0.002203577],
[[2000.0,1.0,1.0],0.0009182015],
[[2000.0,10.0,10.0],0.001087561],
[[2000.0,50.0,50.0],0.001024676],
[[2000.0,100.0,100.0],0.001167799],
[[2000.0,150.0,150.0],0.001440858],
[[2000.0,200.0,200.0],0.001614365],
[[2000.0,250.0,250.0],0.001856446],
[[2000.0,300.0,300.0],0.001731688],
[[2000.0,350.0,350.0],0.001721014],
[[2000.0,400.0,400.0],0.001778554],
[[2000.0,450.0,450.0],0.002113182],
[[2000.0,500.0,500.0],0.002031011],
[[2000.0,550.0,550.0],0.002108497],
[[2000.0,600.0,600.0],0.002526848],
[[2000.0,650.0,650.0],0.002363923],
[[2000.0,700.0,700.0],0.002235307],
[[2000.0,750.0,750.0],0.002239154],
[[2000.0,800.0,800.0],0.002765585],
[[2000.0,850.0,850.0],0.002231626],
[[2000.0,900.0,900.0],0.002433366],
[[2000.0,950.0,950.0],0.002307724],
[[2250.0,1.0,1.0],0.0009272555],
[[2250.0,10.0,10.0],0.000917875],
[[2250.0,50.0,50.0],0.001089688],
[[2250.0,100.0,100.0],0.00108022],
[[2250.0,150.0,150.0],0.001216664],
[[2250.0,300.0,300.0],0.001718837],
[[2250.0,500.0,500.0],0.002633218],
[[2250.0,750.0,750.0],0.002467062],
[[2250.0,1000.0,1000.0],0.002717249],
[[2500.0,1.0,1.0],0.0008126823],
[[2500.0,10.0,10.0],0.0008238294],
[[2500.0,50.0,50.0],0.000841734],
[[2500.0,100.0,100.0],0.0009766818],
[[2500.0,150.0,150.0],0.00126454],
[[2500.0,300.0,300.0],0.001825903],
[[2500.0,500.0,500.0],0.002303333],
[[2500.0,750.0,750.0],0.002553526],
[[2500.0,1000.0,1000.0],0.002699871],
[[2500.0,1200.0,1200.0],0.002891867],
[[2750.0,1.0,1.0],0.0007192944],
[[2750.0,10.0,10.0],0.0007265701],
[[2750.0,50.0,50.0],0.0007249617],
[[2750.0,100.0,100.0],0.0008685211],
[[2750.0,150.0,150.0],0.0009531507],
[[2750.0,300.0,300.0],0.001642567],
[[2750.0,500.0,500.0],0.002566662],
[[2750.0,750.0,750.0],0.002686553],
[[2750.0,1000.0,1000.0],0.002783029],
[[2750.0,1200.0,1200.0],0.003040641],
[[3000.0,1.0,1.0],0.0005937834],
[[3000.0,10.0,10.0],0.0005586997],
[[3000.0,50.0,50.0],0.0006798744],
[[3000.0,100.0,100.0],0.0007226921],
[[3000.0,150.0,150.0],0.0008563578],
[[3000.0,300.0,300.0],0.001725989],
[[3000.0,500.0,500.0],0.002363727],
[[3000.0,750.0,750.0],0.002574037],
[[3000.0,1000.0,1000.0],0.003061943],
[[3000.0,1200.0,1200.0],0.003065752],
[[3000.0,1400.0,1400.0],0.002794224]]
