txName: TRV1
constraint: {(PV > Zprime(1)), (Zprime(1) > MET(2),MET(3))}
condition: None
conditionDescription: None
figureUrl: https://cms-results.web.cern.ch/cms-results/public-results/publications/EXO-20-004/CMS-EXO-20-004_Figure_007-b.png
source: https://doi.org/10.5281/zenodo.13324003
validated: True
axesMap: [{0: 'x', 1: 'y', 2: 'y'}]
dataMap: {0: (1, 'mass', GeV), 1: (2, 'mass', GeV), 2: (3, 'mass', GeV)}
finalState: ['MET', 'MET']
intermediateState: None
efficiencyMap: [[[50.0,1.0,1.0],9.735443e-08],
[[100.0,1.0,1.0],1.077634e-06],
[[100.0,10.0,10.0],1.065727e-06],
[[150.0,1.0,1.0],2.936092e-06],
[[150.0,75.0,75.0],3.611392e-06],
[[200.0,1.0,1.0],6.934429e-06],
[[200.0,75.0,75.0],6.948918e-06],
[[250.0,1.0,1.0],1.249135e-05],
[[250.0,10.0,10.0],1.530443e-05],
[[250.0,75.0,75.0],1.38501e-05],
[[300.0,1.0,1.0],1.886286e-05],
[[300.0,75.0,75.0],2.599011e-05],
[[350.0,1.0,1.0],3.282595e-05],
[[350.0,75.0,75.0],3.37152e-05],
[[350.0,150.0,150.0],3.291464e-05],
[[400.0,1.0,1.0],4.535276e-05],
[[400.0,75.0,75.0],4.495162e-05],
[[400.0,150.0,150.0],4.269283e-05],
[[450.0,1.0,1.0],5.993773e-05],
[[450.0,75.0,75.0],6.203929e-05],
[[450.0,150.0,150.0],6.077006e-05],
[[450.0,200.0,200.0],6.14318e-05],
[[500.0,1.0,1.0],7.681484e-05],
[[500.0,10.0,10.0],7.851871e-05],
[[500.0,75.0,75.0],8.107394e-05],
[[500.0,150.0,150.0],7.816246e-05],
[[500.0,200.0,200.0],8.508942e-05],
[[550.0,1.0,1.0],0.0001065188],
[[550.0,75.0,75.0],0.0001020164],
[[550.0,150.0,150.0],9.634242e-05],
[[550.0,200.0,200.0],0.0001070268],
[[550.0,250.0,250.0],0.000108266],
[[600.0,1.0,1.0],0.0001167606],
[[600.0,75.0,75.0],0.0001297598],
[[600.0,150.0,150.0],0.0001195978],
[[600.0,200.0,200.0],0.0001155731],
[[600.0,250.0,250.0],0.0001256179],
[[650.0,1.0,1.0],0.0001467351],
[[650.0,75.0,75.0],0.0001461125],
[[650.0,150.0,150.0],0.0001450589],
[[650.0,200.0,200.0],0.0001638794],
[[650.0,250.0,250.0],0.0001578924],
[[650.0,300.0,300.0],0.0001515377],
[[700.0,1.0,1.0],0.0001586857],
[[700.0,75.0,75.0],0.0001662122],
[[700.0,150.0,150.0],0.0001707414],
[[700.0,200.0,200.0],0.0001589399],
[[700.0,250.0,250.0],0.0001704508],
[[700.0,300.0,300.0],0.000178757],
[[750.0,1.0,1.0],0.0001818798],
[[750.0,10.0,10.0],0.0001937201],
[[750.0,75.0,75.0],0.0002170412],
[[750.0,150.0,150.0],0.0001959169],
[[750.0,200.0,200.0],0.0001649275],
[[750.0,250.0,250.0],0.0001755662],
[[750.0,300.0,300.0],0.0001898558],
[[750.0,350.0,350.0],0.0001918437],
[[800.0,1.0,1.0],0.0002024838],
[[800.0,75.0,75.0],0.0002019506],
[[800.0,150.0,150.0],0.0002011363],
[[800.0,200.0,200.0],0.0002291364],
[[800.0,250.0,250.0],0.000213594],
[[800.0,300.0,300.0],0.0002388747],
[[800.0,350.0,350.0],0.000209362],
[[850.0,1.0,1.0],0.0002374407],
[[850.0,75.0,75.0],0.0002339522],
[[850.0,150.0,150.0],0.0002595272],
[[850.0,200.0,200.0],0.0002286486],
[[850.0,250.0,250.0],0.0002628498],
[[850.0,300.0,300.0],0.0002657352],
[[850.0,350.0,350.0],0.0002567628],
[[850.0,400.0,400.0],0.0002315179],
[[900.0,1.0,1.0],0.0002624135],
[[900.0,75.0,75.0],0.0002569839],
[[900.0,150.0,150.0],0.0002623268],
[[900.0,200.0,200.0],0.0002448747],
[[900.0,250.0,250.0],0.0002712842],
[[900.0,300.0,300.0],0.0002745207],
[[900.0,350.0,350.0],0.0002811753],
[[900.0,400.0,400.0],0.0002993131],
[[950.0,1.0,1.0],0.0003008323],
[[950.0,75.0,75.0],0.0002694257],
[[950.0,150.0,150.0],0.0002883842],
[[950.0,200.0,200.0],0.0003219778],
[[950.0,250.0,250.0],0.0002611973],
[[950.0,300.0,300.0],0.0003276509],
[[950.0,350.0,350.0],0.0003140474],
[[950.0,400.0,400.0],0.0003331188],
[[950.0,450.0,450.0],0.0002822583],
[[1000.0,1.0,1.0],0.00032306],
[[1000.0,10.0,10.0],0.000309172],
[[1000.0,75.0,75.0],0.0003403385],
[[1000.0,150.0,150.0],0.0002899697],
[[1000.0,200.0,200.0],0.0002918154],
[[1000.0,250.0,250.0],0.0003319143],
[[1000.0,300.0,300.0],0.0003256129],
[[1000.0,350.0,350.0],0.0003028202],
[[1000.0,400.0,400.0],0.0003094863],
[[1000.0,450.0,450.0],0.0003394067],
[[1050.0,1.0,1.0],0.0003086126],
[[1050.0,75.0,75.0],0.0003110394],
[[1050.0,150.0,150.0],0.0003750621],
[[1050.0,200.0,200.0],0.0003129918],
[[1050.0,250.0,250.0],0.0003230619],
[[1050.0,300.0,300.0],0.0003473307],
[[1050.0,350.0,350.0],0.0003337916],
[[1050.0,400.0,400.0],0.0003672373],
[[1050.0,450.0,450.0],0.0003388545],
[[1050.0,500.0,500.0],0.0003455453],
[[1100.0,1.0,1.0],0.0003446755],
[[1100.0,75.0,75.0],0.000360049],
[[1100.0,150.0,150.0],0.0004004715],
[[1100.0,200.0,200.0],0.000312141],
[[1100.0,250.0,250.0],0.0003742729],
[[1100.0,300.0,300.0],0.0003482677],
[[1100.0,350.0,350.0],0.0004351367],
[[1100.0,400.0,400.0],0.0003886515],
[[1100.0,450.0,450.0],0.000339173],
[[1100.0,500.0,500.0],0.0003493585],
[[1150.0,1.0,1.0],0.0003631559],
[[1150.0,75.0,75.0],0.0003925925],
[[1150.0,150.0,150.0],0.0003323636],
[[1150.0,200.0,200.0],0.0003822021],
[[1150.0,250.0,250.0],0.000394955],
[[1150.0,300.0,300.0],0.0004018078],
[[1150.0,350.0,350.0],0.0004021168],
[[1150.0,400.0,400.0],0.0004481212],
[[1150.0,450.0,450.0],0.0004679065],
[[1150.0,500.0,500.0],0.0003910419],
[[1150.0,550.0,550.0],0.0003832951],
[[1200.0,1.0,1.0],0.0003966308],
[[1200.0,75.0,75.0],0.0003995426],
[[1200.0,150.0,150.0],0.0004083679],
[[1200.0,200.0,200.0],0.0004302805],
[[1200.0,250.0,250.0],0.0003718807],
[[1200.0,300.0,300.0],0.0003782852],
[[1200.0,350.0,350.0],0.0003868599],
[[1200.0,400.0,400.0],0.0004280239],
[[1200.0,450.0,450.0],0.0004729156],
[[1200.0,500.0,500.0],0.0004377755],
[[1200.0,550.0,550.0],0.0004766636],
[[1250.0,1.0,1.0],0.0003837247],
[[1250.0,10.0,10.0],0.0004320762],
[[1250.0,75.0,75.0],0.0004381801],
[[1250.0,150.0,150.0],0.0004075062],
[[1250.0,200.0,200.0],0.000440724],
[[1250.0,250.0,250.0],0.0004969315],
[[1250.0,300.0,300.0],0.0004446881],
[[1250.0,350.0,350.0],0.0004016955],
[[1250.0,400.0,400.0],0.0004692842],
[[1250.0,450.0,450.0],0.0004272536],
[[1250.0,500.0,500.0],0.0004487567],
[[1250.0,550.0,550.0],0.0004157787],
[[1250.0,600.0,600.0],0.0004499516],
[[1300.0,1.0,1.0],0.000497479],
[[1300.0,75.0,75.0],0.0004418667],
[[1300.0,150.0,150.0],0.0004253875],
[[1300.0,200.0,200.0],0.0004572929],
[[1300.0,250.0,250.0],0.0004125916],
[[1300.0,300.0,300.0],0.0004155017],
[[1300.0,350.0,350.0],0.0004428728],
[[1300.0,400.0,400.0],0.0004722029],
[[1300.0,450.0,450.0],0.0004309968],
[[1300.0,500.0,500.0],0.0005068794],
[[1300.0,550.0,550.0],0.0004385168],
[[1300.0,600.0,600.0],0.0004636127],
[[1350.0,1.0,1.0],0.0004662565],
[[1350.0,75.0,75.0],0.0004460427],
[[1350.0,150.0,150.0],0.0004329139],
[[1350.0,200.0,200.0],0.0004349108],
[[1350.0,250.0,250.0],0.00050976],
[[1350.0,300.0,300.0],0.0004907698],
[[1350.0,350.0,350.0],0.0004502475],
[[1350.0,400.0,400.0],0.0004686284],
[[1350.0,450.0,450.0],0.0005118432],
[[1350.0,500.0,500.0],0.0005110416],
[[1350.0,550.0,550.0],0.0005197697],
[[1350.0,600.0,600.0],0.0004868866],
[[1350.0,650.0,650.0],0.0005208357],
[[1400.0,1.0,1.0],0.0004278258],
[[1400.0,75.0,75.0],0.0004450978],
[[1400.0,150.0,150.0],0.0004831412],
[[1400.0,200.0,200.0],0.0004814346],
[[1400.0,250.0,250.0],0.000483328],
[[1400.0,300.0,300.0],0.0004839876],
[[1400.0,350.0,350.0],0.0004837069],
[[1400.0,400.0,400.0],0.0005048018],
[[1400.0,450.0,450.0],0.0005049635],
[[1400.0,500.0,500.0],0.0005497219],
[[1400.0,550.0,550.0],0.0005277608],
[[1400.0,600.0,600.0],0.0005110729],
[[1400.0,650.0,650.0],0.0005250838],
[[1450.0,1.0,1.0],0.0004592378],
[[1450.0,75.0,75.0],0.0004834791],
[[1450.0,150.0,150.0],0.000462139],
[[1450.0,200.0,200.0],0.00048437],
[[1450.0,250.0,250.0],0.0005093289],
[[1450.0,300.0,300.0],0.0005123272],
[[1450.0,350.0,350.0],0.0005053493],
[[1450.0,400.0,400.0],0.000545793],
[[1450.0,450.0,450.0],0.0004692771],
[[1450.0,500.0,500.0],0.0005048511],
[[1450.0,550.0,550.0],0.0005316637],
[[1450.0,600.0,600.0],0.000599259],
[[1450.0,650.0,650.0],0.0005109138],
[[1450.0,700.0,700.0],0.0005374999],
[[1500.0,1.0,1.0],0.0004680349],
[[1500.0,10.0,10.0],0.0004799397],
[[1500.0,75.0,75.0],0.0005196904],
[[1500.0,150.0,150.0],0.0004669326],
[[1500.0,200.0,200.0],0.0005075316],
[[1500.0,250.0,250.0],0.0005580339],
[[1500.0,300.0,300.0],0.0005252095],
[[1500.0,350.0,350.0],0.0005546719],
[[1500.0,400.0,400.0],0.0005781477],
[[1500.0,450.0,450.0],0.0005620509],
[[1500.0,500.0,500.0],0.0005671028],
[[1500.0,550.0,550.0],0.0005681848],
[[1500.0,600.0,600.0],0.000554217],
[[1500.0,650.0,650.0],0.0005363144],
[[1500.0,700.0,700.0],0.0005817791],
[[1500.0,750.0,750.0],0.0005274624],
[[1550.0,1.0,1.0],0.0005180032],
[[1550.0,75.0,75.0],0.0005180602],
[[1550.0,150.0,150.0],0.0005575296],
[[1550.0,200.0,200.0],0.0005092017],
[[1550.0,250.0,250.0],0.0005485654],
[[1550.0,300.0,300.0],0.0005555153],
[[1550.0,350.0,350.0],0.0005824347],
[[1550.0,400.0,400.0],0.0004951572],
[[1550.0,450.0,450.0],0.0005381376],
[[1550.0,500.0,500.0],0.0005570144],
[[1550.0,550.0,550.0],0.0005491819],
[[1550.0,600.0,600.0],0.0005360606],
[[1550.0,650.0,650.0],0.000604965],
[[1550.0,700.0,700.0],0.0005791885],
[[1550.0,750.0,750.0],0.0005970241],
[[1600.0,1.0,1.0],0.0005682265],
[[1600.0,75.0,75.0],0.0005515286],
[[1600.0,150.0,150.0],0.0005374456],
[[1600.0,200.0,200.0],0.000574602],
[[1600.0,250.0,250.0],0.0005381669],
[[1600.0,300.0,300.0],0.0005675631],
[[1600.0,350.0,350.0],0.0005063951],
[[1600.0,400.0,400.0],0.0005669018],
[[1600.0,450.0,450.0],0.0006260373],
[[1600.0,500.0,500.0],0.0005539485],
[[1600.0,550.0,550.0],0.0005791587],
[[1600.0,600.0,600.0],0.0005854665],
[[1600.0,650.0,650.0],0.0005915689],
[[1600.0,700.0,700.0],0.0005652775],
[[1600.0,750.0,750.0],0.000693986],
[[1650.0,1.0,1.0],0.0005256013],
[[1650.0,75.0,75.0],0.0005378321],
[[1650.0,150.0,150.0],0.0006111176],
[[1650.0,200.0,200.0],0.0005954123],
[[1650.0,250.0,250.0],0.0006146642],
[[1650.0,300.0,300.0],0.0005990066],
[[1650.0,350.0,350.0],0.0005605061],
[[1650.0,400.0,400.0],0.0006453725],
[[1650.0,450.0,450.0],0.0005353249],
[[1650.0,500.0,500.0],0.0005703003],
[[1650.0,550.0,550.0],0.0005302285],
[[1650.0,600.0,600.0],0.0006040092],
[[1650.0,650.0,650.0],0.0006089872],
[[1650.0,700.0,700.0],0.0006088648],
[[1650.0,750.0,750.0],0.0006361639],
[[1650.0,800.0,800.0],0.00059673],
[[1700.0,1.0,1.0],0.0005247154],
[[1700.0,75.0,75.0],0.0006008939],
[[1700.0,150.0,150.0],0.0005677891],
[[1700.0,200.0,200.0],0.0005479636],
[[1700.0,250.0,250.0],0.0006010253],
[[1700.0,300.0,300.0],0.0005698378],
[[1700.0,350.0,350.0],0.0005708317],
[[1700.0,400.0,400.0],0.0005845973],
[[1700.0,450.0,450.0],0.0005642195],
[[1700.0,500.0,500.0],0.0006189346],
[[1700.0,550.0,550.0],0.0006347826],
[[1700.0,600.0,600.0],0.0005850706],
[[1700.0,650.0,650.0],0.0006534848],
[[1700.0,700.0,700.0],0.0005912424],
[[1700.0,750.0,750.0],0.000688969],
[[1700.0,800.0,800.0],0.0006044129],
[[1750.0,1.0,1.0],0.0005454931],
[[1750.0,10.0,10.0],0.0005746438],
[[1750.0,75.0,75.0],0.0006173862],
[[1750.0,150.0,150.0],0.0005695353],
[[1750.0,200.0,200.0],0.0006356762],
[[1750.0,250.0,250.0],0.0005934165],
[[1750.0,300.0,300.0],0.0006188068],
[[1750.0,350.0,350.0],0.0005657808],
[[1750.0,400.0,400.0],0.0006011532],
[[1750.0,450.0,450.0],0.0006560721],
[[1750.0,500.0,500.0],0.0006287538],
[[1750.0,550.0,550.0],0.0006578883],
[[1750.0,600.0,600.0],0.0006608459],
[[1750.0,650.0,650.0],0.0006800511],
[[1750.0,700.0,700.0],0.0006371785],
[[1750.0,750.0,750.0],0.0006010409],
[[1750.0,800.0,800.0],0.0007167006],
[[1750.0,850.0,850.0],0.0006010378],
[[1800.0,1.0,1.0],0.0005841449],
[[1800.0,75.0,75.0],0.0005718744],
[[1800.0,150.0,150.0],0.0005732778],
[[1800.0,200.0,200.0],0.0005663563],
[[1800.0,250.0,250.0],0.0006043798],
[[1800.0,300.0,300.0],0.0005763231],
[[1800.0,350.0,350.0],0.0006131293],
[[1800.0,400.0,400.0],0.0005542338],
[[1800.0,450.0,450.0],0.0006195086],
[[1800.0,500.0,500.0],0.0006213667],
[[1800.0,550.0,550.0],0.0006202581],
[[1800.0,600.0,600.0],0.0006528419],
[[1800.0,650.0,650.0],0.0006260443],
[[1800.0,700.0,700.0],0.0007141331],
[[1800.0,750.0,750.0],0.0006545107],
[[1800.0,800.0,800.0],0.0006279941],
[[1800.0,850.0,850.0],0.0006495158],
[[1850.0,1.0,1.0],0.0005986282],
[[1850.0,75.0,75.0],0.0006066191],
[[1850.0,150.0,150.0],0.0007037133],
[[1850.0,200.0,200.0],0.0006638965],
[[1850.0,250.0,250.0],0.0006107924],
[[1850.0,300.0,300.0],0.0005939772],
[[1850.0,350.0,350.0],0.0006214476],
[[1850.0,400.0,400.0],0.0006408818],
[[1850.0,450.0,450.0],0.0007282168],
[[1850.0,500.0,500.0],0.0005983516],
[[1850.0,550.0,550.0],0.0006373933],
[[1850.0,600.0,600.0],0.0006334167],
[[1850.0,650.0,650.0],0.0006867438],
[[1850.0,700.0,700.0],0.0006599646],
[[1850.0,750.0,750.0],0.0006223099],
[[1850.0,800.0,800.0],0.0006822129],
[[1850.0,850.0,850.0],0.0006694284],
[[1850.0,900.0,900.0],0.0006485036],
[[1900.0,1.0,1.0],0.0006355958],
[[1900.0,75.0,75.0],0.0006304242],
[[1900.0,150.0,150.0],0.0006297689],
[[1900.0,200.0,200.0],0.000572448],
[[1900.0,250.0,250.0],0.0006479394],
[[1900.0,300.0,300.0],0.0006992353],
[[1900.0,350.0,350.0],0.0006686241],
[[1900.0,400.0,400.0],0.000571564],
[[1900.0,450.0,450.0],0.0006004322],
[[1900.0,500.0,500.0],0.0006061753],
[[1900.0,550.0,550.0],0.0006296446],
[[1900.0,600.0,600.0],0.0006777678],
[[1900.0,650.0,650.0],0.0006504903],
[[1900.0,700.0,700.0],0.0006589936],
[[1900.0,750.0,750.0],0.0006763528],
[[1900.0,800.0,800.0],0.0006739691],
[[1900.0,850.0,850.0],0.0006754542],
[[1900.0,900.0,900.0],0.000700874],
[[1950.0,1.0,1.0],0.0006166063],
[[1950.0,75.0,75.0],0.0005658979],
[[1950.0,150.0,150.0],0.0005897942],
[[1950.0,200.0,200.0],0.0006616522],
[[1950.0,250.0,250.0],0.0006528743],
[[1950.0,300.0,300.0],0.0006170179],
[[1950.0,350.0,350.0],0.0005905669],
[[1950.0,400.0,400.0],0.0006283768],
[[1950.0,450.0,450.0],0.0006630285],
[[1950.0,500.0,500.0],0.0006950293],
[[1950.0,550.0,550.0],0.0006195076],
[[1950.0,600.0,600.0],0.0007226224],
[[1950.0,650.0,650.0],0.0007240934],
[[1950.0,700.0,700.0],0.0006823109],
[[1950.0,750.0,750.0],0.0005998408],
[[1950.0,800.0,800.0],0.000706752],
[[1950.0,850.0,850.0],0.0006287111],
[[1950.0,900.0,900.0],0.0006243803],
[[1950.0,950.0,950.0],0.0007540867],
[[2000.0,1.0,1.0],0.000676455],
[[2000.0,75.0,75.0],0.0006666935],
[[2000.0,150.0,150.0],0.0006396057],
[[2000.0,200.0,200.0],0.0006240827],
[[2000.0,250.0,250.0],0.0006543617],
[[2000.0,300.0,300.0],0.0006508717],
[[2000.0,350.0,350.0],0.0006162587],
[[2000.0,400.0,400.0],0.0006364094],
[[2000.0,450.0,450.0],0.0006969153],
[[2000.0,500.0,500.0],0.000683485],
[[2000.0,550.0,550.0],0.0006339344],
[[2000.0,600.0,600.0],0.0006894547],
[[2000.0,650.0,650.0],0.0007463745],
[[2000.0,700.0,700.0],0.0006955729],
[[2000.0,750.0,750.0],0.0007087241],
[[2000.0,800.0,800.0],0.0007634574],
[[2000.0,850.0,850.0],0.0007086247],
[[2000.0,900.0,900.0],0.0006968852],
[[2000.0,950.0,950.0],0.000682583],
[[2250.0,1.0,1.0],0.0007522699],
[[2250.0,75.0,75.0],0.0007551727],
[[2250.0,150.0,150.0],0.0007174308],
[[2250.0,300.0,300.0],0.0007434652],
[[2250.0,500.0,500.0],0.0007534505],
[[2250.0,750.0,750.0],0.0007515279],
[[2250.0,1000.0,1000.0],0.0007462833],
[[2500.0,1.0,1.0],0.0008001844],
[[2500.0,75.0,75.0],0.0007782584],
[[2500.0,150.0,150.0],0.0007891936],
[[2500.0,300.0,300.0],0.0007905419],
[[2500.0,500.0,500.0],0.0008284104],
[[2500.0,750.0,750.0],0.0007785797],
[[2500.0,1000.0,1000.0],0.0007612919],
[[2500.0,1200.0,1200.0],0.0007885505],
[[2750.0,1.0,1.0],0.0007848573],
[[2750.0,75.0,75.0],0.0007609359],
[[2750.0,150.0,150.0],0.0008649405],
[[2750.0,300.0,300.0],0.0007497454],
[[2750.0,500.0,500.0],0.000798151],
[[2750.0,750.0,750.0],0.000820197],
[[2750.0,1000.0,1000.0],0.0008308261],
[[2750.0,1200.0,1200.0],0.0007792688],
[[3000.0,1.0,1.0],0.0007518742],
[[3000.0,75.0,75.0],0.0008324854],
[[3000.0,150.0,150.0],0.0007558973],
[[3000.0,300.0,300.0],0.0007550173],
[[3000.0,500.0,500.0],0.000821749],
[[3000.0,750.0,750.0],0.0008539006],
[[3000.0,1000.0,1000.0],0.0007673167],
[[3000.0,1200.0,1200.0],0.0008700945],
[[3000.0,1400.0,1400.0],0.0008307786]]
