txName: TRPVChijjj
constraint: {(PV > anyBSM(1),anyBSM(2)), (anyBSM(1) > jet,jet,jet), (anyBSM(2) > jet,jet,jet)}
condition: None
conditionDescription: None
figureUrl: https://atlas.web.cern.ch/Atlas/GROUPS/PHYSICS/PAPERS/SUSY-2018-13/fig_11.png
source: Recast by A. Lessa
validated: True
axesMap: [{0: 'x', 1: 'y', 2: 'x', 3: 'y'}]
dataMap: {0: (1, 'mass', GeV), 1: (1, 'totalwidth', GeV), 2: (2, 'mass', GeV), 3: (2, 'totalwidth', GeV)}
finalState: None
intermediateState: None
efficiencyMap: [[[250.0,6.582e-18,240.0,6.582e-18],2.268e-05],
[[250.0,1.1967e-17,240.0,1.1967e-17],5.294e-05],
[[250.0,2.194e-17,240.0,2.194e-17],9.407e-05],
[[250.0,4.1138e-17,240.0,4.1138e-17],0.0002103],
[[250.0,7.3955e-17,240.0,7.3955e-17],0.0005065],
[[250.0,1.3713e-16,240.0,1.3713e-16],0.001343],
[[250.0,2.5315e-16,240.0,2.5315e-16],0.002853],
[[250.0,4.7014e-16,240.0,4.7014e-16],0.005669],
[[250.0,8.4385e-16,240.0,8.4385e-16],0.009649],
[[250.0,1.5307e-15,240.0,1.5307e-15],0.01463],
[[250.0,2.8617e-15,240.0,2.8617e-15],0.02064],
[[250.0,5.0631e-15,240.0,5.0631e-15],0.02526],
[[250.0,9.4029e-15,240.0,9.4029e-15],0.02844],
[[250.0,1.7321e-14,240.0,1.7321e-14],0.02946],
[[250.0,3.1343e-14,240.0,3.1343e-14],0.02784],
[[250.0,5.9836e-14,240.0,5.9836e-14],0.02173],
[[250.0,1.0616e-13,240.0,1.0616e-13],0.01354],
[[250.0,1.9359e-13,240.0,1.9359e-13],0.005593],
[[250.0,3.6567e-13,240.0,3.6567e-13],0.001019],
[[250.0,6.582e-13,240.0,6.582e-13],7.583e-05],
[[250.0,6.582e-18,250.0,6.582e-18],1.715e-05],
[[250.0,1.1967e-17,250.0,1.1967e-17],5.233e-05],
[[250.0,2.194e-17,250.0,2.194e-17],9.421e-05],
[[250.0,4.1138e-17,250.0,4.1138e-17],0.0002573],
[[250.0,7.3955e-17,250.0,7.3955e-17],0.0006029],
[[250.0,1.3713e-16,250.0,1.3713e-16],0.001507],
[[250.0,2.5315e-16,250.0,2.5315e-16],0.003158],
[[250.0,4.7014e-16,250.0,4.7014e-16],0.006345],
[[250.0,8.4385e-16,250.0,8.4385e-16],0.01063],
[[250.0,1.5307e-15,250.0,1.5307e-15],0.01629],
[[250.0,2.8617e-15,250.0,2.8617e-15],0.02248],
[[250.0,5.0631e-15,250.0,5.0631e-15],0.02741],
[[250.0,9.4029e-15,250.0,9.4029e-15],0.03112],
[[250.0,1.7321e-14,250.0,1.7321e-14],0.03214],
[[250.0,3.1343e-14,250.0,3.1343e-14],0.02979],
[[250.0,5.9836e-14,250.0,5.9836e-14],0.02369],
[[250.0,1.0616e-13,250.0,1.0616e-13],0.01438],
[[250.0,1.9359e-13,250.0,1.9359e-13],0.005681],
[[250.0,3.6567e-13,250.0,3.6567e-13],0.001026],
[[450.0,6.582e-18,440.0,6.582e-18],0.0004173],
[[450.0,1.1967e-17,440.0,1.1967e-17],0.0009411],
[[450.0,2.194e-17,440.0,2.194e-17],0.002102],
[[450.0,4.1138e-17,440.0,4.1138e-17],0.005058],
[[450.0,7.3955e-17,440.0,7.3955e-17],0.01134],
[[450.0,1.3713e-16,440.0,1.3713e-16],0.02499],
[[450.0,2.5315e-16,440.0,2.5315e-16],0.04742],
[[450.0,4.7014e-16,440.0,4.7014e-16],0.08125],
[[450.0,8.4385e-16,440.0,8.4385e-16],0.1187],
[[450.0,1.5307e-15,440.0,1.5307e-15],0.16],
[[450.0,2.8617e-15,440.0,2.8617e-15],0.196],
[[450.0,5.0631e-15,440.0,5.0631e-15],0.2182],
[[450.0,9.4029e-15,440.0,9.4029e-15],0.2225],
[[450.0,1.7321e-14,440.0,1.7321e-14],0.2008],
[[450.0,3.1343e-14,440.0,3.1343e-14],0.1533],
[[450.0,5.9836e-14,440.0,5.9836e-14],0.08544],
[[450.0,1.0616e-13,440.0,1.0616e-13],0.03511],
[[450.0,1.9359e-13,440.0,1.9359e-13],0.007606],
[[450.0,3.6567e-13,440.0,3.6567e-13],0.000693],
[[450.0,6.582e-13,440.0,6.582e-13],2.305e-05],
[[450.0,6.582e-18,450.0,6.582e-18],0.0004336],
[[450.0,1.1967e-17,450.0,1.1967e-17],0.0009921],
[[450.0,2.194e-17,450.0,2.194e-17],0.002277],
[[450.0,4.1138e-17,450.0,4.1138e-17],0.005275],
[[450.0,7.3955e-17,450.0,7.3955e-17],0.01201],
[[450.0,1.3713e-16,450.0,1.3713e-16],0.0262],
[[450.0,2.5315e-16,450.0,2.5315e-16],0.05036],
[[450.0,4.7014e-16,450.0,4.7014e-16],0.0847],
[[450.0,8.4385e-16,450.0,8.4385e-16],0.1245],
[[450.0,1.5307e-15,450.0,1.5307e-15],0.1659],
[[450.0,2.8617e-15,450.0,2.8617e-15],0.2029],
[[450.0,5.0631e-15,450.0,5.0631e-15],0.2244],
[[450.0,9.4029e-15,450.0,9.4029e-15],0.2278],
[[450.0,1.7321e-14,450.0,1.7321e-14],0.2056],
[[450.0,3.1343e-14,450.0,3.1343e-14],0.1567],
[[450.0,5.9836e-14,450.0,5.9836e-14],0.08863],
[[450.0,1.0616e-13,450.0,1.0616e-13],0.03551],
[[450.0,1.9359e-13,450.0,1.9359e-13],0.008134],
[[450.0,3.6567e-13,450.0,3.6567e-13],0.0006497],
[[450.0,6.582e-13,450.0,6.582e-13],1.344e-05],
[[650.0,6.582e-18,640.0,6.582e-18],0.001719],
[[650.0,1.1967e-17,640.0,1.1967e-17],0.003289],
[[650.0,2.194e-17,640.0,2.194e-17],0.006962],
[[650.0,4.1138e-17,640.0,4.1138e-17],0.01566],
[[650.0,7.3955e-17,640.0,7.3955e-17],0.03168],
[[650.0,1.3713e-16,640.0,1.3713e-16],0.06303],
[[650.0,2.5315e-16,640.0,2.5315e-16],0.1111],
[[650.0,4.7014e-16,640.0,4.7014e-16],0.1755],
[[650.0,8.4385e-16,640.0,8.4385e-16],0.2444],
[[650.0,1.5307e-15,640.0,1.5307e-15],0.3112],
[[650.0,2.8617e-15,640.0,2.8617e-15],0.3631],
[[650.0,5.0631e-15,640.0,5.0631e-15],0.3866],
[[650.0,9.4029e-15,640.0,9.4029e-15],0.3726],
[[650.0,1.7321e-14,640.0,1.7321e-14],0.3108],
[[650.0,3.1343e-14,640.0,3.1343e-14],0.2127],
[[650.0,5.9836e-14,640.0,5.9836e-14],0.09694],
[[650.0,1.0616e-13,640.0,1.0616e-13],0.0307],
[[650.0,1.9359e-13,640.0,1.9359e-13],0.00478],
[[650.0,3.6567e-13,640.0,3.6567e-13],0.0001976],
[[650.0,6.582e-13,640.0,6.582e-13],3.119e-06],
[[650.0,6.582e-18,650.0,6.582e-18],0.001631],
[[650.0,1.1967e-17,650.0,1.1967e-17],0.00324],
[[650.0,2.194e-17,650.0,2.194e-17],0.006987],
[[650.0,4.1138e-17,650.0,4.1138e-17],0.0158],
[[650.0,7.3955e-17,650.0,7.3955e-17],0.03249],
[[650.0,1.3713e-16,650.0,1.3713e-16],0.06357],
[[650.0,2.5315e-16,650.0,2.5315e-16],0.1122],
[[650.0,4.7014e-16,650.0,4.7014e-16],0.1773],
[[650.0,8.4385e-16,650.0,8.4385e-16],0.2455],
[[650.0,1.5307e-15,650.0,1.5307e-15],0.312],
[[650.0,2.8617e-15,650.0,2.8617e-15],0.365],
[[650.0,5.0631e-15,650.0,5.0631e-15],0.3858],
[[650.0,9.4029e-15,650.0,9.4029e-15],0.3733],
[[650.0,1.7321e-14,650.0,1.7321e-14],0.3121],
[[650.0,3.1343e-14,650.0,3.1343e-14],0.2108],
[[650.0,5.9836e-14,650.0,5.9836e-14],0.09587],
[[650.0,1.0616e-13,650.0,1.0616e-13],0.03017],
[[650.0,1.9359e-13,650.0,1.9359e-13],0.0046],
[[650.0,3.6567e-13,650.0,3.6567e-13],0.0002324],
[[650.0,6.582e-13,650.0,6.582e-13],5.204e-06],
[[850.0,6.582e-18,840.0,6.582e-18],0.002305],
[[850.0,1.1967e-17,840.0,1.1967e-17],0.004618],
[[850.0,2.194e-17,840.0,2.194e-17],0.00944],
[[850.0,4.1138e-17,840.0,4.1138e-17],0.01982],
[[850.0,7.3955e-17,840.0,7.3955e-17],0.03816],
[[850.0,1.3713e-16,840.0,1.3713e-16],0.07165],
[[850.0,2.5315e-16,840.0,2.5315e-16],0.1188],
[[850.0,4.7014e-16,840.0,4.7014e-16],0.1797],
[[850.0,8.4385e-16,840.0,8.4385e-16],0.2413],
[[850.0,1.5307e-15,840.0,1.5307e-15],0.297],
[[850.0,2.8617e-15,840.0,2.8617e-15],0.3361],
[[850.0,5.0631e-15,840.0,5.0631e-15],0.3475],
[[850.0,9.4029e-15,840.0,9.4029e-15],0.3252],
[[850.0,1.7321e-14,840.0,1.7321e-14],0.2579],
[[850.0,3.1343e-14,840.0,3.1343e-14],0.1627],
[[850.0,5.9836e-14,840.0,5.9836e-14],0.06469],
[[850.0,1.0616e-13,840.0,1.0616e-13],0.01672],
[[850.0,1.9359e-13,840.0,1.9359e-13],0.001689],
[[850.0,3.6567e-13,840.0,3.6567e-13],2.228e-05],
[[850.0,6.582e-13,840.0,6.582e-13],0.0],
[[850.0,6.582e-18,850.0,6.582e-18],0.002322],
[[850.0,1.1967e-17,850.0,1.1967e-17],0.004631],
[[850.0,2.194e-17,850.0,2.194e-17],0.009669],
[[850.0,4.1138e-17,850.0,4.1138e-17],0.0198],
[[850.0,7.3955e-17,850.0,7.3955e-17],0.03832],
[[850.0,1.3713e-16,850.0,1.3713e-16],0.07088],
[[850.0,2.5315e-16,850.0,2.5315e-16],0.1187],
[[850.0,4.7014e-16,850.0,4.7014e-16],0.1782],
[[850.0,8.4385e-16,850.0,8.4385e-16],0.2386],
[[850.0,1.5307e-15,850.0,1.5307e-15],0.2944],
[[850.0,2.8617e-15,850.0,2.8617e-15],0.3334],
[[850.0,5.0631e-15,850.0,5.0631e-15],0.3451],
[[850.0,9.4029e-15,850.0,9.4029e-15],0.3217],
[[850.0,1.7321e-14,850.0,1.7321e-14],0.256],
[[850.0,3.1343e-14,850.0,3.1343e-14],0.1607],
[[850.0,5.9836e-14,850.0,5.9836e-14],0.06365],
[[850.0,1.0616e-13,850.0,1.0616e-13],0.01631],
[[850.0,1.9359e-13,850.0,1.9359e-13],0.001771],
[[850.0,3.6567e-13,850.0,3.6567e-13],5.224e-05],
[[850.0,6.582e-13,850.0,6.582e-13],0.0],
[[1050.0,6.582e-18,1040.0,6.582e-18],0.002494],
[[1050.0,1.1967e-17,1040.0,1.1967e-17],0.004775],
[[1050.0,2.194e-17,1040.0,2.194e-17],0.009369],
[[1050.0,4.1138e-17,1040.0,4.1138e-17],0.01863],
[[1050.0,7.3955e-17,1040.0,7.3955e-17],0.03308],
[[1050.0,1.3713e-16,1040.0,1.3713e-16],0.05713],
[[1050.0,2.5315e-16,1040.0,2.5315e-16],0.09009],
[[1050.0,4.7014e-16,1040.0,4.7014e-16],0.132],
[[1050.0,8.4385e-16,1040.0,8.4385e-16],0.1728],
[[1050.0,1.5307e-15,1040.0,1.5307e-15],0.2082],
[[1050.0,2.8617e-15,1040.0,2.8617e-15],0.23],
[[1050.0,5.0631e-15,1040.0,5.0631e-15],0.234],
[[1050.0,9.4029e-15,1040.0,9.4029e-15],0.2116],
[[1050.0,1.7321e-14,1040.0,1.7321e-14],0.1595],
[[1050.0,3.1343e-14,1040.0,3.1343e-14],0.09181],
[[1050.0,5.9836e-14,1040.0,5.9836e-14],0.03182],
[[1050.0,1.0616e-13,1040.0,1.0616e-13],0.006675],
[[1050.0,1.9359e-13,1040.0,1.9359e-13],0.0004786],
[[1050.0,3.6567e-13,1040.0,3.6567e-13],8.257e-06],
[[1050.0,6.582e-13,1040.0,6.582e-13],0.0],
[[1050.0,6.582e-18,1050.0,6.582e-18],0.002465],
[[1050.0,1.1967e-17,1050.0,1.1967e-17],0.004803],
[[1050.0,2.194e-17,1050.0,2.194e-17],0.009346],
[[1050.0,4.1138e-17,1050.0,4.1138e-17],0.01837],
[[1050.0,7.3955e-17,1050.0,7.3955e-17],0.03297],
[[1050.0,1.3713e-16,1050.0,1.3713e-16],0.05725],
[[1050.0,2.5315e-16,1050.0,2.5315e-16],0.08989],
[[1050.0,4.7014e-16,1050.0,4.7014e-16],0.1312],
[[1050.0,8.4385e-16,1050.0,8.4385e-16],0.1716],
[[1050.0,1.5307e-15,1050.0,1.5307e-15],0.2067],
[[1050.0,2.8617e-15,1050.0,2.8617e-15],0.229],
[[1050.0,5.0631e-15,1050.0,5.0631e-15],0.2319],
[[1050.0,9.4029e-15,1050.0,9.4029e-15],0.2093],
[[1050.0,1.7321e-14,1050.0,1.7321e-14],0.1572],
[[1050.0,3.1343e-14,1050.0,3.1343e-14],0.09098],
[[1050.0,5.9836e-14,1050.0,5.9836e-14],0.03137],
[[1050.0,1.0616e-13,1050.0,1.0616e-13],0.006283],
[[1050.0,1.9359e-13,1050.0,1.9359e-13],0.0004592],
[[1050.0,3.6567e-13,1050.0,3.6567e-13],7.822e-06],
[[1050.0,6.582e-13,1050.0,6.582e-13],0.0],
[[1250.0,6.582e-18,1240.0,6.582e-18],0.002225],
[[1250.0,1.1967e-17,1240.0,1.1967e-17],0.00401],
[[1250.0,2.194e-17,1240.0,2.194e-17],0.007221],
[[1250.0,4.1138e-17,1240.0,4.1138e-17],0.0137],
[[1250.0,7.3955e-17,1240.0,7.3955e-17],0.02266],
[[1250.0,1.3713e-16,1240.0,1.3713e-16],0.03697],
[[1250.0,2.5315e-16,1240.0,2.5315e-16],0.05647],
[[1250.0,4.7014e-16,1240.0,4.7014e-16],0.08019],
[[1250.0,8.4385e-16,1240.0,8.4385e-16],0.1035],
[[1250.0,1.5307e-15,1240.0,1.5307e-15],0.122],
[[1250.0,2.8617e-15,1240.0,2.8617e-15],0.1323],
[[1250.0,5.0631e-15,1240.0,5.0631e-15],0.1309],
[[1250.0,9.4029e-15,1240.0,9.4029e-15],0.1139],
[[1250.0,1.7321e-14,1240.0,1.7321e-14],0.08063],
[[1250.0,3.1343e-14,1240.0,3.1343e-14],0.04213],
[[1250.0,5.9836e-14,1240.0,5.9836e-14],0.01222],
[[1250.0,1.0616e-13,1240.0,1.0616e-13],0.001977],
[[1250.0,1.9359e-13,1240.0,1.9359e-13],0.00012],
[[1250.0,3.6567e-13,1240.0,3.6567e-13],2.829e-06],
[[1250.0,6.582e-13,1240.0,6.582e-13],0.0],
[[1250.0,6.582e-18,1250.0,6.582e-18],0.002259],
[[1250.0,1.1967e-17,1250.0,1.1967e-17],0.004116],
[[1250.0,2.194e-17,1250.0,2.194e-17],0.007373],
[[1250.0,4.1138e-17,1250.0,4.1138e-17],0.01357],
[[1250.0,7.3955e-17,1250.0,7.3955e-17],0.02278],
[[1250.0,1.3713e-16,1250.0,1.3713e-16],0.03675],
[[1250.0,2.5315e-16,1250.0,2.5315e-16],0.05599],
[[1250.0,4.7014e-16,1250.0,4.7014e-16],0.07983],
[[1250.0,8.4385e-16,1250.0,8.4385e-16],0.1025],
[[1250.0,1.5307e-15,1250.0,1.5307e-15],0.1198],
[[1250.0,2.8617e-15,1250.0,2.8617e-15],0.1299],
[[1250.0,5.0631e-15,1250.0,5.0631e-15],0.1291],
[[1250.0,9.4029e-15,1250.0,9.4029e-15],0.112],
[[1250.0,1.7321e-14,1250.0,1.7321e-14],0.0788],
[[1250.0,3.1343e-14,1250.0,3.1343e-14],0.04084],
[[1250.0,5.9836e-14,1250.0,5.9836e-14],0.01156],
[[1250.0,1.0616e-13,1250.0,1.0616e-13],0.001872],
[[1250.0,1.9359e-13,1250.0,1.9359e-13],0.0001071],
[[1250.0,3.6567e-13,1250.0,3.6567e-13],0.0],
[[1250.0,6.582e-13,1250.0,6.582e-13],0.0],
[[1450.0,6.582e-18,1440.0,6.582e-18],0.001283],
[[1450.0,1.1967e-17,1440.0,1.1967e-17],0.002379],
[[1450.0,2.194e-17,1440.0,2.194e-17],0.004264],
[[1450.0,4.1138e-17,1440.0,4.1138e-17],0.00743],
[[1450.0,7.3955e-17,1440.0,7.3955e-17],0.01175],
[[1450.0,1.3713e-16,1440.0,1.3713e-16],0.01846],
[[1450.0,2.5315e-16,1440.0,2.5315e-16],0.02759],
[[1450.0,4.7014e-16,1440.0,4.7014e-16],0.03874],
[[1450.0,8.4385e-16,1440.0,8.4385e-16],0.04852],
[[1450.0,1.5307e-15,1440.0,1.5307e-15],0.05577],
[[1450.0,2.8617e-15,1440.0,2.8617e-15],0.05927],
[[1450.0,5.0631e-15,1440.0,5.0631e-15],0.05745],
[[1450.0,9.4029e-15,1440.0,9.4029e-15],0.04788],
[[1450.0,1.7321e-14,1440.0,1.7321e-14],0.03157],
[[1450.0,3.1343e-14,1440.0,3.1343e-14],0.0149],
[[1450.0,5.9836e-14,1440.0,5.9836e-14],0.003645],
[[1450.0,1.0616e-13,1440.0,1.0616e-13],0.0005242],
[[1450.0,1.9359e-13,1440.0,1.9359e-13],1.836e-05],
[[1450.0,3.6567e-13,1440.0,3.6567e-13],0.0],
[[1450.0,6.582e-13,1440.0,6.582e-13],0.0],
[[1450.0,6.582e-18,1450.0,6.582e-18],0.00128],
[[1450.0,1.1967e-17,1450.0,1.1967e-17],0.00226],
[[1450.0,2.194e-17,1450.0,2.194e-17],0.004086],
[[1450.0,4.1138e-17,1450.0,4.1138e-17],0.007159],
[[1450.0,7.3955e-17,1450.0,7.3955e-17],0.01143],
[[1450.0,1.3713e-16,1450.0,1.3713e-16],0.01806],
[[1450.0,2.5315e-16,1450.0,2.5315e-16],0.02694],
[[1450.0,4.7014e-16,1450.0,4.7014e-16],0.03766],
[[1450.0,8.4385e-16,1450.0,8.4385e-16],0.04733],
[[1450.0,1.5307e-15,1450.0,1.5307e-15],0.05469],
[[1450.0,2.8617e-15,1450.0,2.8617e-15],0.05823],
[[1450.0,5.0631e-15,1450.0,5.0631e-15],0.05636],
[[1450.0,9.4029e-15,1450.0,9.4029e-15],0.04714],
[[1450.0,1.7321e-14,1450.0,1.7321e-14],0.031],
[[1450.0,3.1343e-14,1450.0,3.1343e-14],0.01499],
[[1450.0,5.9836e-14,1450.0,5.9836e-14],0.003649],
[[1450.0,1.0616e-13,1450.0,1.0616e-13],0.0004664],
[[1450.0,1.9359e-13,1450.0,1.9359e-13],1.967e-05],
[[1450.0,3.6567e-13,1450.0,3.6567e-13],0.0],
[[1450.0,6.582e-13,1450.0,6.582e-13],0.0],
[[1650.0,6.582e-18,1640.0,6.582e-18],0.0006063],
[[1650.0,1.1967e-17,1640.0,1.1967e-17],0.001154],
[[1650.0,2.194e-17,1640.0,2.194e-17],0.001934],
[[1650.0,4.1138e-17,1640.0,4.1138e-17],0.003502],
[[1650.0,7.3955e-17,1640.0,7.3955e-17],0.005434],
[[1650.0,1.3713e-16,1640.0,1.3713e-16],0.008299],
[[1650.0,2.5315e-16,1640.0,2.5315e-16],0.012],
[[1650.0,4.7014e-16,1640.0,4.7014e-16],0.01645],
[[1650.0,8.4385e-16,1640.0,8.4385e-16],0.02009],
[[1650.0,1.5307e-15,1640.0,1.5307e-15],0.02295],
[[1650.0,2.8617e-15,1640.0,2.8617e-15],0.02402],
[[1650.0,5.0631e-15,1640.0,5.0631e-15],0.0227],
[[1650.0,9.4029e-15,1640.0,9.4029e-15],0.01822],
[[1650.0,1.7321e-14,1640.0,1.7321e-14],0.01145],
[[1650.0,3.1343e-14,1640.0,3.1343e-14],0.004992],
[[1650.0,5.9836e-14,1640.0,5.9836e-14],0.001064],
[[1650.0,1.0616e-13,1640.0,1.0616e-13],0.0001102],
[[1650.0,1.9359e-13,1640.0,1.9359e-13],0.0],
[[1650.0,3.6567e-13,1640.0,3.6567e-13],0.0],
[[1650.0,6.582e-13,1640.0,6.582e-13],0.0],
[[1650.0,6.582e-18,1650.0,6.582e-18],0.0006138],
[[1650.0,1.1967e-17,1650.0,1.1967e-17],0.001055],
[[1650.0,2.194e-17,1650.0,2.194e-17],0.001857],
[[1650.0,4.1138e-17,1650.0,4.1138e-17],0.003285],
[[1650.0,7.3955e-17,1650.0,7.3955e-17],0.005204],
[[1650.0,1.3713e-16,1650.0,1.3713e-16],0.007965],
[[1650.0,2.5315e-16,1650.0,2.5315e-16],0.01191],
[[1650.0,4.7014e-16,1650.0,4.7014e-16],0.0165],
[[1650.0,8.4385e-16,1650.0,8.4385e-16],0.02028],
[[1650.0,1.5307e-15,1650.0,1.5307e-15],0.02292],
[[1650.0,2.8617e-15,1650.0,2.8617e-15],0.02405],
[[1650.0,5.0631e-15,1650.0,5.0631e-15],0.0227],
[[1650.0,9.4029e-15,1650.0,9.4029e-15],0.01833],
[[1650.0,1.7321e-14,1650.0,1.7321e-14],0.01151],
[[1650.0,3.1343e-14,1650.0,3.1343e-14],0.004864],
[[1650.0,5.9836e-14,1650.0,5.9836e-14],0.0009914],
[[1650.0,1.0616e-13,1650.0,1.0616e-13],0.0001089],
[[1650.0,1.9359e-13,1650.0,1.9359e-13],2.966e-06],
[[1650.0,3.6567e-13,1650.0,3.6567e-13],0.0],
[[1650.0,6.582e-13,1650.0,6.582e-13],0.0],
[[1850.0,6.582e-18,1840.0,6.582e-18],0.0002846],
[[1850.0,1.1967e-17,1840.0,1.1967e-17],0.0005152],
[[1850.0,2.194e-17,1840.0,2.194e-17],0.0009001],
[[1850.0,4.1138e-17,1840.0,4.1138e-17],0.001521],
[[1850.0,7.3955e-17,1840.0,7.3955e-17],0.002375],
[[1850.0,1.3713e-16,1840.0,1.3713e-16],0.003568],
[[1850.0,2.5315e-16,1840.0,2.5315e-16],0.005253],
[[1850.0,4.7014e-16,1840.0,4.7014e-16],0.007139],
[[1850.0,8.4385e-16,1840.0,8.4385e-16],0.008727],
[[1850.0,1.5307e-15,1840.0,1.5307e-15],0.009755],
[[1850.0,2.8617e-15,1840.0,2.8617e-15],0.01019],
[[1850.0,5.0631e-15,1840.0,5.0631e-15],0.009215],
[[1850.0,9.4029e-15,1840.0,9.4029e-15],0.007248],
[[1850.0,1.7321e-14,1840.0,1.7321e-14],0.004255],
[[1850.0,3.1343e-14,1840.0,3.1343e-14],0.001693],
[[1850.0,5.9836e-14,1840.0,5.9836e-14],0.0003025],
[[1850.0,1.0616e-13,1840.0,1.0616e-13],3.489e-05],
[[1850.0,1.9359e-13,1840.0,1.9359e-13],0.0],
[[1850.0,3.6567e-13,1840.0,3.6567e-13],0.0],
[[1850.0,6.582e-13,1840.0,6.582e-13],0.0],
[[1850.0,6.582e-18,1850.0,6.582e-18],0.00029],
[[1850.0,1.1967e-17,1850.0,1.1967e-17],0.0004977],
[[1850.0,2.194e-17,1850.0,2.194e-17],0.0008774],
[[1850.0,4.1138e-17,1850.0,4.1138e-17],0.001464],
[[1850.0,7.3955e-17,1850.0,7.3955e-17],0.002271],
[[1850.0,1.3713e-16,1850.0,1.3713e-16],0.003623],
[[1850.0,2.5315e-16,1850.0,2.5315e-16],0.005212],
[[1850.0,4.7014e-16,1850.0,4.7014e-16],0.007228],
[[1850.0,8.4385e-16,1850.0,8.4385e-16],0.008831],
[[1850.0,1.5307e-15,1850.0,1.5307e-15],0.009735],
[[1850.0,2.8617e-15,1850.0,2.8617e-15],0.009923],
[[1850.0,5.0631e-15,1850.0,5.0631e-15],0.008986],
[[1850.0,9.4029e-15,1850.0,9.4029e-15],0.00685],
[[1850.0,1.7321e-14,1850.0,1.7321e-14],0.003977],
[[1850.0,3.1343e-14,1850.0,3.1343e-14],0.001501],
[[1850.0,5.9836e-14,1850.0,5.9836e-14],0.0002543],
[[1850.0,1.0616e-13,1850.0,1.0616e-13],2.315e-05],
[[1850.0,1.9359e-13,1850.0,1.9359e-13],0.0],
[[1850.0,3.6567e-13,1850.0,3.6567e-13],0.0],
[[1850.0,6.582e-13,1850.0,6.582e-13],0.0]]
