txName: TRPV1jjj
constraint: {(PV > anyBSM(1),anyBSM(2)), (anyBSM(1) > jet,jet,anyBSM(3)), (anyBSM(2) > jet,jet,anyBSM(4)), (anyBSM(3) > jet,jet,jet), (anyBSM(4) > jet,jet,jet)}
condition: None
conditionDescription: None
figureUrl: None
source: Recast by A. Lessa
validated: True
axesMap: [{0: 2400.0, 1: 'x', 2: 'y', 3: 2400.0, 4: 'x', 5: 'y'}]
dataMap: {0: (1, 'mass', GeV), 1: (3, 'mass', GeV), 2: (3, 'totalwidth', GeV), 3: (2, 'mass', GeV), 4: (4, 'mass', GeV), 5: (4, 'totalwidth', GeV)}
finalState: None
intermediateState: None
efficiencyMap: [[[500.0,50.0,6.582e-17,500.0,50.0,6.582e-17],0.0005947],
[[500.0,50.0,1.6132e-16,500.0,50.0,1.6132e-16],0.002204],
[[500.0,50.0,3.9413e-16,500.0,50.0,3.9413e-16],0.007497],
[[500.0,50.0,9.6652e-16,500.0,50.0,9.6652e-16],0.02265],
[[500.0,50.0,2.3676e-15,500.0,50.0,2.3676e-15],0.05253],
[[500.0,50.0,5.7737e-15,500.0,50.0,5.7737e-15],0.09257],
[[500.0,50.0,1.4185e-14,500.0,50.0,1.4185e-14],0.1294],
[[500.0,50.0,3.4642e-14,500.0,50.0,3.4642e-14],0.1478],
[[500.0,50.0,8.5039e-14,500.0,50.0,8.5039e-14],0.1318],
[[500.0,50.0,2.0829e-13,500.0,50.0,2.0829e-13],0.07621],
[[750.0,50.0,6.582e-17,750.0,50.0,6.582e-17],0.0008078],
[[750.0,50.0,1.6132e-16,750.0,50.0,1.6132e-16],0.002473],
[[750.0,50.0,3.9413e-16,750.0,50.0,3.9413e-16],0.007913],
[[750.0,50.0,9.6652e-16,750.0,50.0,9.6652e-16],0.02201],
[[750.0,50.0,2.3676e-15,750.0,50.0,2.3676e-15],0.05215],
[[750.0,50.0,5.7737e-15,750.0,50.0,5.7737e-15],0.09712],
[[750.0,50.0,1.4185e-14,750.0,50.0,1.4185e-14],0.1447],
[[750.0,50.0,3.4642e-14,750.0,50.0,3.4642e-14],0.1737],
[[750.0,50.0,8.5039e-14,750.0,50.0,8.5039e-14],0.1657],
[[750.0,50.0,2.0829e-13,750.0,50.0,2.0829e-13],0.111],
[[1000.0,50.0,6.582e-17,1000.0,50.0,6.582e-17],0.0006515],
[[1000.0,50.0,1.6132e-16,1000.0,50.0,1.6132e-16],0.001883],
[[1000.0,50.0,3.9413e-16,1000.0,50.0,3.9413e-16],0.00508],
[[1000.0,50.0,9.6652e-16,1000.0,50.0,9.6652e-16],0.01335],
[[1000.0,50.0,2.3676e-15,1000.0,50.0,2.3676e-15],0.02999],
[[1000.0,50.0,5.7737e-15,1000.0,50.0,5.7737e-15],0.05663],
[[1000.0,50.0,1.4185e-14,1000.0,50.0,1.4185e-14],0.08715],
[[1000.0,50.0,3.4642e-14,1000.0,50.0,3.4642e-14],0.1103],
[[1000.0,50.0,8.5039e-14,1000.0,50.0,8.5039e-14],0.11],
[[1000.0,50.0,2.0829e-13,1000.0,50.0,2.0829e-13],0.0801],
[[1250.0,50.0,6.582e-17,1250.0,50.0,6.582e-17],0.0004543],
[[1250.0,50.0,1.6132e-16,1250.0,50.0,1.6132e-16],0.001007],
[[1250.0,50.0,3.9413e-16,1250.0,50.0,3.9413e-16],0.002742],
[[1250.0,50.0,9.6652e-16,1250.0,50.0,9.6652e-16],0.006511],
[[1250.0,50.0,2.3676e-15,1250.0,50.0,2.3676e-15],0.01354],
[[1250.0,50.0,5.7737e-15,1250.0,50.0,5.7737e-15],0.02514],
[[1250.0,50.0,1.4185e-14,1250.0,50.0,1.4185e-14],0.03976],
[[1250.0,50.0,3.4642e-14,1250.0,50.0,3.4642e-14],0.05076],
[[1250.0,50.0,8.5039e-14,1250.0,50.0,8.5039e-14],0.05273],
[[1250.0,50.0,2.0829e-13,1250.0,50.0,2.0829e-13],0.04111],
[[1500.0,50.0,6.582e-17,1500.0,50.0,6.582e-17],0.0001214],
[[1500.0,50.0,1.6132e-16,1500.0,50.0,1.6132e-16],0.0003704],
[[1500.0,50.0,3.9413e-16,1500.0,50.0,3.9413e-16],0.000953],
[[1500.0,50.0,9.6652e-16,1500.0,50.0,9.6652e-16],0.002266],
[[1500.0,50.0,2.3676e-15,1500.0,50.0,2.3676e-15],0.004679],
[[1500.0,50.0,5.7737e-15,1500.0,50.0,5.7737e-15],0.00868],
[[1500.0,50.0,1.4185e-14,1500.0,50.0,1.4185e-14],0.01415],
[[1500.0,50.0,3.4642e-14,1500.0,50.0,3.4642e-14],0.01859],
[[1500.0,50.0,8.5039e-14,1500.0,50.0,8.5039e-14],0.01934],
[[1500.0,50.0,2.0829e-13,1500.0,50.0,2.0829e-13],0.01498],
[[1700.0,50.0,6.582e-17,1700.0,50.0,6.582e-17],8.476e-05],
[[1700.0,50.0,1.6132e-16,1700.0,50.0,1.6132e-16],0.0001949],
[[1700.0,50.0,3.9413e-16,1700.0,50.0,3.9413e-16],0.0004595],
[[1700.0,50.0,9.6652e-16,1700.0,50.0,9.6652e-16],0.0009209],
[[1700.0,50.0,2.3676e-15,1700.0,50.0,2.3676e-15],0.001875],
[[1700.0,50.0,5.7737e-15,1700.0,50.0,5.7737e-15],0.003445],
[[1700.0,50.0,1.4185e-14,1700.0,50.0,1.4185e-14],0.005614],
[[1700.0,50.0,3.4642e-14,1700.0,50.0,3.4642e-14],0.00738],
[[1700.0,50.0,8.5039e-14,1700.0,50.0,8.5039e-14],0.007794],
[[1700.0,50.0,2.0829e-13,1700.0,50.0,2.0829e-13],0.006304],
[[1900.0,50.0,6.582e-17,1900.0,50.0,6.582e-17],2.268e-05],
[[1900.0,50.0,1.6132e-16,1900.0,50.0,1.6132e-16],8.625e-05],
[[1900.0,50.0,3.9413e-16,1900.0,50.0,3.9413e-16],0.0001677],
[[1900.0,50.0,9.6652e-16,1900.0,50.0,9.6652e-16],0.0003646],
[[1900.0,50.0,2.3676e-15,1900.0,50.0,2.3676e-15],0.000766],
[[1900.0,50.0,5.7737e-15,1900.0,50.0,5.7737e-15],0.001432],
[[1900.0,50.0,1.4185e-14,1900.0,50.0,1.4185e-14],0.002416],
[[1900.0,50.0,3.4642e-14,1900.0,50.0,3.4642e-14],0.003179],
[[1900.0,50.0,8.5039e-14,1900.0,50.0,8.5039e-14],0.003455],
[[1900.0,50.0,2.0829e-13,1900.0,50.0,2.0829e-13],0.002818],
[[2100.0,50.0,6.582e-17,2100.0,50.0,6.582e-17],3.593e-06],
[[2100.0,50.0,1.6132e-16,2100.0,50.0,1.6132e-16],2.793e-05],
[[2100.0,50.0,3.9413e-16,2100.0,50.0,3.9413e-16],9.575e-05],
[[2100.0,50.0,9.6652e-16,2100.0,50.0,9.6652e-16],0.0001952],
[[2100.0,50.0,2.3676e-15,2100.0,50.0,2.3676e-15],0.0004147],
[[2100.0,50.0,5.7737e-15,2100.0,50.0,5.7737e-15],0.0006544],
[[2100.0,50.0,1.4185e-14,2100.0,50.0,1.4185e-14],0.001036],
[[2100.0,50.0,3.4642e-14,2100.0,50.0,3.4642e-14],0.001503],
[[2100.0,50.0,8.5039e-14,2100.0,50.0,8.5039e-14],0.001612],
[[2100.0,50.0,2.0829e-13,2100.0,50.0,2.0829e-13],0.001327],
[[2300.0,50.0,6.582e-17,2300.0,50.0,6.582e-17],1.77e-05],
[[2300.0,50.0,1.6132e-16,2300.0,50.0,1.6132e-16],2.317e-05],
[[2300.0,50.0,3.9413e-16,2300.0,50.0,3.9413e-16],4.516e-05],
[[2300.0,50.0,9.6652e-16,2300.0,50.0,9.6652e-16],9.816e-05],
[[2300.0,50.0,2.3676e-15,2300.0,50.0,2.3676e-15],0.0001936],
[[2300.0,50.0,5.7737e-15,2300.0,50.0,5.7737e-15],0.0003706],
[[2300.0,50.0,1.4185e-14,2300.0,50.0,1.4185e-14],0.0005279],
[[2300.0,50.0,3.4642e-14,2300.0,50.0,3.4642e-14],0.0007416],
[[2300.0,50.0,8.5039e-14,2300.0,50.0,8.5039e-14],0.0008052],
[[2300.0,50.0,2.0829e-13,2300.0,50.0,2.0829e-13],0.0006074],
[[2500.0,50.0,6.582e-17,2500.0,50.0,6.582e-17],2.387e-06],
[[2500.0,50.0,1.6132e-16,2500.0,50.0,1.6132e-16],6.431e-06],
[[2500.0,50.0,3.9413e-16,2500.0,50.0,3.9413e-16],2.05e-05],
[[2500.0,50.0,9.6652e-16,2500.0,50.0,9.6652e-16],3.597e-05],
[[2500.0,50.0,2.3676e-15,2500.0,50.0,2.3676e-15],4.342e-05],
[[2500.0,50.0,5.7737e-15,2500.0,50.0,5.7737e-15],9.617e-05],
[[2500.0,50.0,1.4185e-14,2500.0,50.0,1.4185e-14],0.0002386],
[[2500.0,50.0,3.4642e-14,2500.0,50.0,3.4642e-14],0.0003571],
[[2500.0,50.0,8.5039e-14,2500.0,50.0,8.5039e-14],0.0003502],
[[2500.0,50.0,2.0829e-13,2500.0,50.0,2.0829e-13],0.0002812],
[[2700.0,50.0,6.582e-17,2700.0,50.0,6.582e-17],0.0],
[[2700.0,50.0,1.6132e-16,2700.0,50.0,1.6132e-16],0.0],
[[2700.0,50.0,3.9413e-16,2700.0,50.0,3.9413e-16],4.958e-06],
[[2700.0,50.0,9.6652e-16,2700.0,50.0,9.6652e-16],3.261e-05],
[[2700.0,50.0,2.3676e-15,2700.0,50.0,2.3676e-15],6.17e-05],
[[2700.0,50.0,5.7737e-15,2700.0,50.0,5.7737e-15],0.0001153],
[[2700.0,50.0,1.4185e-14,2700.0,50.0,1.4185e-14],0.0001712],
[[2700.0,50.0,3.4642e-14,2700.0,50.0,3.4642e-14],0.0002126],
[[2700.0,50.0,8.5039e-14,2700.0,50.0,8.5039e-14],0.0001931],
[[2700.0,50.0,2.0829e-13,2700.0,50.0,2.0829e-13],0.0001806],
[[2900.0,50.0,6.582e-17,2900.0,50.0,6.582e-17],0.0],
[[2900.0,50.0,1.6132e-16,2900.0,50.0,1.6132e-16],7.765e-07],
[[2900.0,50.0,3.9413e-16,2900.0,50.0,3.9413e-16],6.983e-06],
[[2900.0,50.0,9.6652e-16,2900.0,50.0,9.6652e-16],1.589e-05],
[[2900.0,50.0,2.3676e-15,2900.0,50.0,2.3676e-15],3.844e-05],
[[2900.0,50.0,5.7737e-15,2900.0,50.0,5.7737e-15],6.662e-05],
[[2900.0,50.0,1.4185e-14,2900.0,50.0,1.4185e-14],0.0001211],
[[2900.0,50.0,3.4642e-14,2900.0,50.0,3.4642e-14],0.0001072],
[[2900.0,50.0,8.5039e-14,2900.0,50.0,8.5039e-14],0.0001361],
[[2900.0,50.0,2.0829e-13,2900.0,50.0,2.0829e-13],0.0001349],
[[500.0,250.0,6.582e-17,500.0,250.0,6.582e-17],0.01455],
[[500.0,250.0,1.6132e-16,500.0,250.0,1.6132e-16],0.04762],
[[500.0,250.0,3.9413e-16,500.0,250.0,3.9413e-16],0.1163],
[[500.0,250.0,9.6652e-16,500.0,250.0,9.6652e-16],0.2161],
[[500.0,250.0,2.3676e-15,500.0,250.0,2.3676e-15],0.32],
[[500.0,250.0,5.7737e-15,500.0,250.0,5.7737e-15],0.3866],
[[500.0,250.0,1.4185e-14,500.0,250.0,1.4185e-14],0.383],
[[500.0,250.0,3.4642e-14,500.0,250.0,3.4642e-14],0.2757],
[[500.0,250.0,8.5039e-14,500.0,250.0,8.5039e-14],0.109],
[[500.0,250.0,2.0829e-13,500.0,250.0,2.0829e-13],0.01604],
[[750.0,250.0,6.582e-17,750.0,250.0,6.582e-17],0.01355],
[[750.0,250.0,1.6132e-16,750.0,250.0,1.6132e-16],0.03962],
[[750.0,250.0,3.9413e-16,750.0,250.0,3.9413e-16],0.09777],
[[750.0,250.0,9.6652e-16,750.0,250.0,9.6652e-16],0.1904],
[[750.0,250.0,2.3676e-15,750.0,250.0,2.3676e-15],0.2876],
[[750.0,250.0,5.7737e-15,750.0,250.0,5.7737e-15],0.3593],
[[750.0,250.0,1.4185e-14,750.0,250.0,1.4185e-14],0.3738],
[[750.0,250.0,3.4642e-14,750.0,250.0,3.4642e-14],0.2945],
[[750.0,250.0,8.5039e-14,750.0,250.0,8.5039e-14],0.1386],
[[750.0,250.0,2.0829e-13,750.0,250.0,2.0829e-13],0.02578],
[[1000.0,250.0,6.582e-17,1000.0,250.0,6.582e-17],0.009141],
[[1000.0,250.0,1.6132e-16,1000.0,250.0,1.6132e-16],0.02371],
[[1000.0,250.0,3.9413e-16,1000.0,250.0,3.9413e-16],0.05275],
[[1000.0,250.0,9.6652e-16,1000.0,250.0,9.6652e-16],0.1022],
[[1000.0,250.0,2.3676e-15,1000.0,250.0,2.3676e-15],0.1613],
[[1000.0,250.0,5.7737e-15,1000.0,250.0,5.7737e-15],0.208],
[[1000.0,250.0,1.4185e-14,1000.0,250.0,1.4185e-14],0.2229],
[[1000.0,250.0,3.4642e-14,1000.0,250.0,3.4642e-14],0.1914],
[[1000.0,250.0,8.5039e-14,1000.0,250.0,8.5039e-14],0.1023],
[[1000.0,250.0,2.0829e-13,1000.0,250.0,2.0829e-13],0.02226],
[[1250.0,250.0,6.582e-17,1250.0,250.0,6.582e-17],0.004675],
[[1250.0,250.0,1.6132e-16,1250.0,250.0,1.6132e-16],0.0114],
[[1250.0,250.0,3.9413e-16,1250.0,250.0,3.9413e-16],0.02342],
[[1250.0,250.0,9.6652e-16,1250.0,250.0,9.6652e-16],0.04439],
[[1250.0,250.0,2.3676e-15,1250.0,250.0,2.3676e-15],0.07101],
[[1250.0,250.0,5.7737e-15,1250.0,250.0,5.7737e-15],0.09399],
[[1250.0,250.0,1.4185e-14,1250.0,250.0,1.4185e-14],0.1034],
[[1250.0,250.0,3.4642e-14,1250.0,250.0,3.4642e-14],0.09192],
[[1250.0,250.0,8.5039e-14,1250.0,250.0,8.5039e-14],0.05309],
[[1250.0,250.0,2.0829e-13,1250.0,250.0,2.0829e-13],0.01356],
[[1500.0,250.0,6.582e-17,1500.0,250.0,6.582e-17],0.001686],
[[1500.0,250.0,1.6132e-16,1500.0,250.0,1.6132e-16],0.004077],
[[1500.0,250.0,3.9413e-16,1500.0,250.0,3.9413e-16],0.008044],
[[1500.0,250.0,9.6652e-16,1500.0,250.0,9.6652e-16],0.01459],
[[1500.0,250.0,2.3676e-15,1500.0,250.0,2.3676e-15],0.02379],
[[1500.0,250.0,5.7737e-15,1500.0,250.0,5.7737e-15],0.03152],
[[1500.0,250.0,1.4185e-14,1500.0,250.0,1.4185e-14],0.03509],
[[1500.0,250.0,3.4642e-14,1500.0,250.0,3.4642e-14],0.03122],
[[1500.0,250.0,8.5039e-14,1500.0,250.0,8.5039e-14],0.0195],
[[1500.0,250.0,2.0829e-13,1500.0,250.0,2.0829e-13],0.005791],
[[1700.0,250.0,6.582e-17,1700.0,250.0,6.582e-17],0.0007226],
[[1700.0,250.0,1.6132e-16,1700.0,250.0,1.6132e-16],0.001511],
[[1700.0,250.0,3.9413e-16,1700.0,250.0,3.9413e-16],0.002918],
[[1700.0,250.0,9.6652e-16,1700.0,250.0,9.6652e-16],0.005421],
[[1700.0,250.0,2.3676e-15,1700.0,250.0,2.3676e-15],0.009057],
[[1700.0,250.0,5.7737e-15,1700.0,250.0,5.7737e-15],0.01197],
[[1700.0,250.0,1.4185e-14,1700.0,250.0,1.4185e-14],0.0134],
[[1700.0,250.0,3.4642e-14,1700.0,250.0,3.4642e-14],0.01231],
[[1700.0,250.0,8.5039e-14,1700.0,250.0,8.5039e-14],0.007343],
[[1700.0,250.0,2.0829e-13,1700.0,250.0,2.0829e-13],0.001974],
[[1900.0,250.0,6.582e-17,1900.0,250.0,6.582e-17],0.0002822],
[[1900.0,250.0,1.6132e-16,1900.0,250.0,1.6132e-16],0.0006754],
[[1900.0,250.0,3.9413e-16,1900.0,250.0,3.9413e-16],0.00142],
[[1900.0,250.0,9.6652e-16,1900.0,250.0,9.6652e-16],0.002359],
[[1900.0,250.0,2.3676e-15,1900.0,250.0,2.3676e-15],0.004028],
[[1900.0,250.0,5.7737e-15,1900.0,250.0,5.7737e-15],0.005511],
[[1900.0,250.0,1.4185e-14,1900.0,250.0,1.4185e-14],0.005973],
[[1900.0,250.0,3.4642e-14,1900.0,250.0,3.4642e-14],0.005388],
[[1900.0,250.0,8.5039e-14,1900.0,250.0,8.5039e-14],0.003119],
[[1900.0,250.0,2.0829e-13,1900.0,250.0,2.0829e-13],0.0007896],
[[2100.0,250.0,6.582e-17,2100.0,250.0,6.582e-17],0.0001183],
[[2100.0,250.0,1.6132e-16,2100.0,250.0,1.6132e-16],0.0002332],
[[2100.0,250.0,3.9413e-16,2100.0,250.0,3.9413e-16],0.0004935],
[[2100.0,250.0,9.6652e-16,2100.0,250.0,9.6652e-16],0.0009682],
[[2100.0,250.0,2.3676e-15,2100.0,250.0,2.3676e-15],0.001705],
[[2100.0,250.0,5.7737e-15,2100.0,250.0,5.7737e-15],0.002097],
[[2100.0,250.0,1.4185e-14,2100.0,250.0,1.4185e-14],0.002489],
[[2100.0,250.0,3.4642e-14,2100.0,250.0,3.4642e-14],0.002379],
[[2100.0,250.0,8.5039e-14,2100.0,250.0,8.5039e-14],0.001329],
[[2100.0,250.0,2.0829e-13,2100.0,250.0,2.0829e-13],0.000376],
[[2300.0,250.0,6.582e-17,2300.0,250.0,6.582e-17],4.637e-05],
[[2300.0,250.0,1.6132e-16,2300.0,250.0,1.6132e-16],8.637e-05],
[[2300.0,250.0,3.9413e-16,2300.0,250.0,3.9413e-16],0.0002502],
[[2300.0,250.0,9.6652e-16,2300.0,250.0,9.6652e-16],0.000471],
[[2300.0,250.0,2.3676e-15,2300.0,250.0,2.3676e-15],0.0007897],
[[2300.0,250.0,5.7737e-15,2300.0,250.0,5.7737e-15],0.001057],
[[2300.0,250.0,1.4185e-14,2300.0,250.0,1.4185e-14],0.001275],
[[2300.0,250.0,3.4642e-14,2300.0,250.0,3.4642e-14],0.001164],
[[2300.0,250.0,8.5039e-14,2300.0,250.0,8.5039e-14],0.0006875],
[[2300.0,250.0,2.0829e-13,2300.0,250.0,2.0829e-13],0.0001897],
[[2500.0,250.0,6.582e-17,2500.0,250.0,6.582e-17],9.421e-06],
[[2500.0,250.0,1.6132e-16,2500.0,250.0,1.6132e-16],4.569e-05],
[[2500.0,250.0,3.9413e-16,2500.0,250.0,3.9413e-16],0.0001266],
[[2500.0,250.0,9.6652e-16,2500.0,250.0,9.6652e-16],0.0001932],
[[2500.0,250.0,2.3676e-15,2500.0,250.0,2.3676e-15],0.0003736],
[[2500.0,250.0,5.7737e-15,2500.0,250.0,5.7737e-15],0.0005152],
[[2500.0,250.0,1.4185e-14,2500.0,250.0,1.4185e-14],0.0006081],
[[2500.0,250.0,3.4642e-14,2500.0,250.0,3.4642e-14],0.0006115],
[[2500.0,250.0,8.5039e-14,2500.0,250.0,8.5039e-14],0.0003439],
[[2500.0,250.0,2.0829e-13,2500.0,250.0,2.0829e-13],7.451e-05],
[[2700.0,250.0,6.582e-17,2700.0,250.0,6.582e-17],1.689e-05],
[[2700.0,250.0,1.6132e-16,2700.0,250.0,1.6132e-16],2.077e-05],
[[2700.0,250.0,3.9413e-16,2700.0,250.0,3.9413e-16],6.065e-05],
[[2700.0,250.0,9.6652e-16,2700.0,250.0,9.6652e-16],0.0001141],
[[2700.0,250.0,2.3676e-15,2700.0,250.0,2.3676e-15],0.0002244],
[[2700.0,250.0,5.7737e-15,2700.0,250.0,5.7737e-15],0.0002861],
[[2700.0,250.0,1.4185e-14,2700.0,250.0,1.4185e-14],0.0003997],
[[2700.0,250.0,3.4642e-14,2700.0,250.0,3.4642e-14],0.000373],
[[2700.0,250.0,8.5039e-14,2700.0,250.0,8.5039e-14],0.0002282],
[[2700.0,250.0,2.0829e-13,2700.0,250.0,2.0829e-13],7.107e-05],
[[2900.0,250.0,6.582e-17,2900.0,250.0,6.582e-17],2.569e-06],
[[2900.0,250.0,1.6132e-16,2900.0,250.0,1.6132e-16],2.41e-05],
[[2900.0,250.0,3.9413e-16,2900.0,250.0,3.9413e-16],4.198e-05],
[[2900.0,250.0,9.6652e-16,2900.0,250.0,9.6652e-16],5.554e-05],
[[2900.0,250.0,2.3676e-15,2900.0,250.0,2.3676e-15],8.937e-05],
[[2900.0,250.0,5.7737e-15,2900.0,250.0,5.7737e-15],0.0001325],
[[2900.0,250.0,1.4185e-14,2900.0,250.0,1.4185e-14],0.0001501],
[[2900.0,250.0,3.4642e-14,2900.0,250.0,3.4642e-14],0.0001646],
[[2900.0,250.0,8.5039e-14,2900.0,250.0,8.5039e-14],8.612e-05],
[[2900.0,250.0,2.0829e-13,2900.0,250.0,2.0829e-13],4.863e-06],
[[500.0,450.0,6.582e-17,500.0,450.0,6.582e-17],0.01698],
[[500.0,450.0,1.6132e-16,500.0,450.0,1.6132e-16],0.04993],
[[500.0,450.0,3.9413e-16,500.0,450.0,3.9413e-16],0.1121],
[[500.0,450.0,9.6652e-16,500.0,450.0,9.6652e-16],0.1963],
[[500.0,450.0,2.3676e-15,500.0,450.0,2.3676e-15],0.2735],
[[500.0,450.0,5.7737e-15,500.0,450.0,5.7737e-15],0.3094],
[[500.0,450.0,1.4185e-14,500.0,450.0,1.4185e-14],0.2844],
[[500.0,450.0,3.4642e-14,500.0,450.0,3.4642e-14],0.18],
[[500.0,450.0,8.5039e-14,500.0,450.0,8.5039e-14],0.05582],
[[500.0,450.0,2.0829e-13,500.0,450.0,2.0829e-13],0.0052],
[[750.0,450.0,6.582e-17,750.0,450.0,6.582e-17],0.0281],
[[750.0,450.0,1.6132e-16,750.0,450.0,1.6132e-16],0.07661],
[[750.0,450.0,3.9413e-16,750.0,450.0,3.9413e-16],0.1628],
[[750.0,450.0,9.6652e-16,750.0,450.0,9.6652e-16],0.2699],
[[750.0,450.0,2.3676e-15,750.0,450.0,2.3676e-15],0.365],
[[750.0,450.0,5.7737e-15,750.0,450.0,5.7737e-15],0.4099],
[[750.0,450.0,1.4185e-14,750.0,450.0,1.4185e-14],0.3701],
[[750.0,450.0,3.4642e-14,750.0,450.0,3.4642e-14],0.2247],
[[750.0,450.0,8.5039e-14,750.0,450.0,8.5039e-14],0.06565],
[[750.0,450.0,2.0829e-13,750.0,450.0,2.0829e-13],0.004811],
[[1000.0,450.0,6.582e-17,1000.0,450.0,6.582e-17],0.0177],
[[1000.0,450.0,1.6132e-16,1000.0,450.0,1.6132e-16],0.04364],
[[1000.0,450.0,3.9413e-16,1000.0,450.0,3.9413e-16],0.08967],
[[1000.0,450.0,9.6652e-16,1000.0,450.0,9.6652e-16],0.152],
[[1000.0,450.0,2.3676e-15,1000.0,450.0,2.3676e-15],0.2094],
[[1000.0,450.0,5.7737e-15,1000.0,450.0,5.7737e-15],0.2392],
[[1000.0,450.0,1.4185e-14,1000.0,450.0,1.4185e-14],0.2264],
[[1000.0,450.0,3.4642e-14,1000.0,450.0,3.4642e-14],0.15],
[[1000.0,450.0,8.5039e-14,1000.0,450.0,8.5039e-14],0.04811],
[[1000.0,450.0,2.0829e-13,1000.0,450.0,2.0829e-13],0.004746],
[[1250.0,450.0,6.582e-17,1250.0,450.0,6.582e-17],0.008413],
[[1250.0,450.0,1.6132e-16,1250.0,450.0,1.6132e-16],0.0195],
[[1250.0,450.0,3.9413e-16,1250.0,450.0,3.9413e-16],0.03795],
[[1250.0,450.0,9.6652e-16,1250.0,450.0,9.6652e-16],0.06457],
[[1250.0,450.0,2.3676e-15,1250.0,450.0,2.3676e-15],0.09117],
[[1250.0,450.0,5.7737e-15,1250.0,450.0,5.7737e-15],0.1081],
[[1250.0,450.0,1.4185e-14,1250.0,450.0,1.4185e-14],0.1063],
[[1250.0,450.0,3.4642e-14,1250.0,450.0,3.4642e-14],0.07612],
[[1250.0,450.0,8.5039e-14,1250.0,450.0,8.5039e-14],0.0287],
[[1250.0,450.0,2.0829e-13,1250.0,450.0,2.0829e-13],0.00308],
[[1500.0,450.0,6.582e-17,1500.0,450.0,6.582e-17],0.003152],
[[1500.0,450.0,1.6132e-16,1500.0,450.0,1.6132e-16],0.006624],
[[1500.0,450.0,3.9413e-16,1500.0,450.0,3.9413e-16],0.01181],
[[1500.0,450.0,9.6652e-16,1500.0,450.0,9.6652e-16],0.01926],
[[1500.0,450.0,2.3676e-15,1500.0,450.0,2.3676e-15],0.02823],
[[1500.0,450.0,5.7737e-15,1500.0,450.0,5.7737e-15],0.03364],
[[1500.0,450.0,1.4185e-14,1500.0,450.0,1.4185e-14],0.03364],
[[1500.0,450.0,3.4642e-14,1500.0,450.0,3.4642e-14],0.02519],
[[1500.0,450.0,8.5039e-14,1500.0,450.0,8.5039e-14],0.01007],
[[1500.0,450.0,2.0829e-13,1500.0,450.0,2.0829e-13],0.001192],
[[1700.0,450.0,6.582e-17,1700.0,450.0,6.582e-17],0.001061],
[[1700.0,450.0,1.6132e-16,1700.0,450.0,1.6132e-16],0.002348],
[[1700.0,450.0,3.9413e-16,1700.0,450.0,3.9413e-16],0.004183],
[[1700.0,450.0,9.6652e-16,1700.0,450.0,9.6652e-16],0.00691],
[[1700.0,450.0,2.3676e-15,1700.0,450.0,2.3676e-15],0.0101],
[[1700.0,450.0,5.7737e-15,1700.0,450.0,5.7737e-15],0.0117],
[[1700.0,450.0,1.4185e-14,1700.0,450.0,1.4185e-14],0.01172],
[[1700.0,450.0,3.4642e-14,1700.0,450.0,3.4642e-14],0.008686],
[[1700.0,450.0,8.5039e-14,1700.0,450.0,8.5039e-14],0.003456],
[[1700.0,450.0,2.0829e-13,1700.0,450.0,2.0829e-13],0.0004241],
[[1900.0,450.0,6.582e-17,1900.0,450.0,6.582e-17],0.0003666],
[[1900.0,450.0,1.6132e-16,1900.0,450.0,1.6132e-16],0.0007323],
[[1900.0,450.0,3.9413e-16,1900.0,450.0,3.9413e-16],0.001561],
[[1900.0,450.0,9.6652e-16,1900.0,450.0,9.6652e-16],0.00268],
[[1900.0,450.0,2.3676e-15,1900.0,450.0,2.3676e-15],0.003729],
[[1900.0,450.0,5.7737e-15,1900.0,450.0,5.7737e-15],0.004478],
[[1900.0,450.0,1.4185e-14,1900.0,450.0,1.4185e-14],0.00472],
[[1900.0,450.0,3.4642e-14,1900.0,450.0,3.4642e-14],0.003631],
[[1900.0,450.0,8.5039e-14,1900.0,450.0,8.5039e-14],0.00128],
[[1900.0,450.0,2.0829e-13,1900.0,450.0,2.0829e-13],0.0001436],
[[2100.0,450.0,6.582e-17,2100.0,450.0,6.582e-17],0.0001372],
[[2100.0,450.0,1.6132e-16,2100.0,450.0,1.6132e-16],0.0002422],
[[2100.0,450.0,3.9413e-16,2100.0,450.0,3.9413e-16],0.0004971],
[[2100.0,450.0,9.6652e-16,2100.0,450.0,9.6652e-16],0.0009472],
[[2100.0,450.0,2.3676e-15,2100.0,450.0,2.3676e-15],0.00133],
[[2100.0,450.0,5.7737e-15,2100.0,450.0,5.7737e-15],0.001663],
[[2100.0,450.0,1.4185e-14,2100.0,450.0,1.4185e-14],0.001614],
[[2100.0,450.0,3.4642e-14,2100.0,450.0,3.4642e-14],0.001195],
[[2100.0,450.0,8.5039e-14,2100.0,450.0,8.5039e-14],0.000502],
[[2100.0,450.0,2.0829e-13,2100.0,450.0,2.0829e-13],6.592e-05],
[[2300.0,450.0,6.582e-17,2300.0,450.0,6.582e-17],8.517e-05],
[[2300.0,450.0,1.6132e-16,2300.0,450.0,1.6132e-16],0.0001439],
[[2300.0,450.0,3.9413e-16,2300.0,450.0,3.9413e-16],0.0002454],
[[2300.0,450.0,9.6652e-16,2300.0,450.0,9.6652e-16],0.0004658],
[[2300.0,450.0,2.3676e-15,2300.0,450.0,2.3676e-15],0.0006812],
[[2300.0,450.0,5.7737e-15,2300.0,450.0,5.7737e-15],0.000838],
[[2300.0,450.0,1.4185e-14,2300.0,450.0,1.4185e-14],0.0008039],
[[2300.0,450.0,3.4642e-14,2300.0,450.0,3.4642e-14],0.0005409],
[[2300.0,450.0,8.5039e-14,2300.0,450.0,8.5039e-14],0.000222],
[[2300.0,450.0,2.0829e-13,2300.0,450.0,2.0829e-13],3.5e-05],
[[2500.0,450.0,6.582e-17,2500.0,450.0,6.582e-17],2.942e-05],
[[2500.0,450.0,1.6132e-16,2500.0,450.0,1.6132e-16],6.118e-05],
[[2500.0,450.0,3.9413e-16,2500.0,450.0,3.9413e-16],0.0001189],
[[2500.0,450.0,9.6652e-16,2500.0,450.0,9.6652e-16],0.000201],
[[2500.0,450.0,2.3676e-15,2500.0,450.0,2.3676e-15],0.0002982],
[[2500.0,450.0,5.7737e-15,2500.0,450.0,5.7737e-15],0.0003657],
[[2500.0,450.0,1.4185e-14,2500.0,450.0,1.4185e-14],0.0003269],
[[2500.0,450.0,3.4642e-14,2500.0,450.0,3.4642e-14],0.0002459],
[[2500.0,450.0,8.5039e-14,2500.0,450.0,8.5039e-14],8.699e-05],
[[2500.0,450.0,2.0829e-13,2500.0,450.0,2.0829e-13],7.459e-06],
[[2700.0,450.0,6.582e-17,2700.0,450.0,6.582e-17],1.581e-05],
[[2700.0,450.0,1.6132e-16,2700.0,450.0,1.6132e-16],4.382e-05],
[[2700.0,450.0,3.9413e-16,2700.0,450.0,3.9413e-16],6.936e-05],
[[2700.0,450.0,9.6652e-16,2700.0,450.0,9.6652e-16],0.0001237],
[[2700.0,450.0,2.3676e-15,2700.0,450.0,2.3676e-15],0.0001434],
[[2700.0,450.0,5.7737e-15,2700.0,450.0,5.7737e-15],0.0002259],
[[2700.0,450.0,1.4185e-14,2700.0,450.0,1.4185e-14],0.0002038],
[[2700.0,450.0,3.4642e-14,2700.0,450.0,3.4642e-14],0.0001429],
[[2700.0,450.0,8.5039e-14,2700.0,450.0,8.5039e-14],2.936e-05],
[[2700.0,450.0,2.0829e-13,2700.0,450.0,2.0829e-13],1.009e-05],
[[2900.0,450.0,6.582e-17,2900.0,450.0,6.582e-17],1.502e-06],
[[2900.0,450.0,1.6132e-16,2900.0,450.0,1.6132e-16],3.156e-05],
[[2900.0,450.0,3.9413e-16,2900.0,450.0,3.9413e-16],4.165e-05],
[[2900.0,450.0,9.6652e-16,2900.0,450.0,9.6652e-16],8.064e-05],
[[2900.0,450.0,2.3676e-15,2900.0,450.0,2.3676e-15],9.32e-05],
[[2900.0,450.0,5.7737e-15,2900.0,450.0,5.7737e-15],0.0001201],
[[2900.0,450.0,1.4185e-14,2900.0,450.0,1.4185e-14],0.0001091],
[[2900.0,450.0,3.4642e-14,2900.0,450.0,3.4642e-14],9.06e-05],
[[2900.0,450.0,8.5039e-14,2900.0,450.0,8.5039e-14],3.201e-05],
[[2900.0,450.0,2.0829e-13,2900.0,450.0,2.0829e-13],1.604e-05],
[[750.0,650.0,6.582e-17,750.0,650.0,6.582e-17],0.03324],
[[750.0,650.0,1.6132e-16,750.0,650.0,1.6132e-16],0.08326],
[[750.0,650.0,3.9413e-16,750.0,650.0,3.9413e-16],0.1687],
[[750.0,650.0,9.6652e-16,750.0,650.0,9.6652e-16],0.2742],
[[750.0,650.0,2.3676e-15,750.0,650.0,2.3676e-15],0.3572],
[[750.0,650.0,5.7737e-15,750.0,650.0,5.7737e-15],0.3864],
[[750.0,650.0,1.4185e-14,750.0,650.0,1.4185e-14],0.3289],
[[750.0,650.0,3.4642e-14,750.0,650.0,3.4642e-14],0.1739],
[[750.0,650.0,8.5039e-14,750.0,650.0,8.5039e-14],0.03901],
[[750.0,650.0,2.0829e-13,750.0,650.0,2.0829e-13],0.002042],
[[1000.0,650.0,6.582e-17,1000.0,650.0,6.582e-17],0.02579],
[[1000.0,650.0,1.6132e-16,1000.0,650.0,1.6132e-16],0.05955],
[[1000.0,650.0,3.9413e-16,1000.0,650.0,3.9413e-16],0.1133],
[[1000.0,650.0,9.6652e-16,1000.0,650.0,9.6652e-16],0.1777],
[[1000.0,650.0,2.3676e-15,1000.0,650.0,2.3676e-15],0.2309],
[[1000.0,650.0,5.7737e-15,1000.0,650.0,5.7737e-15],0.2477],
[[1000.0,650.0,1.4185e-14,1000.0,650.0,1.4185e-14],0.212],
[[1000.0,650.0,3.4642e-14,1000.0,650.0,3.4642e-14],0.114],
[[1000.0,650.0,8.5039e-14,1000.0,650.0,8.5039e-14],0.0239],
[[1000.0,650.0,2.0829e-13,1000.0,650.0,2.0829e-13],0.001242],
[[1250.0,650.0,6.582e-17,1250.0,650.0,6.582e-17],0.01254],
[[1250.0,650.0,1.6132e-16,1250.0,650.0,1.6132e-16],0.02633],
[[1250.0,650.0,3.9413e-16,1250.0,650.0,3.9413e-16],0.04881],
[[1250.0,650.0,9.6652e-16,1250.0,650.0,9.6652e-16],0.07789],
[[1250.0,650.0,2.3676e-15,1250.0,650.0,2.3676e-15],0.1028],
[[1250.0,650.0,5.7737e-15,1250.0,650.0,5.7737e-15],0.1121],
[[1250.0,650.0,1.4185e-14,1250.0,650.0,1.4185e-14],0.09875],
[[1250.0,650.0,3.4642e-14,1250.0,650.0,3.4642e-14],0.05763],
[[1250.0,650.0,8.5039e-14,1250.0,650.0,8.5039e-14],0.01416],
[[1250.0,650.0,2.0829e-13,1250.0,650.0,2.0829e-13],0.0007472],
[[1500.0,650.0,6.582e-17,1500.0,650.0,6.582e-17],0.00412],
[[1500.0,650.0,1.6132e-16,1500.0,650.0,1.6132e-16],0.008299],
[[1500.0,650.0,3.9413e-16,1500.0,650.0,3.9413e-16],0.01433],
[[1500.0,650.0,9.6652e-16,1500.0,650.0,9.6652e-16],0.02243],
[[1500.0,650.0,2.3676e-15,1500.0,650.0,2.3676e-15],0.02921],
[[1500.0,650.0,5.7737e-15,1500.0,650.0,5.7737e-15],0.03251],
[[1500.0,650.0,1.4185e-14,1500.0,650.0,1.4185e-14],0.02925],
[[1500.0,650.0,3.4642e-14,1500.0,650.0,3.4642e-14],0.01742],
[[1500.0,650.0,8.5039e-14,1500.0,650.0,8.5039e-14],0.004398],
[[1500.0,650.0,2.0829e-13,1500.0,650.0,2.0829e-13],0.0002561],
[[1700.0,650.0,6.582e-17,1700.0,650.0,6.582e-17],0.001266],
[[1700.0,650.0,1.6132e-16,1700.0,650.0,1.6132e-16],0.002416],
[[1700.0,650.0,3.9413e-16,1700.0,650.0,3.9413e-16],0.00424],
[[1700.0,650.0,9.6652e-16,1700.0,650.0,9.6652e-16],0.0071],
[[1700.0,650.0,2.3676e-15,1700.0,650.0,2.3676e-15],0.009506],
[[1700.0,650.0,5.7737e-15,1700.0,650.0,5.7737e-15],0.01049],
[[1700.0,650.0,1.4185e-14,1700.0,650.0,1.4185e-14],0.00944],
[[1700.0,650.0,3.4642e-14,1700.0,650.0,3.4642e-14],0.005474],
[[1700.0,650.0,8.5039e-14,1700.0,650.0,8.5039e-14],0.001543],
[[1700.0,650.0,2.0829e-13,1700.0,650.0,2.0829e-13],0.0001085],
[[1900.0,650.0,6.582e-17,1900.0,650.0,6.582e-17],0.0004132],
[[1900.0,650.0,1.6132e-16,1900.0,650.0,1.6132e-16],0.0007571],
[[1900.0,650.0,3.9413e-16,1900.0,650.0,3.9413e-16],0.001405],
[[1900.0,650.0,9.6652e-16,1900.0,650.0,9.6652e-16],0.002187],
[[1900.0,650.0,2.3676e-15,1900.0,650.0,2.3676e-15],0.002993],
[[1900.0,650.0,5.7737e-15,1900.0,650.0,5.7737e-15],0.003365],
[[1900.0,650.0,1.4185e-14,1900.0,650.0,1.4185e-14],0.003107],
[[1900.0,650.0,3.4642e-14,1900.0,650.0,3.4642e-14],0.001795],
[[1900.0,650.0,8.5039e-14,1900.0,650.0,8.5039e-14],0.0004537],
[[1900.0,650.0,2.0829e-13,1900.0,650.0,2.0829e-13],2.736e-05],
[[2100.0,650.0,6.582e-17,2100.0,650.0,6.582e-17],8.56e-05],
[[2100.0,650.0,1.6132e-16,2100.0,650.0,1.6132e-16],0.0001845],
[[2100.0,650.0,3.9413e-16,2100.0,650.0,3.9413e-16],0.0003681],
[[2100.0,650.0,9.6652e-16,2100.0,650.0,9.6652e-16],0.0007084],
[[2100.0,650.0,2.3676e-15,2100.0,650.0,2.3676e-15],0.0009551],
[[2100.0,650.0,5.7737e-15,2100.0,650.0,5.7737e-15],0.001114],
[[2100.0,650.0,1.4185e-14,2100.0,650.0,1.4185e-14],0.0009642],
[[2100.0,650.0,3.4642e-14,2100.0,650.0,3.4642e-14],0.0005433],
[[2100.0,650.0,8.5039e-14,2100.0,650.0,8.5039e-14],0.0001428],
[[2100.0,650.0,2.0829e-13,2100.0,650.0,2.0829e-13],2.165e-05],
[[2300.0,650.0,6.582e-17,2300.0,650.0,6.582e-17],7.238e-05],
[[2300.0,650.0,1.6132e-16,2300.0,650.0,1.6132e-16],9.019e-05],
[[2300.0,650.0,3.9413e-16,2300.0,650.0,3.9413e-16],0.0002128],
[[2300.0,650.0,9.6652e-16,2300.0,650.0,9.6652e-16],0.0003336],
[[2300.0,650.0,2.3676e-15,2300.0,650.0,2.3676e-15],0.0004382],
[[2300.0,650.0,5.7737e-15,2300.0,650.0,5.7737e-15],0.000459],
[[2300.0,650.0,1.4185e-14,2300.0,650.0,1.4185e-14],0.0004391],
[[2300.0,650.0,3.4642e-14,2300.0,650.0,3.4642e-14],0.0002359],
[[2300.0,650.0,8.5039e-14,2300.0,650.0,8.5039e-14],6.829e-05],
[[2300.0,650.0,2.0829e-13,2300.0,650.0,2.0829e-13],0.0],
[[2500.0,650.0,6.582e-17,2500.0,650.0,6.582e-17],1.818e-05],
[[2500.0,650.0,1.6132e-16,2500.0,650.0,1.6132e-16],5.377e-05],
[[2500.0,650.0,3.9413e-16,2500.0,650.0,3.9413e-16],7.774e-05],
[[2500.0,650.0,9.6652e-16,2500.0,650.0,9.6652e-16],0.0001177],
[[2500.0,650.0,2.3676e-15,2500.0,650.0,2.3676e-15],0.000202],
[[2500.0,650.0,5.7737e-15,2500.0,650.0,5.7737e-15],0.0002605],
[[2500.0,650.0,1.4185e-14,2500.0,650.0,1.4185e-14],0.0002482],
[[2500.0,650.0,3.4642e-14,2500.0,650.0,3.4642e-14],0.0001774],
[[2500.0,650.0,8.5039e-14,2500.0,650.0,8.5039e-14],3.241e-05],
[[2500.0,650.0,2.0829e-13,2500.0,650.0,2.0829e-13],0.0],
[[2700.0,650.0,6.582e-17,2700.0,650.0,6.582e-17],0.0],
[[2700.0,650.0,1.6132e-16,2700.0,650.0,1.6132e-16],1.775e-05],
[[2700.0,650.0,3.9413e-16,2700.0,650.0,3.9413e-16],6.092e-06],
[[2700.0,650.0,9.6652e-16,2700.0,650.0,9.6652e-16],4.884e-05],
[[2700.0,650.0,2.3676e-15,2700.0,650.0,2.3676e-15],9.568e-05],
[[2700.0,650.0,5.7737e-15,2700.0,650.0,5.7737e-15],0.0001044],
[[2700.0,650.0,1.4185e-14,2700.0,650.0,1.4185e-14],9.581e-05],
[[2700.0,650.0,3.4642e-14,2700.0,650.0,3.4642e-14],7.413e-05],
[[2700.0,650.0,8.5039e-14,2700.0,650.0,8.5039e-14],1.838e-05],
[[2700.0,650.0,2.0829e-13,2700.0,650.0,2.0829e-13],0.0],
[[2900.0,650.0,6.582e-17,2900.0,650.0,6.582e-17],9.626e-06],
[[2900.0,650.0,1.6132e-16,2900.0,650.0,1.6132e-16],1.81e-05],
[[2900.0,650.0,3.9413e-16,2900.0,650.0,3.9413e-16],2.656e-05],
[[2900.0,650.0,9.6652e-16,2900.0,650.0,9.6652e-16],2.64e-05],
[[2900.0,650.0,2.3676e-15,2900.0,650.0,2.3676e-15],5.198e-05],
[[2900.0,650.0,5.7737e-15,2900.0,650.0,5.7737e-15],5.087e-05],
[[2900.0,650.0,1.4185e-14,2900.0,650.0,1.4185e-14],4.206e-05],
[[2900.0,650.0,3.4642e-14,2900.0,650.0,3.4642e-14],3.872e-05],
[[2900.0,650.0,8.5039e-14,2900.0,650.0,8.5039e-14],1.284e-05],
[[2900.0,650.0,2.0829e-13,2900.0,650.0,2.0829e-13],0.0],
[[1000.0,850.0,6.582e-17,1000.0,850.0,6.582e-17],0.0295],
[[1000.0,850.0,1.6132e-16,1000.0,850.0,1.6132e-16],0.0676],
[[1000.0,850.0,3.9413e-16,1000.0,850.0,3.9413e-16],0.1229],
[[1000.0,850.0,9.6652e-16,1000.0,850.0,9.6652e-16],0.1884],
[[1000.0,850.0,2.3676e-15,1000.0,850.0,2.3676e-15],0.2364],
[[1000.0,850.0,5.7737e-15,1000.0,850.0,5.7737e-15],0.2461],
[[1000.0,850.0,1.4185e-14,1000.0,850.0,1.4185e-14],0.1943],
[[1000.0,850.0,3.4642e-14,1000.0,850.0,3.4642e-14],0.09128],
[[1000.0,850.0,8.5039e-14,1000.0,850.0,8.5039e-14],0.01641],
[[1000.0,850.0,2.0829e-13,1000.0,850.0,2.0829e-13],0.000334],
[[1250.0,850.0,6.582e-17,1250.0,850.0,6.582e-17],0.01621],
[[1250.0,850.0,1.6132e-16,1250.0,850.0,1.6132e-16],0.0323],
[[1250.0,850.0,3.9413e-16,1250.0,850.0,3.9413e-16],0.05844],
[[1250.0,850.0,9.6652e-16,1250.0,850.0,9.6652e-16],0.08872],
[[1250.0,850.0,2.3676e-15,1250.0,850.0,2.3676e-15],0.1091],
[[1250.0,850.0,5.7737e-15,1250.0,850.0,5.7737e-15],0.1127],
[[1250.0,850.0,1.4185e-14,1250.0,850.0,1.4185e-14],0.09024],
[[1250.0,850.0,3.4642e-14,1250.0,850.0,3.4642e-14],0.04118],
[[1250.0,850.0,8.5039e-14,1250.0,850.0,8.5039e-14],0.006705],
[[1250.0,850.0,2.0829e-13,1250.0,850.0,2.0829e-13],0.0001458],
[[1500.0,850.0,6.582e-17,1500.0,850.0,6.582e-17],0.005464],
[[1500.0,850.0,1.6132e-16,1500.0,850.0,1.6132e-16],0.009835],
[[1500.0,850.0,3.9413e-16,1500.0,850.0,3.9413e-16],0.01637],
[[1500.0,850.0,9.6652e-16,1500.0,850.0,9.6652e-16],0.02432],
[[1500.0,850.0,2.3676e-15,1500.0,850.0,2.3676e-15],0.03063],
[[1500.0,850.0,5.7737e-15,1500.0,850.0,5.7737e-15],0.0319],
[[1500.0,850.0,1.4185e-14,1500.0,850.0,1.4185e-14],0.02594],
[[1500.0,850.0,3.4642e-14,1500.0,850.0,3.4642e-14],0.01279],
[[1500.0,850.0,8.5039e-14,1500.0,850.0,8.5039e-14],0.002377],
[[1500.0,850.0,2.0829e-13,1500.0,850.0,2.0829e-13],7.155e-05],
[[1700.0,850.0,6.582e-17,1700.0,850.0,6.582e-17],0.001559],
[[1700.0,850.0,1.6132e-16,1700.0,850.0,1.6132e-16],0.002875],
[[1700.0,850.0,3.9413e-16,1700.0,850.0,3.9413e-16],0.004895],
[[1700.0,850.0,9.6652e-16,1700.0,850.0,9.6652e-16],0.007405],
[[1700.0,850.0,2.3676e-15,1700.0,850.0,2.3676e-15],0.009113],
[[1700.0,850.0,5.7737e-15,1700.0,850.0,5.7737e-15],0.009374],
[[1700.0,850.0,1.4185e-14,1700.0,850.0,1.4185e-14],0.007807],
[[1700.0,850.0,3.4642e-14,1700.0,850.0,3.4642e-14],0.003637],
[[1700.0,850.0,8.5039e-14,1700.0,850.0,8.5039e-14],0.0006159],
[[1700.0,850.0,2.0829e-13,1700.0,850.0,2.0829e-13],1.035e-05],
[[1900.0,850.0,6.582e-17,1900.0,850.0,6.582e-17],0.0004011],
[[1900.0,850.0,1.6132e-16,1900.0,850.0,1.6132e-16],0.0007404],
[[1900.0,850.0,3.9413e-16,1900.0,850.0,3.9413e-16],0.001201],
[[1900.0,850.0,9.6652e-16,1900.0,850.0,9.6652e-16],0.00178],
[[1900.0,850.0,2.3676e-15,1900.0,850.0,2.3676e-15],0.002411],
[[1900.0,850.0,5.7737e-15,1900.0,850.0,5.7737e-15],0.00259],
[[1900.0,850.0,1.4185e-14,1900.0,850.0,1.4185e-14],0.00211],
[[1900.0,850.0,3.4642e-14,1900.0,850.0,3.4642e-14],0.001009],
[[1900.0,850.0,8.5039e-14,1900.0,850.0,8.5039e-14],0.0001536],
[[1900.0,850.0,2.0829e-13,1900.0,850.0,2.0829e-13],0.0],
[[2100.0,850.0,6.582e-17,2100.0,850.0,6.582e-17],0.0001252],
[[2100.0,850.0,1.6132e-16,2100.0,850.0,1.6132e-16],0.0001878],
[[2100.0,850.0,3.9413e-16,2100.0,850.0,3.9413e-16],0.0003687],
[[2100.0,850.0,9.6652e-16,2100.0,850.0,9.6652e-16],0.0005945],
[[2100.0,850.0,2.3676e-15,2100.0,850.0,2.3676e-15],0.0007672],
[[2100.0,850.0,5.7737e-15,2100.0,850.0,5.7737e-15],0.0008666],
[[2100.0,850.0,1.4185e-14,2100.0,850.0,1.4185e-14],0.0007043],
[[2100.0,850.0,3.4642e-14,2100.0,850.0,3.4642e-14],0.0003698],
[[2100.0,850.0,8.5039e-14,2100.0,850.0,8.5039e-14],7.383e-05],
[[2100.0,850.0,2.0829e-13,2100.0,850.0,2.0829e-13],5.203e-06],
[[2300.0,850.0,6.582e-17,2300.0,850.0,6.582e-17],6.603e-05],
[[2300.0,850.0,1.6132e-16,2300.0,850.0,1.6132e-16],8.306e-05],
[[2300.0,850.0,3.9413e-16,2300.0,850.0,3.9413e-16],0.0001255],
[[2300.0,850.0,9.6652e-16,2300.0,850.0,9.6652e-16],0.0001972],
[[2300.0,850.0,2.3676e-15,2300.0,850.0,2.3676e-15],0.0002419],
[[2300.0,850.0,5.7737e-15,2300.0,850.0,5.7737e-15],0.000289],
[[2300.0,850.0,1.4185e-14,2300.0,850.0,1.4185e-14],0.0002683],
[[2300.0,850.0,3.4642e-14,2300.0,850.0,3.4642e-14],0.0001272],
[[2300.0,850.0,8.5039e-14,2300.0,850.0,8.5039e-14],2.54e-05],
[[2300.0,850.0,2.0829e-13,2300.0,850.0,2.0829e-13],0.0],
[[2500.0,850.0,6.582e-17,2500.0,850.0,6.582e-17],1.732e-05],
[[2500.0,850.0,1.6132e-16,2500.0,850.0,1.6132e-16],3.516e-05],
[[2500.0,850.0,3.9413e-16,2500.0,850.0,3.9413e-16],5.8e-05],
[[2500.0,850.0,9.6652e-16,2500.0,850.0,9.6652e-16],9.749e-05],
[[2500.0,850.0,2.3676e-15,2500.0,850.0,2.3676e-15],9.895e-05],
[[2500.0,850.0,5.7737e-15,2500.0,850.0,5.7737e-15],8.375e-05],
[[2500.0,850.0,1.4185e-14,2500.0,850.0,1.4185e-14],8.828e-05],
[[2500.0,850.0,3.4642e-14,2500.0,850.0,3.4642e-14],5.637e-05],
[[2500.0,850.0,8.5039e-14,2500.0,850.0,8.5039e-14],3.324e-05],
[[2500.0,850.0,2.0829e-13,2500.0,850.0,2.0829e-13],1.353e-05],
[[2700.0,850.0,6.582e-17,2700.0,850.0,6.582e-17],7.023e-07],
[[2700.0,850.0,1.6132e-16,2700.0,850.0,1.6132e-16],6.427e-06],
[[2700.0,850.0,3.9413e-16,2700.0,850.0,3.9413e-16],9.527e-06],
[[2700.0,850.0,9.6652e-16,2700.0,850.0,9.6652e-16],1.256e-05],
[[2700.0,850.0,2.3676e-15,2700.0,850.0,2.3676e-15],2.448e-05],
[[2700.0,850.0,5.7737e-15,2700.0,850.0,5.7737e-15],3.122e-05],
[[2700.0,850.0,1.4185e-14,2700.0,850.0,1.4185e-14],3.546e-05],
[[2700.0,850.0,3.4642e-14,2700.0,850.0,3.4642e-14],2.893e-05],
[[2700.0,850.0,8.5039e-14,2700.0,850.0,8.5039e-14],9.565e-06],
[[2700.0,850.0,2.0829e-13,2700.0,850.0,2.0829e-13],0.0],
[[2900.0,850.0,6.582e-17,2900.0,850.0,6.582e-17],5.32e-06],
[[2900.0,850.0,1.6132e-16,2900.0,850.0,1.6132e-16],1.313e-05],
[[2900.0,850.0,3.9413e-16,2900.0,850.0,3.9413e-16],1.665e-05],
[[2900.0,850.0,9.6652e-16,2900.0,850.0,9.6652e-16],1.839e-05],
[[2900.0,850.0,2.3676e-15,2900.0,850.0,2.3676e-15],1.058e-05],
[[2900.0,850.0,5.7737e-15,2900.0,850.0,5.7737e-15],1.922e-05],
[[2900.0,850.0,1.4185e-14,2900.0,850.0,1.4185e-14],2.553e-05],
[[2900.0,850.0,3.4642e-14,2900.0,850.0,3.4642e-14],2.356e-05],
[[2900.0,850.0,8.5039e-14,2900.0,850.0,8.5039e-14],1.099e-05],
[[2900.0,850.0,2.0829e-13,2900.0,850.0,2.0829e-13],0.0],
[[1250.0,1050.0,6.582e-17,1250.0,1050.0,6.582e-17],0.01821],
[[1250.0,1050.0,1.6132e-16,1250.0,1050.0,1.6132e-16],0.03566],
[[1250.0,1050.0,3.9413e-16,1250.0,1050.0,3.9413e-16],0.06251],
[[1250.0,1050.0,9.6652e-16,1250.0,1050.0,9.6652e-16],0.09286],
[[1250.0,1050.0,2.3676e-15,1250.0,1050.0,2.3676e-15],0.112],
[[1250.0,1050.0,5.7737e-15,1250.0,1050.0,5.7737e-15],0.1127],
[[1250.0,1050.0,1.4185e-14,1250.0,1050.0,1.4185e-14],0.0829],
[[1250.0,1050.0,3.4642e-14,1250.0,1050.0,3.4642e-14],0.03334],
[[1250.0,1050.0,8.5039e-14,1250.0,1050.0,8.5039e-14],0.004123],
[[1250.0,1050.0,2.0829e-13,1250.0,1050.0,2.0829e-13],5.785e-05],
[[1500.0,1050.0,6.582e-17,1500.0,1050.0,6.582e-17],0.006205],
[[1500.0,1050.0,1.6132e-16,1500.0,1050.0,1.6132e-16],0.01172],
[[1500.0,1050.0,3.9413e-16,1500.0,1050.0,3.9413e-16],0.01976],
[[1500.0,1050.0,9.6652e-16,1500.0,1050.0,9.6652e-16],0.02887],
[[1500.0,1050.0,2.3676e-15,1500.0,1050.0,2.3676e-15],0.03443],
[[1500.0,1050.0,5.7737e-15,1500.0,1050.0,5.7737e-15],0.03421],
[[1500.0,1050.0,1.4185e-14,1500.0,1050.0,1.4185e-14],0.02471],
[[1500.0,1050.0,3.4642e-14,1500.0,1050.0,3.4642e-14],0.01018],
[[1500.0,1050.0,8.5039e-14,1500.0,1050.0,8.5039e-14],0.001245],
[[1500.0,1050.0,2.0829e-13,1500.0,1050.0,2.0829e-13],1.494e-05],
[[1700.0,1050.0,6.582e-17,1700.0,1050.0,6.582e-17],0.0017],
[[1700.0,1050.0,1.6132e-16,1700.0,1050.0,1.6132e-16],0.003008],
[[1700.0,1050.0,3.9413e-16,1700.0,1050.0,3.9413e-16],0.005019],
[[1700.0,1050.0,9.6652e-16,1700.0,1050.0,9.6652e-16],0.007241],
[[1700.0,1050.0,2.3676e-15,1700.0,1050.0,2.3676e-15],0.008613],
[[1700.0,1050.0,5.7737e-15,1700.0,1050.0,5.7737e-15],0.008723],
[[1700.0,1050.0,1.4185e-14,1700.0,1050.0,1.4185e-14],0.006374],
[[1700.0,1050.0,3.4642e-14,1700.0,1050.0,3.4642e-14],0.002663],
[[1700.0,1050.0,8.5039e-14,1700.0,1050.0,8.5039e-14],0.0003622],
[[1700.0,1050.0,2.0829e-13,1700.0,1050.0,2.0829e-13],0.0],
[[1900.0,1050.0,6.582e-17,1900.0,1050.0,6.582e-17],0.0004495],
[[1900.0,1050.0,1.6132e-16,1900.0,1050.0,1.6132e-16],0.0007904],
[[1900.0,1050.0,3.9413e-16,1900.0,1050.0,3.9413e-16],0.001274],
[[1900.0,1050.0,9.6652e-16,1900.0,1050.0,9.6652e-16],0.001877],
[[1900.0,1050.0,2.3676e-15,1900.0,1050.0,2.3676e-15],0.002254],
[[1900.0,1050.0,5.7737e-15,1900.0,1050.0,5.7737e-15],0.002298],
[[1900.0,1050.0,1.4185e-14,1900.0,1050.0,1.4185e-14],0.00157],
[[1900.0,1050.0,3.4642e-14,1900.0,1050.0,3.4642e-14],0.0006377],
[[1900.0,1050.0,8.5039e-14,1900.0,1050.0,8.5039e-14],0.0001111],
[[1900.0,1050.0,2.0829e-13,1900.0,1050.0,2.0829e-13],0.0],
[[2100.0,1050.0,6.582e-17,2100.0,1050.0,6.582e-17],9.985e-05],
[[2100.0,1050.0,1.6132e-16,2100.0,1050.0,1.6132e-16],0.0001306],
[[2100.0,1050.0,3.9413e-16,2100.0,1050.0,3.9413e-16],0.0002329],
[[2100.0,1050.0,9.6652e-16,2100.0,1050.0,9.6652e-16],0.0003752],
[[2100.0,1050.0,2.3676e-15,2100.0,1050.0,2.3676e-15],0.0004778],
[[2100.0,1050.0,5.7737e-15,2100.0,1050.0,5.7737e-15],0.0004795],
[[2100.0,1050.0,1.4185e-14,2100.0,1050.0,1.4185e-14],0.0003523],
[[2100.0,1050.0,3.4642e-14,2100.0,1050.0,3.4642e-14],0.0001437],
[[2100.0,1050.0,8.5039e-14,2100.0,1050.0,8.5039e-14],2.613e-05],
[[2100.0,1050.0,2.0829e-13,2100.0,1050.0,2.0829e-13],0.0],
[[2300.0,1050.0,6.582e-17,2300.0,1050.0,6.582e-17],2.901e-05],
[[2300.0,1050.0,1.6132e-16,2300.0,1050.0,1.6132e-16],4.37e-05],
[[2300.0,1050.0,3.9413e-16,2300.0,1050.0,3.9413e-16],9.427e-05],
[[2300.0,1050.0,9.6652e-16,2300.0,1050.0,9.6652e-16],0.0001324],
[[2300.0,1050.0,2.3676e-15,2300.0,1050.0,2.3676e-15],0.0001651],
[[2300.0,1050.0,5.7737e-15,2300.0,1050.0,5.7737e-15],0.0001586],
[[2300.0,1050.0,1.4185e-14,2300.0,1050.0,1.4185e-14],0.0001116],
[[2300.0,1050.0,3.4642e-14,2300.0,1050.0,3.4642e-14],4.181e-05],
[[2300.0,1050.0,8.5039e-14,2300.0,1050.0,8.5039e-14],0.0],
[[2300.0,1050.0,2.0829e-13,2300.0,1050.0,2.0829e-13],0.0],
[[2500.0,1050.0,6.582e-17,2500.0,1050.0,6.582e-17],1.142e-05],
[[2500.0,1050.0,1.6132e-16,2500.0,1050.0,1.6132e-16],1.49e-05],
[[2500.0,1050.0,3.9413e-16,2500.0,1050.0,3.9413e-16],3.391e-05],
[[2500.0,1050.0,9.6652e-16,2500.0,1050.0,9.6652e-16],7.023e-05],
[[2500.0,1050.0,2.3676e-15,2500.0,1050.0,2.3676e-15],7.293e-05],
[[2500.0,1050.0,5.7737e-15,2500.0,1050.0,5.7737e-15],6.753e-05],
[[2500.0,1050.0,1.4185e-14,2500.0,1050.0,1.4185e-14],5.376e-05],
[[2500.0,1050.0,3.4642e-14,2500.0,1050.0,3.4642e-14],2.27e-05],
[[2500.0,1050.0,8.5039e-14,2500.0,1050.0,8.5039e-14],7.633e-06],
[[2500.0,1050.0,2.0829e-13,2500.0,1050.0,2.0829e-13],0.0],
[[2700.0,1050.0,6.582e-17,2700.0,1050.0,6.582e-17],8.297e-06],
[[2700.0,1050.0,1.6132e-16,2700.0,1050.0,1.6132e-16],4.199e-06],
[[2700.0,1050.0,3.9413e-16,2700.0,1050.0,3.9413e-16],1.685e-05],
[[2700.0,1050.0,9.6652e-16,2700.0,1050.0,9.6652e-16],3.07e-05],
[[2700.0,1050.0,2.3676e-15,2700.0,1050.0,2.3676e-15],2.436e-05],
[[2700.0,1050.0,5.7737e-15,2700.0,1050.0,5.7737e-15],2.821e-05],
[[2700.0,1050.0,1.4185e-14,2700.0,1050.0,1.4185e-14],1.611e-05],
[[2700.0,1050.0,3.4642e-14,2700.0,1050.0,3.4642e-14],3.301e-06],
[[2700.0,1050.0,8.5039e-14,2700.0,1050.0,8.5039e-14],0.0],
[[2700.0,1050.0,2.0829e-13,2700.0,1050.0,2.0829e-13],0.0],
[[2900.0,1050.0,6.582e-17,2900.0,1050.0,6.582e-17],6.483e-07],
[[2900.0,1050.0,1.6132e-16,2900.0,1050.0,1.6132e-16],6.902e-06],
[[2900.0,1050.0,3.9413e-16,2900.0,1050.0,3.9413e-16],5.906e-06],
[[2900.0,1050.0,9.6652e-16,2900.0,1050.0,9.6652e-16],1.78e-05],
[[2900.0,1050.0,2.3676e-15,2900.0,1050.0,2.3676e-15],2.07e-05],
[[2900.0,1050.0,5.7737e-15,2900.0,1050.0,5.7737e-15],2.281e-05],
[[2900.0,1050.0,1.4185e-14,2900.0,1050.0,1.4185e-14],2.14e-05],
[[2900.0,1050.0,3.4642e-14,2900.0,1050.0,3.4642e-14],8.261e-06],
[[2900.0,1050.0,8.5039e-14,2900.0,1050.0,8.5039e-14],0.0],
[[2900.0,1050.0,2.0829e-13,2900.0,1050.0,2.0829e-13],0.0],
[[1500.0,1250.0,6.582e-17,1500.0,1250.0,6.582e-17],0.007502],
[[1500.0,1250.0,1.6132e-16,1500.0,1250.0,1.6132e-16],0.01359],
[[1500.0,1250.0,3.9413e-16,1500.0,1250.0,3.9413e-16],0.02185],
[[1500.0,1250.0,9.6652e-16,1500.0,1250.0,9.6652e-16],0.03109],
[[1500.0,1250.0,2.3676e-15,1500.0,1250.0,2.3676e-15],0.03588],
[[1500.0,1250.0,5.7737e-15,1500.0,1250.0,5.7737e-15],0.03426],
[[1500.0,1250.0,1.4185e-14,1500.0,1250.0,1.4185e-14],0.02293],
[[1500.0,1250.0,3.4642e-14,1500.0,1250.0,3.4642e-14],0.007739],
[[1500.0,1250.0,8.5039e-14,1500.0,1250.0,8.5039e-14],0.0007206],
[[1500.0,1250.0,2.0829e-13,1500.0,1250.0,2.0829e-13],1.675e-05],
[[1700.0,1250.0,6.582e-17,1700.0,1250.0,6.582e-17],0.002009],
[[1700.0,1250.0,1.6132e-16,1700.0,1250.0,1.6132e-16],0.003641],
[[1700.0,1250.0,3.9413e-16,1700.0,1250.0,3.9413e-16],0.006257],
[[1700.0,1250.0,9.6652e-16,1700.0,1250.0,9.6652e-16],0.008915],
[[1700.0,1250.0,2.3676e-15,1700.0,1250.0,2.3676e-15],0.01039],
[[1700.0,1250.0,5.7737e-15,1700.0,1250.0,5.7737e-15],0.01021],
[[1700.0,1250.0,1.4185e-14,1700.0,1250.0,1.4185e-14],0.00675],
[[1700.0,1250.0,3.4642e-14,1700.0,1250.0,3.4642e-14],0.002369],
[[1700.0,1250.0,8.5039e-14,1700.0,1250.0,8.5039e-14],0.0002247],
[[1700.0,1250.0,2.0829e-13,1700.0,1250.0,2.0829e-13],0.0],
[[1900.0,1250.0,6.582e-17,1900.0,1250.0,6.582e-17],0.0005577],
[[1900.0,1250.0,1.6132e-16,1900.0,1250.0,1.6132e-16],0.0009361],
[[1900.0,1250.0,3.9413e-16,1900.0,1250.0,3.9413e-16],0.001538],
[[1900.0,1250.0,9.6652e-16,1900.0,1250.0,9.6652e-16],0.002199],
[[1900.0,1250.0,2.3676e-15,1900.0,1250.0,2.3676e-15],0.002663],
[[1900.0,1250.0,5.7737e-15,1900.0,1250.0,5.7737e-15],0.002501],
[[1900.0,1250.0,1.4185e-14,1900.0,1250.0,1.4185e-14],0.001793],
[[1900.0,1250.0,3.4642e-14,1900.0,1250.0,3.4642e-14],0.0006666],
[[1900.0,1250.0,8.5039e-14,1900.0,1250.0,8.5039e-14],5.229e-05],
[[1900.0,1250.0,2.0829e-13,1900.0,1250.0,2.0829e-13],3.41e-06],
[[2100.0,1250.0,6.582e-17,2100.0,1250.0,6.582e-17],0.0001334],
[[2100.0,1250.0,1.6132e-16,2100.0,1250.0,1.6132e-16],0.000209],
[[2100.0,1250.0,3.9413e-16,2100.0,1250.0,3.9413e-16],0.0003346],
[[2100.0,1250.0,9.6652e-16,2100.0,1250.0,9.6652e-16],0.0004403],
[[2100.0,1250.0,2.3676e-15,2100.0,1250.0,2.3676e-15],0.0005353],
[[2100.0,1250.0,5.7737e-15,2100.0,1250.0,5.7737e-15],0.0005505],
[[2100.0,1250.0,1.4185e-14,2100.0,1250.0,1.4185e-14],0.0004003],
[[2100.0,1250.0,3.4642e-14,2100.0,1250.0,3.4642e-14],0.0001039],
[[2100.0,1250.0,8.5039e-14,2100.0,1250.0,8.5039e-14],1.229e-05],
[[2100.0,1250.0,2.0829e-13,2100.0,1250.0,2.0829e-13],0.0],
[[2300.0,1250.0,6.582e-17,2300.0,1250.0,6.582e-17],2.892e-05],
[[2300.0,1250.0,1.6132e-16,2300.0,1250.0,1.6132e-16],5.737e-05],
[[2300.0,1250.0,3.9413e-16,2300.0,1250.0,3.9413e-16],9.298e-05],
[[2300.0,1250.0,9.6652e-16,2300.0,1250.0,9.6652e-16],0.0001439],
[[2300.0,1250.0,2.3676e-15,2300.0,1250.0,2.3676e-15],0.0001743],
[[2300.0,1250.0,5.7737e-15,2300.0,1250.0,5.7737e-15],0.0001864],
[[2300.0,1250.0,1.4185e-14,2300.0,1250.0,1.4185e-14],0.0001318],
[[2300.0,1250.0,3.4642e-14,2300.0,1250.0,3.4642e-14],1.962e-05],
[[2300.0,1250.0,8.5039e-14,2300.0,1250.0,8.5039e-14],0.0],
[[2300.0,1250.0,2.0829e-13,2300.0,1250.0,2.0829e-13],0.0],
[[2500.0,1250.0,6.582e-17,2500.0,1250.0,6.582e-17],4.566e-06],
[[2500.0,1250.0,1.6132e-16,2500.0,1250.0,1.6132e-16],1.452e-05],
[[2500.0,1250.0,3.9413e-16,2500.0,1250.0,3.9413e-16],2.595e-05],
[[2500.0,1250.0,9.6652e-16,2500.0,1250.0,9.6652e-16],3.724e-05],
[[2500.0,1250.0,2.3676e-15,2500.0,1250.0,2.3676e-15],4.767e-05],
[[2500.0,1250.0,5.7737e-15,2500.0,1250.0,5.7737e-15],3.447e-05],
[[2500.0,1250.0,1.4185e-14,2500.0,1250.0,1.4185e-14],2.597e-05],
[[2500.0,1250.0,3.4642e-14,2500.0,1250.0,3.4642e-14],0.0],
[[2500.0,1250.0,8.5039e-14,2500.0,1250.0,8.5039e-14],0.0],
[[2500.0,1250.0,2.0829e-13,2500.0,1250.0,2.0829e-13],0.0],
[[2700.0,1250.0,6.582e-17,2700.0,1250.0,6.582e-17],2.149e-07],
[[2700.0,1250.0,1.6132e-16,2700.0,1250.0,1.6132e-16],7.303e-06],
[[2700.0,1250.0,3.9413e-16,2700.0,1250.0,3.9413e-16],1.267e-05],
[[2700.0,1250.0,9.6652e-16,2700.0,1250.0,9.6652e-16],2.899e-05],
[[2700.0,1250.0,2.3676e-15,2700.0,1250.0,2.3676e-15],3.178e-05],
[[2700.0,1250.0,5.7737e-15,2700.0,1250.0,5.7737e-15],2.633e-05],
[[2700.0,1250.0,1.4185e-14,2700.0,1250.0,1.4185e-14],1.735e-05],
[[2700.0,1250.0,3.4642e-14,2700.0,1250.0,3.4642e-14],4.337e-06],
[[2700.0,1250.0,8.5039e-14,2700.0,1250.0,8.5039e-14],0.0],
[[2700.0,1250.0,2.0829e-13,2700.0,1250.0,2.0829e-13],0.0],
[[2900.0,1250.0,6.582e-17,2900.0,1250.0,6.582e-17],0.0],
[[2900.0,1250.0,1.6132e-16,2900.0,1250.0,1.6132e-16],0.0],
[[2900.0,1250.0,3.9413e-16,2900.0,1250.0,3.9413e-16],0.0],
[[2900.0,1250.0,9.6652e-16,2900.0,1250.0,9.6652e-16],0.0],
[[2900.0,1250.0,2.3676e-15,2900.0,1250.0,2.3676e-15],0.0],
[[2900.0,1250.0,5.7737e-15,2900.0,1250.0,5.7737e-15],0.0],
[[2900.0,1250.0,1.4185e-14,2900.0,1250.0,1.4185e-14],0.0],
[[2900.0,1250.0,3.4642e-14,2900.0,1250.0,3.4642e-14],0.0],
[[2900.0,1250.0,8.5039e-14,2900.0,1250.0,8.5039e-14],0.0],
[[2900.0,1250.0,2.0829e-13,2900.0,1250.0,2.0829e-13],0.0],
[[1500.0,1450.0,6.582e-17,1500.0,1450.0,6.582e-17],0.007963],
[[1500.0,1450.0,1.6132e-16,1500.0,1450.0,1.6132e-16],0.01548],
[[1500.0,1450.0,3.9413e-16,1500.0,1450.0,3.9413e-16],0.02612],
[[1500.0,1450.0,9.6652e-16,1500.0,1450.0,9.6652e-16],0.0357],
[[1500.0,1450.0,2.3676e-15,1500.0,1450.0,2.3676e-15],0.04096],
[[1500.0,1450.0,5.7737e-15,1500.0,1450.0,5.7737e-15],0.0392],
[[1500.0,1450.0,1.4185e-14,1500.0,1450.0,1.4185e-14],0.02622],
[[1500.0,1450.0,3.4642e-14,1500.0,1450.0,3.4642e-14],0.008626],
[[1500.0,1450.0,8.5039e-14,1500.0,1450.0,8.5039e-14],0.0006901],
[[1500.0,1450.0,2.0829e-13,1500.0,1450.0,2.0829e-13],0.0],
[[1700.0,1450.0,6.582e-17,1700.0,1450.0,6.582e-17],0.002846],
[[1700.0,1450.0,1.6132e-16,1700.0,1450.0,1.6132e-16],0.00514],
[[1700.0,1450.0,3.9413e-16,1700.0,1450.0,3.9413e-16],0.008409],
[[1700.0,1450.0,9.6652e-16,1700.0,1450.0,9.6652e-16],0.01187],
[[1700.0,1450.0,2.3676e-15,1700.0,1450.0,2.3676e-15],0.01377],
[[1700.0,1450.0,5.7737e-15,1700.0,1450.0,5.7737e-15],0.01276],
[[1700.0,1450.0,1.4185e-14,1700.0,1450.0,1.4185e-14],0.007802],
[[1700.0,1450.0,3.4642e-14,1700.0,1450.0,3.4642e-14],0.002296],
[[1700.0,1450.0,8.5039e-14,1700.0,1450.0,8.5039e-14],0.0002383],
[[1700.0,1450.0,2.0829e-13,1700.0,1450.0,2.0829e-13],0.0],
[[1900.0,1450.0,6.582e-17,1900.0,1450.0,6.582e-17],0.0008792],
[[1900.0,1450.0,1.6132e-16,1900.0,1450.0,1.6132e-16],0.001307],
[[1900.0,1450.0,3.9413e-16,1900.0,1450.0,3.9413e-16],0.002109],
[[1900.0,1450.0,9.6652e-16,1900.0,1450.0,9.6652e-16],0.003058],
[[1900.0,1450.0,2.3676e-15,1900.0,1450.0,2.3676e-15],0.003613],
[[1900.0,1450.0,5.7737e-15,1900.0,1450.0,5.7737e-15],0.003372],
[[1900.0,1450.0,1.4185e-14,1900.0,1450.0,1.4185e-14],0.001941],
[[1900.0,1450.0,3.4642e-14,1900.0,1450.0,3.4642e-14],0.0005228],
[[1900.0,1450.0,8.5039e-14,1900.0,1450.0,8.5039e-14],3.412e-05],
[[1900.0,1450.0,2.0829e-13,1900.0,1450.0,2.0829e-13],0.0],
[[2100.0,1450.0,6.582e-17,2100.0,1450.0,6.582e-17],0.0001832],
[[2100.0,1450.0,1.6132e-16,2100.0,1450.0,1.6132e-16],0.0003057],
[[2100.0,1450.0,3.9413e-16,2100.0,1450.0,3.9413e-16],0.0004951],
[[2100.0,1450.0,9.6652e-16,2100.0,1450.0,9.6652e-16],0.0006045],
[[2100.0,1450.0,2.3676e-15,2100.0,1450.0,2.3676e-15],0.00078],
[[2100.0,1450.0,5.7737e-15,2100.0,1450.0,5.7737e-15],0.0006256],
[[2100.0,1450.0,1.4185e-14,2100.0,1450.0,1.4185e-14],0.0003752],
[[2100.0,1450.0,3.4642e-14,2100.0,1450.0,3.4642e-14],0.0001385],
[[2100.0,1450.0,8.5039e-14,2100.0,1450.0,8.5039e-14],1.035e-05],
[[2100.0,1450.0,2.0829e-13,2100.0,1450.0,2.0829e-13],0.0],
[[2300.0,1450.0,6.582e-17,2300.0,1450.0,6.582e-17],4.338e-05],
[[2300.0,1450.0,1.6132e-16,2300.0,1450.0,1.6132e-16],6.865e-05],
[[2300.0,1450.0,3.9413e-16,2300.0,1450.0,3.9413e-16],0.0001115],
[[2300.0,1450.0,9.6652e-16,2300.0,1450.0,9.6652e-16],0.0001741],
[[2300.0,1450.0,2.3676e-15,2300.0,1450.0,2.3676e-15],0.0001873],
[[2300.0,1450.0,5.7737e-15,2300.0,1450.0,5.7737e-15],0.0001787],
[[2300.0,1450.0,1.4185e-14,2300.0,1450.0,1.4185e-14],0.0001037],
[[2300.0,1450.0,3.4642e-14,2300.0,1450.0,3.4642e-14],4.87e-05],
[[2300.0,1450.0,8.5039e-14,2300.0,1450.0,8.5039e-14],0.0],
[[2300.0,1450.0,2.0829e-13,2300.0,1450.0,2.0829e-13],0.0],
[[2500.0,1450.0,6.582e-17,2500.0,1450.0,6.582e-17],1.598e-05],
[[2500.0,1450.0,1.6132e-16,2500.0,1450.0,1.6132e-16],1.427e-05],
[[2500.0,1450.0,3.9413e-16,2500.0,1450.0,3.9413e-16],2.672e-05],
[[2500.0,1450.0,9.6652e-16,2500.0,1450.0,9.6652e-16],4.386e-05],
[[2500.0,1450.0,2.3676e-15,2500.0,1450.0,2.3676e-15],5.859e-05],
[[2500.0,1450.0,5.7737e-15,2500.0,1450.0,5.7737e-15],3.954e-05],
[[2500.0,1450.0,1.4185e-14,2500.0,1450.0,1.4185e-14],5.237e-05],
[[2500.0,1450.0,3.4642e-14,2500.0,1450.0,3.4642e-14],3.669e-05],
[[2500.0,1450.0,8.5039e-14,2500.0,1450.0,8.5039e-14],0.0],
[[2500.0,1450.0,2.0829e-13,2500.0,1450.0,2.0829e-13],0.0],
[[2700.0,1450.0,6.582e-17,2700.0,1450.0,6.582e-17],0.0],
[[2700.0,1450.0,1.6132e-16,2700.0,1450.0,1.6132e-16],0.0],
[[2700.0,1450.0,3.9413e-16,2700.0,1450.0,3.9413e-16],1.528e-06],
[[2700.0,1450.0,9.6652e-16,2700.0,1450.0,9.6652e-16],2.135e-06],
[[2700.0,1450.0,2.3676e-15,2700.0,1450.0,2.3676e-15],3.852e-06],
[[2700.0,1450.0,5.7737e-15,2700.0,1450.0,5.7737e-15],4e-06],
[[2700.0,1450.0,1.4185e-14,2700.0,1450.0,1.4185e-14],3.718e-06],
[[2700.0,1450.0,3.4642e-14,2700.0,1450.0,3.4642e-14],0.0],
[[2700.0,1450.0,8.5039e-14,2700.0,1450.0,8.5039e-14],0.0],
[[2700.0,1450.0,2.0829e-13,2700.0,1450.0,2.0829e-13],0.0],
[[2900.0,1450.0,6.582e-17,2900.0,1450.0,6.582e-17],0.0],
[[2900.0,1450.0,1.6132e-16,2900.0,1450.0,1.6132e-16],0.0],
[[2900.0,1450.0,3.9413e-16,2900.0,1450.0,3.9413e-16],0.0],
[[2900.0,1450.0,9.6652e-16,2900.0,1450.0,9.6652e-16],0.0],
[[2900.0,1450.0,2.3676e-15,2900.0,1450.0,2.3676e-15],0.0],
[[2900.0,1450.0,5.7737e-15,2900.0,1450.0,5.7737e-15],0.0],
[[2900.0,1450.0,1.4185e-14,2900.0,1450.0,1.4185e-14],0.0],
[[2900.0,1450.0,3.4642e-14,2900.0,1450.0,3.4642e-14],0.0],
[[2900.0,1450.0,8.5039e-14,2900.0,1450.0,8.5039e-14],0.0],
[[2900.0,1450.0,2.0829e-13,2900.0,1450.0,2.0829e-13],0.0],
[[1700.0,1650.0,6.582e-17,1700.0,1650.0,6.582e-17],0.003602],
[[1700.0,1650.0,1.6132e-16,1700.0,1650.0,1.6132e-16],0.006668],
[[1700.0,1650.0,3.9413e-16,1700.0,1650.0,3.9413e-16],0.01099],
[[1700.0,1650.0,9.6652e-16,1700.0,1650.0,9.6652e-16],0.01485],
[[1700.0,1650.0,2.3676e-15,1700.0,1650.0,2.3676e-15],0.01689],
[[1700.0,1650.0,5.7737e-15,1700.0,1650.0,5.7737e-15],0.01491],
[[1700.0,1650.0,1.4185e-14,1700.0,1650.0,1.4185e-14],0.008829],
[[1700.0,1650.0,3.4642e-14,1700.0,1650.0,3.4642e-14],0.002578],
[[1700.0,1650.0,8.5039e-14,1700.0,1650.0,8.5039e-14],0.0001696],
[[1700.0,1650.0,2.0829e-13,1700.0,1650.0,2.0829e-13],0.0],
[[1900.0,1650.0,6.582e-17,1900.0,1650.0,6.582e-17],0.001111],
[[1900.0,1650.0,1.6132e-16,1900.0,1650.0,1.6132e-16],0.002023],
[[1900.0,1650.0,3.9413e-16,1900.0,1650.0,3.9413e-16],0.003346],
[[1900.0,1650.0,9.6652e-16,1900.0,1650.0,9.6652e-16],0.004436],
[[1900.0,1650.0,2.3676e-15,1900.0,1650.0,2.3676e-15],0.004867],
[[1900.0,1650.0,5.7737e-15,1900.0,1650.0,5.7737e-15],0.004275],
[[1900.0,1650.0,1.4185e-14,1900.0,1650.0,1.4185e-14],0.00247],
[[1900.0,1650.0,3.4642e-14,1900.0,1650.0,3.4642e-14],0.0007803],
[[1900.0,1650.0,8.5039e-14,1900.0,1650.0,8.5039e-14],4.765e-05],
[[1900.0,1650.0,2.0829e-13,1900.0,1650.0,2.0829e-13],0.0],
[[2100.0,1650.0,6.582e-17,2100.0,1650.0,6.582e-17],0.0003173],
[[2100.0,1650.0,1.6132e-16,2100.0,1650.0,1.6132e-16],0.0005287],
[[2100.0,1650.0,3.9413e-16,2100.0,1650.0,3.9413e-16],0.0008068],
[[2100.0,1650.0,9.6652e-16,2100.0,1650.0,9.6652e-16],0.001083],
[[2100.0,1650.0,2.3676e-15,2100.0,1650.0,2.3676e-15],0.001148],
[[2100.0,1650.0,5.7737e-15,2100.0,1650.0,5.7737e-15],0.001029],
[[2100.0,1650.0,1.4185e-14,2100.0,1650.0,1.4185e-14],0.000654],
[[2100.0,1650.0,3.4642e-14,2100.0,1650.0,3.4642e-14],0.0001445],
[[2100.0,1650.0,8.5039e-14,2100.0,1650.0,8.5039e-14],2.773e-05],
[[2100.0,1650.0,2.0829e-13,2100.0,1650.0,2.0829e-13],0.0],
[[2300.0,1650.0,6.582e-17,2300.0,1650.0,6.582e-17],7.803e-05],
[[2300.0,1650.0,1.6132e-16,2300.0,1650.0,1.6132e-16],7.887e-05],
[[2300.0,1650.0,3.9413e-16,2300.0,1650.0,3.9413e-16],0.0001338],
[[2300.0,1650.0,9.6652e-16,2300.0,1650.0,9.6652e-16],0.0001978],
[[2300.0,1650.0,2.3676e-15,2300.0,1650.0,2.3676e-15],0.0002234],
[[2300.0,1650.0,5.7737e-15,2300.0,1650.0,5.7737e-15],0.0001863],
[[2300.0,1650.0,1.4185e-14,2300.0,1650.0,1.4185e-14],0.0001113],
[[2300.0,1650.0,3.4642e-14,2300.0,1650.0,3.4642e-14],1.96e-05],
[[2300.0,1650.0,8.5039e-14,2300.0,1650.0,8.5039e-14],0.0],
[[2300.0,1650.0,2.0829e-13,2300.0,1650.0,2.0829e-13],0.0],
[[2500.0,1650.0,6.582e-17,2500.0,1650.0,6.582e-17],7.512e-06],
[[2500.0,1650.0,1.6132e-16,2500.0,1650.0,1.6132e-16],2.19e-05],
[[2500.0,1650.0,3.9413e-16,2500.0,1650.0,3.9413e-16],5.23e-05],
[[2500.0,1650.0,9.6652e-16,2500.0,1650.0,9.6652e-16],7.916e-05],
[[2500.0,1650.0,2.3676e-15,2500.0,1650.0,2.3676e-15],8.56e-05],
[[2500.0,1650.0,5.7737e-15,2500.0,1650.0,5.7737e-15],8.314e-05],
[[2500.0,1650.0,1.4185e-14,2500.0,1650.0,1.4185e-14],4.532e-05],
[[2500.0,1650.0,3.4642e-14,2500.0,1650.0,3.4642e-14],2.103e-05],
[[2500.0,1650.0,8.5039e-14,2500.0,1650.0,8.5039e-14],0.0],
[[2500.0,1650.0,2.0829e-13,2500.0,1650.0,2.0829e-13],0.0],
[[2700.0,1650.0,6.582e-17,2700.0,1650.0,6.582e-17],6.778e-06],
[[2700.0,1650.0,1.6132e-16,2700.0,1650.0,1.6132e-16],1.096e-05],
[[2700.0,1650.0,3.9413e-16,2700.0,1650.0,3.9413e-16],1.096e-05],
[[2700.0,1650.0,9.6652e-16,2700.0,1650.0,9.6652e-16],0.0],
[[2700.0,1650.0,2.3676e-15,2700.0,1650.0,2.3676e-15],8.55e-06],
[[2700.0,1650.0,5.7737e-15,2700.0,1650.0,5.7737e-15],1.114e-05],
[[2700.0,1650.0,1.4185e-14,2700.0,1650.0,1.4185e-14],4.437e-06],
[[2700.0,1650.0,3.4642e-14,2700.0,1650.0,3.4642e-14],0.0],
[[2700.0,1650.0,8.5039e-14,2700.0,1650.0,8.5039e-14],0.0],
[[2700.0,1650.0,2.0829e-13,2700.0,1650.0,2.0829e-13],0.0],
[[2900.0,1650.0,6.582e-17,2900.0,1650.0,6.582e-17],1.234e-06],
[[2900.0,1650.0,1.6132e-16,2900.0,1650.0,1.6132e-16],3.702e-06],
[[2900.0,1650.0,3.9413e-16,2900.0,1650.0,3.9413e-16],3.715e-06],
[[2900.0,1650.0,9.6652e-16,2900.0,1650.0,9.6652e-16],3.572e-06],
[[2900.0,1650.0,2.3676e-15,2900.0,1650.0,2.3676e-15],3.572e-06],
[[2900.0,1650.0,5.7737e-15,2900.0,1650.0,5.7737e-15],0.0],
[[2900.0,1650.0,1.4185e-14,2900.0,1650.0,1.4185e-14],0.0],
[[2900.0,1650.0,3.4642e-14,2900.0,1650.0,3.4642e-14],0.0],
[[2900.0,1650.0,8.5039e-14,2900.0,1650.0,8.5039e-14],0.0],
[[2900.0,1650.0,2.0829e-13,2900.0,1650.0,2.0829e-13],0.0],
[[1900.0,1850.0,6.582e-17,1900.0,1850.0,6.582e-17],0.001649],
[[1900.0,1850.0,1.6132e-16,1900.0,1850.0,1.6132e-16],0.002907],
[[1900.0,1850.0,3.9413e-16,1900.0,1850.0,3.9413e-16],0.004863],
[[1900.0,1850.0,9.6652e-16,1900.0,1850.0,9.6652e-16],0.006628],
[[1900.0,1850.0,2.3676e-15,1900.0,1850.0,2.3676e-15],0.007084],
[[1900.0,1850.0,5.7737e-15,1900.0,1850.0,5.7737e-15],0.006312],
[[1900.0,1850.0,1.4185e-14,1900.0,1850.0,1.4185e-14],0.003654],
[[1900.0,1850.0,3.4642e-14,1900.0,1850.0,3.4642e-14],0.0008948],
[[1900.0,1850.0,8.5039e-14,1900.0,1850.0,8.5039e-14],4.616e-05],
[[1900.0,1850.0,2.0829e-13,1900.0,1850.0,2.0829e-13],0.0],
[[2100.0,1850.0,6.582e-17,2100.0,1850.0,6.582e-17],0.0004753],
[[2100.0,1850.0,1.6132e-16,2100.0,1850.0,1.6132e-16],0.0007857],
[[2100.0,1850.0,3.9413e-16,2100.0,1850.0,3.9413e-16],0.001327],
[[2100.0,1850.0,9.6652e-16,2100.0,1850.0,9.6652e-16],0.001759],
[[2100.0,1850.0,2.3676e-15,2100.0,1850.0,2.3676e-15],0.001939],
[[2100.0,1850.0,5.7737e-15,2100.0,1850.0,5.7737e-15],0.001683],
[[2100.0,1850.0,1.4185e-14,2100.0,1850.0,1.4185e-14],0.0008939],
[[2100.0,1850.0,3.4642e-14,2100.0,1850.0,3.4642e-14],0.0002238],
[[2100.0,1850.0,8.5039e-14,2100.0,1850.0,8.5039e-14],0.0],
[[2100.0,1850.0,2.0829e-13,2100.0,1850.0,2.0829e-13],0.0],
[[2300.0,1850.0,6.582e-17,2300.0,1850.0,6.582e-17],0.0001424],
[[2300.0,1850.0,1.6132e-16,2300.0,1850.0,1.6132e-16],0.0002253],
[[2300.0,1850.0,3.9413e-16,2300.0,1850.0,3.9413e-16],0.00036],
[[2300.0,1850.0,9.6652e-16,2300.0,1850.0,9.6652e-16],0.0004579],
[[2300.0,1850.0,2.3676e-15,2300.0,1850.0,2.3676e-15],0.0005159],
[[2300.0,1850.0,5.7737e-15,2300.0,1850.0,5.7737e-15],0.0004731],
[[2300.0,1850.0,1.4185e-14,2300.0,1850.0,1.4185e-14],0.0002299],
[[2300.0,1850.0,3.4642e-14,2300.0,1850.0,3.4642e-14],2.742e-05],
[[2300.0,1850.0,8.5039e-14,2300.0,1850.0,8.5039e-14],0.0],
[[2300.0,1850.0,2.0829e-13,2300.0,1850.0,2.0829e-13],0.0],
[[2500.0,1850.0,6.582e-17,2500.0,1850.0,6.582e-17],3.878e-05],
[[2500.0,1850.0,1.6132e-16,2500.0,1850.0,1.6132e-16],4.321e-05],
[[2500.0,1850.0,3.9413e-16,2500.0,1850.0,3.9413e-16],4.996e-05],
[[2500.0,1850.0,9.6652e-16,2500.0,1850.0,9.6652e-16],5.829e-05],
[[2500.0,1850.0,2.3676e-15,2500.0,1850.0,2.3676e-15],9.7e-05],
[[2500.0,1850.0,5.7737e-15,2500.0,1850.0,5.7737e-15],9.812e-05],
[[2500.0,1850.0,1.4185e-14,2500.0,1850.0,1.4185e-14],6.7e-05],
[[2500.0,1850.0,3.4642e-14,2500.0,1850.0,3.4642e-14],3.604e-05],
[[2500.0,1850.0,8.5039e-14,2500.0,1850.0,8.5039e-14],0.0],
[[2500.0,1850.0,2.0829e-13,2500.0,1850.0,2.0829e-13],0.0],
[[2700.0,1850.0,6.582e-17,2700.0,1850.0,6.582e-17],3.178e-06],
[[2700.0,1850.0,1.6132e-16,2700.0,1850.0,1.6132e-16],1.15e-05],
[[2700.0,1850.0,3.9413e-16,2700.0,1850.0,3.9413e-16],2.207e-05],
[[2700.0,1850.0,9.6652e-16,2700.0,1850.0,9.6652e-16],2.59e-05],
[[2700.0,1850.0,2.3676e-15,2700.0,1850.0,2.3676e-15],6.927e-06],
[[2700.0,1850.0,5.7737e-15,2700.0,1850.0,5.7737e-15],2.013e-05],
[[2700.0,1850.0,1.4185e-14,2700.0,1850.0,1.4185e-14],1.621e-05],
[[2700.0,1850.0,3.4642e-14,2700.0,1850.0,3.4642e-14],4.331e-06],
[[2700.0,1850.0,8.5039e-14,2700.0,1850.0,8.5039e-14],0.0],
[[2700.0,1850.0,2.0829e-13,2700.0,1850.0,2.0829e-13],0.0],
[[2900.0,1850.0,6.582e-17,2900.0,1850.0,6.582e-17],1.821e-06],
[[2900.0,1850.0,1.6132e-16,2900.0,1850.0,1.6132e-16],4.844e-06],
[[2900.0,1850.0,3.9413e-16,2900.0,1850.0,3.9413e-16],1.194e-05],
[[2900.0,1850.0,9.6652e-16,2900.0,1850.0,9.6652e-16],1.194e-05],
[[2900.0,1850.0,2.3676e-15,2900.0,1850.0,2.3676e-15],0.0],
[[2900.0,1850.0,5.7737e-15,2900.0,1850.0,5.7737e-15],0.0],
[[2900.0,1850.0,1.4185e-14,2900.0,1850.0,1.4185e-14],0.0],
[[2900.0,1850.0,3.4642e-14,2900.0,1850.0,3.4642e-14],0.0],
[[2900.0,1850.0,8.5039e-14,2900.0,1850.0,8.5039e-14],0.0],
[[2900.0,1850.0,2.0829e-13,2900.0,1850.0,2.0829e-13],0.0],
[[2100.0,2050.0,6.582e-17,2100.0,2050.0,6.582e-17],0.0007741],
[[2100.0,2050.0,1.6132e-16,2100.0,2050.0,1.6132e-16],0.001392],
[[2100.0,2050.0,3.9413e-16,2100.0,2050.0,3.9413e-16],0.002308],
[[2100.0,2050.0,9.6652e-16,2100.0,2050.0,9.6652e-16],0.002876],
[[2100.0,2050.0,2.3676e-15,2100.0,2050.0,2.3676e-15],0.003234],
[[2100.0,2050.0,5.7737e-15,2100.0,2050.0,5.7737e-15],0.003022],
[[2100.0,2050.0,1.4185e-14,2100.0,2050.0,1.4185e-14],0.00163],
[[2100.0,2050.0,3.4642e-14,2100.0,2050.0,3.4642e-14],0.0003325],
[[2100.0,2050.0,8.5039e-14,2100.0,2050.0,8.5039e-14],1.433e-05],
[[2100.0,2050.0,2.0829e-13,2100.0,2050.0,2.0829e-13],0.0],
[[2300.0,2050.0,6.582e-17,2300.0,2050.0,6.582e-17],0.0001995],
[[2300.0,2050.0,1.6132e-16,2300.0,2050.0,1.6132e-16],0.0003501],
[[2300.0,2050.0,3.9413e-16,2300.0,2050.0,3.9413e-16],0.0006365],
[[2300.0,2050.0,9.6652e-16,2300.0,2050.0,9.6652e-16],0.0007451],
[[2300.0,2050.0,2.3676e-15,2300.0,2050.0,2.3676e-15],0.0007962],
[[2300.0,2050.0,5.7737e-15,2300.0,2050.0,5.7737e-15],0.0007146],
[[2300.0,2050.0,1.4185e-14,2300.0,2050.0,1.4185e-14],0.0004269],
[[2300.0,2050.0,3.4642e-14,2300.0,2050.0,3.4642e-14],4.958e-05],
[[2300.0,2050.0,8.5039e-14,2300.0,2050.0,8.5039e-14],0.0],
[[2300.0,2050.0,2.0829e-13,2300.0,2050.0,2.0829e-13],0.0],
[[2500.0,2050.0,6.582e-17,2500.0,2050.0,6.582e-17],5.655e-05],
[[2500.0,2050.0,1.6132e-16,2500.0,2050.0,1.6132e-16],7.539e-05],
[[2500.0,2050.0,3.9413e-16,2500.0,2050.0,3.9413e-16],0.0001352],
[[2500.0,2050.0,9.6652e-16,2500.0,2050.0,9.6652e-16],0.0001997],
[[2500.0,2050.0,2.3676e-15,2500.0,2050.0,2.3676e-15],0.0002244],
[[2500.0,2050.0,5.7737e-15,2500.0,2050.0,5.7737e-15],0.0001737],
[[2500.0,2050.0,1.4185e-14,2500.0,2050.0,1.4185e-14],7.123e-05],
[[2500.0,2050.0,3.4642e-14,2500.0,2050.0,3.4642e-14],7.802e-06],
[[2500.0,2050.0,8.5039e-14,2500.0,2050.0,8.5039e-14],0.0],
[[2500.0,2050.0,2.0829e-13,2500.0,2050.0,2.0829e-13],0.0],
[[2700.0,2050.0,6.582e-17,2700.0,2050.0,6.582e-17],7.449e-06],
[[2700.0,2050.0,1.6132e-16,2700.0,2050.0,1.6132e-16],1.999e-05],
[[2700.0,2050.0,3.9413e-16,2700.0,2050.0,3.9413e-16],3.662e-05],
[[2700.0,2050.0,9.6652e-16,2700.0,2050.0,9.6652e-16],4.847e-05],
[[2700.0,2050.0,2.3676e-15,2700.0,2050.0,2.3676e-15],3.788e-05],
[[2700.0,2050.0,5.7737e-15,2700.0,2050.0,5.7737e-15],3.706e-05],
[[2700.0,2050.0,1.4185e-14,2700.0,2050.0,1.4185e-14],1.184e-05],
[[2700.0,2050.0,3.4642e-14,2700.0,2050.0,3.4642e-14],4.514e-06],
[[2700.0,2050.0,8.5039e-14,2700.0,2050.0,8.5039e-14],0.0],
[[2700.0,2050.0,2.0829e-13,2700.0,2050.0,2.0829e-13],0.0],
[[2900.0,2050.0,6.582e-17,2900.0,2050.0,6.582e-17],6.966e-06],
[[2900.0,2050.0,1.6132e-16,2900.0,2050.0,1.6132e-16],4.43e-06],
[[2900.0,2050.0,3.9413e-16,2900.0,2050.0,3.9413e-16],8.019e-06],
[[2900.0,2050.0,9.6652e-16,2900.0,2050.0,9.6652e-16],1.212e-05],
[[2900.0,2050.0,2.3676e-15,2900.0,2050.0,2.3676e-15],1.508e-05],
[[2900.0,2050.0,5.7737e-15,2900.0,2050.0,5.7737e-15],1.485e-05],
[[2900.0,2050.0,1.4185e-14,2900.0,2050.0,1.4185e-14],0.0],
[[2900.0,2050.0,3.4642e-14,2900.0,2050.0,3.4642e-14],0.0],
[[2900.0,2050.0,8.5039e-14,2900.0,2050.0,8.5039e-14],0.0],
[[2900.0,2050.0,2.0829e-13,2900.0,2050.0,2.0829e-13],0.0],
[[2300.0,2250.0,6.582e-17,2300.0,2250.0,6.582e-17],0.0003825],
[[2300.0,2250.0,1.6132e-16,2300.0,2250.0,1.6132e-16],0.0006735],
[[2300.0,2250.0,3.9413e-16,2300.0,2250.0,3.9413e-16],0.001078],
[[2300.0,2250.0,9.6652e-16,2300.0,2250.0,9.6652e-16],0.001422],
[[2300.0,2250.0,2.3676e-15,2300.0,2250.0,2.3676e-15],0.001428],
[[2300.0,2250.0,5.7737e-15,2300.0,2250.0,5.7737e-15],0.001198],
[[2300.0,2250.0,1.4185e-14,2300.0,2250.0,1.4185e-14],0.0006688],
[[2300.0,2250.0,3.4642e-14,2300.0,2250.0,3.4642e-14],0.0001314],
[[2300.0,2250.0,8.5039e-14,2300.0,2250.0,8.5039e-14],3.961e-06],
[[2300.0,2250.0,2.0829e-13,2300.0,2250.0,2.0829e-13],0.0],
[[2500.0,2250.0,6.582e-17,2500.0,2250.0,6.582e-17],0.0001429],
[[2500.0,2250.0,1.6132e-16,2500.0,2250.0,1.6132e-16],0.0002073],
[[2500.0,2250.0,3.9413e-16,2500.0,2250.0,3.9413e-16],0.0002875],
[[2500.0,2250.0,9.6652e-16,2500.0,2250.0,9.6652e-16],0.0003987],
[[2500.0,2250.0,2.3676e-15,2500.0,2250.0,2.3676e-15],0.0004551],
[[2500.0,2250.0,5.7737e-15,2500.0,2250.0,5.7737e-15],0.0003823],
[[2500.0,2250.0,1.4185e-14,2500.0,2250.0,1.4185e-14],0.0001537],
[[2500.0,2250.0,3.4642e-14,2500.0,2250.0,3.4642e-14],2.508e-05],
[[2500.0,2250.0,8.5039e-14,2500.0,2250.0,8.5039e-14],0.0],
[[2500.0,2250.0,2.0829e-13,2500.0,2250.0,2.0829e-13],0.0],
[[2700.0,2250.0,6.582e-17,2700.0,2250.0,6.582e-17],2.239e-05],
[[2700.0,2250.0,1.6132e-16,2700.0,2250.0,1.6132e-16],4.6e-05],
[[2700.0,2250.0,3.9413e-16,2700.0,2250.0,3.9413e-16],0.0001131],
[[2700.0,2250.0,9.6652e-16,2700.0,2250.0,9.6652e-16],0.0001491],
[[2700.0,2250.0,2.3676e-15,2700.0,2250.0,2.3676e-15],0.0001495],
[[2700.0,2250.0,5.7737e-15,2700.0,2250.0,5.7737e-15],8.801e-05],
[[2700.0,2250.0,1.4185e-14,2700.0,2250.0,1.4185e-14],2.875e-05],
[[2700.0,2250.0,3.4642e-14,2700.0,2250.0,3.4642e-14],0.0],
[[2700.0,2250.0,8.5039e-14,2700.0,2250.0,8.5039e-14],0.0],
[[2700.0,2250.0,2.0829e-13,2700.0,2250.0,2.0829e-13],0.0],
[[2900.0,2250.0,6.582e-17,2900.0,2250.0,6.582e-17],5.376e-06],
[[2900.0,2250.0,1.6132e-16,2900.0,2250.0,1.6132e-16],1.574e-05],
[[2900.0,2250.0,3.9413e-16,2900.0,2250.0,3.9413e-16],2.754e-05],
[[2900.0,2250.0,9.6652e-16,2900.0,2250.0,9.6652e-16],3.328e-05],
[[2900.0,2250.0,2.3676e-15,2900.0,2250.0,2.3676e-15],2.831e-05],
[[2900.0,2250.0,5.7737e-15,2900.0,2250.0,5.7737e-15],1.033e-05],
[[2900.0,2250.0,1.4185e-14,2900.0,2250.0,1.4185e-14],0.0],
[[2900.0,2250.0,3.4642e-14,2900.0,2250.0,3.4642e-14],0.0],
[[2900.0,2250.0,8.5039e-14,2900.0,2250.0,8.5039e-14],0.0],
[[2900.0,2250.0,2.0829e-13,2900.0,2250.0,2.0829e-13],0.0],
[[2500.0,2450.0,6.582e-17,2500.0,2450.0,6.582e-17],0.0001726],
[[2500.0,2450.0,1.6132e-16,2500.0,2450.0,1.6132e-16],0.0003334],
[[2500.0,2450.0,3.9413e-16,2500.0,2450.0,3.9413e-16],0.00045],
[[2500.0,2450.0,9.6652e-16,2500.0,2450.0,9.6652e-16],0.0006408],
[[2500.0,2450.0,2.3676e-15,2500.0,2450.0,2.3676e-15],0.0007079],
[[2500.0,2450.0,5.7737e-15,2500.0,2450.0,5.7737e-15],0.0005842],
[[2500.0,2450.0,1.4185e-14,2500.0,2450.0,1.4185e-14],0.0002587],
[[2500.0,2450.0,3.4642e-14,2500.0,2450.0,3.4642e-14],2.935e-05],
[[2500.0,2450.0,8.5039e-14,2500.0,2450.0,8.5039e-14],0.0],
[[2500.0,2450.0,2.0829e-13,2500.0,2450.0,2.0829e-13],0.0],
[[2700.0,2450.0,6.582e-17,2700.0,2450.0,6.582e-17],7.299e-05],
[[2700.0,2450.0,1.6132e-16,2700.0,2450.0,1.6132e-16],9.701e-05],
[[2700.0,2450.0,3.9413e-16,2700.0,2450.0,3.9413e-16],0.0001428],
[[2700.0,2450.0,9.6652e-16,2700.0,2450.0,9.6652e-16],0.0002118],
[[2700.0,2450.0,2.3676e-15,2700.0,2450.0,2.3676e-15],0.0002135],
[[2700.0,2450.0,5.7737e-15,2700.0,2450.0,5.7737e-15],0.0001428],
[[2700.0,2450.0,1.4185e-14,2700.0,2450.0,1.4185e-14],4.655e-05],
[[2700.0,2450.0,3.4642e-14,2700.0,2450.0,3.4642e-14],0.0],
[[2700.0,2450.0,8.5039e-14,2700.0,2450.0,8.5039e-14],0.0],
[[2700.0,2450.0,2.0829e-13,2700.0,2450.0,2.0829e-13],0.0],
[[2900.0,2450.0,6.582e-17,2900.0,2450.0,6.582e-17],2.05e-06],
[[2900.0,2450.0,1.6132e-16,2900.0,2450.0,1.6132e-16],1.701e-05],
[[2900.0,2450.0,3.9413e-16,2900.0,2450.0,3.9413e-16],2.067e-05],
[[2900.0,2450.0,9.6652e-16,2900.0,2450.0,9.6652e-16],3.466e-05],
[[2900.0,2450.0,2.3676e-15,2900.0,2450.0,2.3676e-15],4.39e-05],
[[2900.0,2450.0,5.7737e-15,2900.0,2450.0,5.7737e-15],2.423e-05],
[[2900.0,2450.0,1.4185e-14,2900.0,2450.0,1.4185e-14],9.189e-06],
[[2900.0,2450.0,3.4642e-14,2900.0,2450.0,3.4642e-14],5.245e-06],
[[2900.0,2450.0,8.5039e-14,2900.0,2450.0,8.5039e-14],0.0],
[[2900.0,2450.0,2.0829e-13,2900.0,2450.0,2.0829e-13],0.0],
[[2700.0,2650.0,6.582e-17,2700.0,2650.0,6.582e-17],0.0001146],
[[2700.0,2650.0,1.6132e-16,2700.0,2650.0,1.6132e-16],0.0002382],
[[2700.0,2650.0,3.9413e-16,2700.0,2650.0,3.9413e-16],0.0003072],
[[2700.0,2650.0,9.6652e-16,2700.0,2650.0,9.6652e-16],0.000436],
[[2700.0,2650.0,2.3676e-15,2700.0,2650.0,2.3676e-15],0.000412],
[[2700.0,2650.0,5.7737e-15,2700.0,2650.0,5.7737e-15],0.00033],
[[2700.0,2650.0,1.4185e-14,2700.0,2650.0,1.4185e-14],0.0001565],
[[2700.0,2650.0,3.4642e-14,2700.0,2650.0,3.4642e-14],1.786e-05],
[[2700.0,2650.0,8.5039e-14,2700.0,2650.0,8.5039e-14],0.0],
[[2700.0,2650.0,2.0829e-13,2700.0,2650.0,2.0829e-13],0.0],
[[2900.0,2650.0,6.582e-17,2900.0,2650.0,6.582e-17],2.602e-05],
[[2900.0,2650.0,1.6132e-16,2900.0,2650.0,1.6132e-16],6.052e-05],
[[2900.0,2650.0,3.9413e-16,2900.0,2650.0,3.9413e-16],9.933e-05],
[[2900.0,2650.0,9.6652e-16,2900.0,2650.0,9.6652e-16],0.0001273],
[[2900.0,2650.0,2.3676e-15,2900.0,2650.0,2.3676e-15],7.934e-05],
[[2900.0,2650.0,5.7737e-15,2900.0,2650.0,5.7737e-15],6.085e-05],
[[2900.0,2650.0,1.4185e-14,2900.0,2650.0,1.4185e-14],3.999e-05],
[[2900.0,2650.0,3.4642e-14,2900.0,2650.0,3.4642e-14],0.0],
[[2900.0,2650.0,8.5039e-14,2900.0,2650.0,8.5039e-14],0.0],
[[2900.0,2650.0,2.0829e-13,2900.0,2650.0,2.0829e-13],0.0],
[[2900.0,2850.0,6.582e-17,2900.0,2850.0,6.582e-17],3.97e-05],
[[2900.0,2850.0,1.6132e-16,2900.0,2850.0,1.6132e-16],0.0001127],
[[2900.0,2850.0,3.9413e-16,2900.0,2850.0,3.9413e-16],0.000189],
[[2900.0,2850.0,9.6652e-16,2900.0,2850.0,9.6652e-16],0.0002728],
[[2900.0,2850.0,2.3676e-15,2900.0,2850.0,2.3676e-15],0.0002567],
[[2900.0,2850.0,5.7737e-15,2900.0,2850.0,5.7737e-15],0.0002211],
[[2900.0,2850.0,1.4185e-14,2900.0,2850.0,1.4185e-14],9.598e-05],
[[2900.0,2850.0,3.4642e-14,2900.0,2850.0,3.4642e-14],0.0],
[[2900.0,2850.0,8.5039e-14,2900.0,2850.0,8.5039e-14],0.0],
[[2900.0,2850.0,2.0829e-13,2900.0,2850.0,2.0829e-13],0.0]]
