txName: TRS1
constraint: {(PV > H0(1)), (H0(1) > MET(2),MET(3))}
condition: None
conditionDescription: None
figureUrl: https://cms-results.web.cern.ch/cms-results/public-results/publications/EXO-20-004/CMS-EXO-20-004_Figure_009-a.png
source: https://doi.org/10.5281/zenodo.13324003
validated: True
axesMap: [{0: 'x', 1: '1.0', 2: '1.0'}, {0: 'x', 1: 'y', 2: 'y'}]
dataMap: {0: (1, 'mass', GeV), 1: (2, 'mass', GeV), 2: (3, 'mass', GeV)}
finalState: ['MET', 'MET']
intermediateState: None
efficiencyMap: [[[100.0,1.0,1.0],1.65663e-07],
[[100.0,10.0,10.0],1.546508e-07],
[[150.0,1.0,1.0],3.359296e-07],
[[150.0,50.0,50.0],5.155642e-07],
[[200.0,1.0,1.0],9.123122e-07],
[[200.0,50.0,50.0],5.082241e-07],
[[200.0,100.0,100.0],1.920996e-06],
[[250.0,1.0,1.0],1.299225e-06],
[[250.0,10.0,10.0],9.201551e-07],
[[250.0,50.0,50.0],9.770764e-07],
[[250.0,100.0,100.0],1.076926e-06],
[[300.0,1.0,1.0],9.371062e-07],
[[300.0,50.0,50.0],1.619804e-06],
[[300.0,100.0,100.0],9.155999e-07],
[[350.0,1.0,1.0],1.125318e-06],
[[350.0,50.0,50.0],1.335411e-06],
[[350.0,100.0,100.0],1.218436e-06],
[[350.0,150.0,150.0],1.177164e-06],
[[400.0,1.0,1.0],2.051261e-06],
[[400.0,50.0,50.0],1.27002e-06],
[[400.0,100.0,100.0],1.848494e-06],
[[400.0,150.0,150.0],1.357322e-06],
[[450.0,1.0,1.0],2.60262e-06],
[[450.0,50.0,50.0],2.390754e-06],
[[450.0,100.0,100.0],2.88101e-06],
[[450.0,150.0,150.0],2.202076e-06],
[[450.0,200.0,200.0],1.777243e-06],
[[500.0,1.0,1.0],2.354083e-06],
[[500.0,10.0,10.0],3.090899e-06],
[[500.0,50.0,50.0],2.789218e-06],
[[500.0,100.0,100.0],2.632537e-06],
[[500.0,150.0,150.0],3.75835e-06],
[[500.0,200.0,200.0],3.828782e-06],
[[550.0,1.0,1.0],4.755725e-06],
[[550.0,50.0,50.0],4.216587e-06],
[[550.0,100.0,100.0],4.724453e-06],
[[550.0,150.0,150.0],5.743635e-06],
[[550.0,200.0,200.0],5.1112e-06],
[[550.0,250.0,250.0],4.538453e-06],
[[600.0,1.0,1.0],6.790078e-06],
[[600.0,50.0,50.0],5.751811e-06],
[[600.0,100.0,100.0],7.250894e-06],
[[600.0,150.0,150.0],5.873486e-06],
[[600.0,200.0,200.0],5.658677e-06],
[[600.0,250.0,250.0],5.68712e-06],
[[650.0,1.0,1.0],1.001519e-05],
[[650.0,50.0,50.0],7.80406e-06],
[[650.0,100.0,100.0],8.267223e-06],
[[650.0,150.0,150.0],1.012745e-05],
[[650.0,200.0,200.0],8.448768e-06],
[[650.0,250.0,250.0],9.087777e-06],
[[650.0,300.0,300.0],1.126956e-05],
[[700.0,1.0,1.0],1.228525e-05],
[[700.0,50.0,50.0],1.063167e-05],
[[700.0,100.0,100.0],1.14632e-05],
[[700.0,150.0,150.0],1.219335e-05],
[[700.0,200.0,200.0],1.049469e-05],
[[700.0,250.0,250.0],1.495171e-05],
[[700.0,300.0,300.0],1.509024e-05],
[[750.0,1.0,1.0],1.297438e-05],
[[750.0,10.0,10.0],1.552481e-05],
[[750.0,50.0,50.0],1.403951e-05],
[[750.0,100.0,100.0],1.376951e-05],
[[750.0,150.0,150.0],1.552918e-05],
[[750.0,200.0,200.0],1.682028e-05],
[[750.0,250.0,250.0],1.341469e-05],
[[750.0,300.0,300.0],1.634924e-05],
[[750.0,350.0,350.0],2.055734e-05],
[[800.0,1.0,1.0],1.775428e-05],
[[800.0,150.0,150.0],1.934049e-05],
[[800.0,200.0,200.0],1.776348e-05],
[[800.0,250.0,250.0],1.838168e-05],
[[800.0,300.0,300.0],1.714775e-05],
[[800.0,350.0,350.0],3.167432e-05],
[[850.0,1.0,1.0],2.274384e-05],
[[850.0,150.0,150.0],2.252684e-05],
[[850.0,200.0,200.0],2.573917e-05],
[[850.0,250.0,250.0],2.419914e-05],
[[850.0,300.0,300.0],4.717384e-05],
[[850.0,350.0,350.0],2.967674e-05],
[[850.0,400.0,400.0],2.874822e-05],
[[900.0,1.0,1.0],2.756471e-05],
[[900.0,150.0,150.0],3.179911e-05],
[[900.0,200.0,200.0],3.207181e-05],
[[900.0,250.0,250.0],3.150544e-05],
[[900.0,300.0,300.0],3.107748e-05],
[[900.0,350.0,350.0],3.116397e-05],
[[900.0,400.0,400.0],3.610338e-05],
[[950.0,1.0,1.0],2.83313e-05],
[[950.0,150.0,150.0],3.392359e-05],
[[950.0,200.0,200.0],2.756255e-05],
[[950.0,250.0,250.0],3.197386e-05],
[[950.0,300.0,300.0],3.034309e-05],
[[950.0,350.0,350.0],4.050125e-05],
[[950.0,400.0,400.0],3.762929e-05],
[[950.0,450.0,450.0],4.236926e-05],
[[1000.0,1.0,1.0],3.388738e-05],
[[1000.0,10.0,10.0],3.645991e-05],
[[1000.0,50.0,50.0],3.787767e-05],
[[1000.0,100.0,100.0],3.368695e-05],
[[1000.0,150.0,150.0],4.068742e-05],
[[1000.0,200.0,200.0],3.729467e-05],
[[1000.0,250.0,250.0],4.138206e-05],
[[1000.0,300.0,300.0],4.107618e-05],
[[1000.0,350.0,350.0],4.651516e-05],
[[1000.0,400.0,400.0],4.591436e-05],
[[1000.0,450.0,450.0],5.590589e-05],
[[1050.0,1.0,1.0],4.31954e-05],
[[1050.0,150.0,150.0],4.237975e-05],
[[1050.0,200.0,200.0],3.53682e-05],
[[1050.0,250.0,250.0],4.617818e-05],
[[1050.0,300.0,300.0],5.201024e-05],
[[1050.0,350.0,350.0],4.95995e-05],
[[1050.0,400.0,400.0],4.960883e-05],
[[1050.0,450.0,450.0],4.970497e-05],
[[1050.0,500.0,500.0],6.2144e-05],
[[1100.0,1.0,1.0],4.235416e-05],
[[1100.0,150.0,150.0],4.780609e-05],
[[1100.0,200.0,200.0],4.876808e-05],
[[1100.0,250.0,250.0],5.696242e-05],
[[1100.0,300.0,300.0],6.479876e-05],
[[1100.0,350.0,350.0],6.231464e-05],
[[1100.0,400.0,400.0],6.679716e-05],
[[1100.0,450.0,450.0],5.351405e-05],
[[1100.0,500.0,500.0],8.175654e-05],
[[1150.0,1.0,1.0],5.058953e-05],
[[1150.0,150.0,150.0],5.476833e-05],
[[1150.0,200.0,200.0],5.142334e-05],
[[1150.0,250.0,250.0],6.66713e-05],
[[1150.0,300.0,300.0],6.385667e-05],
[[1150.0,350.0,350.0],6.337073e-05],
[[1150.0,400.0,400.0],7.976089e-05],
[[1150.0,450.0,450.0],7.105959e-05],
[[1150.0,500.0,500.0],7.457449e-05],
[[1150.0,550.0,550.0],9.255043e-05],
[[1200.0,1.0,1.0],5.513383e-05],
[[1200.0,150.0,150.0],6.744432e-05],
[[1200.0,200.0,200.0],6.601344e-05],
[[1200.0,250.0,250.0],6.325027e-05],
[[1200.0,300.0,300.0],7.820029e-05],
[[1200.0,350.0,350.0],7.634366e-05],
[[1200.0,400.0,400.0],6.973752e-05],
[[1200.0,450.0,450.0],7.333251e-05],
[[1200.0,500.0,500.0],7.469109e-05],
[[1200.0,550.0,550.0],8.717694e-05],
[[1250.0,1.0,1.0],6.849897e-05],
[[1250.0,10.0,10.0],6.820555e-05],
[[1250.0,50.0,50.0],9.381608e-05],
[[1250.0,100.0,100.0],6.200021e-05],
[[1250.0,150.0,150.0],7.770388e-05],
[[1250.0,200.0,200.0],6.027772e-05],
[[1250.0,250.0,250.0],7.095803e-05],
[[1250.0,300.0,300.0],8.181815e-05],
[[1250.0,350.0,350.0],7.014609e-05],
[[1250.0,400.0,400.0],8.062144e-05],
[[1250.0,450.0,450.0],8.543618e-05],
[[1250.0,500.0,500.0],0.0001061013],
[[1250.0,550.0,550.0],0.0001054933],
[[1250.0,600.0,600.0],0.0001041452],
[[1300.0,1.0,1.0],6.063961e-05],
[[1300.0,150.0,150.0],6.824655e-05],
[[1300.0,200.0,200.0],8.175348e-05],
[[1300.0,250.0,250.0],0.0001044518],
[[1300.0,300.0,300.0],9.205503e-05],
[[1300.0,350.0,350.0],8.876971e-05],
[[1300.0,400.0,400.0],0.0001120421],
[[1300.0,450.0,450.0],0.0001051763],
[[1300.0,500.0,500.0],0.000100575],
[[1300.0,550.0,550.0],0.0001064579],
[[1300.0,600.0,600.0],9.003118e-05],
[[1350.0,1.0,1.0],6.948825e-05],
[[1350.0,150.0,150.0],8.150959e-05],
[[1350.0,200.0,200.0],0.0001001938],
[[1350.0,250.0,250.0],0.0001038296],
[[1350.0,300.0,300.0],0.0001146229],
[[1350.0,350.0,350.0],0.0001132081],
[[1350.0,400.0,400.0],0.0001102938],
[[1350.0,450.0,450.0],0.0001114478],
[[1350.0,500.0,500.0],0.0001159235],
[[1350.0,550.0,550.0],0.0001212234],
[[1350.0,600.0,600.0],0.0001814833],
[[1350.0,650.0,650.0],0.0001218778],
[[1400.0,1.0,1.0],7.928655e-05],
[[1400.0,150.0,150.0],7.891853e-05],
[[1400.0,200.0,200.0],0.0003290856],
[[1400.0,250.0,250.0],0.0002360403],
[[1400.0,300.0,300.0],0.0001161359],
[[1400.0,350.0,350.0],0.0001318744],
[[1400.0,400.0,400.0],0.0001084434],
[[1400.0,450.0,450.0],9.663381e-05],
[[1400.0,500.0,500.0],0.0001375283],
[[1400.0,550.0,550.0],0.0001722248],
[[1400.0,600.0,600.0],0.0001352306],
[[1400.0,650.0,650.0],0.0001424381],
[[1450.0,1.0,1.0],8.06892e-05],
[[1450.0,150.0,150.0],9.501858e-05],
[[1450.0,200.0,200.0],0.0001033338],
[[1450.0,250.0,250.0],0.0001165899],
[[1450.0,300.0,300.0],0.0001216262],
[[1450.0,350.0,350.0],0.0001141008],
[[1450.0,400.0,400.0],0.0001358715],
[[1450.0,450.0,450.0],0.0001352934],
[[1450.0,500.0,500.0],0.0001249213],
[[1450.0,550.0,550.0],0.0001227268],
[[1450.0,600.0,600.0],0.0001428626],
[[1450.0,650.0,650.0],0.0001438975],
[[1450.0,700.0,700.0],0.000142603],
[[1500.0,1.0,1.0],8.281021e-05],
[[1500.0,10.0,10.0],8.710287e-05],
[[1500.0,50.0,50.0],9.214727e-05],
[[1500.0,100.0,100.0],9.915914e-05],
[[1500.0,150.0,150.0],0.0001303051],
[[1500.0,200.0,200.0],9.981468e-05],
[[1500.0,250.0,250.0],0.0001314712],
[[1500.0,300.0,300.0],0.0001178638],
[[1500.0,350.0,350.0],0.0001325473],
[[1500.0,400.0,400.0],0.0001502164],
[[1500.0,450.0,450.0],0.0001432274],
[[1500.0,500.0,500.0],0.0001304906],
[[1500.0,550.0,550.0],0.0001382966],
[[1500.0,600.0,600.0],0.0001498538],
[[1500.0,650.0,650.0],0.0002551267],
[[1500.0,700.0,700.0],0.0001843988],
[[1500.0,750.0,750.0],0.000200676],
[[1550.0,1.0,1.0],8.517366e-05],
[[1550.0,150.0,150.0],0.0001103784],
[[1550.0,200.0,200.0],0.0001653309],
[[1550.0,250.0,250.0],0.0001281869],
[[1550.0,300.0,300.0],0.0001359119],
[[1550.0,350.0,350.0],0.0001384484],
[[1550.0,400.0,400.0],0.0001432554],
[[1550.0,450.0,450.0],0.0001662878],
[[1550.0,500.0,500.0],0.0001549968],
[[1550.0,550.0,550.0],0.0002031849],
[[1550.0,600.0,600.0],0.0001560256],
[[1550.0,650.0,650.0],0.0001757191],
[[1550.0,700.0,700.0],0.0002064059],
[[1550.0,750.0,750.0],0.0001683023],
[[1600.0,1.0,1.0],9.510037e-05],
[[1600.0,150.0,150.0],0.0001176126],
[[1600.0,200.0,200.0],0.0001230796],
[[1600.0,250.0,250.0],0.0001248077],
[[1600.0,300.0,300.0],0.0001371833],
[[1600.0,350.0,350.0],0.0004053521],
[[1600.0,400.0,400.0],0.0001712009],
[[1600.0,450.0,450.0],0.0001888204],
[[1600.0,500.0,500.0],0.0001789037],
[[1600.0,550.0,550.0],0.0001769236],
[[1600.0,600.0,600.0],0.0002702468],
[[1600.0,650.0,650.0],0.0002295927],
[[1600.0,700.0,700.0],0.0001550487],
[[1600.0,750.0,750.0],0.000192614],
[[1650.0,1.0,1.0],0.0001063589],
[[1650.0,150.0,150.0],0.0001099323],
[[1650.0,200.0,200.0],0.0001204506],
[[1650.0,250.0,250.0],0.0001238698],
[[1650.0,300.0,300.0],0.0001878565],
[[1650.0,350.0,350.0],0.0001381207],
[[1650.0,400.0,400.0],0.0002995982],
[[1650.0,450.0,450.0],0.0001671085],
[[1650.0,500.0,500.0],0.0001773628],
[[1650.0,550.0,550.0],0.0001868042],
[[1650.0,600.0,600.0],0.000182205],
[[1650.0,650.0,650.0],0.0001981869],
[[1650.0,700.0,700.0],0.0001767299],
[[1650.0,750.0,750.0],0.0001735334],
[[1650.0,800.0,800.0],0.0001827485],
[[1700.0,1.0,1.0],0.0001074615],
[[1700.0,150.0,150.0],0.0001425655],
[[1700.0,200.0,200.0],0.0001242423],
[[1700.0,250.0,250.0],0.0001280378],
[[1700.0,300.0,300.0],0.0001643307],
[[1700.0,350.0,350.0],0.0001652268],
[[1700.0,400.0,400.0],0.0001526852],
[[1700.0,450.0,450.0],0.0001763205],
[[1700.0,500.0,500.0],0.0001656255],
[[1700.0,550.0,550.0],0.0001764638],
[[1700.0,600.0,600.0],0.0003635665],
[[1700.0,650.0,650.0],0.0002043312],
[[1700.0,700.0,700.0],0.0001681648],
[[1700.0,750.0,750.0],0.0002187878],
[[1700.0,800.0,800.0],0.000192293],
[[1750.0,1.0,1.0],0.0001071015],
[[1750.0,10.0,10.0],0.000105977],
[[1750.0,50.0,50.0],0.0001011555],
[[1750.0,100.0,100.0],0.0001300979],
[[1750.0,150.0,150.0],0.0001731456],
[[1750.0,200.0,200.0],0.0002005048],
[[1750.0,250.0,250.0],0.0001689182],
[[1750.0,300.0,300.0],0.0001596137],
[[1750.0,350.0,350.0],0.0001899998],
[[1750.0,400.0,400.0],0.0001815875],
[[1750.0,450.0,450.0],0.0004925227],
[[1750.0,500.0,500.0],0.0002263257],
[[1750.0,550.0,550.0],0.0001751068],
[[1750.0,600.0,600.0],0.0002492101],
[[1750.0,650.0,650.0],0.0002003369],
[[1750.0,700.0,700.0],0.000184252],
[[1750.0,750.0,750.0],0.0002271388],
[[1750.0,800.0,800.0],0.0002059509],
[[1750.0,850.0,850.0],0.0002117012],
[[1800.0,1.0,1.0],0.0001304272],
[[1800.0,150.0,150.0],0.0001549682],
[[1800.0,200.0,200.0],0.0001601106],
[[1800.0,250.0,250.0],0.0001676592],
[[1800.0,300.0,300.0],0.0001803695],
[[1800.0,350.0,350.0],0.0001935649],
[[1800.0,400.0,400.0],0.0002017629],
[[1800.0,450.0,450.0],0.0002342445],
[[1800.0,500.0,500.0],0.0002377411],
[[1800.0,550.0,550.0],0.0002197771],
[[1800.0,600.0,600.0],0.0001978982],
[[1800.0,650.0,650.0],0.0002367871],
[[1800.0,700.0,700.0],0.0002082495],
[[1800.0,750.0,750.0],0.0002957983],
[[1800.0,800.0,800.0],0.0002062426],
[[1800.0,850.0,850.0],0.0002411052],
[[1850.0,1.0,1.0],0.000110039],
[[1850.0,150.0,150.0],0.0001357501],
[[1850.0,200.0,200.0],0.0001447718],
[[1850.0,250.0,250.0],0.000163518],
[[1850.0,300.0,300.0],0.0001595163],
[[1850.0,350.0,350.0],0.0002360647],
[[1850.0,400.0,400.0],0.0002224125],
[[1850.0,450.0,450.0],0.000210771],
[[1850.0,500.0,500.0],0.000189545],
[[1850.0,550.0,550.0],0.0002225088],
[[1850.0,600.0,600.0],0.000211409],
[[1850.0,650.0,650.0],0.0002521586],
[[1850.0,700.0,700.0],0.0003258676],
[[1850.0,750.0,750.0],0.0002783581],
[[1850.0,800.0,800.0],0.000210356],
[[1850.0,850.0,850.0],0.0002502287],
[[1850.0,900.0,900.0],0.0002692926],
[[1900.0,1.0,1.0],0.0001079913],
[[1900.0,150.0,150.0],0.0001476259],
[[1900.0,200.0,200.0],0.0001430216],
[[1900.0,250.0,250.0],0.0001624091],
[[1900.0,300.0,300.0],0.0001841216],
[[1900.0,350.0,350.0],0.0001807234],
[[1900.0,400.0,400.0],0.0002543113],
[[1900.0,450.0,450.0],0.000212581],
[[1900.0,500.0,500.0],0.0002916771],
[[1900.0,550.0,550.0],0.0002208602],
[[1900.0,600.0,600.0],0.0002264666],
[[1900.0,650.0,650.0],0.0004644385],
[[1900.0,700.0,700.0],0.0002420559],
[[1900.0,750.0,750.0],0.0002491701],
[[1900.0,800.0,800.0],0.0002556888],
[[1900.0,850.0,850.0],0.0004465539],
[[1900.0,900.0,900.0],0.0002679903],
[[1950.0,1.0,1.0],0.0001055184],
[[1950.0,150.0,150.0],0.0001398121],
[[1950.0,200.0,200.0],0.0001687945],
[[1950.0,250.0,250.0],0.0001598478],
[[1950.0,300.0,300.0],0.0001941225],
[[1950.0,350.0,350.0],0.0002206485],
[[1950.0,400.0,400.0],0.0001781743],
[[1950.0,450.0,450.0],0.0003015993],
[[1950.0,500.0,500.0],0.0002044468],
[[1950.0,550.0,550.0],0.0001993234],
[[1950.0,600.0,600.0],0.0002898686],
[[1950.0,650.0,650.0],0.0002921234],
[[1950.0,700.0,700.0],0.0002654331],
[[1950.0,750.0,750.0],0.0002753083],
[[1950.0,800.0,800.0],0.0002489811],
[[1950.0,850.0,850.0],0.000560624],
[[1950.0,900.0,900.0],0.0002846661],
[[1950.0,950.0,950.0],0.0002891175],
[[2000.0,1.0,1.0],0.0001141749],
[[2000.0,10.0,10.0],0.0001044103],
[[2000.0,50.0,50.0],0.0001101202],
[[2000.0,100.0,100.0],0.0001150325],
[[2000.0,150.0,150.0],0.0001842653],
[[2000.0,200.0,200.0],0.0001564438],
[[2000.0,250.0,250.0],0.0001647609],
[[2000.0,300.0,300.0],0.0001736634],
[[2000.0,350.0,350.0],0.0002593237],
[[2000.0,400.0,400.0],0.0002347526],
[[2000.0,450.0,450.0],0.0002629133],
[[2000.0,500.0,500.0],0.0003003494],
[[2000.0,550.0,550.0],0.0002264346],
[[2000.0,600.0,600.0],0.0002325975],
[[2000.0,650.0,650.0],0.0002820271],
[[2000.0,700.0,700.0],0.0004113402],
[[2000.0,750.0,750.0],0.0002841716],
[[2000.0,800.0,800.0],0.0002718879],
[[2000.0,850.0,850.0],0.0002973922],
[[2000.0,900.0,900.0],0.0003162758],
[[2000.0,950.0,950.0],0.0003272317],
[[2250.0,1.0,1.0],0.0001010809],
[[2250.0,10.0,10.0],0.0001125521],
[[2250.0,50.0,50.0],0.0001157753],
[[2250.0,100.0,100.0],0.0001407286],
[[2250.0,150.0,150.0],0.0002052564],
[[2250.0,300.0,300.0],0.0002227603],
[[2250.0,500.0,500.0],0.000273755],
[[2250.0,750.0,750.0],0.0003222624],
[[2250.0,1000.0,1000.0],0.0003622251],
[[2500.0,1.0,1.0],0.0001302603],
[[2500.0,10.0,10.0],0.0001077005],
[[2500.0,50.0,50.0],9.508332e-05],
[[2500.0,100.0,100.0],0.0001341367],
[[2500.0,150.0,150.0],0.0001474613],
[[2500.0,300.0,300.0],0.0002503162],
[[2500.0,500.0,500.0],0.0003588223],
[[2500.0,750.0,750.0],0.0003665481],
[[2500.0,1000.0,1000.0],0.000393831],
[[2500.0,1200.0,1200.0],0.0004380182],
[[2750.0,1.0,1.0],0.0001148882],
[[2750.0,10.0,10.0],8.393362e-05],
[[2750.0,50.0,50.0],8.43382e-05],
[[2750.0,100.0,100.0],0.0001104708],
[[2750.0,150.0,150.0],0.0001272888],
[[2750.0,300.0,300.0],0.0002649605],
[[2750.0,500.0,500.0],0.0003803969],
[[2750.0,750.0,750.0],0.0003799935],
[[2750.0,1000.0,1000.0],0.0005086027],
[[2750.0,1200.0,1200.0],0.0004428555],
[[3000.0,1.0,1.0],6.841938e-05],
[[3000.0,10.0,10.0],8.231251e-05],
[[3000.0,50.0,50.0],8.606631e-05],
[[3000.0,100.0,100.0],8.952358e-05],
[[3000.0,150.0,150.0],0.0001103199],
[[3000.0,300.0,300.0],0.0002556272],
[[3000.0,500.0,500.0],0.0003152012],
[[3000.0,750.0,750.0],0.0004610382],
[[3000.0,1000.0,1000.0],0.0004381126],
[[3000.0,1200.0,1200.0],0.0004453124],
[[3000.0,1400.0,1400.0],0.0005030273]]
