txName: TRV1
constraint: {(PV > Zprime(1)), (Zprime(1) > MET(2),MET(3))}
condition: None
conditionDescription: None
figureUrl: https://cms-results.web.cern.ch/cms-results/public-results/publications/EXO-20-004/CMS-EXO-20-004_Figure_007-b.png
source: CMS
validated: True
axesMap: [{0: 'x', 1: 'y', 2: 'y'}]
dataMap: {0: (1, 'mass', GeV), 1: (2, 'mass', GeV), 2: (3, 'mass', GeV)}
finalState: ['MET', 'MET']
intermediateState: None
efficiencyMap: [[[50.0,1.0,1.0],0.0],
[[100.0,1.0,1.0],1.430407e-08],
[[100.0,10.0,10.0],2.129367e-08],
[[150.0,1.0,1.0],9.093864e-08],
[[150.0,75.0,75.0],6.962734e-08],
[[200.0,1.0,1.0],2.448292e-07],
[[200.0,75.0,75.0],1.300153e-07],
[[250.0,1.0,1.0],5.303994e-07],
[[250.0,10.0,10.0],3.642262e-07],
[[250.0,75.0,75.0],5.285855e-07],
[[300.0,1.0,1.0],7.47081e-07],
[[300.0,75.0,75.0],9.096709e-07],
[[350.0,1.0,1.0],1.618664e-06],
[[350.0,75.0,75.0],1.901749e-06],
[[350.0,150.0,150.0],1.392103e-06],
[[400.0,1.0,1.0],2.465287e-06],
[[400.0,75.0,75.0],2.479409e-06],
[[400.0,150.0,150.0],2.001616e-06],
[[450.0,1.0,1.0],3.031642e-06],
[[450.0,75.0,75.0],2.289184e-06],
[[450.0,150.0,150.0],2.901525e-06],
[[450.0,200.0,200.0],3.280847e-06],
[[500.0,1.0,1.0],4.52046e-06],
[[500.0,10.0,10.0],5.065342e-06],
[[500.0,75.0,75.0],5.262708e-06],
[[500.0,150.0,150.0],4.20204e-06],
[[500.0,200.0,200.0],4.098396e-06],
[[550.0,1.0,1.0],5.700132e-06],
[[550.0,75.0,75.0],4.557203e-06],
[[550.0,150.0,150.0],4.984898e-06],
[[550.0,200.0,200.0],4.773243e-06],
[[550.0,250.0,250.0],5.215452e-06],
[[600.0,1.0,1.0],6.655099e-06],
[[600.0,75.0,75.0],8.757124e-06],
[[600.0,150.0,150.0],7.585232e-06],
[[600.0,200.0,200.0],6.639089e-06],
[[600.0,250.0,250.0],9.804427e-06],
[[650.0,1.0,1.0],7.774369e-06],
[[650.0,75.0,75.0],7.411805e-06],
[[650.0,150.0,150.0],1.13173e-05],
[[650.0,200.0,200.0],9.44188e-06],
[[650.0,250.0,250.0],1.142186e-05],
[[650.0,300.0,300.0],9.618263e-06],
[[700.0,1.0,1.0],9.421704e-06],
[[700.0,75.0,75.0],1.198919e-05],
[[700.0,150.0,150.0],9.705166e-06],
[[700.0,200.0,200.0],1.021571e-05],
[[700.0,250.0,250.0],1.104564e-05],
[[700.0,300.0,300.0],9.029613e-06],
[[750.0,1.0,1.0],1.260577e-05],
[[750.0,10.0,10.0],1.104611e-05],
[[750.0,75.0,75.0],1.088012e-05],
[[750.0,150.0,150.0],1.123253e-05],
[[750.0,200.0,200.0],1.105548e-05],
[[750.0,250.0,250.0],1.171102e-05],
[[750.0,300.0,300.0],1.405604e-05],
[[750.0,350.0,350.0],1.551604e-05],
[[800.0,1.0,1.0],1.63192e-05],
[[800.0,75.0,75.0],1.476644e-05],
[[800.0,150.0,150.0],1.506256e-05],
[[800.0,200.0,200.0],1.571995e-05],
[[800.0,250.0,250.0],1.502257e-05],
[[800.0,300.0,300.0],1.602135e-05],
[[800.0,350.0,350.0],1.552112e-05],
[[850.0,1.0,1.0],1.83067e-05],
[[850.0,75.0,75.0],1.733623e-05],
[[850.0,150.0,150.0],1.845973e-05],
[[850.0,200.0,200.0],1.729498e-05],
[[850.0,250.0,250.0],1.240337e-05],
[[850.0,300.0,300.0],1.506216e-05],
[[850.0,350.0,350.0],1.483772e-05],
[[850.0,400.0,400.0],1.935546e-05],
[[900.0,1.0,1.0],2.001956e-05],
[[900.0,75.0,75.0],1.872334e-05],
[[900.0,150.0,150.0],2.255109e-05],
[[900.0,200.0,200.0],1.966312e-05],
[[900.0,250.0,250.0],1.889417e-05],
[[900.0,300.0,300.0],2.127047e-05],
[[900.0,350.0,350.0],1.815649e-05],
[[900.0,400.0,400.0],2.191254e-05],
[[950.0,1.0,1.0],2.278852e-05],
[[950.0,75.0,75.0],2.06016e-05],
[[950.0,150.0,150.0],1.784233e-05],
[[950.0,200.0,200.0],1.929487e-05],
[[950.0,250.0,250.0],2.516163e-05],
[[950.0,300.0,300.0],2.213891e-05],
[[950.0,350.0,350.0],2.224149e-05],
[[950.0,400.0,400.0],2.283487e-05],
[[950.0,450.0,450.0],2.349956e-05],
[[1000.0,1.0,1.0],2.298098e-05],
[[1000.0,10.0,10.0],2.327077e-05],
[[1000.0,75.0,75.0],2.517769e-05],
[[1000.0,150.0,150.0],2.731845e-05],
[[1000.0,200.0,200.0],2.74553e-05],
[[1000.0,250.0,250.0],2.396692e-05],
[[1000.0,300.0,300.0],2.429917e-05],
[[1000.0,350.0,350.0],2.600859e-05],
[[1000.0,400.0,400.0],2.931437e-05],
[[1000.0,450.0,450.0],2.74709e-05],
[[1050.0,1.0,1.0],2.469646e-05],
[[1050.0,75.0,75.0],2.267662e-05],
[[1050.0,150.0,150.0],2.392821e-05],
[[1050.0,200.0,200.0],2.654191e-05],
[[1050.0,250.0,250.0],3.02e-05],
[[1050.0,300.0,300.0],2.591841e-05],
[[1050.0,350.0,350.0],2.965301e-05],
[[1050.0,400.0,400.0],2.261937e-05],
[[1050.0,450.0,450.0],2.808058e-05],
[[1050.0,500.0,500.0],3.478033e-05],
[[1100.0,1.0,1.0],2.774136e-05],
[[1100.0,75.0,75.0],2.783974e-05],
[[1100.0,150.0,150.0],3.361863e-05],
[[1100.0,200.0,200.0],2.839265e-05],
[[1100.0,250.0,250.0],3.051496e-05],
[[1100.0,300.0,300.0],2.866894e-05],
[[1100.0,350.0,350.0],2.654599e-05],
[[1100.0,400.0,400.0],3.450951e-05],
[[1100.0,450.0,450.0],2.855255e-05],
[[1100.0,500.0,500.0],2.912214e-05],
[[1150.0,1.0,1.0],3.105729e-05],
[[1150.0,75.0,75.0],2.882931e-05],
[[1150.0,150.0,150.0],3.644772e-05],
[[1150.0,200.0,200.0],3.113109e-05],
[[1150.0,250.0,250.0],3.808469e-05],
[[1150.0,300.0,300.0],2.908086e-05],
[[1150.0,350.0,350.0],3.609533e-05],
[[1150.0,400.0,400.0],3.544946e-05],
[[1150.0,450.0,450.0],3.948257e-05],
[[1150.0,500.0,500.0],3.260674e-05],
[[1150.0,550.0,550.0],3.808279e-05],
[[1200.0,1.0,1.0],3.180119e-05],
[[1200.0,75.0,75.0],3.058739e-05],
[[1200.0,150.0,150.0],3.545807e-05],
[[1200.0,200.0,200.0],3.133334e-05],
[[1200.0,250.0,250.0],3.667951e-05],
[[1200.0,300.0,300.0],3.820202e-05],
[[1200.0,350.0,350.0],3.136513e-05],
[[1200.0,400.0,400.0],3.908449e-05],
[[1200.0,450.0,450.0],3.723432e-05],
[[1200.0,500.0,500.0],3.227708e-05],
[[1200.0,550.0,550.0],4.576153e-05],
[[1250.0,1.0,1.0],3.623668e-05],
[[1250.0,10.0,10.0],3.670306e-05],
[[1250.0,75.0,75.0],3.864485e-05],
[[1250.0,150.0,150.0],3.75617e-05],
[[1250.0,200.0,200.0],3.723658e-05],
[[1250.0,250.0,250.0],3.642228e-05],
[[1250.0,300.0,300.0],4.633169e-05],
[[1250.0,350.0,350.0],4.409127e-05],
[[1250.0,400.0,400.0],3.997982e-05],
[[1250.0,450.0,450.0],3.75317e-05],
[[1250.0,500.0,500.0],4.108067e-05],
[[1250.0,550.0,550.0],5.263521e-05],
[[1250.0,600.0,600.0],4.790532e-05],
[[1300.0,1.0,1.0],3.863208e-05],
[[1300.0,75.0,75.0],3.7982e-05],
[[1300.0,150.0,150.0],4.247835e-05],
[[1300.0,200.0,200.0],4.514775e-05],
[[1300.0,250.0,250.0],4.171151e-05],
[[1300.0,300.0,300.0],4.434774e-05],
[[1300.0,350.0,350.0],4.401674e-05],
[[1300.0,400.0,400.0],4.858588e-05],
[[1300.0,450.0,450.0],4.636482e-05],
[[1300.0,500.0,500.0],3.692257e-05],
[[1300.0,550.0,550.0],5.245793e-05],
[[1300.0,600.0,600.0],4.130873e-05],
[[1350.0,1.0,1.0],4.479757e-05],
[[1350.0,75.0,75.0],4.202739e-05],
[[1350.0,150.0,150.0],4.625721e-05],
[[1350.0,200.0,200.0],4.104738e-05],
[[1350.0,250.0,250.0],5.098296e-05],
[[1350.0,300.0,300.0],4.04426e-05],
[[1350.0,350.0,350.0],5.227602e-05],
[[1350.0,400.0,400.0],4.682315e-05],
[[1350.0,450.0,450.0],4.567507e-05],
[[1350.0,500.0,500.0],4.32026e-05],
[[1350.0,550.0,550.0],5.529754e-05],
[[1350.0,600.0,600.0],5.30981e-05],
[[1350.0,650.0,650.0],5.078762e-05],
[[1400.0,1.0,1.0],4.462034e-05],
[[1400.0,75.0,75.0],4.404262e-05],
[[1400.0,150.0,150.0],4.839064e-05],
[[1400.0,200.0,200.0],4.0314e-05],
[[1400.0,250.0,250.0],4.95567e-05],
[[1400.0,300.0,300.0],3.353041e-05],
[[1400.0,350.0,350.0],3.919136e-05],
[[1400.0,400.0,400.0],4.914933e-05],
[[1400.0,450.0,450.0],5.76657e-05],
[[1400.0,500.0,500.0],5.612815e-05],
[[1400.0,550.0,550.0],5.094815e-05],
[[1400.0,600.0,600.0],5.350972e-05],
[[1400.0,650.0,650.0],4.529162e-05],
[[1450.0,1.0,1.0],4.683065e-05],
[[1450.0,75.0,75.0],4.535683e-05],
[[1450.0,150.0,150.0],4.643572e-05],
[[1450.0,200.0,200.0],4.412409e-05],
[[1450.0,250.0,250.0],4.601693e-05],
[[1450.0,300.0,300.0],4.715811e-05],
[[1450.0,350.0,350.0],6.266845e-05],
[[1450.0,400.0,400.0],5.271366e-05],
[[1450.0,450.0,450.0],4.784719e-05],
[[1450.0,500.0,500.0],5.466261e-05],
[[1450.0,550.0,550.0],4.901512e-05],
[[1450.0,600.0,600.0],5.121281e-05],
[[1450.0,650.0,650.0],5.372246e-05],
[[1450.0,700.0,700.0],5.664402e-05],
[[1500.0,1.0,1.0],5.513216e-05],
[[1500.0,10.0,10.0],4.627508e-05],
[[1500.0,75.0,75.0],4.701541e-05],
[[1500.0,150.0,150.0],4.971059e-05],
[[1500.0,200.0,200.0],4.622284e-05],
[[1500.0,250.0,250.0],4.509481e-05],
[[1500.0,300.0,300.0],4.850445e-05],
[[1500.0,350.0,350.0],5.695805e-05],
[[1500.0,400.0,400.0],9.323572e-05],
[[1500.0,450.0,450.0],5.425009e-05],
[[1500.0,500.0,500.0],5.099963e-05],
[[1500.0,550.0,550.0],5.068558e-05],
[[1500.0,600.0,600.0],5.486593e-05],
[[1500.0,650.0,650.0],5.964825e-05],
[[1500.0,700.0,700.0],6.060045e-05],
[[1500.0,750.0,750.0],5.465154e-05],
[[1550.0,1.0,1.0],5.231193e-05],
[[1550.0,75.0,75.0],5.92886e-05],
[[1550.0,150.0,150.0],4.629859e-05],
[[1550.0,200.0,200.0],5.879338e-05],
[[1550.0,250.0,250.0],8.657291e-05],
[[1550.0,300.0,300.0],7.276766e-05],
[[1550.0,350.0,350.0],5.850637e-05],
[[1550.0,400.0,400.0],5.542814e-05],
[[1550.0,450.0,450.0],4.867824e-05],
[[1550.0,500.0,500.0],6.269297e-05],
[[1550.0,550.0,550.0],6.657018e-05],
[[1550.0,600.0,600.0],5.949334e-05],
[[1550.0,650.0,650.0],7.197157e-05],
[[1550.0,700.0,700.0],6.417997e-05],
[[1550.0,750.0,750.0],5.763451e-05],
[[1600.0,1.0,1.0],5.810495e-05],
[[1600.0,75.0,75.0],5.706284e-05],
[[1600.0,150.0,150.0],7.025921e-05],
[[1600.0,200.0,200.0],5.222095e-05],
[[1600.0,250.0,250.0],6.654986e-05],
[[1600.0,300.0,300.0],5.830973e-05],
[[1600.0,350.0,350.0],5.827136e-05],
[[1600.0,400.0,400.0],4.460231e-05],
[[1600.0,450.0,450.0],6.192084e-05],
[[1600.0,500.0,500.0],5.866408e-05],
[[1600.0,550.0,550.0],6.890789e-05],
[[1600.0,600.0,600.0],5.623065e-05],
[[1600.0,650.0,650.0],8.911496e-05],
[[1600.0,700.0,700.0],5.980118e-05],
[[1600.0,750.0,750.0],6.173494e-05],
[[1650.0,1.0,1.0],6.233607e-05],
[[1650.0,75.0,75.0],7.199798e-05],
[[1650.0,150.0,150.0],5.183233e-05],
[[1650.0,200.0,200.0],6.299258e-05],
[[1650.0,250.0,250.0],5.090704e-05],
[[1650.0,300.0,300.0],5.767942e-05],
[[1650.0,350.0,350.0],6.367034e-05],
[[1650.0,400.0,400.0],8.023662e-05],
[[1650.0,450.0,450.0],5.616649e-05],
[[1650.0,500.0,500.0],7.02721e-05],
[[1650.0,550.0,550.0],6.146093e-05],
[[1650.0,600.0,600.0],6.372273e-05],
[[1650.0,650.0,650.0],8.467745e-05],
[[1650.0,700.0,700.0],7.212243e-05],
[[1650.0,750.0,750.0],6.281009e-05],
[[1650.0,800.0,800.0],6.838156e-05],
[[1700.0,1.0,1.0],6.128247e-05],
[[1700.0,75.0,75.0],7.049515e-05],
[[1700.0,150.0,150.0],5.184347e-05],
[[1700.0,200.0,200.0],5.73122e-05],
[[1700.0,250.0,250.0],6.212935e-05],
[[1700.0,300.0,300.0],6.044537e-05],
[[1700.0,350.0,350.0],7.229086e-05],
[[1700.0,400.0,400.0],6.50778e-05],
[[1700.0,450.0,450.0],6.202751e-05],
[[1700.0,500.0,500.0],6.685414e-05],
[[1700.0,550.0,550.0],5.288675e-05],
[[1700.0,600.0,600.0],5.919991e-05],
[[1700.0,650.0,650.0],6.134616e-05],
[[1700.0,700.0,700.0],6.092954e-05],
[[1700.0,750.0,750.0],6.379938e-05],
[[1700.0,800.0,800.0],6.814483e-05],
[[1750.0,1.0,1.0],6.286636e-05],
[[1750.0,10.0,10.0],6.154941e-05],
[[1750.0,75.0,75.0],6.482349e-05],
[[1750.0,150.0,150.0],7.908751e-05],
[[1750.0,200.0,200.0],7.054094e-05],
[[1750.0,250.0,250.0],6.793368e-05],
[[1750.0,300.0,300.0],6.623511e-05],
[[1750.0,350.0,350.0],7.331598e-05],
[[1750.0,400.0,400.0],6.415898e-05],
[[1750.0,450.0,450.0],7.070705e-05],
[[1750.0,500.0,500.0],9.496037e-05],
[[1750.0,550.0,550.0],7.868657e-05],
[[1750.0,600.0,600.0],6.479328e-05],
[[1750.0,650.0,650.0],8.054237e-05],
[[1750.0,700.0,700.0],6.159759e-05],
[[1750.0,750.0,750.0],6.801903e-05],
[[1750.0,800.0,800.0],6.5668e-05],
[[1750.0,850.0,850.0],8.350057e-05],
[[1800.0,1.0,1.0],5.6466e-05],
[[1800.0,75.0,75.0],6.666601e-05],
[[1800.0,150.0,150.0],7.066222e-05],
[[1800.0,200.0,200.0],6.496076e-05],
[[1800.0,250.0,250.0],5.810115e-05],
[[1800.0,300.0,300.0],6.257061e-05],
[[1800.0,350.0,350.0],6.249244e-05],
[[1800.0,400.0,400.0],7.549324e-05],
[[1800.0,450.0,450.0],6.65475e-05],
[[1800.0,500.0,500.0],6.849159e-05],
[[1800.0,550.0,550.0],7.880547e-05],
[[1800.0,600.0,600.0],7.149871e-05],
[[1800.0,650.0,650.0],8.480522e-05],
[[1800.0,700.0,700.0],7.2573e-05],
[[1800.0,750.0,750.0],7.137063e-05],
[[1800.0,800.0,800.0],6.970689e-05],
[[1800.0,850.0,850.0],6.147624e-05],
[[1850.0,1.0,1.0],7.101679e-05],
[[1850.0,75.0,75.0],6.232493e-05],
[[1850.0,150.0,150.0],6.108054e-05],
[[1850.0,200.0,200.0],7.324118e-05],
[[1850.0,250.0,250.0],7.710321e-05],
[[1850.0,300.0,300.0],7.816351e-05],
[[1850.0,350.0,350.0],0.0001027501],
[[1850.0,400.0,400.0],4.964594e-05],
[[1850.0,450.0,450.0],0.0001041342],
[[1850.0,500.0,500.0],8.389047e-05],
[[1850.0,550.0,550.0],7.215776e-05],
[[1850.0,600.0,600.0],7.737076e-05],
[[1850.0,650.0,650.0],8.358196e-05],
[[1850.0,700.0,700.0],6.34913e-05],
[[1850.0,750.0,750.0],8.807756e-05],
[[1850.0,800.0,800.0],8.139245e-05],
[[1850.0,850.0,850.0],8.911151e-05],
[[1850.0,900.0,900.0],8.598041e-05],
[[1900.0,1.0,1.0],6.96313e-05],
[[1900.0,75.0,75.0],8.485698e-05],
[[1900.0,150.0,150.0],7.783544e-05],
[[1900.0,200.0,200.0],7.203801e-05],
[[1900.0,250.0,250.0],7.868856e-05],
[[1900.0,300.0,300.0],7.100702e-05],
[[1900.0,350.0,350.0],7.697531e-05],
[[1900.0,400.0,400.0],7.301285e-05],
[[1900.0,450.0,450.0],7.328427e-05],
[[1900.0,500.0,500.0],9.146944e-05],
[[1900.0,550.0,550.0],7.785385e-05],
[[1900.0,600.0,600.0],7.695095e-05],
[[1900.0,650.0,650.0],7.291797e-05],
[[1900.0,700.0,700.0],9.538959e-05],
[[1900.0,750.0,750.0],0.0001180182],
[[1900.0,800.0,800.0],6.756067e-05],
[[1900.0,850.0,850.0],7.43304e-05],
[[1900.0,900.0,900.0],7.927156e-05],
[[1950.0,1.0,1.0],7.201037e-05],
[[1950.0,75.0,75.0],7.569758e-05],
[[1950.0,150.0,150.0],7.417521e-05],
[[1950.0,200.0,200.0],6.257412e-05],
[[1950.0,250.0,250.0],7.14304e-05],
[[1950.0,300.0,300.0],7.263799e-05],
[[1950.0,350.0,350.0],9.119694e-05],
[[1950.0,400.0,400.0],7.610995e-05],
[[1950.0,450.0,450.0],7.033106e-05],
[[1950.0,500.0,500.0],8.159417e-05],
[[1950.0,550.0,550.0],7.187958e-05],
[[1950.0,600.0,600.0],7.361596e-05],
[[1950.0,650.0,650.0],8.591528e-05],
[[1950.0,700.0,700.0],7.946343e-05],
[[1950.0,750.0,750.0],8.686042e-05],
[[1950.0,800.0,800.0],8.067229e-05],
[[1950.0,850.0,850.0],8.650103e-05],
[[1950.0,900.0,900.0],7.072102e-05],
[[1950.0,950.0,950.0],9.939164e-05],
[[2000.0,1.0,1.0],7.755048e-05],
[[2000.0,75.0,75.0],7.661239e-05],
[[2000.0,150.0,150.0],8.040566e-05],
[[2000.0,200.0,200.0],7.554613e-05],
[[2000.0,250.0,250.0],8.517832e-05],
[[2000.0,300.0,300.0],6.922166e-05],
[[2000.0,350.0,350.0],8.304227e-05],
[[2000.0,400.0,400.0],6.156906e-05],
[[2000.0,450.0,450.0],7.619559e-05],
[[2000.0,500.0,500.0],7.354909e-05],
[[2000.0,550.0,550.0],7.456048e-05],
[[2000.0,600.0,600.0],7.665322e-05],
[[2000.0,650.0,650.0],9.116239e-05],
[[2000.0,700.0,700.0],7.910594e-05],
[[2000.0,750.0,750.0],8.016205e-05],
[[2000.0,800.0,800.0],9.990777e-05],
[[2000.0,850.0,850.0],9.981046e-05],
[[2000.0,900.0,900.0],9.367323e-05],
[[2000.0,950.0,950.0],9.249435e-05],
[[2250.0,1.0,1.0],0.000102854],
[[2250.0,75.0,75.0],8.846668e-05],
[[2250.0,150.0,150.0],0.0001118923],
[[2250.0,300.0,300.0],7.685749e-05],
[[2250.0,500.0,500.0],8.922905e-05],
[[2250.0,750.0,750.0],0.0001155623],
[[2250.0,1000.0,1000.0],9.969486e-05],
[[2500.0,1.0,1.0],8.918139e-05],
[[2500.0,75.0,75.0],0.0001075828],
[[2500.0,150.0,150.0],9.67678e-05],
[[2500.0,300.0,300.0],9.718431e-05],
[[2500.0,500.0,500.0],0.0001037213],
[[2500.0,750.0,750.0],9.747282e-05],
[[2500.0,1000.0,1000.0],0.0001045347],
[[2500.0,1200.0,1200.0],0.0001061893],
[[2750.0,1.0,1.0],0.0001004123],
[[2750.0,75.0,75.0],9.495576e-05],
[[2750.0,150.0,150.0],0.0001060914],
[[2750.0,300.0,300.0],8.62855e-05],
[[2750.0,500.0,500.0],0.0001018795],
[[2750.0,750.0,750.0],0.0001102861],
[[2750.0,1000.0,1000.0],9.334436e-05],
[[2750.0,1200.0,1200.0],9.43488e-05],
[[3000.0,1.0,1.0],8.580357e-05],
[[3000.0,75.0,75.0],9.917197e-05],
[[3000.0,150.0,150.0],9.765181e-05],
[[3000.0,300.0,300.0],9.280631e-05],
[[3000.0,500.0,500.0],9.42099e-05],
[[3000.0,750.0,750.0],0.0001015737],
[[3000.0,1000.0,1000.0],0.0001178007],
[[3000.0,1200.0,1200.0],9.614545e-05],
[[3000.0,1400.0,1400.0],9.383887e-05]]
