txName: TRS1
constraint: {(PV > H0(1)), (H0(1) > MET(2),MET(3))}
condition: None
conditionDescription: None
figureUrl: https://cms-results.web.cern.ch/cms-results/public-results/publications/EXO-20-004/CMS-EXO-20-004_Figure_009-a.png
source: CMS
validated: True
axesMap: [{0: 'x', 1: '1.0', 2: '1.0'}, {0: 'x', 1: 'y', 2: 'y'}]
dataMap: {0: (1, 'mass', GeV), 1: (2, 'mass', GeV), 2: (3, 'mass', GeV)}
finalState: ['MET', 'MET']
intermediateState: None
efficiencyMap: [[[100.0,1.0,1.0],9.254799e-06],
[[100.0,10.0,10.0],1.066127e-05],
[[150.0,1.0,1.0],1.92971e-05],
[[150.0,50.0,50.0],2.034761e-05],
[[200.0,1.0,1.0],3.128974e-05],
[[200.0,50.0,50.0],3.176518e-05],
[[200.0,100.0,100.0],5.927022e-05],
[[250.0,1.0,1.0],4.86928e-05],
[[250.0,10.0,10.0],4.672291e-05],
[[250.0,50.0,50.0],4.215183e-05],
[[250.0,100.0,100.0],4.714979e-05],
[[300.0,1.0,1.0],5.939963e-05],
[[300.0,50.0,50.0],6.233923e-05],
[[300.0,100.0,100.0],6.604752e-05],
[[350.0,1.0,1.0],6.324779e-05],
[[350.0,50.0,50.0],6.319791e-05],
[[350.0,100.0,100.0],6.165727e-05],
[[350.0,150.0,150.0],6.803688e-05],
[[400.0,1.0,1.0],8.967483e-05],
[[400.0,50.0,50.0],9.169929e-05],
[[400.0,100.0,100.0],8.699306e-05],
[[400.0,150.0,150.0],9.347327e-05],
[[450.0,1.0,1.0],0.0001018528],
[[450.0,50.0,50.0],0.0001171987],
[[450.0,100.0,100.0],0.0003208168],
[[450.0,150.0,150.0],9.962846e-05],
[[450.0,200.0,200.0],0.0001118619],
[[500.0,1.0,1.0],0.0001264021],
[[500.0,10.0,10.0],0.0001468826],
[[500.0,50.0,50.0],0.0001408068],
[[500.0,100.0,100.0],0.000160799],
[[500.0,150.0,150.0],0.0001661895],
[[500.0,200.0,200.0],0.000209885],
[[550.0,1.0,1.0],0.0001726028],
[[550.0,50.0,50.0],0.0001740129],
[[550.0,100.0,100.0],0.0001885746],
[[550.0,150.0,150.0],0.0002485721],
[[550.0,200.0,200.0],0.0002032006],
[[550.0,250.0,250.0],0.0002122035],
[[600.0,1.0,1.0],0.0002183666],
[[600.0,50.0,50.0],0.0002302417],
[[600.0,100.0,100.0],0.0002011037],
[[600.0,150.0,150.0],0.0002819828],
[[600.0,200.0,200.0],0.0002428377],
[[600.0,250.0,250.0],0.0002305171],
[[650.0,1.0,1.0],0.0002865379],
[[650.0,50.0,50.0],0.0003034645],
[[650.0,100.0,100.0],0.0002708515],
[[650.0,150.0,150.0],0.0002813841],
[[650.0,200.0,200.0],0.000280301],
[[650.0,250.0,250.0],0.0003138149],
[[650.0,300.0,300.0],0.0003257682],
[[700.0,1.0,1.0],0.0003254334],
[[700.0,50.0,50.0],0.0003711617],
[[700.0,100.0,100.0],0.0003130637],
[[700.0,150.0,150.0],0.0003683826],
[[700.0,200.0,200.0],0.0003313925],
[[700.0,250.0,250.0],0.0003545579],
[[700.0,300.0,300.0],0.0003644299],
[[750.0,1.0,1.0],0.0003697834],
[[750.0,10.0,10.0],0.0006761144],
[[750.0,50.0,50.0],0.0004200495],
[[750.0,100.0,100.0],0.0004059499],
[[750.0,150.0,150.0],0.0004600497],
[[750.0,200.0,200.0],0.0003982727],
[[750.0,250.0,250.0],0.0004395286],
[[750.0,300.0,300.0],0.0004291289],
[[750.0,350.0,350.0],0.0005575948],
[[800.0,1.0,1.0],0.0004770009],
[[800.0,150.0,150.0],0.0005501676],
[[800.0,200.0,200.0],0.0004317657],
[[800.0,250.0,250.0],0.0004426641],
[[800.0,300.0,300.0],0.0005000507],
[[800.0,350.0,350.0],0.0004754776],
[[850.0,1.0,1.0],0.000476088],
[[850.0,150.0,150.0],0.0004557666],
[[850.0,200.0,200.0],0.0005288759],
[[850.0,250.0,250.0],0.0005118922],
[[850.0,300.0,300.0],0.0004927719],
[[850.0,350.0,350.0],0.0006344003],
[[850.0,400.0,400.0],0.0006512334],
[[900.0,1.0,1.0],0.0005407431],
[[900.0,150.0,150.0],0.0006384195],
[[900.0,200.0,200.0],0.0005578227],
[[900.0,250.0,250.0],0.0006001391],
[[900.0,300.0,300.0],0.0005605598],
[[900.0,350.0,350.0],0.0006100823],
[[900.0,400.0,400.0],0.0005989437],
[[950.0,1.0,1.0],0.0006169132],
[[950.0,150.0,150.0],0.0006295601],
[[950.0,200.0,200.0],0.0007351712],
[[950.0,250.0,250.0],0.000703815],
[[950.0,300.0,300.0],0.0007275724],
[[950.0,350.0,350.0],0.0006796563],
[[950.0,400.0,400.0],0.0007449162],
[[950.0,450.0,450.0],0.0007791213],
[[1000.0,1.0,1.0],0.0008716856],
[[1000.0,10.0,10.0],0.0005943324],
[[1000.0,50.0,50.0],0.0006405217],
[[1000.0,100.0,100.0],0.0006352355],
[[1000.0,150.0,150.0],0.0008093611],
[[1000.0,200.0,200.0],0.0006701419],
[[1000.0,250.0,250.0],0.0007405304],
[[1000.0,300.0,300.0],0.000728131],
[[1000.0,350.0,350.0],0.0007901862],
[[1000.0,400.0,400.0],0.0007938921],
[[1000.0,450.0,450.0],0.001262245],
[[1050.0,1.0,1.0],0.0006717659],
[[1050.0,150.0,150.0],0.0007780733],
[[1050.0,200.0,200.0],0.001447969],
[[1050.0,250.0,250.0],0.0008405078],
[[1050.0,300.0,300.0],0.001014168],
[[1050.0,350.0,350.0],0.00087022],
[[1050.0,400.0,400.0],0.0009164269],
[[1050.0,450.0,450.0],0.0007644609],
[[1050.0,500.0,500.0],0.0007091444],
[[1100.0,1.0,1.0],0.0007458104],
[[1100.0,150.0,150.0],0.0007621126],
[[1100.0,200.0,200.0],0.0009218621],
[[1100.0,250.0,250.0],0.0008742173],
[[1100.0,300.0,300.0],0.000945408],
[[1100.0,350.0,350.0],0.001299824],
[[1100.0,400.0,400.0],0.0009628631],
[[1100.0,450.0,450.0],0.0008752665],
[[1100.0,500.0,500.0],0.000889067],
[[1150.0,1.0,1.0],0.0008120655],
[[1150.0,150.0,150.0],0.000811512],
[[1150.0,200.0,200.0],0.0008286458],
[[1150.0,250.0,250.0],0.0008031928],
[[1150.0,300.0,300.0],0.0008354224],
[[1150.0,350.0,350.0],0.001027791],
[[1150.0,400.0,400.0],0.0009138556],
[[1150.0,450.0,450.0],0.001024054],
[[1150.0,500.0,500.0],0.0009508278],
[[1150.0,550.0,550.0],0.0009434897],
[[1200.0,1.0,1.0],0.0009320065],
[[1200.0,150.0,150.0],0.0008600804],
[[1200.0,200.0,200.0],0.001083193],
[[1200.0,250.0,250.0],0.000931757],
[[1200.0,300.0,300.0],0.0008851246],
[[1200.0,350.0,350.0],0.001051991],
[[1200.0,400.0,400.0],0.001085391],
[[1200.0,450.0,450.0],0.000980589],
[[1200.0,500.0,500.0],0.001123556],
[[1200.0,550.0,550.0],0.001424249],
[[1250.0,1.0,1.0],0.0007983715],
[[1250.0,10.0,10.0],0.0009359331],
[[1250.0,50.0,50.0],0.0008918728],
[[1250.0,100.0,100.0],0.0009570708],
[[1250.0,150.0,150.0],0.0009142138],
[[1250.0,200.0,200.0],0.0008617556],
[[1250.0,250.0,250.0],0.001083075],
[[1250.0,300.0,300.0],0.0009663436],
[[1250.0,350.0,350.0],0.001128918],
[[1250.0,400.0,400.0],0.001092276],
[[1250.0,450.0,450.0],0.0009209121],
[[1250.0,500.0,500.0],0.001564407],
[[1250.0,550.0,550.0],0.001504124],
[[1250.0,600.0,600.0],0.001387006],
[[1300.0,1.0,1.0],0.0008734505],
[[1300.0,150.0,150.0],0.001018237],
[[1300.0,200.0,200.0],0.001026508],
[[1300.0,250.0,250.0],0.001115171],
[[1300.0,300.0,300.0],0.001131709],
[[1300.0,350.0,350.0],0.001204057],
[[1300.0,400.0,400.0],0.00112575],
[[1300.0,450.0,450.0],0.001589268],
[[1300.0,500.0,500.0],0.001325241],
[[1300.0,550.0,550.0],0.001104647],
[[1300.0,600.0,600.0],0.001669596],
[[1350.0,1.0,1.0],0.000876682],
[[1350.0,150.0,150.0],0.001017056],
[[1350.0,200.0,200.0],0.001122236],
[[1350.0,250.0,250.0],0.001013678],
[[1350.0,300.0,300.0],0.001135201],
[[1350.0,350.0,350.0],0.001233284],
[[1350.0,400.0,400.0],0.001110234],
[[1350.0,450.0,450.0],0.001102696],
[[1350.0,500.0,500.0],0.00112671],
[[1350.0,550.0,550.0],0.001081398],
[[1350.0,600.0,600.0],0.00116241],
[[1350.0,650.0,650.0],0.001360613],
[[1400.0,1.0,1.0],0.0007531463],
[[1400.0,150.0,150.0],0.0008791537],
[[1400.0,200.0,200.0],0.0009963748],
[[1400.0,250.0,250.0],0.001480201],
[[1400.0,300.0,300.0],0.001519468],
[[1400.0,350.0,350.0],0.001173837],
[[1400.0,400.0,400.0],0.001224229],
[[1400.0,450.0,450.0],0.001369015],
[[1400.0,500.0,500.0],0.001338462],
[[1400.0,550.0,550.0],0.001336532],
[[1400.0,600.0,600.0],0.0009817494],
[[1400.0,650.0,650.0],0.001409285],
[[1450.0,1.0,1.0],0.0009916613],
[[1450.0,150.0,150.0],0.001157958],
[[1450.0,200.0,200.0],0.001132547],
[[1450.0,250.0,250.0],0.001391162],
[[1450.0,300.0,300.0],0.001395468],
[[1450.0,350.0,350.0],0.001116],
[[1450.0,400.0,400.0],0.00117635],
[[1450.0,450.0,450.0],0.001216647],
[[1450.0,500.0,500.0],0.001356318],
[[1450.0,550.0,550.0],0.001348164],
[[1450.0,600.0,600.0],0.001357473],
[[1450.0,650.0,650.0],0.001483834],
[[1450.0,700.0,700.0],0.001426285],
[[1500.0,1.0,1.0],0.001020752],
[[1500.0,10.0,10.0],0.0008555912],
[[1500.0,50.0,50.0],0.001025825],
[[1500.0,100.0,100.0],0.0009592515],
[[1500.0,150.0,150.0],0.001224961],
[[1500.0,200.0,200.0],0.001105539],
[[1500.0,250.0,250.0],0.001208204],
[[1500.0,300.0,300.0],0.00131898],
[[1500.0,350.0,350.0],0.001193394],
[[1500.0,400.0,400.0],0.001271325],
[[1500.0,450.0,450.0],0.001786093],
[[1500.0,500.0,500.0],0.001198105],
[[1500.0,550.0,550.0],0.001256976],
[[1500.0,600.0,600.0],0.001241883],
[[1500.0,650.0,650.0],0.001641933],
[[1500.0,700.0,700.0],0.001410139],
[[1500.0,750.0,750.0],0.001478018],
[[1550.0,1.0,1.0],0.0009904509],
[[1550.0,150.0,150.0],0.0009886297],
[[1550.0,200.0,200.0],0.001405864],
[[1550.0,250.0,250.0],0.001096657],
[[1550.0,300.0,300.0],0.001200431],
[[1550.0,350.0,350.0],0.001273999],
[[1550.0,400.0,400.0],0.001388787],
[[1550.0,450.0,450.0],0.001584398],
[[1550.0,500.0,500.0],0.001501222],
[[1550.0,550.0,550.0],0.001232442],
[[1550.0,600.0,600.0],0.001515155],
[[1550.0,650.0,650.0],0.001461745],
[[1550.0,700.0,700.0],0.001439939],
[[1550.0,750.0,750.0],0.001708471],
[[1600.0,1.0,1.0],0.001051962],
[[1600.0,150.0,150.0],0.00110357],
[[1600.0,200.0,200.0],0.001462714],
[[1600.0,250.0,250.0],0.001501557],
[[1600.0,300.0,300.0],0.001336534],
[[1600.0,350.0,350.0],0.001492966],
[[1600.0,400.0,400.0],0.001237164],
[[1600.0,450.0,450.0],0.001445721],
[[1600.0,500.0,500.0],0.001380019],
[[1600.0,550.0,550.0],0.001474882],
[[1600.0,600.0,600.0],0.002036127],
[[1600.0,650.0,650.0],0.001552009],
[[1600.0,700.0,700.0],0.001669815],
[[1600.0,750.0,750.0],0.001746565],
[[1650.0,1.0,1.0],0.0008945095],
[[1650.0,150.0,150.0],0.001130242],
[[1650.0,200.0,200.0],0.001148133],
[[1650.0,250.0,250.0],0.001441841],
[[1650.0,300.0,300.0],0.001821707],
[[1650.0,350.0,350.0],0.001265607],
[[1650.0,400.0,400.0],0.001512124],
[[1650.0,450.0,450.0],0.001608642],
[[1650.0,500.0,500.0],0.001567443],
[[1650.0,550.0,550.0],0.001417509],
[[1650.0,600.0,600.0],0.001315126],
[[1650.0,650.0,650.0],0.001670908],
[[1650.0,700.0,700.0],0.001781206],
[[1650.0,750.0,750.0],0.001522003],
[[1650.0,800.0,800.0],0.001576726],
[[1700.0,1.0,1.0],0.0009766999],
[[1700.0,150.0,150.0],0.001292603],
[[1700.0,200.0,200.0],0.001193313],
[[1700.0,250.0,250.0],0.001424164],
[[1700.0,300.0,300.0],0.001333362],
[[1700.0,350.0,350.0],0.001413335],
[[1700.0,400.0,400.0],0.001569813],
[[1700.0,450.0,450.0],0.001390737],
[[1700.0,500.0,500.0],0.00141241],
[[1700.0,550.0,550.0],0.001574286],
[[1700.0,600.0,600.0],0.00142538],
[[1700.0,650.0,650.0],0.001604591],
[[1700.0,700.0,700.0],0.001271215],
[[1700.0,750.0,750.0],0.001701316],
[[1700.0,800.0,800.0],0.001563933],
[[1750.0,1.0,1.0],0.000993911],
[[1750.0,10.0,10.0],0.000942514],
[[1750.0,50.0,50.0],0.0009877383],
[[1750.0,100.0,100.0],0.001070279],
[[1750.0,150.0,150.0],0.001411656],
[[1750.0,200.0,200.0],0.001206393],
[[1750.0,250.0,250.0],0.00136653],
[[1750.0,300.0,300.0],0.001260453],
[[1750.0,350.0,350.0],0.001469049],
[[1750.0,400.0,400.0],0.001358291],
[[1750.0,450.0,450.0],0.001438332],
[[1750.0,500.0,500.0],0.00160968],
[[1750.0,550.0,550.0],0.002042126],
[[1750.0,600.0,600.0],0.001720702],
[[1750.0,650.0,650.0],0.001718694],
[[1750.0,700.0,700.0],0.001452487],
[[1750.0,750.0,750.0],0.001494418],
[[1750.0,800.0,800.0],0.001878032],
[[1750.0,850.0,850.0],0.001685021],
[[1800.0,1.0,1.0],0.0009374271],
[[1800.0,150.0,150.0],0.001187663],
[[1800.0,200.0,200.0],0.001279053],
[[1800.0,250.0,250.0],0.001289171],
[[1800.0,300.0,300.0],0.001352346],
[[1800.0,350.0,350.0],0.001673943],
[[1800.0,400.0,400.0],0.00128414],
[[1800.0,450.0,450.0],0.001608377],
[[1800.0,500.0,500.0],0.001466855],
[[1800.0,550.0,550.0],0.001946303],
[[1800.0,600.0,600.0],0.00145567],
[[1800.0,650.0,650.0],0.002000336],
[[1800.0,700.0,700.0],0.001832405],
[[1800.0,750.0,750.0],0.001662498],
[[1800.0,800.0,800.0],0.001668206],
[[1800.0,850.0,850.0],0.001417294],
[[1850.0,1.0,1.0],0.0008127828],
[[1850.0,150.0,150.0],0.001298816],
[[1850.0,200.0,200.0],0.001426449],
[[1850.0,250.0,250.0],0.001528498],
[[1850.0,300.0,300.0],0.001379511],
[[1850.0,350.0,350.0],0.001417781],
[[1850.0,400.0,400.0],0.001384206],
[[1850.0,450.0,450.0],0.001854436],
[[1850.0,500.0,500.0],0.001647069],
[[1850.0,550.0,550.0],0.001559462],
[[1850.0,600.0,600.0],0.001456919],
[[1850.0,650.0,650.0],0.001397422],
[[1850.0,700.0,700.0],0.001686151],
[[1850.0,750.0,750.0],0.001541429],
[[1850.0,800.0,800.0],0.001620841],
[[1850.0,850.0,850.0],0.001540081],
[[1850.0,900.0,900.0],0.001792293],
[[1900.0,1.0,1.0],0.0008847617],
[[1900.0,150.0,150.0],0.00138588],
[[1900.0,200.0,200.0],0.001279783],
[[1900.0,250.0,250.0],0.001533841],
[[1900.0,300.0,300.0],0.001548861],
[[1900.0,350.0,350.0],0.001567109],
[[1900.0,400.0,400.0],0.001647975],
[[1900.0,450.0,450.0],0.001379384],
[[1900.0,500.0,500.0],0.001486591],
[[1900.0,550.0,550.0],0.0018265],
[[1900.0,600.0,600.0],0.00167895],
[[1900.0,650.0,650.0],0.001758822],
[[1900.0,700.0,700.0],0.0016675],
[[1900.0,750.0,750.0],0.001657173],
[[1900.0,800.0,800.0],0.001609745],
[[1900.0,850.0,850.0],0.001960289],
[[1900.0,900.0,900.0],0.001809019],
[[1950.0,1.0,1.0],0.001024273],
[[1950.0,150.0,150.0],0.001107145],
[[1950.0,200.0,200.0],0.001309077],
[[1950.0,250.0,250.0],0.001680166],
[[1950.0,300.0,300.0],0.001444133],
[[1950.0,350.0,350.0],0.001696198],
[[1950.0,400.0,400.0],0.001769966],
[[1950.0,450.0,450.0],0.001694868],
[[1950.0,500.0,500.0],0.001914757],
[[1950.0,550.0,550.0],0.0015744],
[[1950.0,600.0,600.0],0.001618957],
[[1950.0,650.0,650.0],0.001586955],
[[1950.0,700.0,700.0],0.002043125],
[[1950.0,750.0,750.0],0.001682798],
[[1950.0,800.0,800.0],0.001816956],
[[1950.0,850.0,850.0],0.001971564],
[[1950.0,900.0,900.0],0.001855675],
[[1950.0,950.0,950.0],0.001669217],
[[2000.0,1.0,1.0],0.0008760484],
[[2000.0,10.0,10.0],0.0009441557],
[[2000.0,50.0,50.0],0.000932477],
[[2000.0,100.0,100.0],0.0009775774],
[[2000.0,150.0,150.0],0.001128839],
[[2000.0,200.0,200.0],0.00114718],
[[2000.0,250.0,250.0],0.00142369],
[[2000.0,300.0,300.0],0.00145002],
[[2000.0,350.0,350.0],0.00179093],
[[2000.0,400.0,400.0],0.001523702],
[[2000.0,450.0,450.0],0.001796192],
[[2000.0,500.0,500.0],0.001803699],
[[2000.0,550.0,550.0],0.001780768],
[[2000.0,600.0,600.0],0.00187019],
[[2000.0,650.0,650.0],0.001890359],
[[2000.0,700.0,700.0],0.001787938],
[[2000.0,750.0,750.0],0.001960305],
[[2000.0,800.0,800.0],0.001738707],
[[2000.0,850.0,850.0],0.001762303],
[[2000.0,900.0,900.0],0.001947362],
[[2000.0,950.0,950.0],0.002114232],
[[2250.0,1.0,1.0],0.001110389],
[[2250.0,10.0,10.0],0.0007876364],
[[2250.0,50.0,50.0],0.0008517314],
[[2250.0,100.0,100.0],0.0008752694],
[[2250.0,150.0,150.0],0.0009708139],
[[2250.0,300.0,300.0],0.001555269],
[[2250.0,500.0,500.0],0.002248347],
[[2250.0,750.0,750.0],0.001993391],
[[2250.0,1000.0,1000.0],0.002098889],
[[2500.0,1.0,1.0],0.0007176594],
[[2500.0,10.0,10.0],0.0007596218],
[[2500.0,50.0,50.0],0.0008373765],
[[2500.0,100.0,100.0],0.0008615081],
[[2500.0,150.0,150.0],0.00104311],
[[2500.0,300.0,300.0],0.001512428],
[[2500.0,500.0,500.0],0.001978691],
[[2500.0,750.0,750.0],0.002024159],
[[2500.0,1000.0,1000.0],0.002087795],
[[2500.0,1200.0,1200.0],0.002327365],
[[2750.0,1.0,1.0],0.0006680289],
[[2750.0,10.0,10.0],0.0006324094],
[[2750.0,50.0,50.0],0.0006420055],
[[2750.0,100.0,100.0],0.0007939359],
[[2750.0,150.0,150.0],0.0008978187],
[[2750.0,300.0,300.0],0.001561047],
[[2750.0,500.0,500.0],0.001876831],
[[2750.0,750.0,750.0],0.002148493],
[[2750.0,1000.0,1000.0],0.002165362],
[[2750.0,1200.0,1200.0],0.002177127],
[[3000.0,1.0,1.0],0.0005714087],
[[3000.0,10.0,10.0],0.0005743596],
[[3000.0,50.0,50.0],0.0006303694],
[[3000.0,100.0,100.0],0.0006933782],
[[3000.0,150.0,150.0],0.00079783],
[[3000.0,300.0,300.0],0.001294302],
[[3000.0,500.0,500.0],0.001878338],
[[3000.0,750.0,750.0],0.002139771],
[[3000.0,1000.0,1000.0],0.002183229],
[[3000.0,1200.0,1200.0],0.002282314],
[[3000.0,1400.0,1400.0],0.002382133]]
