txName: TRV1
constraint: {(PV > Zprime(1)), (Zprime(1) > MET(2),MET(3))}
condition: None
conditionDescription: None
figureUrl: https://cms-results.web.cern.ch/cms-results/public-results/publications/EXO-20-004/CMS-EXO-20-004_Figure_007-b.png
source: https://doi.org/10.5281/zenodo.13324003
validated: True
axesMap: [{0: 'x', 1: 'y', 2: 'y'}]
dataMap: {0: (1, 'mass', GeV), 1: (2, 'mass', GeV), 2: (3, 'mass', GeV)}
finalState: ['MET', 'MET']
intermediateState: None
efficiencyMap: [[[50.0,1.0,1.0],2.082231e-07],
[[100.0,1.0,1.0],8.63984e-07],
[[100.0,10.0,10.0],1.748711e-06],
[[150.0,1.0,1.0],4.196167e-06],
[[150.0,75.0,75.0],4.471098e-06],
[[200.0,1.0,1.0],9.800882e-06],
[[200.0,75.0,75.0],8.66762e-06],
[[250.0,1.0,1.0],1.787012e-05],
[[250.0,10.0,10.0],1.669761e-05],
[[250.0,75.0,75.0],1.335584e-05],
[[300.0,1.0,1.0],2.328621e-05],
[[300.0,75.0,75.0],2.77865e-05],
[[350.0,1.0,1.0],3.640867e-05],
[[350.0,75.0,75.0],3.452299e-05],
[[350.0,150.0,150.0],4.36159e-05],
[[400.0,1.0,1.0],5.019766e-05],
[[400.0,75.0,75.0],4.802577e-05],
[[400.0,150.0,150.0],5.497313e-05],
[[450.0,1.0,1.0],7.427882e-05],
[[450.0,75.0,75.0],6.402225e-05],
[[450.0,150.0,150.0],8.02568e-05],
[[450.0,200.0,200.0],7.096811e-05],
[[500.0,1.0,1.0],8.014135e-05],
[[500.0,10.0,10.0],9.064367e-05],
[[500.0,75.0,75.0],8.950191e-05],
[[500.0,150.0,150.0],7.798713e-05],
[[500.0,200.0,200.0],9.483061e-05],
[[550.0,1.0,1.0],0.0001098689],
[[550.0,75.0,75.0],0.0001068374],
[[550.0,150.0,150.0],0.0001125135],
[[550.0,200.0,200.0],0.0001126666],
[[550.0,250.0,250.0],0.0001443978],
[[600.0,1.0,1.0],0.0001224961],
[[600.0,75.0,75.0],0.0001173887],
[[600.0,150.0,150.0],0.0001137136],
[[600.0,200.0,200.0],0.0001182928],
[[600.0,250.0,250.0],0.0001466348],
[[650.0,1.0,1.0],0.0001474528],
[[650.0,75.0,75.0],0.0001406242],
[[650.0,150.0,150.0],0.00012888],
[[650.0,200.0,200.0],0.0001441116],
[[650.0,250.0,250.0],0.000167714],
[[650.0,300.0,300.0],0.0001637415],
[[700.0,1.0,1.0],0.0001660752],
[[700.0,75.0,75.0],0.0001787105],
[[700.0,150.0,150.0],0.0001592899],
[[700.0,200.0,200.0],0.0001666983],
[[700.0,250.0,250.0],0.0001716451],
[[700.0,300.0,300.0],0.0001825496],
[[750.0,1.0,1.0],0.0002276988],
[[750.0,10.0,10.0],0.0001642533],
[[750.0,75.0,75.0],0.0001903187],
[[750.0,150.0,150.0],0.00019736],
[[750.0,200.0,200.0],0.0001832949],
[[750.0,250.0,250.0],0.0002063933],
[[750.0,300.0,300.0],0.0001807348],
[[750.0,350.0,350.0],0.0001924636],
[[800.0,1.0,1.0],0.00020431],
[[800.0,75.0,75.0],0.0002388474],
[[800.0,150.0,150.0],0.0002192683],
[[800.0,200.0,200.0],0.0001898879],
[[800.0,250.0,250.0],0.0002166994],
[[800.0,300.0,300.0],0.0002994437],
[[800.0,350.0,350.0],0.0002308101],
[[850.0,1.0,1.0],0.0002216625],
[[850.0,75.0,75.0],0.0002301363],
[[850.0,150.0,150.0],0.000212307],
[[850.0,200.0,200.0],0.0002245962],
[[850.0,250.0,250.0],0.0002376733],
[[850.0,300.0,300.0],0.0002388539],
[[850.0,350.0,350.0],0.0002825562],
[[850.0,400.0,400.0],0.0002747064],
[[900.0,1.0,1.0],0.0002420696],
[[900.0,75.0,75.0],0.0002247524],
[[900.0,150.0,150.0],0.0002496705],
[[900.0,200.0,200.0],0.0002548358],
[[900.0,250.0,250.0],0.0002471001],
[[900.0,300.0,300.0],0.0002790849],
[[900.0,350.0,350.0],0.0002716994],
[[900.0,400.0,400.0],0.0002659541],
[[950.0,1.0,1.0],0.0002879339],
[[950.0,75.0,75.0],0.0002616647],
[[950.0,150.0,150.0],0.0002633806],
[[950.0,200.0,200.0],0.0002910695],
[[950.0,250.0,250.0],0.0002755976],
[[950.0,300.0,300.0],0.0002731474],
[[950.0,350.0,350.0],0.0002787607],
[[950.0,400.0,400.0],0.0002841445],
[[950.0,450.0,450.0],0.0003229461],
[[1000.0,1.0,1.0],0.0002591816],
[[1000.0,10.0,10.0],0.0002678836],
[[1000.0,75.0,75.0],0.0002818865],
[[1000.0,150.0,150.0],0.0002935676],
[[1000.0,200.0,200.0],0.000267368],
[[1000.0,250.0,250.0],0.0002983875],
[[1000.0,300.0,300.0],0.0002849726],
[[1000.0,350.0,350.0],0.0003149774],
[[1000.0,400.0,400.0],0.000366564],
[[1000.0,450.0,450.0],0.0002870962],
[[1050.0,1.0,1.0],0.0003306272],
[[1050.0,75.0,75.0],0.0003108336],
[[1050.0,150.0,150.0],0.0003087791],
[[1050.0,200.0,200.0],0.0003396035],
[[1050.0,250.0,250.0],0.0003228952],
[[1050.0,300.0,300.0],0.0003120534],
[[1050.0,350.0,350.0],0.0003186279],
[[1050.0,400.0,400.0],0.0003209869],
[[1050.0,450.0,450.0],0.0003510481],
[[1050.0,500.0,500.0],0.0003303091],
[[1100.0,1.0,1.0],0.0003222055],
[[1100.0,75.0,75.0],0.000391994],
[[1100.0,150.0,150.0],0.0003215197],
[[1100.0,200.0,200.0],0.0003338507],
[[1100.0,250.0,250.0],0.0003651781],
[[1100.0,300.0,300.0],0.0003622006],
[[1100.0,350.0,350.0],0.0003279063],
[[1100.0,400.0,400.0],0.0003724542],
[[1100.0,450.0,450.0],0.0003033921],
[[1100.0,500.0,500.0],0.0004374669],
[[1150.0,1.0,1.0],0.0003436223],
[[1150.0,75.0,75.0],0.0003615239],
[[1150.0,150.0,150.0],0.0003622406],
[[1150.0,200.0,200.0],0.0003937275],
[[1150.0,250.0,250.0],0.0003832883],
[[1150.0,300.0,300.0],0.000347842],
[[1150.0,350.0,350.0],0.000365666],
[[1150.0,400.0,400.0],0.0003462533],
[[1150.0,450.0,450.0],0.0003447396],
[[1150.0,500.0,500.0],0.0003620939],
[[1150.0,550.0,550.0],0.0003242204],
[[1200.0,1.0,1.0],0.0003784627],
[[1200.0,75.0,75.0],0.0003550913],
[[1200.0,150.0,150.0],0.0003682043],
[[1200.0,200.0,200.0],0.000370427],
[[1200.0,250.0,250.0],0.0004120989],
[[1200.0,300.0,300.0],0.0003965137],
[[1200.0,350.0,350.0],0.0004029257],
[[1200.0,400.0,400.0],0.0004344764],
[[1200.0,450.0,450.0],0.00043591],
[[1200.0,500.0,500.0],0.0003762236],
[[1200.0,550.0,550.0],0.0004155515],
[[1250.0,1.0,1.0],0.0004095485],
[[1250.0,10.0,10.0],0.0003730024],
[[1250.0,75.0,75.0],0.0003483333],
[[1250.0,150.0,150.0],0.0003537136],
[[1250.0,200.0,200.0],0.0004022237],
[[1250.0,250.0,250.0],0.0003885365],
[[1250.0,300.0,300.0],0.0003740765],
[[1250.0,350.0,350.0],0.0003588072],
[[1250.0,400.0,400.0],0.0003971635],
[[1250.0,450.0,450.0],0.0004522502],
[[1250.0,500.0,500.0],0.0004120122],
[[1250.0,550.0,550.0],0.0003819116],
[[1250.0,600.0,600.0],0.0003573198],
[[1300.0,1.0,1.0],0.0003857399],
[[1300.0,75.0,75.0],0.0004068844],
[[1300.0,150.0,150.0],0.0004220857],
[[1300.0,200.0,200.0],0.0003679065],
[[1300.0,250.0,250.0],0.0003822964],
[[1300.0,300.0,300.0],0.0003791437],
[[1300.0,350.0,350.0],0.0003806343],
[[1300.0,400.0,400.0],0.0003977905],
[[1300.0,450.0,450.0],0.0004908],
[[1300.0,500.0,500.0],0.0004658212],
[[1300.0,550.0,550.0],0.0003937321],
[[1300.0,600.0,600.0],0.0004123807],
[[1350.0,1.0,1.0],0.0003545191],
[[1350.0,75.0,75.0],0.0004148801],
[[1350.0,150.0,150.0],0.000438795],
[[1350.0,200.0,200.0],0.0004421641],
[[1350.0,250.0,250.0],0.0004516652],
[[1350.0,300.0,300.0],0.0004096436],
[[1350.0,350.0,350.0],0.0004174465],
[[1350.0,400.0,400.0],0.0004164771],
[[1350.0,450.0,450.0],0.0004294727],
[[1350.0,500.0,500.0],0.0004549699],
[[1350.0,550.0,550.0],0.0004033032],
[[1350.0,600.0,600.0],0.0004337086],
[[1350.0,650.0,650.0],0.0005283484],
[[1400.0,1.0,1.0],0.0004072122],
[[1400.0,75.0,75.0],0.0004054313],
[[1400.0,150.0,150.0],0.0004041613],
[[1400.0,200.0,200.0],0.0003691795],
[[1400.0,250.0,250.0],0.0005010154],
[[1400.0,300.0,300.0],0.0004301617],
[[1400.0,350.0,350.0],0.0004026404],
[[1400.0,400.0,400.0],0.0004601611],
[[1400.0,450.0,450.0],0.0004938884],
[[1400.0,500.0,500.0],0.000458117],
[[1400.0,550.0,550.0],0.0004887953],
[[1400.0,600.0,600.0],0.0004528563],
[[1400.0,650.0,650.0],0.0004510466],
[[1450.0,1.0,1.0],0.000405302],
[[1450.0,75.0,75.0],0.0004050592],
[[1450.0,150.0,150.0],0.0004662711],
[[1450.0,200.0,200.0],0.0004132908],
[[1450.0,250.0,250.0],0.0004050559],
[[1450.0,300.0,300.0],0.0003934444],
[[1450.0,350.0,350.0],0.0004359527],
[[1450.0,400.0,400.0],0.0004461653],
[[1450.0,450.0,450.0],0.0004602745],
[[1450.0,500.0,500.0],0.0004576808],
[[1450.0,550.0,550.0],0.0004109144],
[[1450.0,600.0,600.0],0.0004822394],
[[1450.0,650.0,650.0],0.0004627386],
[[1450.0,700.0,700.0],0.0004273067],
[[1500.0,1.0,1.0],0.0004295425],
[[1500.0,10.0,10.0],0.0004463748],
[[1500.0,75.0,75.0],0.0004726458],
[[1500.0,150.0,150.0],0.0004286496],
[[1500.0,200.0,200.0],0.0004460593],
[[1500.0,250.0,250.0],0.0004243355],
[[1500.0,300.0,300.0],0.0004698047],
[[1500.0,350.0,350.0],0.0004635852],
[[1500.0,400.0,400.0],0.0004580666],
[[1500.0,450.0,450.0],0.0004501788],
[[1500.0,500.0,500.0],0.0004554838],
[[1500.0,550.0,550.0],0.0004745284],
[[1500.0,600.0,600.0],0.0004106362],
[[1500.0,650.0,650.0],0.0004974568],
[[1500.0,700.0,700.0],0.0005120551],
[[1500.0,750.0,750.0],0.0005078881],
[[1550.0,1.0,1.0],0.0004307744],
[[1550.0,75.0,75.0],0.0004268937],
[[1550.0,150.0,150.0],0.0004916084],
[[1550.0,200.0,200.0],0.0004581237],
[[1550.0,250.0,250.0],0.0005083504],
[[1550.0,300.0,300.0],0.000495852],
[[1550.0,350.0,350.0],0.0004825107],
[[1550.0,400.0,400.0],0.0004680717],
[[1550.0,450.0,450.0],0.0004762116],
[[1550.0,500.0,500.0],0.000479609],
[[1550.0,550.0,550.0],0.0005002335],
[[1550.0,600.0,600.0],0.0004157624],
[[1550.0,650.0,650.0],0.0005125755],
[[1550.0,700.0,700.0],0.0004697994],
[[1550.0,750.0,750.0],0.0005704729],
[[1600.0,1.0,1.0],0.0004711835],
[[1600.0,75.0,75.0],0.0004556382],
[[1600.0,150.0,150.0],0.0004638877],
[[1600.0,200.0,200.0],0.0004381253],
[[1600.0,250.0,250.0],0.00048667],
[[1600.0,300.0,300.0],0.0004692435],
[[1600.0,350.0,350.0],0.0004559739],
[[1600.0,400.0,400.0],0.0005188591],
[[1600.0,450.0,450.0],0.0004534298],
[[1600.0,500.0,500.0],0.0004961706],
[[1600.0,550.0,550.0],0.000530667],
[[1600.0,600.0,600.0],0.0004786638],
[[1600.0,650.0,650.0],0.0005184471],
[[1600.0,700.0,700.0],0.000549309],
[[1600.0,750.0,750.0],0.000468771],
[[1650.0,1.0,1.0],0.0004732217],
[[1650.0,75.0,75.0],0.0004604307],
[[1650.0,150.0,150.0],0.0005004851],
[[1650.0,200.0,200.0],0.000505763],
[[1650.0,250.0,250.0],0.0004567814],
[[1650.0,300.0,300.0],0.0005040189],
[[1650.0,350.0,350.0],0.0004727857],
[[1650.0,400.0,400.0],0.000451488],
[[1650.0,450.0,450.0],0.0004605705],
[[1650.0,500.0,500.0],0.0005011543],
[[1650.0,550.0,550.0],0.0005091272],
[[1650.0,600.0,600.0],0.0004737399],
[[1650.0,650.0,650.0],0.0004971742],
[[1650.0,700.0,700.0],0.000535118],
[[1650.0,750.0,750.0],0.0004951547],
[[1650.0,800.0,800.0],0.0005079931],
[[1700.0,1.0,1.0],0.0004608775],
[[1700.0,75.0,75.0],0.0004546544],
[[1700.0,150.0,150.0],0.0004713373],
[[1700.0,200.0,200.0],0.0005120604],
[[1700.0,250.0,250.0],0.0005554675],
[[1700.0,300.0,300.0],0.0005372936],
[[1700.0,350.0,350.0],0.0005024754],
[[1700.0,400.0,400.0],0.0005189524],
[[1700.0,450.0,450.0],0.0005662984],
[[1700.0,500.0,500.0],0.0005007127],
[[1700.0,550.0,550.0],0.0005357243],
[[1700.0,600.0,600.0],0.0005164027],
[[1700.0,650.0,650.0],0.0005398458],
[[1700.0,700.0,700.0],0.0004991682],
[[1700.0,750.0,750.0],0.0005799827],
[[1700.0,800.0,800.0],0.0004898533],
[[1750.0,1.0,1.0],0.000512354],
[[1750.0,10.0,10.0],0.0005113611],
[[1750.0,75.0,75.0],0.0005109093],
[[1750.0,150.0,150.0],0.0004665244],
[[1750.0,200.0,200.0],0.000583],
[[1750.0,250.0,250.0],0.0005409293],
[[1750.0,300.0,300.0],0.0005637209],
[[1750.0,350.0,350.0],0.0004997167],
[[1750.0,400.0,400.0],0.0004998744],
[[1750.0,450.0,450.0],0.0004687171],
[[1750.0,500.0,500.0],0.0005160334],
[[1750.0,550.0,550.0],0.0006170505],
[[1750.0,600.0,600.0],0.0005106837],
[[1750.0,650.0,650.0],0.0005795191],
[[1750.0,700.0,700.0],0.0005242925],
[[1750.0,750.0,750.0],0.0005488474],
[[1750.0,800.0,800.0],0.0005284831],
[[1750.0,850.0,850.0],0.0005297392],
[[1800.0,1.0,1.0],0.000508753],
[[1800.0,75.0,75.0],0.0004652929],
[[1800.0,150.0,150.0],0.0005247049],
[[1800.0,200.0,200.0],0.0005250881],
[[1800.0,250.0,250.0],0.0005593223],
[[1800.0,300.0,300.0],0.000560867],
[[1800.0,350.0,350.0],0.000545044],
[[1800.0,400.0,400.0],0.0005288409],
[[1800.0,450.0,450.0],0.0005206716],
[[1800.0,500.0,500.0],0.0005254911],
[[1800.0,550.0,550.0],0.000523589],
[[1800.0,600.0,600.0],0.0005626305],
[[1800.0,650.0,650.0],0.0005500391],
[[1800.0,700.0,700.0],0.000545159],
[[1800.0,750.0,750.0],0.0004722554],
[[1800.0,800.0,800.0],0.0005981729],
[[1800.0,850.0,850.0],0.0006034085],
[[1850.0,1.0,1.0],0.0004883067],
[[1850.0,75.0,75.0],0.0004881315],
[[1850.0,150.0,150.0],0.00054512],
[[1850.0,200.0,200.0],0.0005517234],
[[1850.0,250.0,250.0],0.0005459464],
[[1850.0,300.0,300.0],0.0004878676],
[[1850.0,350.0,350.0],0.0005199166],
[[1850.0,400.0,400.0],0.0005200656],
[[1850.0,450.0,450.0],0.0006648196],
[[1850.0,500.0,500.0],0.0005493486],
[[1850.0,550.0,550.0],0.00055165],
[[1850.0,600.0,600.0],0.0004956482],
[[1850.0,650.0,650.0],0.0005336185],
[[1850.0,700.0,700.0],0.0005122345],
[[1850.0,750.0,750.0],0.0005883344],
[[1850.0,800.0,800.0],0.000609155],
[[1850.0,850.0,850.0],0.0005976453],
[[1850.0,900.0,900.0],0.0006075945],
[[1900.0,1.0,1.0],0.0004890076],
[[1900.0,75.0,75.0],0.0005062221],
[[1900.0,150.0,150.0],0.0005092652],
[[1900.0,200.0,200.0],0.0004746977],
[[1900.0,250.0,250.0],0.0005604643],
[[1900.0,300.0,300.0],0.0004957682],
[[1900.0,350.0,350.0],0.0005020646],
[[1900.0,400.0,400.0],0.0005655935],
[[1900.0,450.0,450.0],0.0005687658],
[[1900.0,500.0,500.0],0.0005784807],
[[1900.0,550.0,550.0],0.0005794013],
[[1900.0,600.0,600.0],0.000588993],
[[1900.0,650.0,650.0],0.0005019739],
[[1900.0,700.0,700.0],0.000546712],
[[1900.0,750.0,750.0],0.0005894215],
[[1900.0,800.0,800.0],0.0005243867],
[[1900.0,850.0,850.0],0.000568543],
[[1900.0,900.0,900.0],0.0005997586],
[[1950.0,1.0,1.0],0.0005420281],
[[1950.0,75.0,75.0],0.0004751108],
[[1950.0,150.0,150.0],0.0005349616],
[[1950.0,200.0,200.0],0.0004303729],
[[1950.0,250.0,250.0],0.0004948584],
[[1950.0,300.0,300.0],0.0005792746],
[[1950.0,350.0,350.0],0.0005573193],
[[1950.0,400.0,400.0],0.0005999701],
[[1950.0,450.0,450.0],0.0005221412],
[[1950.0,500.0,500.0],0.0006105548],
[[1950.0,550.0,550.0],0.0005962545],
[[1950.0,600.0,600.0],0.0005830509],
[[1950.0,650.0,650.0],0.0005529444],
[[1950.0,700.0,700.0],0.0005757838],
[[1950.0,750.0,750.0],0.0005833921],
[[1950.0,800.0,800.0],0.000602901],
[[1950.0,850.0,850.0],0.0005527928],
[[1950.0,900.0,900.0],0.0006069651],
[[1950.0,950.0,950.0],0.0006032632],
[[2000.0,1.0,1.0],0.000607884],
[[2000.0,75.0,75.0],0.0005707412],
[[2000.0,150.0,150.0],0.0005916137],
[[2000.0,200.0,200.0],0.0005189344],
[[2000.0,250.0,250.0],0.0005257669],
[[2000.0,300.0,300.0],0.0005347761],
[[2000.0,350.0,350.0],0.0006371304],
[[2000.0,400.0,400.0],0.000514813],
[[2000.0,450.0,450.0],0.0005150221],
[[2000.0,500.0,500.0],0.0005877185],
[[2000.0,550.0,550.0],0.0006365548],
[[2000.0,600.0,600.0],0.0006082397],
[[2000.0,650.0,650.0],0.0005704552],
[[2000.0,700.0,700.0],0.0005845013],
[[2000.0,750.0,750.0],0.0005464161],
[[2000.0,800.0,800.0],0.0005980302],
[[2000.0,850.0,850.0],0.0005549799],
[[2000.0,900.0,900.0],0.000609217],
[[2000.0,950.0,950.0],0.0006052775],
[[2250.0,1.0,1.0],0.000619818],
[[2250.0,75.0,75.0],0.0006153108],
[[2250.0,150.0,150.0],0.0005750443],
[[2250.0,300.0,300.0],0.0005580752],
[[2250.0,500.0,500.0],0.0005903995],
[[2250.0,750.0,750.0],0.0005693628],
[[2250.0,1000.0,1000.0],0.0007034484],
[[2500.0,1.0,1.0],0.0006584076],
[[2500.0,75.0,75.0],0.0006832627],
[[2500.0,150.0,150.0],0.0006738981],
[[2500.0,300.0,300.0],0.0006643971],
[[2500.0,500.0,500.0],0.0006502211],
[[2500.0,750.0,750.0],0.0006440192],
[[2500.0,1000.0,1000.0],0.0006748819],
[[2500.0,1200.0,1200.0],0.0006545552],
[[2750.0,1.0,1.0],0.0006315184],
[[2750.0,75.0,75.0],0.0006088805],
[[2750.0,150.0,150.0],0.0006923601],
[[2750.0,300.0,300.0],0.0006489215],
[[2750.0,500.0,500.0],0.0006409939],
[[2750.0,750.0,750.0],0.0006389596],
[[2750.0,1000.0,1000.0],0.0006421703],
[[2750.0,1200.0,1200.0],0.000680959],
[[3000.0,1.0,1.0],0.0006379009],
[[3000.0,75.0,75.0],0.0006626524],
[[3000.0,150.0,150.0],0.0007094085],
[[3000.0,300.0,300.0],0.000634257],
[[3000.0,500.0,500.0],0.0006350082],
[[3000.0,750.0,750.0],0.000628072],
[[3000.0,1000.0,1000.0],0.0006716159],
[[3000.0,1200.0,1200.0],0.0006736334],
[[3000.0,1400.0,1400.0],0.000679498]]
