txName: TRS1
constraint: {(PV > H0(1)), (H0(1) > MET(2),MET(3))}
condition: None
conditionDescription: None
figureUrl: https://cms-results.web.cern.ch/cms-results/public-results/publications/EXO-20-004/CMS-EXO-20-004_Figure_009-a.png
source: https://doi.org/10.5281/zenodo.13324003
validated: True
axesMap: [{0: 'x', 1: '1.0', 2: '1.0'}, {0: 'x', 1: 'y', 2: 'y'}]
dataMap: {0: (1, 'mass', GeV), 1: (2, 'mass', GeV), 2: (3, 'mass', GeV)}
finalState: ['MET', 'MET']
intermediateState: None
efficiencyMap: [[[100.0,10.0,10.0],1.755768e-06],
[[150.0,1.0,1.0],3.148196e-06],
[[150.0,50.0,50.0],3.498804e-06],
[[200.0,1.0,1.0],4.991414e-06],
[[200.0,50.0,50.0],5.783863e-06],
[[200.0,100.0,100.0],1.188748e-05],
[[250.0,1.0,1.0],8.46139e-06],
[[250.0,10.0,10.0],7.707626e-06],
[[250.0,50.0,50.0],8.102319e-06],
[[250.0,100.0,100.0],8.986564e-06],
[[300.0,1.0,1.0],9.856875e-06],
[[300.0,50.0,50.0],1.030542e-05],
[[300.0,100.0,100.0],1.141717e-05],
[[350.0,1.0,1.0],1.445284e-05],
[[350.0,50.0,50.0],1.17861e-05],
[[350.0,100.0,100.0],1.17256e-05],
[[350.0,150.0,150.0],1.387279e-05],
[[400.0,1.0,1.0],1.463759e-05],
[[400.0,50.0,50.0],1.361809e-05],
[[400.0,100.0,100.0],1.406269e-05],
[[400.0,150.0,150.0],1.446244e-05],
[[450.0,1.0,1.0],2.217574e-05],
[[450.0,50.0,50.0],2.032624e-05],
[[450.0,100.0,100.0],3.551373e-05],
[[450.0,150.0,150.0],1.994618e-05],
[[450.0,200.0,200.0],2.478465e-05],
[[500.0,1.0,1.0],2.611484e-05],
[[500.0,10.0,10.0],2.689365e-05],
[[500.0,50.0,50.0],2.647057e-05],
[[500.0,100.0,100.0],2.694546e-05],
[[500.0,150.0,150.0],2.455928e-05],
[[500.0,200.0,200.0],2.551403e-05],
[[550.0,1.0,1.0],4.015457e-05],
[[550.0,50.0,50.0],3.80288e-05],
[[550.0,100.0,100.0],3.864343e-05],
[[550.0,150.0,150.0],3.837317e-05],
[[550.0,200.0,200.0],3.657558e-05],
[[550.0,250.0,250.0],4.842029e-05],
[[600.0,1.0,1.0],5.312001e-05],
[[600.0,50.0,50.0],5.226184e-05],
[[600.0,100.0,100.0],4.530526e-05],
[[600.0,150.0,150.0],4.804422e-05],
[[600.0,200.0,200.0],5.581834e-05],
[[600.0,250.0,250.0],6.118581e-05],
[[650.0,1.0,1.0],6.817745e-05],
[[650.0,50.0,50.0],6.04269e-05],
[[650.0,100.0,100.0],6.195066e-05],
[[650.0,150.0,150.0],8.183745e-05],
[[650.0,200.0,200.0],6.666991e-05],
[[650.0,250.0,250.0],6.661276e-05],
[[650.0,300.0,300.0],7.424477e-05],
[[700.0,1.0,1.0],7.049945e-05],
[[700.0,50.0,50.0],8.107951e-05],
[[700.0,100.0,100.0],8.039242e-05],
[[700.0,150.0,150.0],8.436379e-05],
[[700.0,200.0,200.0],9.213541e-05],
[[700.0,250.0,250.0],8.761911e-05],
[[700.0,300.0,300.0],9.104447e-05],
[[750.0,1.0,1.0],9.494242e-05],
[[750.0,10.0,10.0],0.0001029508],
[[750.0,50.0,50.0],9.9813e-05],
[[750.0,100.0,100.0],0.0001093747],
[[750.0,150.0,150.0],9.657855e-05],
[[750.0,200.0,200.0],0.0001048],
[[750.0,250.0,250.0],0.0001030766],
[[750.0,300.0,300.0],0.0001079975],
[[750.0,350.0,350.0],0.0001179774],
[[800.0,1.0,1.0],0.0001510213],
[[800.0,150.0,150.0],0.0001271828],
[[800.0,200.0,200.0],0.0001338403],
[[800.0,250.0,250.0],0.0001240731],
[[800.0,300.0,300.0],0.000137694],
[[800.0,350.0,350.0],0.0001604862],
[[850.0,1.0,1.0],0.0001417668],
[[850.0,150.0,150.0],0.0001257767],
[[850.0,200.0,200.0],0.0001587518],
[[850.0,250.0,250.0],0.000170903],
[[850.0,300.0,300.0],0.0001667011],
[[850.0,350.0,350.0],0.0001542254],
[[850.0,400.0,400.0],0.0002102709],
[[900.0,1.0,1.0],0.0001751967],
[[900.0,150.0,150.0],0.0001803741],
[[900.0,200.0,200.0],0.000163377],
[[900.0,250.0,250.0],0.0001921649],
[[900.0,300.0,300.0],0.0002436805],
[[900.0,350.0,350.0],0.0002074017],
[[900.0,400.0,400.0],0.000201401],
[[950.0,1.0,1.0],0.0001773531],
[[950.0,150.0,150.0],0.0001901841],
[[950.0,200.0,200.0],0.000203215],
[[950.0,250.0,250.0],0.0002410211],
[[950.0,300.0,300.0],0.0002306431],
[[950.0,350.0,350.0],0.0002227525],
[[950.0,400.0,400.0],0.0002230081],
[[950.0,450.0,450.0],0.0002510709],
[[1000.0,1.0,1.0],0.0002094392],
[[1000.0,10.0,10.0],0.0002012604],
[[1000.0,50.0,50.0],0.0001997514],
[[1000.0,100.0,100.0],0.0002244642],
[[1000.0,150.0,150.0],0.0002576529],
[[1000.0,200.0,200.0],0.0002287882],
[[1000.0,250.0,250.0],0.000257022],
[[1000.0,300.0,300.0],0.0003178852],
[[1000.0,350.0,350.0],0.0002597685],
[[1000.0,400.0,400.0],0.0002384667],
[[1000.0,450.0,450.0],0.0002469235],
[[1050.0,1.0,1.0],0.0002648065],
[[1050.0,150.0,150.0],0.0002395571],
[[1050.0,200.0,200.0],0.0002543426],
[[1050.0,250.0,250.0],0.0003372145],
[[1050.0,300.0,300.0],0.0002925846],
[[1050.0,350.0,350.0],0.0003928148],
[[1050.0,400.0,400.0],0.0002885308],
[[1050.0,450.0,450.0],0.0003438658],
[[1050.0,500.0,500.0],0.0003466694],
[[1100.0,1.0,1.0],0.000260059],
[[1100.0,150.0,150.0],0.0002761106],
[[1100.0,200.0,200.0],0.0003117744],
[[1100.0,250.0,250.0],0.0003096905],
[[1100.0,300.0,300.0],0.0002935355],
[[1100.0,350.0,350.0],0.0003148856],
[[1100.0,400.0,400.0],0.0003422294],
[[1100.0,450.0,450.0],0.0008273385],
[[1100.0,500.0,500.0],0.0003410202],
[[1150.0,1.0,1.0],0.0003013591],
[[1150.0,150.0,150.0],0.0003014442],
[[1150.0,200.0,200.0],0.0002760725],
[[1150.0,250.0,250.0],0.0003099091],
[[1150.0,300.0,300.0],0.0008571876],
[[1150.0,350.0,350.0],0.0003480506],
[[1150.0,400.0,400.0],0.0003502312],
[[1150.0,450.0,450.0],0.000407023],
[[1150.0,500.0,500.0],0.0004247257],
[[1150.0,550.0,550.0],0.0003871705],
[[1200.0,1.0,1.0],0.0002982701],
[[1200.0,150.0,150.0],0.0003295575],
[[1200.0,200.0,200.0],0.0005896029],
[[1200.0,250.0,250.0],0.0003680397],
[[1200.0,300.0,300.0],0.0003964467],
[[1200.0,350.0,350.0],0.0004232927],
[[1200.0,400.0,400.0],0.000405621],
[[1200.0,450.0,450.0],0.0005261426],
[[1200.0,500.0,500.0],0.0004190162],
[[1200.0,550.0,550.0],0.0006277326],
[[1250.0,1.0,1.0],0.0003529465],
[[1250.0,10.0,10.0],0.0003039662],
[[1250.0,50.0,50.0],0.0003478308],
[[1250.0,100.0,100.0],0.0004419499],
[[1250.0,150.0,150.0],0.0003561797],
[[1250.0,200.0,200.0],0.0003717786],
[[1250.0,250.0,250.0],0.0004004958],
[[1250.0,300.0,300.0],0.0004124802],
[[1250.0,350.0,350.0],0.0004382888],
[[1250.0,400.0,400.0],0.0009054455],
[[1250.0,450.0,450.0],0.0004561956],
[[1250.0,500.0,500.0],0.000507782],
[[1250.0,550.0,550.0],0.0006822231],
[[1250.0,600.0,600.0],0.0005141664],
[[1300.0,1.0,1.0],0.0003315489],
[[1300.0,150.0,150.0],0.0003587472],
[[1300.0,200.0,200.0],0.0003972295],
[[1300.0,250.0,250.0],0.0005015151],
[[1300.0,300.0,300.0],0.0004292626],
[[1300.0,350.0,350.0],0.0004572183],
[[1300.0,400.0,400.0],0.0005177162],
[[1300.0,450.0,450.0],0.0004826716],
[[1300.0,500.0,500.0],0.000609181],
[[1300.0,550.0,550.0],0.0005090154],
[[1300.0,600.0,600.0],0.0004371312],
[[1350.0,1.0,1.0],0.0003598235],
[[1350.0,150.0,150.0],0.0004045604],
[[1350.0,200.0,200.0],0.0004345216],
[[1350.0,250.0,250.0],0.0004794731],
[[1350.0,300.0,300.0],0.0004566573],
[[1350.0,350.0,350.0],0.0005944369],
[[1350.0,400.0,400.0],0.000462889],
[[1350.0,450.0,450.0],0.0005237073],
[[1350.0,500.0,500.0],0.0005311572],
[[1350.0,550.0,550.0],0.0005541116],
[[1350.0,600.0,600.0],0.0005354492],
[[1350.0,650.0,650.0],0.0005524387],
[[1400.0,1.0,1.0],0.0003250291],
[[1400.0,150.0,150.0],0.0004495008],
[[1400.0,200.0,200.0],0.0004593101],
[[1400.0,250.0,250.0],0.0004724329],
[[1400.0,300.0,300.0],0.0006524807],
[[1400.0,350.0,350.0],0.0005079504],
[[1400.0,400.0,400.0],0.0005959413],
[[1400.0,450.0,450.0],0.0005460821],
[[1400.0,500.0,500.0],0.000561317],
[[1400.0,550.0,550.0],0.0005514766],
[[1400.0,600.0,600.0],0.0006187136],
[[1400.0,650.0,650.0],0.0006705355],
[[1450.0,1.0,1.0],0.0003809535],
[[1450.0,150.0,150.0],0.000456716],
[[1450.0,200.0,200.0],0.0004735954],
[[1450.0,250.0,250.0],0.0005011385],
[[1450.0,300.0,300.0],0.0005766526],
[[1450.0,350.0,350.0],0.0005811666],
[[1450.0,400.0,400.0],0.0005594028],
[[1450.0,450.0,450.0],0.0006082438],
[[1450.0,500.0,500.0],0.001013986],
[[1450.0,550.0,550.0],0.0006306141],
[[1450.0,600.0,600.0],0.0006378044],
[[1450.0,650.0,650.0],0.0006714569],
[[1450.0,700.0,700.0],0.0007431506],
[[1500.0,1.0,1.0],0.0004116947],
[[1500.0,10.0,10.0],0.0005275639],
[[1500.0,50.0,50.0],0.0004411862],
[[1500.0,100.0,100.0],0.0005586968],
[[1500.0,150.0,150.0],0.0004918505],
[[1500.0,200.0,200.0],0.0005092597],
[[1500.0,250.0,250.0],0.0005033749],
[[1500.0,300.0,300.0],0.0005571621],
[[1500.0,350.0,350.0],0.000642201],
[[1500.0,400.0,400.0],0.0006974775],
[[1500.0,450.0,450.0],0.0006366256],
[[1500.0,500.0,500.0],0.0007110864],
[[1500.0,550.0,550.0],0.0007321477],
[[1500.0,600.0,600.0],0.0006723997],
[[1500.0,650.0,650.0],0.0007720848],
[[1500.0,700.0,700.0],0.0007874615],
[[1500.0,750.0,750.0],0.00103837],
[[1550.0,1.0,1.0],0.0004632007],
[[1550.0,150.0,150.0],0.0004551656],
[[1550.0,200.0,200.0],0.0007639118],
[[1550.0,250.0,250.0],0.0007011809],
[[1550.0,300.0,300.0],0.0006166054],
[[1550.0,350.0,350.0],0.0006735347],
[[1550.0,400.0,400.0],0.0006666146],
[[1550.0,450.0,450.0],0.0005589453],
[[1550.0,500.0,500.0],0.0006086815],
[[1550.0,550.0,550.0],0.0007561586],
[[1550.0,600.0,600.0],0.0007662182],
[[1550.0,650.0,650.0],0.0006747398],
[[1550.0,700.0,700.0],0.0009465841],
[[1550.0,750.0,750.0],0.0008279722],
[[1600.0,1.0,1.0],0.0004168871],
[[1600.0,150.0,150.0],0.0007088591],
[[1600.0,200.0,200.0],0.0005516644],
[[1600.0,250.0,250.0],0.0005745594],
[[1600.0,300.0,300.0],0.0006233337],
[[1600.0,350.0,350.0],0.000657709],
[[1600.0,400.0,400.0],0.0006757808],
[[1600.0,450.0,450.0],0.0007562369],
[[1600.0,500.0,500.0],0.000677611],
[[1600.0,550.0,550.0],0.0008985212],
[[1600.0,600.0,600.0],0.0009468717],
[[1600.0,650.0,650.0],0.0008987024],
[[1600.0,700.0,700.0],0.000745167],
[[1600.0,750.0,750.0],0.0007718049],
[[1650.0,1.0,1.0],0.0006218808],
[[1650.0,150.0,150.0],0.0005390839],
[[1650.0,200.0,200.0],0.00056235],
[[1650.0,250.0,250.0],0.0005909405],
[[1650.0,300.0,300.0],0.000628579],
[[1650.0,350.0,350.0],0.0006950388],
[[1650.0,400.0,400.0],0.0007184901],
[[1650.0,450.0,450.0],0.000860938],
[[1650.0,500.0,500.0],0.0007019169],
[[1650.0,550.0,550.0],0.0008245319],
[[1650.0,600.0,600.0],0.0009010636],
[[1650.0,650.0,650.0],0.0008100016],
[[1650.0,700.0,700.0],0.0007929549],
[[1650.0,750.0,750.0],0.0008974899],
[[1650.0,800.0,800.0],0.0008896594],
[[1700.0,1.0,1.0],0.000518633],
[[1700.0,150.0,150.0],0.0007368326],
[[1700.0,200.0,200.0],0.000557041],
[[1700.0,250.0,250.0],0.0006477159],
[[1700.0,300.0,300.0],0.000600266],
[[1700.0,350.0,350.0],0.001025246],
[[1700.0,400.0,400.0],0.000765178],
[[1700.0,450.0,450.0],0.0007607452],
[[1700.0,500.0,500.0],0.0007218355],
[[1700.0,550.0,550.0],0.0007710748],
[[1700.0,600.0,600.0],0.0006699058],
[[1700.0,650.0,650.0],0.0009758562],
[[1700.0,700.0,700.0],0.0008360865],
[[1700.0,750.0,750.0],0.0008188069],
[[1700.0,800.0,800.0],0.0009000354],
[[1750.0,1.0,1.0],0.0004540877],
[[1750.0,10.0,10.0],0.0004443528],
[[1750.0,50.0,50.0],0.0004801274],
[[1750.0,100.0,100.0],0.0005078477],
[[1750.0,150.0,150.0],0.0005547444],
[[1750.0,200.0,200.0],0.0005841353],
[[1750.0,250.0,250.0],0.000605311],
[[1750.0,300.0,300.0],0.0008546876],
[[1750.0,350.0,350.0],0.0007646028],
[[1750.0,400.0,400.0],0.0008585743],
[[1750.0,450.0,450.0],0.0008694701],
[[1750.0,500.0,500.0],0.0009238719],
[[1750.0,550.0,550.0],0.0008593674],
[[1750.0,600.0,600.0],0.000860341],
[[1750.0,650.0,650.0],0.0009428598],
[[1750.0,700.0,700.0],0.0007906185],
[[1750.0,750.0,750.0],0.0007494719],
[[1750.0,800.0,800.0],0.0012359],
[[1750.0,850.0,850.0],0.000933162],
[[1800.0,1.0,1.0],0.0004443656],
[[1800.0,150.0,150.0],0.0005838215],
[[1800.0,200.0,200.0],0.0007575366],
[[1800.0,250.0,250.0],0.0008967321],
[[1800.0,300.0,300.0],0.0007913095],
[[1800.0,350.0,350.0],0.0007590707],
[[1800.0,400.0,400.0],0.000907048],
[[1800.0,450.0,450.0],0.0008986096],
[[1800.0,500.0,500.0],0.0008937217],
[[1800.0,550.0,550.0],0.0008554332],
[[1800.0,600.0,600.0],0.0009027694],
[[1800.0,650.0,650.0],0.001192844],
[[1800.0,700.0,700.0],0.0007742166],
[[1800.0,750.0,750.0],0.0009239558],
[[1800.0,800.0,800.0],0.0009536304],
[[1800.0,850.0,850.0],0.001114801],
[[1850.0,1.0,1.0],0.0004901473],
[[1850.0,150.0,150.0],0.0005787096],
[[1850.0,200.0,200.0],0.0006836643],
[[1850.0,250.0,250.0],0.0007090438],
[[1850.0,300.0,300.0],0.0007627052],
[[1850.0,350.0,350.0],0.0007013777],
[[1850.0,400.0,400.0],0.0008503135],
[[1850.0,450.0,450.0],0.0008964265],
[[1850.0,500.0,500.0],0.0009636105],
[[1850.0,550.0,550.0],0.001052383],
[[1850.0,600.0,600.0],0.0009222944],
[[1850.0,650.0,650.0],0.0008379098],
[[1850.0,700.0,700.0],0.0007694831],
[[1850.0,750.0,750.0],0.0008910962],
[[1850.0,800.0,800.0],0.000994302],
[[1850.0,850.0,850.0],0.0008475843],
[[1850.0,900.0,900.0],0.00134452],
[[1900.0,1.0,1.0],0.0004382571],
[[1900.0,150.0,150.0],0.0006356429],
[[1900.0,200.0,200.0],0.0006679003],
[[1900.0,250.0,250.0],0.0007862872],
[[1900.0,300.0,300.0],0.0008024105],
[[1900.0,350.0,350.0],0.0008486141],
[[1900.0,400.0,400.0],0.0009895345],
[[1900.0,450.0,450.0],0.001049486],
[[1900.0,500.0,500.0],0.0009991464],
[[1900.0,550.0,550.0],0.0008384277],
[[1900.0,600.0,600.0],0.0009977078],
[[1900.0,650.0,650.0],0.001098684],
[[1900.0,700.0,700.0],0.001043599],
[[1900.0,750.0,750.0],0.001260083],
[[1900.0,800.0,800.0],0.0009172182],
[[1900.0,850.0,850.0],0.001156061],
[[1900.0,900.0,900.0],0.001089189],
[[1950.0,1.0,1.0],0.0004427315],
[[1950.0,150.0,150.0],0.0005377391],
[[1950.0,200.0,200.0],0.0006975838],
[[1950.0,250.0,250.0],0.0007202522],
[[1950.0,300.0,300.0],0.0008158919],
[[1950.0,350.0,350.0],0.0008523971],
[[1950.0,400.0,400.0],0.0008725166],
[[1950.0,450.0,450.0],0.0008582952],
[[1950.0,500.0,500.0],0.0009690367],
[[1950.0,550.0,550.0],0.001113549],
[[1950.0,600.0,600.0],0.0008912188],
[[1950.0,650.0,650.0],0.001010168],
[[1950.0,700.0,700.0],0.0009707372],
[[1950.0,750.0,750.0],0.001244413],
[[1950.0,800.0,800.0],0.001165246],
[[1950.0,850.0,850.0],0.0009665579],
[[1950.0,900.0,900.0],0.00102931],
[[1950.0,950.0,950.0],0.001354623],
[[2000.0,1.0,1.0],0.0005190514],
[[2000.0,10.0,10.0],0.0004283173],
[[2000.0,50.0,50.0],0.0004429588],
[[2000.0,100.0,100.0],0.0004602072],
[[2000.0,150.0,150.0],0.0005989265],
[[2000.0,200.0,200.0],0.0006086248],
[[2000.0,250.0,250.0],0.0007260575],
[[2000.0,300.0,300.0],0.0008799104],
[[2000.0,350.0,350.0],0.0008765337],
[[2000.0,400.0,400.0],0.000852427],
[[2000.0,450.0,450.0],0.000865319],
[[2000.0,500.0,500.0],0.0009638982],
[[2000.0,550.0,550.0],0.0008801619],
[[2000.0,600.0,600.0],0.000971973],
[[2000.0,650.0,650.0],0.001112698],
[[2000.0,700.0,700.0],0.0009820607],
[[2000.0,750.0,750.0],0.00105202],
[[2000.0,800.0,800.0],0.001039312],
[[2000.0,850.0,850.0],0.0009520302],
[[2000.0,900.0,900.0],0.001044889],
[[2000.0,950.0,950.0],0.001175274],
[[2250.0,1.0,1.0],0.0004981403],
[[2250.0,10.0,10.0],0.000414384],
[[2250.0,50.0,50.0],0.00043412],
[[2250.0,100.0,100.0],0.0005516631],
[[2250.0,150.0,150.0],0.0005403003],
[[2250.0,300.0,300.0],0.0008162696],
[[2250.0,500.0,500.0],0.001186953],
[[2250.0,750.0,750.0],0.001289441],
[[2250.0,1000.0,1000.0],0.001207733],
[[2500.0,1.0,1.0],0.0004233734],
[[2500.0,10.0,10.0],0.0004470648],
[[2500.0,50.0,50.0],0.000351975],
[[2500.0,100.0,100.0],0.0004376978],
[[2500.0,150.0,150.0],0.000599441],
[[2500.0,300.0,300.0],0.0008185676],
[[2500.0,500.0,500.0],0.001276896],
[[2500.0,750.0,750.0],0.001302546],
[[2500.0,1000.0,1000.0],0.001259736],
[[2500.0,1200.0,1200.0],0.001367693],
[[2750.0,1.0,1.0],0.0002982818],
[[2750.0,10.0,10.0],0.0003171383],
[[2750.0,50.0,50.0],0.0003178666],
[[2750.0,100.0,100.0],0.0003511734],
[[2750.0,150.0,150.0],0.0005223822],
[[2750.0,300.0,300.0],0.0008539134],
[[2750.0,500.0,500.0],0.001198737],
[[2750.0,750.0,750.0],0.001380786],
[[2750.0,1000.0,1000.0],0.001450552],
[[2750.0,1200.0,1200.0],0.001510017],
[[3000.0,1.0,1.0],0.0002578819],
[[3000.0,10.0,10.0],0.0002644022],
[[3000.0,50.0,50.0],0.0002823068],
[[3000.0,100.0,100.0],0.0003411326],
[[3000.0,150.0,150.0],0.0004501534],
[[3000.0,300.0,300.0],0.0008152682],
[[3000.0,500.0,500.0],0.001197118],
[[3000.0,750.0,750.0],0.001501437],
[[3000.0,1000.0,1000.0],0.001442824],
[[3000.0,1200.0,1200.0],0.001497019],
[[3000.0,1400.0,1400.0],0.001464098]]
