txName: TRV1
constraint: {(PV > Zprime(1)), (Zprime(1) > MET(2),MET(3))}
condition: None
conditionDescription: None
figureUrl: https://cms-results.web.cern.ch/cms-results/public-results/publications/EXO-20-004/CMS-EXO-20-004_Figure_007-b.png
source: https://doi.org/10.5281/zenodo.13324003
validated: True
axesMap: [{0: 'x', 1: 'y', 2: 'y'}]
dataMap: {0: (1, 'mass', GeV), 1: (2, 'mass', GeV), 2: (3, 'mass', GeV)}
finalState: ['MET', 'MET']
intermediateState: None
efficiencyMap: [[[50.0,1.0,1.0],1.808099e-08],
[[100.0,1.0,1.0],1.905967e-07],
[[100.0,10.0,10.0],1.403351e-07],
[[150.0,1.0,1.0],9.018498e-07],
[[150.0,75.0,75.0],9.574996e-07],
[[200.0,1.0,1.0],2.579973e-06],
[[200.0,75.0,75.0],1.670186e-06],
[[250.0,1.0,1.0],2.976136e-06],
[[250.0,10.0,10.0],3.642226e-06],
[[250.0,75.0,75.0],4.011382e-06],
[[300.0,1.0,1.0],6.357163e-06],
[[300.0,75.0,75.0],6.636606e-06],
[[350.0,1.0,1.0],8.543565e-06],
[[350.0,75.0,75.0],1.110979e-05],
[[350.0,150.0,150.0],8.543129e-06],
[[400.0,1.0,1.0],1.39299e-05],
[[400.0,75.0,75.0],1.360151e-05],
[[400.0,150.0,150.0],1.448975e-05],
[[450.0,1.0,1.0],2.140043e-05],
[[450.0,75.0,75.0],1.86263e-05],
[[450.0,150.0,150.0],1.727555e-05],
[[450.0,200.0,200.0],2.08276e-05],
[[500.0,1.0,1.0],2.328739e-05],
[[500.0,10.0,10.0],2.547723e-05],
[[500.0,75.0,75.0],2.302996e-05],
[[500.0,150.0,150.0],2.654078e-05],
[[500.0,200.0,200.0],2.563779e-05],
[[550.0,1.0,1.0],3.03457e-05],
[[550.0,75.0,75.0],3.574295e-05],
[[550.0,150.0,150.0],3.574435e-05],
[[550.0,200.0,200.0],3.383423e-05],
[[550.0,250.0,250.0],2.824897e-05],
[[600.0,1.0,1.0],3.902923e-05],
[[600.0,75.0,75.0],3.897601e-05],
[[600.0,150.0,150.0],4.034838e-05],
[[600.0,200.0,200.0],4.887112e-05],
[[600.0,250.0,250.0],4.310775e-05],
[[650.0,1.0,1.0],4.785326e-05],
[[650.0,75.0,75.0],5.092916e-05],
[[650.0,150.0,150.0],4.750151e-05],
[[650.0,200.0,200.0],4.664612e-05],
[[650.0,250.0,250.0],5.357147e-05],
[[650.0,300.0,300.0],5.766762e-05],
[[700.0,1.0,1.0],5.677399e-05],
[[700.0,75.0,75.0],6.401406e-05],
[[700.0,150.0,150.0],5.685296e-05],
[[700.0,200.0,200.0],6.176689e-05],
[[700.0,250.0,250.0],6.12112e-05],
[[700.0,300.0,300.0],6.19319e-05],
[[750.0,1.0,1.0],6.206673e-05],
[[750.0,10.0,10.0],6.555441e-05],
[[750.0,75.0,75.0],7.013213e-05],
[[750.0,150.0,150.0],6.185032e-05],
[[750.0,200.0,200.0],6.86648e-05],
[[750.0,250.0,250.0],8.039268e-05],
[[750.0,300.0,300.0],6.738739e-05],
[[750.0,350.0,350.0],7.148542e-05],
[[800.0,1.0,1.0],7.429343e-05],
[[800.0,75.0,75.0],7.318276e-05],
[[800.0,150.0,150.0],8.050598e-05],
[[800.0,200.0,200.0],8.661946e-05],
[[800.0,250.0,250.0],7.966793e-05],
[[800.0,300.0,300.0],7.757387e-05],
[[800.0,350.0,350.0],7.725694e-05],
[[850.0,1.0,1.0],8.849403e-05],
[[850.0,75.0,75.0],7.963462e-05],
[[850.0,150.0,150.0],9.593022e-05],
[[850.0,200.0,200.0],8.391976e-05],
[[850.0,250.0,250.0],9.55825e-05],
[[850.0,300.0,300.0],8.989378e-05],
[[850.0,350.0,350.0],9.67188e-05],
[[850.0,400.0,400.0],0.0001045328],
[[900.0,1.0,1.0],9.879795e-05],
[[900.0,75.0,75.0],0.000105746],
[[900.0,150.0,150.0],0.0001031366],
[[900.0,200.0,200.0],9.506653e-05],
[[900.0,250.0,250.0],0.0001078318],
[[900.0,300.0,300.0],0.0001034032],
[[900.0,350.0,350.0],9.400548e-05],
[[900.0,400.0,400.0],9.977057e-05],
[[950.0,1.0,1.0],9.975253e-05],
[[950.0,75.0,75.0],9.346427e-05],
[[950.0,150.0,150.0],0.0001278853],
[[950.0,200.0,200.0],0.0001214097],
[[950.0,250.0,250.0],0.0001247161],
[[950.0,300.0,300.0],0.0001172929],
[[950.0,350.0,350.0],0.0001019304],
[[950.0,400.0,400.0],0.0001112605],
[[950.0,450.0,450.0],0.0001197661],
[[1000.0,1.0,1.0],0.0001219323],
[[1000.0,10.0,10.0],0.0001057843],
[[1000.0,75.0,75.0],0.0001189269],
[[1000.0,150.0,150.0],0.0001250462],
[[1000.0,200.0,200.0],0.0001263259],
[[1000.0,250.0,250.0],0.0001264295],
[[1000.0,300.0,300.0],0.0001192671],
[[1000.0,350.0,350.0],0.0001191664],
[[1000.0,400.0,400.0],0.0001124916],
[[1000.0,450.0,450.0],0.0001123982],
[[1050.0,1.0,1.0],0.0001247907],
[[1050.0,75.0,75.0],0.0001308443],
[[1050.0,150.0,150.0],0.0001417666],
[[1050.0,200.0,200.0],0.0001252828],
[[1050.0,250.0,250.0],0.0001205195],
[[1050.0,300.0,300.0],0.0001184565],
[[1050.0,350.0,350.0],0.0001327203],
[[1050.0,400.0,400.0],0.0001332459],
[[1050.0,450.0,450.0],0.0001422279],
[[1050.0,500.0,500.0],0.0001383945],
[[1100.0,1.0,1.0],0.0001439735],
[[1100.0,75.0,75.0],0.0001484748],
[[1100.0,150.0,150.0],0.0001454058],
[[1100.0,200.0,200.0],0.0001604004],
[[1100.0,250.0,250.0],0.0001465934],
[[1100.0,300.0,300.0],0.0001554767],
[[1100.0,350.0,350.0],0.0001286623],
[[1100.0,400.0,400.0],0.0001580666],
[[1100.0,450.0,450.0],0.0001485597],
[[1100.0,500.0,500.0],0.0001455615],
[[1150.0,1.0,1.0],0.0001399363],
[[1150.0,75.0,75.0],0.0001338229],
[[1150.0,150.0,150.0],0.0001653174],
[[1150.0,200.0,200.0],0.000163379],
[[1150.0,250.0,250.0],0.0001639731],
[[1150.0,300.0,300.0],0.0001653959],
[[1150.0,350.0,350.0],0.0001805032],
[[1150.0,400.0,400.0],0.000166959],
[[1150.0,450.0,450.0],0.0001375689],
[[1150.0,500.0,500.0],0.0001373213],
[[1150.0,550.0,550.0],0.0001895959],
[[1200.0,1.0,1.0],0.0001517369],
[[1200.0,75.0,75.0],0.000147415],
[[1200.0,150.0,150.0],0.0001680637],
[[1200.0,200.0,200.0],0.0001711794],
[[1200.0,250.0,250.0],0.0002122714],
[[1200.0,300.0,300.0],0.0001881903],
[[1200.0,350.0,350.0],0.0001682828],
[[1200.0,400.0,400.0],0.0001672473],
[[1200.0,450.0,450.0],0.0001723843],
[[1200.0,500.0,500.0],0.0001753637],
[[1200.0,550.0,550.0],0.000169904],
[[1250.0,1.0,1.0],0.0001538507],
[[1250.0,10.0,10.0],0.0001662506],
[[1250.0,75.0,75.0],0.000161075],
[[1250.0,150.0,150.0],0.0001750448],
[[1250.0,200.0,200.0],0.0002436937],
[[1250.0,250.0,250.0],0.000174285],
[[1250.0,300.0,300.0],0.0001743256],
[[1250.0,350.0,350.0],0.0001641085],
[[1250.0,400.0,400.0],0.0001913808],
[[1250.0,450.0,450.0],0.0001730257],
[[1250.0,500.0,500.0],0.0001800926],
[[1250.0,550.0,550.0],0.0001867466],
[[1250.0,600.0,600.0],0.0002345517],
[[1300.0,1.0,1.0],0.0001789052],
[[1300.0,75.0,75.0],0.000177872],
[[1300.0,150.0,150.0],0.0001931753],
[[1300.0,200.0,200.0],0.0001948949],
[[1300.0,250.0,250.0],0.0001728266],
[[1300.0,300.0,300.0],0.0001587944],
[[1300.0,350.0,350.0],0.000189758],
[[1300.0,400.0,400.0],0.0001808295],
[[1300.0,450.0,450.0],0.0002206605],
[[1300.0,500.0,500.0],0.0002019308],
[[1300.0,550.0,550.0],0.0002072784],
[[1300.0,600.0,600.0],0.0001935881],
[[1350.0,1.0,1.0],0.0001925085],
[[1350.0,75.0,75.0],0.0001981801],
[[1350.0,150.0,150.0],0.0002073087],
[[1350.0,200.0,200.0],0.0001983677],
[[1350.0,250.0,250.0],0.0002523086],
[[1350.0,300.0,300.0],0.0001908409],
[[1350.0,350.0,350.0],0.0001901632],
[[1350.0,400.0,400.0],0.0002188922],
[[1350.0,450.0,450.0],0.000196032],
[[1350.0,500.0,500.0],0.0002403093],
[[1350.0,550.0,550.0],0.000196045],
[[1350.0,600.0,600.0],0.0002325733],
[[1350.0,650.0,650.0],0.0001949346],
[[1400.0,1.0,1.0],0.0001990646],
[[1400.0,75.0,75.0],0.0002010771],
[[1400.0,150.0,150.0],0.0001953113],
[[1400.0,200.0,200.0],0.0001826821],
[[1400.0,250.0,250.0],0.0002176001],
[[1400.0,300.0,300.0],0.0001987654],
[[1400.0,350.0,350.0],0.0002383624],
[[1400.0,400.0,400.0],0.0002037059],
[[1400.0,450.0,450.0],0.0001904676],
[[1400.0,500.0,500.0],0.0002061223],
[[1400.0,550.0,550.0],0.00020599],
[[1400.0,600.0,600.0],0.0002095733],
[[1400.0,650.0,650.0],0.0002298928],
[[1450.0,1.0,1.0],0.0002081352],
[[1450.0,75.0,75.0],0.000211506],
[[1450.0,150.0,150.0],0.000211973],
[[1450.0,200.0,200.0],0.0002207729],
[[1450.0,250.0,250.0],0.0002056404],
[[1450.0,300.0,300.0],0.0002225964],
[[1450.0,350.0,350.0],0.0002289209],
[[1450.0,400.0,400.0],0.0002221846],
[[1450.0,450.0,450.0],0.000256707],
[[1450.0,500.0,500.0],0.0002061206],
[[1450.0,550.0,550.0],0.0002102904],
[[1450.0,600.0,600.0],0.0001973408],
[[1450.0,650.0,650.0],0.0002232638],
[[1450.0,700.0,700.0],0.0002168633],
[[1500.0,1.0,1.0],0.0002143993],
[[1500.0,10.0,10.0],0.000216778],
[[1500.0,75.0,75.0],0.0002118563],
[[1500.0,150.0,150.0],0.0002221425],
[[1500.0,200.0,200.0],0.0002250922],
[[1500.0,250.0,250.0],0.0002108418],
[[1500.0,300.0,300.0],0.000209326],
[[1500.0,350.0,350.0],0.0002168822],
[[1500.0,400.0,400.0],0.0002267596],
[[1500.0,450.0,450.0],0.0002373314],
[[1500.0,500.0,500.0],0.0002225148],
[[1500.0,550.0,550.0],0.0002133414],
[[1500.0,600.0,600.0],0.0002711021],
[[1500.0,650.0,650.0],0.0002215317],
[[1500.0,700.0,700.0],0.0002242529],
[[1500.0,750.0,750.0],0.0002674557],
[[1550.0,1.0,1.0],0.0002439331],
[[1550.0,75.0,75.0],0.0002241908],
[[1550.0,150.0,150.0],0.0002373046],
[[1550.0,200.0,200.0],0.0002239314],
[[1550.0,250.0,250.0],0.0002382881],
[[1550.0,300.0,300.0],0.0002473331],
[[1550.0,350.0,350.0],0.0002241726],
[[1550.0,400.0,400.0],0.0002764693],
[[1550.0,450.0,450.0],0.0002466278],
[[1550.0,500.0,500.0],0.0002459582],
[[1550.0,550.0,550.0],0.0002384808],
[[1550.0,600.0,600.0],0.0002404947],
[[1550.0,650.0,650.0],0.0002456856],
[[1550.0,700.0,700.0],0.0002388691],
[[1550.0,750.0,750.0],0.0002376638],
[[1600.0,1.0,1.0],0.0002238935],
[[1600.0,75.0,75.0],0.000237844],
[[1600.0,150.0,150.0],0.0002354294],
[[1600.0,200.0,200.0],0.0002391196],
[[1600.0,250.0,250.0],0.0002379816],
[[1600.0,300.0,300.0],0.000300682],
[[1600.0,350.0,350.0],0.0002414569],
[[1600.0,400.0,400.0],0.0002304603],
[[1600.0,450.0,450.0],0.0002539626],
[[1600.0,500.0,500.0],0.0002501122],
[[1600.0,550.0,550.0],0.0002777443],
[[1600.0,600.0,600.0],0.0002345785],
[[1600.0,650.0,650.0],0.0002498988],
[[1600.0,700.0,700.0],0.0002562849],
[[1600.0,750.0,750.0],0.0002623435],
[[1650.0,1.0,1.0],0.0002398821],
[[1650.0,75.0,75.0],0.0002255293],
[[1650.0,150.0,150.0],0.0002327001],
[[1650.0,200.0,200.0],0.0002617396],
[[1650.0,250.0,250.0],0.0002182407],
[[1650.0,300.0,300.0],0.0002427671],
[[1650.0,350.0,350.0],0.0002370388],
[[1650.0,400.0,400.0],0.0002487981],
[[1650.0,450.0,450.0],0.0002259502],
[[1650.0,500.0,500.0],0.0002504418],
[[1650.0,550.0,550.0],0.0002455738],
[[1650.0,600.0,600.0],0.0003034479],
[[1650.0,650.0,650.0],0.0002555496],
[[1650.0,700.0,700.0],0.0002828724],
[[1650.0,750.0,750.0],0.0002642787],
[[1650.0,800.0,800.0],0.0002724134],
[[1700.0,1.0,1.0],0.0002559155],
[[1700.0,75.0,75.0],0.0002352754],
[[1700.0,150.0,150.0],0.0002783798],
[[1700.0,200.0,200.0],0.0002556497],
[[1700.0,250.0,250.0],0.0002632419],
[[1700.0,300.0,300.0],0.0002597974],
[[1700.0,350.0,350.0],0.0002964318],
[[1700.0,400.0,400.0],0.0002666431],
[[1700.0,450.0,450.0],0.0002607794],
[[1700.0,500.0,500.0],0.000245712],
[[1700.0,550.0,550.0],0.0002388666],
[[1700.0,600.0,600.0],0.0002938406],
[[1700.0,650.0,650.0],0.000268176],
[[1700.0,700.0,700.0],0.0002528091],
[[1700.0,750.0,750.0],0.0002595327],
[[1700.0,800.0,800.0],0.0002778107],
[[1750.0,1.0,1.0],0.0002625314],
[[1750.0,10.0,10.0],0.0002671232],
[[1750.0,75.0,75.0],0.000273447],
[[1750.0,150.0,150.0],0.0002774283],
[[1750.0,200.0,200.0],0.0002551608],
[[1750.0,250.0,250.0],0.0002291181],
[[1750.0,300.0,300.0],0.0002540546],
[[1750.0,350.0,350.0],0.0002601042],
[[1750.0,400.0,400.0],0.0002678608],
[[1750.0,450.0,450.0],0.0002790964],
[[1750.0,500.0,500.0],0.0002760022],
[[1750.0,550.0,550.0],0.0002455106],
[[1750.0,600.0,600.0],0.0003210882],
[[1750.0,650.0,650.0],0.0002507757],
[[1750.0,700.0,700.0],0.0002820662],
[[1750.0,750.0,750.0],0.0002817336],
[[1750.0,800.0,800.0],0.0003313518],
[[1750.0,850.0,850.0],0.0002777167],
[[1800.0,1.0,1.0],0.0002870453],
[[1800.0,75.0,75.0],0.000257431],
[[1800.0,150.0,150.0],0.0002534059],
[[1800.0,200.0,200.0],0.0002506828],
[[1800.0,250.0,250.0],0.0002787825],
[[1800.0,300.0,300.0],0.0003151825],
[[1800.0,350.0,350.0],0.0002795747],
[[1800.0,400.0,400.0],0.0003025776],
[[1800.0,450.0,450.0],0.000272776],
[[1800.0,500.0,500.0],0.000303876],
[[1800.0,550.0,550.0],0.0002738645],
[[1800.0,600.0,600.0],0.0002646644],
[[1800.0,650.0,650.0],0.0002881128],
[[1800.0,700.0,700.0],0.0002738819],
[[1800.0,750.0,750.0],0.0002778128],
[[1800.0,800.0,800.0],0.0003317145],
[[1800.0,850.0,850.0],0.0002978101],
[[1850.0,1.0,1.0],0.0002725142],
[[1850.0,75.0,75.0],0.0002793372],
[[1850.0,150.0,150.0],0.0002852304],
[[1850.0,200.0,200.0],0.0002480142],
[[1850.0,250.0,250.0],0.0002649691],
[[1850.0,300.0,300.0],0.0002843444],
[[1850.0,350.0,350.0],0.0002452203],
[[1850.0,400.0,400.0],0.000311354],
[[1850.0,450.0,450.0],0.0002769206],
[[1850.0,500.0,500.0],0.0003392528],
[[1850.0,550.0,550.0],0.000280681],
[[1850.0,600.0,600.0],0.0003207058],
[[1850.0,650.0,650.0],0.0002722792],
[[1850.0,700.0,700.0],0.0003622402],
[[1850.0,750.0,750.0],0.0002969159],
[[1850.0,800.0,800.0],0.0002968677],
[[1850.0,850.0,850.0],0.0002895616],
[[1850.0,900.0,900.0],0.0003362575],
[[1900.0,1.0,1.0],0.0002504181],
[[1900.0,75.0,75.0],0.000256528],
[[1900.0,150.0,150.0],0.0002912685],
[[1900.0,200.0,200.0],0.0003600792],
[[1900.0,250.0,250.0],0.000268086],
[[1900.0,300.0,300.0],0.0002647367],
[[1900.0,350.0,350.0],0.0002862162],
[[1900.0,400.0,400.0],0.0003461789],
[[1900.0,450.0,450.0],0.0003082571],
[[1900.0,500.0,500.0],0.0003035168],
[[1900.0,550.0,550.0],0.000299738],
[[1900.0,600.0,600.0],0.0003341929],
[[1900.0,650.0,650.0],0.0003000018],
[[1900.0,700.0,700.0],0.0003125719],
[[1900.0,750.0,750.0],0.0002869925],
[[1900.0,800.0,800.0],0.0003165678],
[[1900.0,850.0,850.0],0.000298348],
[[1900.0,900.0,900.0],0.0002976024],
[[1950.0,1.0,1.0],0.0002814527],
[[1950.0,75.0,75.0],0.0002817488],
[[1950.0,150.0,150.0],0.0002658734],
[[1950.0,200.0,200.0],0.0003457113],
[[1950.0,250.0,250.0],0.0002878634],
[[1950.0,300.0,300.0],0.000294527],
[[1950.0,350.0,350.0],0.0002887056],
[[1950.0,400.0,400.0],0.000278706],
[[1950.0,450.0,450.0],0.0002848765],
[[1950.0,500.0,500.0],0.0003327206],
[[1950.0,550.0,550.0],0.0002757844],
[[1950.0,600.0,600.0],0.0003059692],
[[1950.0,650.0,650.0],0.0002533013],
[[1950.0,700.0,700.0],0.0002948511],
[[1950.0,750.0,750.0],0.0002993705],
[[1950.0,800.0,800.0],0.0003148736],
[[1950.0,850.0,850.0],0.0003221979],
[[1950.0,900.0,900.0],0.0003183786],
[[1950.0,950.0,950.0],0.0002844807],
[[2000.0,1.0,1.0],0.0003306743],
[[2000.0,75.0,75.0],0.0002983983],
[[2000.0,150.0,150.0],0.0003009264],
[[2000.0,200.0,200.0],0.0002719038],
[[2000.0,250.0,250.0],0.0003127466],
[[2000.0,300.0,300.0],0.0003070375],
[[2000.0,350.0,350.0],0.0002828007],
[[2000.0,400.0,400.0],0.000334597],
[[2000.0,450.0,450.0],0.0003292715],
[[2000.0,500.0,500.0],0.0003086761],
[[2000.0,550.0,550.0],0.0003065227],
[[2000.0,600.0,600.0],0.0003440062],
[[2000.0,650.0,650.0],0.0003009229],
[[2000.0,700.0,700.0],0.000300226],
[[2000.0,750.0,750.0],0.0003102994],
[[2000.0,800.0,800.0],0.0003054279],
[[2000.0,850.0,850.0],0.0003161511],
[[2000.0,900.0,900.0],0.0003087466],
[[2000.0,950.0,950.0],0.000330297],
[[2250.0,1.0,1.0],0.0003825916],
[[2250.0,75.0,75.0],0.0003409862],
[[2250.0,150.0,150.0],0.0003439085],
[[2250.0,300.0,300.0],0.0002871158],
[[2250.0,500.0,500.0],0.0003273882],
[[2250.0,750.0,750.0],0.0003684702],
[[2250.0,1000.0,1000.0],0.0003086111],
[[2500.0,1.0,1.0],0.0003403271],
[[2500.0,75.0,75.0],0.0003867927],
[[2500.0,150.0,150.0],0.0003411866],
[[2500.0,300.0,300.0],0.0003486199],
[[2500.0,500.0,500.0],0.0003080042],
[[2500.0,750.0,750.0],0.0003652043],
[[2500.0,1000.0,1000.0],0.0003613815],
[[2500.0,1200.0,1200.0],0.0003819316],
[[2750.0,1.0,1.0],0.0003955198],
[[2750.0,75.0,75.0],0.0003692606],
[[2750.0,150.0,150.0],0.0003553537],
[[2750.0,300.0,300.0],0.000356056],
[[2750.0,500.0,500.0],0.000355812],
[[2750.0,750.0,750.0],0.0004265119],
[[2750.0,1000.0,1000.0],0.0003946093],
[[2750.0,1200.0,1200.0],0.0003947864],
[[3000.0,1.0,1.0],0.0003765527],
[[3000.0,75.0,75.0],0.0004084148],
[[3000.0,150.0,150.0],0.0003798135],
[[3000.0,300.0,300.0],0.0004060401],
[[3000.0,500.0,500.0],0.0003470835],
[[3000.0,750.0,750.0],0.0003985733],
[[3000.0,1000.0,1000.0],0.0004067376],
[[3000.0,1200.0,1200.0],0.0003705243],
[[3000.0,1400.0,1400.0],0.0003879215]]
