txName: TRV1
constraint: {(PV > Zprime(1)), (Zprime(1) > MET(2),MET(3))}
condition: None
conditionDescription: None
figureUrl: None
source: Recast by CM2
validated: True
axesMap: [{0: 'x', 1: 'y', 2: 'y'}]
dataMap: {0: (1, 'mass', GeV), 1: (2, 'mass', GeV), 2: (3, 'mass', GeV)}
finalState: ['MET', 'MET']
intermediateState: None
efficiencyMap: [[[50.0,0,0],0.0],
[[50.0,1.0,1.0],0.0],
[[50.0,10.0,10.0],0.0],
[[50.0,20.0,20.0],0.0],
[[100.0,0,0],0.0],
[[100.0,1.0,1.0],0.0],
[[100.0,10.0,10.0],0],
[[150.0,0,0],0],
[[150.0,1.0,1.0],0.0],
[[150.0,10.0,10.0],0],
[[150.0,50.0,50.0],0],
[[150.0,70.0,70.0],0],
[[200.0,0,0],0],
[[200.0,1.0,1.0],0],
[[200.0,10.0,10.0],0],
[[200.0,50.0,50.0],0],
[[200.0,75.0,75.0],0],
[[250.0,0,0],0],
[[250.0,1.0,1.0],0],
[[250.0,10.0,10.0],0],
[[250.0,50.0,50.0],0],
[[250.0,75.0,75.0],0],
[[250.0,100.0,100.0],0],
[[250.0,120.0,120.0],0],
[[300.0,0,0],0],
[[300.0,1.0,1.0],0],
[[300.0,10.0,10.0],0],
[[300.0,50.0,50.0],0],
[[300.0,75.0,75.0],0],
[[300.0,100.0,100.0],0],
[[350.0,0,0],0],
[[350.0,1.0,1.0],0],
[[350.0,10.0,10.0],0],
[[350.0,50.0,50.0],0],
[[350.0,75.0,75.0],0],
[[350.0,100.0,100.0],0],
[[350.0,150.0,150.0],0],
[[350.0,170.0,170.0],0],
[[400.0,0,0],0],
[[400.0,1.0,1.0],0],
[[400.0,10.0,10.0],0],
[[400.0,50.0,50.0],0],
[[400.0,75.0,75.0],0],
[[400.0,100.0,100.0],0],
[[400.0,150.0,150.0],0],
[[450.0,0,0],0],
[[450.0,1.0,1.0],0],
[[450.0,10.0,10.0],0],
[[450.0,50.0,50.0],0],
[[450.0,75.0,75.0],0],
[[450.0,100.0,100.0],0],
[[450.0,150.0,150.0],0],
[[450.0,200.0,200.0],0],
[[450.0,220.0,220.0],0],
[[500.0,0,0],0],
[[500.0,1.0,1.0],0],
[[500.0,10.0,10.0],0],
[[500.0,50.0,50.0],0],
[[500.0,75.0,75.0],0],
[[500.0,100.0,100.0],0],
[[500.0,150.0,150.0],0],
[[500.0,200.0,200.0],0],
[[550.0,1.0,1.0],0],
[[550.0,10.0,10.0],0],
[[550.0,75.0,75.0],0],
[[550.0,150.0,150.0],0],
[[550.0,200.0,200.0],0],
[[550.0,250.0,250.0],0],
[[550.0,270.0,270.0],1.744572e-06],
[[600.0,0,0],0],
[[600.0,1.0,1.0],1.75486e-06],
[[600.0,10.0,10.0],0],
[[600.0,50.0,50.0],0],
[[600.0,75.0,75.0],0],
[[600.0,100.0,100.0],1.646411e-06],
[[600.0,150.0,150.0],2.09745e-06],
[[600.0,200.0,200.0],1.897078e-06],
[[600.0,250.0,250.0],1.92951e-06],
[[600.0,295.0,295.0],0],
[[650.0,1.0,1.0],0],
[[650.0,10.0,10.0],0],
[[650.0,75.0,75.0],2.019028e-06],
[[650.0,150.0,150.0],0],
[[650.0,200.0,200.0],2.748474e-06],
[[650.0,250.0,250.0],0],
[[650.0,300.0,300.0],2.522252e-06],
[[650.0,320.0,320.0],1.745069e-06],
[[700.0,0,0],2.413364e-06],
[[700.0,1.0,1.0],2.794782e-06],
[[700.0,10.0,10.0],3.577556e-06],
[[700.0,50.0,50.0],2.642448e-06],
[[700.0,75.0,75.0],2.445508e-06],
[[700.0,100.0,100.0],0],
[[700.0,150.0,150.0],2.364075e-06],
[[700.0,200.0,200.0],3.506698e-06],
[[700.0,250.0,250.0],2.467206e-06],
[[700.0,300.0,300.0],1.703505e-06],
[[750.0,1.0,1.0],2.450292e-06],
[[750.0,10.0,10.0],1.858738e-06],
[[750.0,75.0,75.0],2.518582e-06],
[[750.0,150.0,150.0],2.838841e-06],
[[750.0,200.0,200.0],7.312206e-06],
[[750.0,250.0,250.0],3.683182e-06],
[[750.0,300.0,300.0],3.994801e-06],
[[750.0,350.0,350.0],3.293534e-06],
[[750.0,370.0,370.0],3.916798e-06],
[[800.0,0,0],2.211175e-06],
[[800.0,1.0,1.0],2.599727e-06],
[[800.0,10.0,10.0],3.543846e-06],
[[800.0,50.0,50.0],3.234226e-06],
[[800.0,75.0,75.0],3.950319e-06],
[[800.0,100.0,100.0],2.873764e-06],
[[800.0,150.0,150.0],4.085765e-06],
[[800.0,200.0,200.0],3.815197e-06],
[[800.0,250.0,250.0],3.245383e-06],
[[800.0,300.0,300.0],4.386549e-06],
[[800.0,350.0,350.0],3.540266e-06],
[[850.0,1.0,1.0],3.705017e-06],
[[850.0,10.0,10.0],4.61481e-06],
[[850.0,75.0,75.0],3.137799e-06],
[[850.0,150.0,150.0],4.400683e-06],
[[850.0,200.0,200.0],4.057556e-06],
[[850.0,250.0,250.0],4.922879e-06],
[[850.0,300.0,300.0],3.877143e-06],
[[850.0,350.0,350.0],3.726707e-06],
[[850.0,400.0,400.0],4.51142e-06],
[[850.0,420.0,420.0],3.52739e-06],
[[900.0,0,0],4.532058e-06],
[[900.0,1.0,1.0],4.789102e-06],
[[900.0,10.0,10.0],4.538841e-06],
[[900.0,50.0,50.0],3.218367e-06],
[[900.0,75.0,75.0],4.192202e-06],
[[900.0,100.0,100.0],3.95302e-06],
[[900.0,150.0,150.0],4.894729e-06],
[[900.0,200.0,200.0],5.447465e-06],
[[900.0,250.0,250.0],5.89528e-06],
[[900.0,300.0,300.0],4.101557e-06],
[[900.0,350.0,350.0],5.090388e-06],
[[900.0,400.0,400.0],6.803764e-06],
[[950.0,1.0,1.0],3.778431e-06],
[[950.0,10.0,10.0],5.881349e-06],
[[950.0,75.0,75.0],4.635735e-06],
[[950.0,150.0,150.0],6.415961e-06],
[[950.0,200.0,200.0],6.69303e-06],
[[950.0,250.0,250.0],4.535164e-06],
[[950.0,300.0,300.0],5.997248e-06],
[[950.0,350.0,350.0],5.43907e-06],
[[950.0,400.0,400.0],4.742197e-06],
[[950.0,450.0,450.0],4.96833e-06],
[[950.0,470.0,470.0],6.475952e-06],
[[1000.0,0,0],7.052311e-06],
[[1000.0,50.0,50.0],4.61386e-06],
[[1000.0,100.0,100.0],5.674712e-06],
[[1000.0,150.0,150.0],5.309144e-06],
[[1000.0,200.0,200.0],7.372858e-06],
[[1000.0,250.0,250.0],6.2874e-06],
[[1000.0,300.0,300.0],7.524303e-06],
[[1000.0,350.0,350.0],7.301058e-06],
[[1000.0,400.0,400.0],7.861314e-06],
[[1000.0,450.0,450.0],6.246296e-06],
[[1050.0,520.0,520.0],7.539257e-06],
[[1100.0,0,0],8.229199e-06],
[[1100.0,100.0,100.0],7.979502e-06],
[[1100.0,200.0,200.0],8.464354e-06],
[[1100.0,300.0,300.0],7.310265e-06],
[[1100.0,400.0,400.0],8.504156e-06],
[[1100.0,500.0,500.0],7.70588e-06],
[[1150.0,570.0,570.0],1.181763e-05],
[[1200.0,0,0],9.151291e-06],
[[1200.0,100.0,100.0],9.859942e-06],
[[1200.0,200.0,200.0],8.799347e-06],
[[1200.0,300.0,300.0],1.089546e-05],
[[1200.0,400.0,400.0],1.104657e-05],
[[1200.0,500.0,500.0],1.066109e-05],
[[1250.0,620.0,620.0],1.325469e-05],
[[1300.0,0,0],9.812874e-06],
[[1300.0,100.0,100.0],1.044469e-05],
[[1300.0,200.0,200.0],1.27919e-05],
[[1300.0,300.0,300.0],1.204456e-05],
[[1300.0,400.0,400.0],1.097525e-05],
[[1300.0,500.0,500.0],1.373324e-05],
[[1300.0,600.0,600.0],1.145827e-05],
[[1350.0,670.0,670.0],1.558158e-05],
[[1400.0,0,0],1.4811e-05],
[[1400.0,100.0,100.0],1.12109e-05],
[[1400.0,200.0,200.0],2.144116e-05],
[[1400.0,300.0,300.0],1.176797e-05],
[[1400.0,400.0,400.0],1.45895e-05],
[[1400.0,500.0,500.0],1.397085e-05],
[[1400.0,600.0,600.0],1.72843e-05],
[[1450.0,720.0,720.0],1.534087e-05],
[[1500.0,0,0],1.469426e-05],
[[1500.0,100.0,100.0],1.860205e-05],
[[1500.0,200.0,200.0],1.516186e-05],
[[1500.0,300.0,300.0],1.344076e-05],
[[1500.0,400.0,400.0],1.277297e-05],
[[1500.0,500.0,500.0],1.635445e-05],
[[1500.0,600.0,600.0],1.652973e-05],
[[1500.0,700.0,700.0],1.393122e-05],
[[1550.0,770.0,770.0],1.971194e-05],
[[1600.0,0,0],1.533527e-05],
[[1600.0,100.0,100.0],1.556309e-05],
[[1600.0,200.0,200.0],1.692933e-05],
[[1600.0,300.0,300.0],1.895008e-05],
[[1600.0,400.0,400.0],1.633834e-05],
[[1600.0,500.0,500.0],1.766759e-05],
[[1600.0,600.0,600.0],1.740571e-05],
[[1600.0,700.0,700.0],2.073319e-05],
[[1650.0,820.0,820.0],1.988167e-05],
[[1700.0,0,0],2.139958e-05],
[[1700.0,100.0,100.0],1.64472e-05],
[[1700.0,200.0,200.0],1.779294e-05],
[[1700.0,300.0,300.0],2.076153e-05],
[[1700.0,400.0,400.0],2.474972e-05],
[[1700.0,500.0,500.0],1.85586e-05],
[[1700.0,600.0,600.0],2.012732e-05],
[[1700.0,700.0,700.0],1.988805e-05],
[[1700.0,800.0,800.0],2.490069e-05],
[[1750.0,870.0,870.0],2.257883e-05],
[[1800.0,0,0],2.42348e-05],
[[1800.0,100.0,100.0],2.464854e-05],
[[1800.0,200.0,200.0],1.97894e-05],
[[1800.0,300.0,300.0],2.367231e-05],
[[1800.0,400.0,400.0],2.669218e-05],
[[1800.0,500.0,500.0],2.245158e-05],
[[1800.0,600.0,600.0],1.905751e-05],
[[1800.0,700.0,700.0],2.121047e-05],
[[1800.0,800.0,800.0],2.469351e-05],
[[1850.0,920.0,920.0],2.276415e-05],
[[1900.0,0,0],1.853471e-05],
[[1900.0,100.0,100.0],1.723418e-05],
[[1900.0,200.0,200.0],2.765903e-05],
[[1900.0,300.0,300.0],2.377593e-05],
[[1900.0,400.0,400.0],2.551498e-05],
[[1900.0,500.0,500.0],3.400296e-05],
[[1900.0,600.0,600.0],2.209317e-05],
[[1900.0,700.0,700.0],2.187122e-05],
[[1900.0,800.0,800.0],2.336577e-05],
[[1900.0,900.0,900.0],2.598284e-05],
[[1950.0,970.0,970.0],3.361862e-05],
[[2000.0,0,0],2.539529e-05],
[[2000.0,100.0,100.0],2.096537e-05],
[[2000.0,200.0,200.0],2.340281e-05],
[[2000.0,300.0,300.0],2.401049e-05],
[[2000.0,400.0,400.0],2.635013e-05],
[[2000.0,500.0,500.0],3.728097e-05],
[[2000.0,600.0,600.0],2.3806e-05],
[[2000.0,700.0,700.0],2.912981e-05],
[[2000.0,800.0,800.0],2.231249e-05],
[[2000.0,900.0,900.0],2.268568e-05],
[[2050.0,1020.0,1020.0],3.086806e-05],
[[2100.0,0,0],2.690218e-05],
[[2100.0,100.0,100.0],2.741648e-05],
[[2100.0,200.0,200.0],3.871641e-05],
[[2100.0,300.0,300.0],2.896048e-05],
[[2100.0,400.0,400.0],3.14817e-05],
[[2100.0,500.0,500.0],2.416672e-05],
[[2100.0,600.0,600.0],2.628546e-05],
[[2100.0,700.0,700.0],3.013423e-05],
[[2100.0,800.0,800.0],2.937011e-05],
[[2100.0,900.0,900.0],2.255272e-05],
[[2100.0,1000.0,1000.0],2.82325e-05],
[[2150.0,1070.0,1070.0],2.803579e-05],
[[2200.0,0,0],3.165708e-05],
[[2200.0,100.0,100.0],2.509276e-05],
[[2200.0,200.0,200.0],3.441416e-05],
[[2200.0,300.0,300.0],2.935652e-05],
[[2200.0,400.0,400.0],3.306011e-05],
[[2200.0,500.0,500.0],2.808782e-05],
[[2200.0,600.0,600.0],2.723923e-05],
[[2200.0,700.0,700.0],3.92239e-05],
[[2200.0,800.0,800.0],3.117994e-05],
[[2200.0,900.0,900.0],2.37755e-05],
[[2200.0,1000.0,1000.0],3.889638e-05],
[[2250.0,1120.0,1120.0],2.652009e-05],
[[2300.0,0,0],2.846692e-05],
[[2300.0,100.0,100.0],2.718466e-05],
[[2300.0,200.0,200.0],2.915509e-05],
[[2300.0,300.0,300.0],2.920752e-05],
[[2300.0,400.0,400.0],2.810872e-05],
[[2300.0,500.0,500.0],3.416822e-05],
[[2300.0,600.0,600.0],4.17404e-05],
[[2300.0,700.0,700.0],3.096877e-05],
[[2300.0,800.0,800.0],3.231882e-05],
[[2300.0,900.0,900.0],2.623025e-05],
[[2300.0,1000.0,1000.0],3.526581e-05],
[[2300.0,1100.0,1100.0],3.574805e-05],
[[2350.0,1170.0,1170.0],3.334936e-05],
[[2400.0,0,0],2.87569e-05],
[[2400.0,100.0,100.0],3.544309e-05],
[[2400.0,200.0,200.0],2.567061e-05],
[[2400.0,300.0,300.0],2.866328e-05],
[[2400.0,400.0,400.0],3.133238e-05],
[[2400.0,500.0,500.0],4.214885e-05],
[[2400.0,600.0,600.0],3.549805e-05],
[[2400.0,700.0,700.0],3.798981e-05],
[[2400.0,800.0,800.0],3.114875e-05],
[[2400.0,900.0,900.0],3.405661e-05],
[[2400.0,1000.0,1000.0],3.260166e-05],
[[2400.0,1100.0,1100.0],4.344315e-05],
[[2450.0,1220.0,1220.0],3.254034e-05],
[[2500.0,0,0],3.336381e-05],
[[2500.0,100.0,100.0],3.027993e-05],
[[2500.0,200.0,200.0],3.651577e-05],
[[2500.0,300.0,300.0],3.547958e-05],
[[2500.0,400.0,400.0],2.888113e-05],
[[2500.0,500.0,500.0],3.257455e-05],
[[2500.0,600.0,600.0],3.528896e-05],
[[2500.0,700.0,700.0],4.167553e-05],
[[2500.0,800.0,800.0],3.059099e-05],
[[2500.0,900.0,900.0],3.621454e-05],
[[2500.0,1000.0,1000.0],3.297898e-05],
[[2500.0,1100.0,1100.0],3.227431e-05],
[[2500.0,1200.0,1200.0],3.744286e-05],
[[2550.0,1270.0,1270.0],4.380199e-05],
[[2600.0,0,0],3.719218e-05],
[[2600.0,100.0,100.0],2.886836e-05],
[[2600.0,200.0,200.0],3.459053e-05],
[[2600.0,300.0,300.0],3.030902e-05],
[[2600.0,400.0,400.0],4.122091e-05],
[[2600.0,500.0,500.0],3.06455e-05],
[[2600.0,600.0,600.0],3.768007e-05],
[[2600.0,700.0,700.0],5.064338e-05],
[[2600.0,800.0,800.0],3.37041e-05],
[[2600.0,900.0,900.0],3.262863e-05],
[[2600.0,1000.0,1000.0],4.491082e-05],
[[2600.0,1100.0,1100.0],4.594916e-05],
[[2600.0,1200.0,1200.0],4.11525e-05],
[[2650.0,1320.0,1320.0],4.108403e-05],
[[2700.0,0,0],3.300961e-05],
[[2700.0,100.0,100.0],2.783936e-05],
[[2700.0,200.0,200.0],3.595251e-05],
[[2700.0,300.0,300.0],3.303587e-05],
[[2700.0,400.0,400.0],3.732528e-05],
[[2700.0,500.0,500.0],3.755521e-05],
[[2700.0,600.0,600.0],3.645938e-05],
[[2700.0,700.0,700.0],3.65167e-05],
[[2700.0,800.0,800.0],3.838322e-05],
[[2700.0,900.0,900.0],3.850439e-05],
[[2700.0,1000.0,1000.0],3.998146e-05],
[[2700.0,1100.0,1100.0],3.591645e-05],
[[2700.0,1200.0,1200.0],3.112e-05],
[[2700.0,1300.0,1300.0],4.103753e-05],
[[2750.0,1370.0,1370.0],4.302669e-05],
[[2800.0,0,0],2.958794e-05],
[[2800.0,100.0,100.0],2.981337e-05],
[[2800.0,200.0,200.0],3.453446e-05],
[[2800.0,300.0,300.0],3.253615e-05],
[[2800.0,400.0,400.0],3.152668e-05],
[[2800.0,500.0,500.0],4.484106e-05],
[[2800.0,600.0,600.0],3.298266e-05],
[[2800.0,700.0,700.0],3.172729e-05],
[[2800.0,800.0,800.0],3.982113e-05],
[[2800.0,900.0,900.0],4.52098e-05],
[[2800.0,1000.0,1000.0],4.329147e-05],
[[2800.0,1100.0,1100.0],3.365918e-05],
[[2800.0,1200.0,1200.0],5.051711e-05],
[[2800.0,1300.0,1300.0],3.374682e-05],
[[2850.0,1420.0,1420.0],3.549923e-05],
[[2900.0,0,0],3.195908e-05],
[[2900.0,100.0,100.0],3.205774e-05],
[[2900.0,200.0,200.0],3.366871e-05],
[[2900.0,300.0,300.0],3.87639e-05],
[[2900.0,400.0,400.0],3.437739e-05],
[[2900.0,500.0,500.0],6.029283e-05],
[[2900.0,600.0,600.0],3.649997e-05],
[[2900.0,700.0,700.0],4.375877e-05],
[[2900.0,800.0,800.0],4.053608e-05],
[[2900.0,900.0,900.0],1.801134e-05],
[[2900.0,1000.0,1000.0],4.284066e-05],
[[2900.0,1100.0,1100.0],4.234591e-05],
[[2900.0,1200.0,1200.0],3.256806e-05],
[[2900.0,1300.0,1300.0],3.915216e-05],
[[2900.0,1400.0,1400.0],5.011804e-05],
[[2950.0,1470.0,1470.0],4.013047e-05],
[[3000.0,0,0],3.267731e-05],
[[3000.0,100.0,100.0],2.994674e-05],
[[3000.0,200.0,200.0],3.200032e-05],
[[3000.0,300.0,300.0],3.638511e-05],
[[3000.0,400.0,400.0],3.104465e-05],
[[3000.0,500.0,500.0],3.825634e-05],
[[3000.0,600.0,600.0],4.036128e-05],
[[3000.0,700.0,700.0],4.264884e-05],
[[3000.0,800.0,800.0],4.088987e-05],
[[3000.0,900.0,900.0],3.926892e-05],
[[3000.0,1000.0,1000.0],4.437242e-05],
[[3000.0,1100.0,1100.0],4.250239e-05],
[[3000.0,1200.0,1200.0],4.179074e-05],
[[3000.0,1300.0,1300.0],4.106748e-05],
[[3000.0,1400.0,1400.0],4.354137e-05]]
