txName: TRS1
constraint: {(PV > H0(1)), (H0(1) > MET(2),MET(3))}
condition: None
conditionDescription: None
figureUrl: https://cms-results.web.cern.ch/cms-results/public-results/publications/EXO-20-004/CMS-EXO-20-004_Figure_009-a.png
source: https://doi.org/10.5281/zenodo.13324003
validated: True
axesMap: [{0: 'x', 1: '1.0', 2: '1.0'}, {0: 'x', 1: 'y', 2: 'y'}]
dataMap: {0: (1, 'mass', GeV), 1: (2, 'mass', GeV), 2: (3, 'mass', GeV)}
finalState: ['MET', 'MET']
intermediateState: None
efficiencyMap: [[[100.0,1.0,1.0],3.278892e-06],
[[100.0,10.0,10.0],2.633323e-06],
[[150.0,1.0,1.0],6.727149e-06],
[[150.0,50.0,50.0],7.628647e-06],
[[200.0,1.0,1.0],1.030779e-05],
[[200.0,50.0,50.0],9.685361e-06],
[[200.0,100.0,100.0],2.02867e-05],
[[250.0,1.0,1.0],1.511656e-05],
[[250.0,10.0,10.0],1.235278e-05],
[[250.0,50.0,50.0],1.435574e-05],
[[250.0,100.0,100.0],1.564474e-05],
[[300.0,1.0,1.0],2.142815e-05],
[[300.0,50.0,50.0],2.005194e-05],
[[300.0,100.0,100.0],1.83794e-05],
[[350.0,1.0,1.0],2.267856e-05],
[[350.0,50.0,50.0],2.23511e-05],
[[350.0,100.0,100.0],1.977276e-05],
[[350.0,150.0,150.0],2.099694e-05],
[[400.0,1.0,1.0],3.084592e-05],
[[400.0,50.0,50.0],3.030956e-05],
[[400.0,100.0,100.0],2.564093e-05],
[[400.0,150.0,150.0],2.148553e-05],
[[450.0,1.0,1.0],3.349102e-05],
[[450.0,50.0,50.0],3.548072e-05],
[[450.0,100.0,100.0],3.707448e-05],
[[450.0,150.0,150.0],4.045157e-05],
[[450.0,200.0,200.0],3.658996e-05],
[[500.0,1.0,1.0],4.842385e-05],
[[500.0,10.0,10.0],5.021817e-05],
[[500.0,50.0,50.0],4.927566e-05],
[[500.0,100.0,100.0],5.190965e-05],
[[500.0,150.0,150.0],4.515895e-05],
[[500.0,200.0,200.0],5.570684e-05],
[[550.0,1.0,1.0],6.650913e-05],
[[550.0,50.0,50.0],6.236174e-05],
[[550.0,100.0,100.0],6.679253e-05],
[[550.0,150.0,150.0],6.862062e-05],
[[550.0,200.0,200.0],5.812856e-05],
[[550.0,250.0,250.0],7.794538e-05],
[[600.0,1.0,1.0],8.993337e-05],
[[600.0,50.0,50.0],7.818573e-05],
[[600.0,100.0,100.0],8.902697e-05],
[[600.0,150.0,150.0],9.44943e-05],
[[600.0,200.0,200.0],9.442577e-05],
[[600.0,250.0,250.0],9.749307e-05],
[[650.0,1.0,1.0],0.0001055901],
[[650.0,50.0,50.0],0.00010312],
[[650.0,100.0,100.0],0.000124541],
[[650.0,150.0,150.0],0.0001282724],
[[650.0,200.0,200.0],0.0001126205],
[[650.0,250.0,250.0],0.0001253421],
[[650.0,300.0,300.0],0.000129554],
[[700.0,1.0,1.0],0.0001463968],
[[700.0,50.0,50.0],0.0001399906],
[[700.0,100.0,100.0],0.0001469636],
[[700.0,150.0,150.0],0.000149962],
[[700.0,200.0,200.0],0.0001506852],
[[700.0,250.0,250.0],0.0001368175],
[[700.0,300.0,300.0],0.0001541993],
[[750.0,1.0,1.0],0.0001622609],
[[750.0,10.0,10.0],0.0001719433],
[[750.0,50.0,50.0],0.0001659074],
[[750.0,100.0,100.0],0.0001605896],
[[750.0,150.0,150.0],0.0001575012],
[[750.0,200.0,200.0],0.0001798057],
[[750.0,250.0,250.0],0.0001832226],
[[750.0,300.0,300.0],0.0001823074],
[[750.0,350.0,350.0],0.0002000577],
[[800.0,1.0,1.0],0.0001968384],
[[800.0,150.0,150.0],0.0001836967],
[[800.0,200.0,200.0],0.0001857446],
[[800.0,250.0,250.0],0.000243746],
[[800.0,300.0,300.0],0.0002322839],
[[800.0,350.0,350.0],0.0002332231],
[[850.0,1.0,1.0],0.0002392239],
[[850.0,150.0,150.0],0.0002122073],
[[850.0,200.0,200.0],0.0002510176],
[[850.0,250.0,250.0],0.0002523845],
[[850.0,300.0,300.0],0.0002645469],
[[850.0,350.0,350.0],0.0002804666],
[[850.0,400.0,400.0],0.0003042822],
[[900.0,1.0,1.0],0.0003320223],
[[900.0,150.0,150.0],0.0003081924],
[[900.0,200.0,200.0],0.0002910791],
[[900.0,250.0,250.0],0.0002949654],
[[900.0,300.0,300.0],0.0003227831],
[[900.0,350.0,350.0],0.0003630651],
[[900.0,400.0,400.0],0.0003177534],
[[950.0,1.0,1.0],0.0002638949],
[[950.0,150.0,150.0],0.0002822874],
[[950.0,200.0,200.0],0.0002789371],
[[950.0,250.0,250.0],0.0003583099],
[[950.0,300.0,300.0],0.0003284842],
[[950.0,350.0,350.0],0.0003592422],
[[950.0,400.0,400.0],0.0003771339],
[[950.0,450.0,450.0],0.0004717092],
[[1000.0,1.0,1.0],0.0003213779],
[[1000.0,10.0,10.0],0.0002651179],
[[1000.0,50.0,50.0],0.0003304246],
[[1000.0,100.0,100.0],0.0003109869],
[[1000.0,150.0,150.0],0.0003359054],
[[1000.0,200.0,200.0],0.0003577818],
[[1000.0,250.0,250.0],0.000350933],
[[1000.0,300.0,300.0],0.0003847972],
[[1000.0,350.0,350.0],0.0003983821],
[[1000.0,400.0,400.0],0.0005716937],
[[1000.0,450.0,450.0],0.0003964409],
[[1050.0,1.0,1.0],0.000366822],
[[1050.0,150.0,150.0],0.0003565545],
[[1050.0,200.0,200.0],0.0003781342],
[[1050.0,250.0,250.0],0.0004029375],
[[1050.0,300.0,300.0],0.0004164244],
[[1050.0,350.0,350.0],0.0004444139],
[[1050.0,400.0,400.0],0.0004303557],
[[1050.0,450.0,450.0],0.0004065019],
[[1050.0,500.0,500.0],0.0005214875],
[[1100.0,1.0,1.0],0.0003976863],
[[1100.0,150.0,150.0],0.0004452127],
[[1100.0,200.0,200.0],0.0004375784],
[[1100.0,250.0,250.0],0.0004142322],
[[1100.0,300.0,300.0],0.000396093],
[[1100.0,350.0,350.0],0.0005282271],
[[1100.0,400.0,400.0],0.0006077528],
[[1100.0,450.0,450.0],0.0004657505],
[[1100.0,500.0,500.0],0.0004828378],
[[1150.0,1.0,1.0],0.0007103634],
[[1150.0,150.0,150.0],0.0004222195],
[[1150.0,200.0,200.0],0.0005123042],
[[1150.0,250.0,250.0],0.0006137984],
[[1150.0,300.0,300.0],0.0006375746],
[[1150.0,350.0,350.0],0.0005322684],
[[1150.0,400.0,400.0],0.0005668719],
[[1150.0,450.0,450.0],0.0004966849],
[[1150.0,500.0,500.0],0.0004752457],
[[1150.0,550.0,550.0],0.0005265733],
[[1200.0,1.0,1.0],0.0004195202],
[[1200.0,150.0,150.0],0.0005649072],
[[1200.0,200.0,200.0],0.0005128598],
[[1200.0,250.0,250.0],0.0004803392],
[[1200.0,300.0,300.0],0.0005453691],
[[1200.0,350.0,350.0],0.0005819545],
[[1200.0,400.0,400.0],0.0007674574],
[[1200.0,450.0,450.0],0.000548105],
[[1200.0,500.0,500.0],0.0005553857],
[[1200.0,550.0,550.0],0.0008519755],
[[1250.0,1.0,1.0],0.0005439564],
[[1250.0,10.0,10.0],0.0006312126],
[[1250.0,50.0,50.0],0.0004424724],
[[1250.0,100.0,100.0],0.0005214011],
[[1250.0,150.0,150.0],0.0005300468],
[[1250.0,200.0,200.0],0.0005305874],
[[1250.0,250.0,250.0],0.0005434249],
[[1250.0,300.0,300.0],0.0006057877],
[[1250.0,350.0,350.0],0.0005906532],
[[1250.0,400.0,400.0],0.0006193806],
[[1250.0,450.0,450.0],0.0006118821],
[[1250.0,500.0,500.0],0.0006193144],
[[1250.0,550.0,550.0],0.0006068916],
[[1250.0,600.0,600.0],0.0007813064],
[[1300.0,1.0,1.0],0.0004585521],
[[1300.0,150.0,150.0],0.0005735395],
[[1300.0,200.0,200.0],0.0005285937],
[[1300.0,250.0,250.0],0.0007565299],
[[1300.0,300.0,300.0],0.0008793775],
[[1300.0,350.0,350.0],0.0006340856],
[[1300.0,400.0,400.0],0.0005715108],
[[1300.0,450.0,450.0],0.0009773686],
[[1300.0,500.0,500.0],0.0005578178],
[[1300.0,550.0,550.0],0.0008197696],
[[1300.0,600.0,600.0],0.0006909619],
[[1350.0,1.0,1.0],0.0004696557],
[[1350.0,150.0,150.0],0.0005941682],
[[1350.0,200.0,200.0],0.0007637834],
[[1350.0,250.0,250.0],0.0007873706],
[[1350.0,300.0,300.0],0.0005952222],
[[1350.0,350.0,350.0],0.0006320152],
[[1350.0,400.0,400.0],0.0007757909],
[[1350.0,450.0,450.0],0.0007207018],
[[1350.0,500.0,500.0],0.0008810514],
[[1350.0,550.0,550.0],0.0006577891],
[[1350.0,600.0,600.0],0.0008432695],
[[1350.0,650.0,650.0],0.0008085928],
[[1400.0,1.0,1.0],0.0004855539],
[[1400.0,150.0,150.0],0.0005810329],
[[1400.0,200.0,200.0],0.0006388545],
[[1400.0,250.0,250.0],0.0009260426],
[[1400.0,300.0,300.0],0.0007086161],
[[1400.0,350.0,350.0],0.0009546019],
[[1400.0,400.0,400.0],0.0007873591],
[[1400.0,450.0,450.0],0.0007919139],
[[1400.0,500.0,500.0],0.0007202054],
[[1400.0,550.0,550.0],0.0008375071],
[[1400.0,600.0,600.0],0.0009260488],
[[1400.0,650.0,650.0],0.0008203843],
[[1450.0,1.0,1.0],0.000516948],
[[1450.0,150.0,150.0],0.0005744324],
[[1450.0,200.0,200.0],0.0007978397],
[[1450.0,250.0,250.0],0.0008814876],
[[1450.0,300.0,300.0],0.0007481837],
[[1450.0,350.0,350.0],0.0008128844],
[[1450.0,400.0,400.0],0.0009364923],
[[1450.0,450.0,450.0],0.0007598221],
[[1450.0,500.0,500.0],0.0007390115],
[[1450.0,550.0,550.0],0.000754263],
[[1450.0,600.0,600.0],0.0008759634],
[[1450.0,650.0,650.0],0.0009658969],
[[1450.0,700.0,700.0],0.0009908907],
[[1500.0,1.0,1.0],0.0005192526],
[[1500.0,10.0,10.0],0.0004874933],
[[1500.0,50.0,50.0],0.0006025645],
[[1500.0,100.0,100.0],0.0005266769],
[[1500.0,150.0,150.0],0.0006060632],
[[1500.0,200.0,200.0],0.0007405946],
[[1500.0,250.0,250.0],0.0007485391],
[[1500.0,300.0,300.0],0.0009638824],
[[1500.0,350.0,350.0],0.000814652],
[[1500.0,400.0,400.0],0.0008590709],
[[1500.0,450.0,450.0],0.0009206144],
[[1500.0,500.0,500.0],0.001018781],
[[1500.0,550.0,550.0],0.0007918985],
[[1500.0,600.0,600.0],0.0007345675],
[[1500.0,650.0,650.0],0.001121154],
[[1500.0,700.0,700.0],0.0008515969],
[[1500.0,750.0,750.0],0.001033873],
[[1550.0,1.0,1.0],0.0005584471],
[[1550.0,150.0,150.0],0.0007227106],
[[1550.0,200.0,200.0],0.0006923046],
[[1550.0,250.0,250.0],0.0006780166],
[[1550.0,300.0,300.0],0.00103197],
[[1550.0,350.0,350.0],0.0007733098],
[[1550.0,400.0,400.0],0.0008116586],
[[1550.0,450.0,450.0],0.001114546],
[[1550.0,500.0,500.0],0.0009745687],
[[1550.0,550.0,550.0],0.0009832859],
[[1550.0,600.0,600.0],0.000980106],
[[1550.0,650.0,650.0],0.001084763],
[[1550.0,700.0,700.0],0.001019761],
[[1550.0,750.0,750.0],0.0009687283],
[[1600.0,1.0,1.0],0.0005787753],
[[1600.0,150.0,150.0],0.0006564882],
[[1600.0,200.0,200.0],0.0008041459],
[[1600.0,250.0,250.0],0.0007941619],
[[1600.0,300.0,300.0],0.0007964798],
[[1600.0,350.0,350.0],0.0009851475],
[[1600.0,400.0,400.0],0.001308217],
[[1600.0,450.0,450.0],0.001013145],
[[1600.0,500.0,500.0],0.0009251196],
[[1600.0,550.0,550.0],0.0009381129],
[[1600.0,600.0,600.0],0.0009535098],
[[1600.0,650.0,650.0],0.001061537],
[[1600.0,700.0,700.0],0.000981981],
[[1600.0,750.0,750.0],0.001026987],
[[1650.0,1.0,1.0],0.0005470781],
[[1650.0,150.0,150.0],0.0006324533],
[[1650.0,200.0,200.0],0.0007377026],
[[1650.0,250.0,250.0],0.0007448918],
[[1650.0,300.0,300.0],0.0008775555],
[[1650.0,350.0,350.0],0.0007479821],
[[1650.0,400.0,400.0],0.001069868],
[[1650.0,450.0,450.0],0.001268372],
[[1650.0,500.0,500.0],0.00114288],
[[1650.0,550.0,550.0],0.001057724],
[[1650.0,600.0,600.0],0.0009229485],
[[1650.0,650.0,650.0],0.0009669805],
[[1650.0,700.0,700.0],0.0009633347],
[[1650.0,750.0,750.0],0.001031612],
[[1650.0,800.0,800.0],0.00110462],
[[1700.0,1.0,1.0],0.0006155572],
[[1700.0,150.0,150.0],0.000891614],
[[1700.0,200.0,200.0],0.0007921645],
[[1700.0,250.0,250.0],0.0007683205],
[[1700.0,300.0,300.0],0.0008269625],
[[1700.0,350.0,350.0],0.00118865],
[[1700.0,400.0,400.0],0.0008454289],
[[1700.0,450.0,450.0],0.001133054],
[[1700.0,500.0,500.0],0.000937048],
[[1700.0,550.0,550.0],0.001048757],
[[1700.0,600.0,600.0],0.001019095],
[[1700.0,650.0,650.0],0.001076633],
[[1700.0,700.0,700.0],0.0009550755],
[[1700.0,750.0,750.0],0.0008961486],
[[1700.0,800.0,800.0],0.00118853],
[[1750.0,1.0,1.0],0.0005709863],
[[1750.0,10.0,10.0],0.0006082294],
[[1750.0,50.0,50.0],0.0006396261],
[[1750.0,100.0,100.0],0.0006546767],
[[1750.0,150.0,150.0],0.000707493],
[[1750.0,200.0,200.0],0.0008952109],
[[1750.0,250.0,250.0],0.0009777038],
[[1750.0,300.0,300.0],0.0008649685],
[[1750.0,350.0,350.0],0.0008864885],
[[1750.0,400.0,400.0],0.001101626],
[[1750.0,450.0,450.0],0.001026519],
[[1750.0,500.0,500.0],0.001198666],
[[1750.0,550.0,550.0],0.001026522],
[[1750.0,600.0,600.0],0.001292677],
[[1750.0,650.0,650.0],0.001141447],
[[1750.0,700.0,700.0],0.001086651],
[[1750.0,750.0,750.0],0.001088754],
[[1750.0,800.0,800.0],0.001238234],
[[1750.0,850.0,850.0],0.001014514],
[[1800.0,1.0,1.0],0.0005685507],
[[1800.0,150.0,150.0],0.0008092182],
[[1800.0,200.0,200.0],0.0008989202],
[[1800.0,250.0,250.0],0.0009042928],
[[1800.0,300.0,300.0],0.0009543479],
[[1800.0,350.0,350.0],0.001178437],
[[1800.0,400.0,400.0],0.001074152],
[[1800.0,450.0,450.0],0.001345062],
[[1800.0,500.0,500.0],0.001134288],
[[1800.0,550.0,550.0],0.001089754],
[[1800.0,600.0,600.0],0.001230332],
[[1800.0,650.0,650.0],0.001046098],
[[1800.0,700.0,700.0],0.001059325],
[[1800.0,750.0,750.0],0.0009983615],
[[1800.0,800.0,800.0],0.001230968],
[[1800.0,850.0,850.0],0.001172273],
[[1850.0,1.0,1.0],0.0006390715],
[[1850.0,150.0,150.0],0.0007672977],
[[1850.0,200.0,200.0],0.0007992756],
[[1850.0,250.0,250.0],0.000964904],
[[1850.0,300.0,300.0],0.0009618496],
[[1850.0,350.0,350.0],0.001053893],
[[1850.0,400.0,400.0],0.001123739],
[[1850.0,450.0,450.0],0.001381053],
[[1850.0,500.0,500.0],0.001232355],
[[1850.0,550.0,550.0],0.000974623],
[[1850.0,600.0,600.0],0.001090685],
[[1850.0,650.0,650.0],0.001114386],
[[1850.0,700.0,700.0],0.001001398],
[[1850.0,750.0,750.0],0.001136402],
[[1850.0,800.0,800.0],0.001563235],
[[1850.0,850.0,850.0],0.00120668],
[[1850.0,900.0,900.0],0.001233956],
[[1900.0,1.0,1.0],0.0008326402],
[[1900.0,150.0,150.0],0.0006654956],
[[1900.0,200.0,200.0],0.0008637624],
[[1900.0,250.0,250.0],0.001114073],
[[1900.0,300.0,300.0],0.001091335],
[[1900.0,350.0,350.0],0.001103036],
[[1900.0,400.0,400.0],0.001020893],
[[1900.0,450.0,450.0],0.001017075],
[[1900.0,500.0,500.0],0.00111563],
[[1900.0,550.0,550.0],0.001021882],
[[1900.0,600.0,600.0],0.00111046],
[[1900.0,650.0,650.0],0.001113164],
[[1900.0,700.0,700.0],0.001411358],
[[1900.0,750.0,750.0],0.001168987],
[[1900.0,800.0,800.0],0.001528158],
[[1900.0,850.0,850.0],0.001124976],
[[1900.0,900.0,900.0],0.001401215],
[[1950.0,1.0,1.0],0.0005398579],
[[1950.0,150.0,150.0],0.0006325958],
[[1950.0,200.0,200.0],0.0009064863],
[[1950.0,250.0,250.0],0.0008934021],
[[1950.0,300.0,300.0],0.001014802],
[[1950.0,350.0,350.0],0.001121954],
[[1950.0,400.0,400.0],0.001314867],
[[1950.0,450.0,450.0],0.001043443],
[[1950.0,500.0,500.0],0.001465997],
[[1950.0,550.0,550.0],0.001201079],
[[1950.0,600.0,600.0],0.001078824],
[[1950.0,650.0,650.0],0.00144851],
[[1950.0,700.0,700.0],0.001267518],
[[1950.0,750.0,750.0],0.001240245],
[[1950.0,800.0,800.0],0.001293662],
[[1950.0,850.0,850.0],0.001284751],
[[1950.0,900.0,900.0],0.001310059],
[[1950.0,950.0,950.0],0.001340248],
[[2000.0,1.0,1.0],0.0005662223],
[[2000.0,10.0,10.0],0.0005855008],
[[2000.0,50.0,50.0],0.0005906974],
[[2000.0,100.0,100.0],0.0005944876],
[[2000.0,150.0,150.0],0.0008988438],
[[2000.0,200.0,200.0],0.0008945593],
[[2000.0,250.0,250.0],0.001031422],
[[2000.0,300.0,300.0],0.001148654],
[[2000.0,350.0,350.0],0.001115221],
[[2000.0,400.0,400.0],0.0009600898],
[[2000.0,450.0,450.0],0.001137229],
[[2000.0,500.0,500.0],0.001268994],
[[2000.0,550.0,550.0],0.0012303],
[[2000.0,600.0,600.0],0.0009722936],
[[2000.0,650.0,650.0],0.001261457],
[[2000.0,700.0,700.0],0.001184817],
[[2000.0,750.0,750.0],0.001201922],
[[2000.0,800.0,800.0],0.001225727],
[[2000.0,850.0,850.0],0.001512127],
[[2000.0,900.0,900.0],0.00121352],
[[2000.0,950.0,950.0],0.001589783],
[[2250.0,1.0,1.0],0.0005864549],
[[2250.0,10.0,10.0],0.0004869294],
[[2250.0,50.0,50.0],0.0005396348],
[[2250.0,100.0,100.0],0.0006328067],
[[2250.0,150.0,150.0],0.0007668663],
[[2250.0,300.0,300.0],0.001055507],
[[2250.0,500.0,500.0],0.001300846],
[[2250.0,750.0,750.0],0.001452039],
[[2250.0,1000.0,1000.0],0.001548658],
[[2500.0,1.0,1.0],0.0004514074],
[[2500.0,10.0,10.0],0.0004864264],
[[2500.0,50.0,50.0],0.0005389011],
[[2500.0,100.0,100.0],0.0005165056],
[[2500.0,150.0,150.0],0.0006771454],
[[2500.0,300.0,300.0],0.001086607],
[[2500.0,500.0,500.0],0.001351243],
[[2500.0,750.0,750.0],0.001530997],
[[2500.0,1000.0,1000.0],0.001432844],
[[2500.0,1200.0,1200.0],0.001581252],
[[2750.0,1.0,1.0],0.0003952221],
[[2750.0,10.0,10.0],0.0003854939],
[[2750.0,50.0,50.0],0.0003987078],
[[2750.0,100.0,100.0],0.0004817697],
[[2750.0,150.0,150.0],0.0005432667],
[[2750.0,300.0,300.0],0.001000477],
[[2750.0,500.0,500.0],0.001336913],
[[2750.0,750.0,750.0],0.001671762],
[[2750.0,1000.0,1000.0],0.001529455],
[[2750.0,1200.0,1200.0],0.001644061],
[[3000.0,1.0,1.0],0.0003291675],
[[3000.0,10.0,10.0],0.0003362276],
[[3000.0,50.0,50.0],0.0003237513],
[[3000.0,100.0,100.0],0.0004195956],
[[3000.0,150.0,150.0],0.0005369199],
[[3000.0,300.0,300.0],0.001070071],
[[3000.0,500.0,500.0],0.001418039],
[[3000.0,750.0,750.0],0.001526205],
[[3000.0,1000.0,1000.0],0.001725251],
[[3000.0,1200.0,1200.0],0.001711923],
[[3000.0,1400.0,1400.0],0.001920404]]
