txName: TRV1
constraint: {(PV > Zprime(1)), (Zprime(1) > MET(2),MET(3))}
condition: None
conditionDescription: None
figureUrl: https://cms-results.web.cern.ch/cms-results/public-results/publications/EXO-20-004/CMS-EXO-20-004_Figure_007-b.png
source: CMS
validated: True
axesMap: [{0: 'x', 1: 'y', 2: 'y'}]
dataMap: {0: (1, 'mass', GeV), 1: (2, 'mass', GeV), 2: (3, 'mass', GeV)}
finalState: ['MET', 'MET']
intermediateState: None
efficiencyMap: [[[50.0,1.0,1.0],3.224093e-08],
[[100.0,1.0,1.0],5.164228e-07],
[[100.0,10.0,10.0],4.352835e-07],
[[150.0,1.0,1.0],1.111751e-06],
[[150.0,75.0,75.0],1.863707e-06],
[[200.0,1.0,1.0],2.761918e-06],
[[200.0,75.0,75.0],3.370282e-06],
[[250.0,1.0,1.0],6.795732e-06],
[[250.0,10.0,10.0],6.863146e-06],
[[250.0,75.0,75.0],6.5817e-06],
[[300.0,1.0,1.0],1.039277e-05],
[[300.0,75.0,75.0],8.401973e-06],
[[350.0,1.0,1.0],1.64809e-05],
[[350.0,75.0,75.0],1.702545e-05],
[[350.0,150.0,150.0],1.928227e-05],
[[400.0,1.0,1.0],2.084496e-05],
[[400.0,75.0,75.0],2.255416e-05],
[[400.0,150.0,150.0],2.571833e-05],
[[450.0,1.0,1.0],3.020677e-05],
[[450.0,75.0,75.0],2.919162e-05],
[[450.0,150.0,150.0],2.678127e-05],
[[450.0,200.0,200.0],2.913211e-05],
[[500.0,1.0,1.0],3.62423e-05],
[[500.0,10.0,10.0],3.791601e-05],
[[500.0,75.0,75.0],4.137319e-05],
[[500.0,150.0,150.0],4.25121e-05],
[[500.0,200.0,200.0],3.770932e-05],
[[550.0,1.0,1.0],4.405485e-05],
[[550.0,75.0,75.0],5.243149e-05],
[[550.0,150.0,150.0],5.570484e-05],
[[550.0,200.0,200.0],4.738814e-05],
[[550.0,250.0,250.0],5.347918e-05],
[[600.0,1.0,1.0],5.670522e-05],
[[600.0,75.0,75.0],5.466275e-05],
[[600.0,150.0,150.0],6.763373e-05],
[[600.0,200.0,200.0],6.807511e-05],
[[600.0,250.0,250.0],5.900402e-05],
[[650.0,1.0,1.0],6.852441e-05],
[[650.0,75.0,75.0],7.555174e-05],
[[650.0,150.0,150.0],6.766054e-05],
[[650.0,200.0,200.0],7.540443e-05],
[[650.0,250.0,250.0],6.738047e-05],
[[650.0,300.0,300.0],7.743357e-05],
[[700.0,1.0,1.0],8.864075e-05],
[[700.0,75.0,75.0],8.122129e-05],
[[700.0,150.0,150.0],9.032758e-05],
[[700.0,200.0,200.0],9.578437e-05],
[[700.0,250.0,250.0],9.483258e-05],
[[700.0,300.0,300.0],8.577632e-05],
[[750.0,1.0,1.0],9.828286e-05],
[[750.0,10.0,10.0],9.530352e-05],
[[750.0,75.0,75.0],9.247189e-05],
[[750.0,150.0,150.0],8.437018e-05],
[[750.0,200.0,200.0],8.397431e-05],
[[750.0,250.0,250.0],8.694532e-05],
[[750.0,300.0,300.0],0.0001079573],
[[750.0,350.0,350.0],9.011619e-05],
[[800.0,1.0,1.0],9.814565e-05],
[[800.0,75.0,75.0],0.0001035155],
[[800.0,150.0,150.0],0.0001065577],
[[800.0,200.0,200.0],0.0001052101],
[[800.0,250.0,250.0],0.0001024386],
[[800.0,300.0,300.0],0.0001108706],
[[800.0,350.0,350.0],0.000114983],
[[850.0,1.0,1.0],0.000116483],
[[850.0,75.0,75.0],0.0001275992],
[[850.0,150.0,150.0],0.0001282878],
[[850.0,200.0,200.0],0.0001179801],
[[850.0,250.0,250.0],0.0001453305],
[[850.0,300.0,300.0],0.0001246646],
[[850.0,350.0,350.0],0.0001248929],
[[850.0,400.0,400.0],0.0001435754],
[[900.0,1.0,1.0],0.0001236602],
[[900.0,75.0,75.0],0.0001231969],
[[900.0,150.0,150.0],0.0001414824],
[[900.0,200.0,200.0],0.000183443],
[[900.0,250.0,250.0],0.0001221287],
[[900.0,300.0,300.0],0.0001404278],
[[900.0,350.0,350.0],0.0001388439],
[[900.0,400.0,400.0],0.0001346805],
[[950.0,1.0,1.0],0.0001604508],
[[950.0,75.0,75.0],0.0001314498],
[[950.0,150.0,150.0],0.0001406546],
[[950.0,200.0,200.0],0.0001552025],
[[950.0,250.0,250.0],0.0001431148],
[[950.0,300.0,300.0],0.0001584091],
[[950.0,350.0,350.0],0.0001446724],
[[950.0,400.0,400.0],0.0001436049],
[[950.0,450.0,450.0],0.0001399228],
[[1000.0,1.0,1.0],0.0001380831],
[[1000.0,10.0,10.0],0.0001497052],
[[1000.0,75.0,75.0],0.0001506261],
[[1000.0,150.0,150.0],0.0001492878],
[[1000.0,200.0,200.0],0.0001642106],
[[1000.0,250.0,250.0],0.0001589516],
[[1000.0,300.0,300.0],0.0001610749],
[[1000.0,350.0,350.0],0.0001568985],
[[1000.0,400.0,400.0],0.0001703882],
[[1000.0,450.0,450.0],0.0001769556],
[[1050.0,1.0,1.0],0.0001803954],
[[1050.0,75.0,75.0],0.000192633],
[[1050.0,150.0,150.0],0.0001574831],
[[1050.0,200.0,200.0],0.0001707393],
[[1050.0,250.0,250.0],0.0001613809],
[[1050.0,300.0,300.0],0.0001877801],
[[1050.0,350.0,350.0],0.0001816651],
[[1050.0,400.0,400.0],0.0002177632],
[[1050.0,450.0,450.0],0.0001953082],
[[1050.0,500.0,500.0],0.0002194547],
[[1100.0,1.0,1.0],0.0001877288],
[[1100.0,75.0,75.0],0.0002246082],
[[1100.0,150.0,150.0],0.0002003624],
[[1100.0,200.0,200.0],0.0002013614],
[[1100.0,250.0,250.0],0.0001989225],
[[1100.0,300.0,300.0],0.0002104645],
[[1100.0,350.0,350.0],0.0002244964],
[[1100.0,400.0,400.0],0.0001796126],
[[1100.0,450.0,450.0],0.0001945614],
[[1100.0,500.0,500.0],0.0002027654],
[[1150.0,1.0,1.0],0.0001803265],
[[1150.0,75.0,75.0],0.0001803043],
[[1150.0,150.0,150.0],0.0002254532],
[[1150.0,200.0,200.0],0.0001979177],
[[1150.0,250.0,250.0],0.00019272],
[[1150.0,300.0,300.0],0.0001835711],
[[1150.0,350.0,350.0],0.0002149952],
[[1150.0,400.0,400.0],0.000209499],
[[1150.0,450.0,450.0],0.0002116061],
[[1150.0,500.0,500.0],0.0002308291],
[[1150.0,550.0,550.0],0.0001892261],
[[1200.0,1.0,1.0],0.0002131854],
[[1200.0,75.0,75.0],0.0001992655],
[[1200.0,150.0,150.0],0.0001956941],
[[1200.0,200.0,200.0],0.0002297995],
[[1200.0,250.0,250.0],0.0002084225],
[[1200.0,300.0,300.0],0.0002174036],
[[1200.0,350.0,350.0],0.0002148659],
[[1200.0,400.0,400.0],0.000203557],
[[1200.0,450.0,450.0],0.0002679187],
[[1200.0,500.0,500.0],0.0002439523],
[[1200.0,550.0,550.0],0.0002391145],
[[1250.0,1.0,1.0],0.0002155917],
[[1250.0,10.0,10.0],0.0002008442],
[[1250.0,75.0,75.0],0.0002217435],
[[1250.0,150.0,150.0],0.0002418148],
[[1250.0,200.0,200.0],0.0002149629],
[[1250.0,250.0,250.0],0.0002132019],
[[1250.0,300.0,300.0],0.0002253075],
[[1250.0,350.0,350.0],0.0002216247],
[[1250.0,400.0,400.0],0.0002387506],
[[1250.0,450.0,450.0],0.0002201666],
[[1250.0,500.0,500.0],0.0002013025],
[[1250.0,550.0,550.0],0.0002399156],
[[1250.0,600.0,600.0],0.0002503669],
[[1300.0,1.0,1.0],0.0002368457],
[[1300.0,75.0,75.0],0.00022483],
[[1300.0,150.0,150.0],0.0002642394],
[[1300.0,200.0,200.0],0.000257218],
[[1300.0,250.0,250.0],0.0002261301],
[[1300.0,300.0,300.0],0.0002480931],
[[1300.0,350.0,350.0],0.0002410336],
[[1300.0,400.0,400.0],0.0002707609],
[[1300.0,450.0,450.0],0.0002243659],
[[1300.0,500.0,500.0],0.0002811271],
[[1300.0,550.0,550.0],0.0002274014],
[[1300.0,600.0,600.0],0.0002764753],
[[1350.0,1.0,1.0],0.000240896],
[[1350.0,75.0,75.0],0.0002563548],
[[1350.0,150.0,150.0],0.0002410501],
[[1350.0,200.0,200.0],0.0002730078],
[[1350.0,250.0,250.0],0.0002829572],
[[1350.0,300.0,300.0],0.0002221722],
[[1350.0,350.0,350.0],0.0002617767],
[[1350.0,400.0,400.0],0.0002600321],
[[1350.0,450.0,450.0],0.0002594427],
[[1350.0,500.0,500.0],0.0002351477],
[[1350.0,550.0,550.0],0.0002486249],
[[1350.0,600.0,600.0],0.0002469602],
[[1350.0,650.0,650.0],0.000304069],
[[1400.0,1.0,1.0],0.0002465524],
[[1400.0,75.0,75.0],0.000254396],
[[1400.0,150.0,150.0],0.0002493007],
[[1400.0,200.0,200.0],0.0002680123],
[[1400.0,250.0,250.0],0.0002524852],
[[1400.0,300.0,300.0],0.0002655789],
[[1400.0,350.0,350.0],0.0002433165],
[[1400.0,400.0,400.0],0.0002613493],
[[1400.0,450.0,450.0],0.000283744],
[[1400.0,500.0,500.0],0.0003030445],
[[1400.0,550.0,550.0],0.000303719],
[[1400.0,600.0,600.0],0.0002673483],
[[1400.0,650.0,650.0],0.0003185908],
[[1450.0,1.0,1.0],0.0002659902],
[[1450.0,75.0,75.0],0.0003190322],
[[1450.0,150.0,150.0],0.0003406931],
[[1450.0,200.0,200.0],0.000341383],
[[1450.0,250.0,250.0],0.0002755749],
[[1450.0,300.0,300.0],0.0002872016],
[[1450.0,350.0,350.0],0.0003076082],
[[1450.0,400.0,400.0],0.0003023438],
[[1450.0,450.0,450.0],0.0003082264],
[[1450.0,500.0,500.0],0.0002921851],
[[1450.0,550.0,550.0],0.0003206204],
[[1450.0,600.0,600.0],0.0002662291],
[[1450.0,650.0,650.0],0.0002607479],
[[1450.0,700.0,700.0],0.0002754211],
[[1500.0,1.0,1.0],0.0003135252],
[[1500.0,10.0,10.0],0.000283844],
[[1500.0,75.0,75.0],0.0002732714],
[[1500.0,150.0,150.0],0.000273382],
[[1500.0,200.0,200.0],0.0002725391],
[[1500.0,250.0,250.0],0.0002578906],
[[1500.0,300.0,300.0],0.0002983905],
[[1500.0,350.0,350.0],0.0003353859],
[[1500.0,400.0,400.0],0.0002921812],
[[1500.0,450.0,450.0],0.0002867331],
[[1500.0,500.0,500.0],0.0002739306],
[[1500.0,550.0,550.0],0.0002603072],
[[1500.0,600.0,600.0],0.0003149598],
[[1500.0,650.0,650.0],0.000309025],
[[1500.0,700.0,700.0],0.0003392435],
[[1500.0,750.0,750.0],0.0003136206],
[[1550.0,1.0,1.0],0.0002876915],
[[1550.0,75.0,75.0],0.0002595439],
[[1550.0,150.0,150.0],0.000263132],
[[1550.0,200.0,200.0],0.0002749885],
[[1550.0,250.0,250.0],0.0002744309],
[[1550.0,300.0,300.0],0.0003178349],
[[1550.0,350.0,350.0],0.0003501132],
[[1550.0,400.0,400.0],0.0003390672],
[[1550.0,450.0,450.0],0.0002578053],
[[1550.0,500.0,500.0],0.0002831578],
[[1550.0,550.0,550.0],0.0003328108],
[[1550.0,600.0,600.0],0.0002903077],
[[1550.0,650.0,650.0],0.0003164643],
[[1550.0,700.0,700.0],0.0003499575],
[[1550.0,750.0,750.0],0.000283746],
[[1600.0,1.0,1.0],0.0002480673],
[[1600.0,75.0,75.0],0.0002744108],
[[1600.0,150.0,150.0],0.0003016156],
[[1600.0,200.0,200.0],0.0002901182],
[[1600.0,250.0,250.0],0.0002855025],
[[1600.0,300.0,300.0],0.0002799919],
[[1600.0,350.0,350.0],0.000294425],
[[1600.0,400.0,400.0],0.0002985884],
[[1600.0,450.0,450.0],0.0003307031],
[[1600.0,500.0,500.0],0.0003028795],
[[1600.0,550.0,550.0],0.0003283517],
[[1600.0,600.0,600.0],0.0002974516],
[[1600.0,650.0,650.0],0.0003324855],
[[1600.0,700.0,700.0],0.0002928046],
[[1600.0,750.0,750.0],0.0003146001],
[[1650.0,1.0,1.0],0.000273858],
[[1650.0,75.0,75.0],0.000285851],
[[1650.0,150.0,150.0],0.0002865929],
[[1650.0,200.0,200.0],0.0002793096],
[[1650.0,250.0,250.0],0.000311126],
[[1650.0,300.0,300.0],0.0002758765],
[[1650.0,350.0,350.0],0.0003319571],
[[1650.0,400.0,400.0],0.0003642192],
[[1650.0,450.0,450.0],0.0003399675],
[[1650.0,500.0,500.0],0.0003041666],
[[1650.0,550.0,550.0],0.0003649264],
[[1650.0,600.0,600.0],0.0003459596],
[[1650.0,650.0,650.0],0.0003169649],
[[1650.0,700.0,700.0],0.0003136308],
[[1650.0,750.0,750.0],0.0003002905],
[[1650.0,800.0,800.0],0.0003472254],
[[1700.0,1.0,1.0],0.0002954162],
[[1700.0,75.0,75.0],0.0002976884],
[[1700.0,150.0,150.0],0.0003023489],
[[1700.0,200.0,200.0],0.0003224515],
[[1700.0,250.0,250.0],0.0003007983],
[[1700.0,300.0,300.0],0.0003407522],
[[1700.0,350.0,350.0],0.000326286],
[[1700.0,400.0,400.0],0.0003024664],
[[1700.0,450.0,450.0],0.0003245549],
[[1700.0,500.0,500.0],0.0003100022],
[[1700.0,550.0,550.0],0.0002994149],
[[1700.0,600.0,600.0],0.0002855778],
[[1700.0,650.0,650.0],0.0003460736],
[[1700.0,700.0,700.0],0.0003095964],
[[1700.0,750.0,750.0],0.0003374098],
[[1700.0,800.0,800.0],0.0003154474],
[[1750.0,1.0,1.0],0.0003145425],
[[1750.0,10.0,10.0],0.0003193525],
[[1750.0,75.0,75.0],0.0003013762],
[[1750.0,150.0,150.0],0.0002888212],
[[1750.0,200.0,200.0],0.0002638326],
[[1750.0,250.0,250.0],0.000290116],
[[1750.0,300.0,300.0],0.0003172502],
[[1750.0,350.0,350.0],0.0003346021],
[[1750.0,400.0,400.0],0.0003124481],
[[1750.0,450.0,450.0],0.0003240174],
[[1750.0,500.0,500.0],0.0003720498],
[[1750.0,550.0,550.0],0.0003482421],
[[1750.0,600.0,600.0],0.0003151101],
[[1750.0,650.0,650.0],0.0003621442],
[[1750.0,700.0,700.0],0.000345836],
[[1750.0,750.0,750.0],0.0003545172],
[[1750.0,800.0,800.0],0.0003764039],
[[1750.0,850.0,850.0],0.0003431717],
[[1800.0,1.0,1.0],0.0003100947],
[[1800.0,75.0,75.0],0.0003492521],
[[1800.0,150.0,150.0],0.000341317],
[[1800.0,200.0,200.0],0.0003827329],
[[1800.0,250.0,250.0],0.0002986181],
[[1800.0,300.0,300.0],0.0003339872],
[[1800.0,350.0,350.0],0.0003855077],
[[1800.0,400.0,400.0],0.0003830199],
[[1800.0,450.0,450.0],0.000312974],
[[1800.0,500.0,500.0],0.0003530257],
[[1800.0,550.0,550.0],0.0003015458],
[[1800.0,600.0,600.0],0.000307541],
[[1800.0,650.0,650.0],0.0003501056],
[[1800.0,700.0,700.0],0.0003445879],
[[1800.0,750.0,750.0],0.0003907414],
[[1800.0,800.0,800.0],0.000332664],
[[1800.0,850.0,850.0],0.0003614211],
[[1850.0,1.0,1.0],0.0003054062],
[[1850.0,75.0,75.0],0.000319783],
[[1850.0,150.0,150.0],0.0003365606],
[[1850.0,200.0,200.0],0.000355696],
[[1850.0,250.0,250.0],0.000333367],
[[1850.0,300.0,300.0],0.0003466788],
[[1850.0,350.0,350.0],0.0003779514],
[[1850.0,400.0,400.0],0.0003414757],
[[1850.0,450.0,450.0],0.0003546512],
[[1850.0,500.0,500.0],0.0003478863],
[[1850.0,550.0,550.0],0.0003074147],
[[1850.0,600.0,600.0],0.0003695789],
[[1850.0,650.0,650.0],0.0003606105],
[[1850.0,700.0,700.0],0.0003648857],
[[1850.0,750.0,750.0],0.0003341129],
[[1850.0,800.0,800.0],0.0003494725],
[[1850.0,850.0,850.0],0.0003947361],
[[1850.0,900.0,900.0],0.0003317886],
[[1900.0,1.0,1.0],0.0003229113],
[[1900.0,75.0,75.0],0.0002824011],
[[1900.0,150.0,150.0],0.0003368876],
[[1900.0,200.0,200.0],0.0002808911],
[[1900.0,250.0,250.0],0.000382919],
[[1900.0,300.0,300.0],0.0003465202],
[[1900.0,350.0,350.0],0.00039828],
[[1900.0,400.0,400.0],0.0003737689],
[[1900.0,450.0,450.0],0.0003488402],
[[1900.0,500.0,500.0],0.0003282527],
[[1900.0,550.0,550.0],0.000357046],
[[1900.0,600.0,600.0],0.0003207688],
[[1900.0,650.0,650.0],0.0004113798],
[[1900.0,700.0,700.0],0.0004026345],
[[1900.0,750.0,750.0],0.0003914539],
[[1900.0,800.0,800.0],0.0003436082],
[[1900.0,850.0,850.0],0.0003477941],
[[1900.0,900.0,900.0],0.0003556161],
[[1950.0,1.0,1.0],0.0003183144],
[[1950.0,75.0,75.0],0.0003511414],
[[1950.0,150.0,150.0],0.0003637776],
[[1950.0,200.0,200.0],0.0003408534],
[[1950.0,250.0,250.0],0.0003866677],
[[1950.0,300.0,300.0],0.0003452782],
[[1950.0,350.0,350.0],0.0003005191],
[[1950.0,400.0,400.0],0.0003606863],
[[1950.0,450.0,450.0],0.00041116],
[[1950.0,500.0,500.0],0.0002933395],
[[1950.0,550.0,550.0],0.0003532619],
[[1950.0,600.0,600.0],0.000386882],
[[1950.0,650.0,650.0],0.000361765],
[[1950.0,700.0,700.0],0.0003767016],
[[1950.0,750.0,750.0],0.000433936],
[[1950.0,800.0,800.0],0.0003583059],
[[1950.0,850.0,850.0],0.0004612329],
[[1950.0,900.0,900.0],0.0003950617],
[[1950.0,950.0,950.0],0.0004138093],
[[2000.0,1.0,1.0],0.0003955075],
[[2000.0,75.0,75.0],0.0003824846],
[[2000.0,150.0,150.0],0.0003675838],
[[2000.0,200.0,200.0],0.0003073278],
[[2000.0,250.0,250.0],0.000375901],
[[2000.0,300.0,300.0],0.0003616536],
[[2000.0,350.0,350.0],0.0003623809],
[[2000.0,400.0,400.0],0.0003559684],
[[2000.0,450.0,450.0],0.0003679161],
[[2000.0,500.0,500.0],0.000341341],
[[2000.0,550.0,550.0],0.000348169],
[[2000.0,600.0,600.0],0.0003362497],
[[2000.0,650.0,650.0],0.0003679538],
[[2000.0,700.0,700.0],0.0003914734],
[[2000.0,750.0,750.0],0.0003721799],
[[2000.0,800.0,800.0],0.0004014365],
[[2000.0,850.0,850.0],0.0003644031],
[[2000.0,900.0,900.0],0.0003702202],
[[2000.0,950.0,950.0],0.0004051901],
[[2250.0,1.0,1.0],0.0004231465],
[[2250.0,75.0,75.0],0.0003887576],
[[2250.0,150.0,150.0],0.0003973678],
[[2250.0,300.0,300.0],0.0003858759],
[[2250.0,500.0,500.0],0.0004103859],
[[2250.0,750.0,750.0],0.000415913],
[[2250.0,1000.0,1000.0],0.0004012217],
[[2500.0,1.0,1.0],0.0004196914],
[[2500.0,75.0,75.0],0.0004273754],
[[2500.0,150.0,150.0],0.0004482996],
[[2500.0,300.0,300.0],0.0004084725],
[[2500.0,500.0,500.0],0.0004149536],
[[2500.0,750.0,750.0],0.0004502868],
[[2500.0,1000.0,1000.0],0.0004538558],
[[2500.0,1200.0,1200.0],0.0004688586],
[[2750.0,1.0,1.0],0.000408971],
[[2750.0,75.0,75.0],0.0004480185],
[[2750.0,150.0,150.0],0.0004550349],
[[2750.0,300.0,300.0],0.0003982756],
[[2750.0,500.0,500.0],0.0004586376],
[[2750.0,750.0,750.0],0.0004478332],
[[2750.0,1000.0,1000.0],0.0004589094],
[[2750.0,1200.0,1200.0],0.0004895219],
[[3000.0,1.0,1.0],0.000441011],
[[3000.0,75.0,75.0],0.0004414733],
[[3000.0,150.0,150.0],0.0004514273],
[[3000.0,300.0,300.0],0.000453715],
[[3000.0,500.0,500.0],0.0004248154],
[[3000.0,750.0,750.0],0.0004293809],
[[3000.0,1000.0,1000.0],0.0004394076],
[[3000.0,1200.0,1200.0],0.0004788674],
[[3000.0,1400.0,1400.0],0.0004934047]]
