txName: TRS1
constraint: {(PV > H0(1)), (H0(1) > MET(2),MET(3))}
condition: None
conditionDescription: None
figureUrl: https://cms-results.web.cern.ch/cms-results/public-results/publications/EXO-20-004/CMS-EXO-20-004_Figure_009-a.png
source: https://doi.org/10.5281/zenodo.13324003
validated: True
axesMap: [{0: 'x', 1: '1.0', 2: '1.0'}, {0: 'x', 1: 'y', 2: 'y'}]
dataMap: {0: (1, 'mass', GeV), 1: (2, 'mass', GeV), 2: (3, 'mass', GeV)}
finalState: ['MET', 'MET']
intermediateState: None
efficiencyMap: [[[100.0,1.0,1.0],1.036101e-06],
[[100.0,10.0,10.0],1.016211e-06],
[[150.0,1.0,1.0],2.541957e-06],
[[150.0,50.0,50.0],2.705375e-06],
[[200.0,1.0,1.0],4.069474e-06],
[[200.0,50.0,50.0],3.84054e-06],
[[200.0,100.0,100.0],9.003282e-06],
[[250.0,1.0,1.0],5.969908e-06],
[[250.0,10.0,10.0],5.529262e-06],
[[250.0,50.0,50.0],6.053185e-06],
[[250.0,100.0,100.0],5.027824e-06],
[[300.0,1.0,1.0],7.833746e-06],
[[300.0,50.0,50.0],6.664675e-06],
[[300.0,100.0,100.0],7.583251e-06],
[[350.0,1.0,1.0],9.420764e-06],
[[350.0,50.0,50.0],9.273759e-06],
[[350.0,100.0,100.0],7.164467e-06],
[[350.0,150.0,150.0],8.819967e-06],
[[400.0,1.0,1.0],1.184332e-05],
[[400.0,50.0,50.0],1.126962e-05],
[[400.0,100.0,100.0],1.067706e-05],
[[400.0,150.0,150.0],8.506436e-06],
[[450.0,1.0,1.0],1.375254e-05],
[[450.0,50.0,50.0],1.338304e-05],
[[450.0,100.0,100.0],1.193805e-05],
[[450.0,150.0,150.0],1.443887e-05],
[[450.0,200.0,200.0],1.58836e-05],
[[500.0,1.0,1.0],2.165443e-05],
[[500.0,10.0,10.0],2.329891e-05],
[[500.0,50.0,50.0],1.95021e-05],
[[500.0,100.0,100.0],2.084137e-05],
[[500.0,150.0,150.0],2.307388e-05],
[[500.0,200.0,200.0],2.164199e-05],
[[550.0,1.0,1.0],2.59185e-05],
[[550.0,50.0,50.0],2.923599e-05],
[[550.0,100.0,100.0],4.867954e-05],
[[550.0,150.0,150.0],3.016577e-05],
[[550.0,200.0,200.0],3.124321e-05],
[[550.0,250.0,250.0],2.842824e-05],
[[600.0,1.0,1.0],4.145232e-05],
[[600.0,50.0,50.0],3.340614e-05],
[[600.0,100.0,100.0],3.562089e-05],
[[600.0,150.0,150.0],4.390678e-05],
[[600.0,200.0,200.0],3.675054e-05],
[[600.0,250.0,250.0],3.431594e-05],
[[650.0,1.0,1.0],4.486464e-05],
[[650.0,50.0,50.0],5.248993e-05],
[[650.0,100.0,100.0],4.678118e-05],
[[650.0,150.0,150.0],4.903227e-05],
[[650.0,200.0,200.0],4.087605e-05],
[[650.0,250.0,250.0],4.412468e-05],
[[650.0,300.0,300.0],5.694712e-05],
[[700.0,1.0,1.0],5.458902e-05],
[[700.0,50.0,50.0],5.840189e-05],
[[700.0,100.0,100.0],5.830671e-05],
[[700.0,150.0,150.0],5.894812e-05],
[[700.0,200.0,200.0],6.898762e-05],
[[700.0,250.0,250.0],6.857353e-05],
[[700.0,300.0,300.0],6.47846e-05],
[[750.0,1.0,1.0],7.459724e-05],
[[750.0,10.0,10.0],7.617967e-05],
[[750.0,50.0,50.0],6.82837e-05],
[[750.0,100.0,100.0],8.869897e-05],
[[750.0,150.0,150.0],7.608816e-05],
[[750.0,200.0,200.0],7.893621e-05],
[[750.0,250.0,250.0],7.820636e-05],
[[750.0,300.0,300.0],8.429949e-05],
[[750.0,350.0,350.0],8.119782e-05],
[[800.0,1.0,1.0],8.839106e-05],
[[800.0,150.0,150.0],9.523539e-05],
[[800.0,200.0,200.0],0.0001059974],
[[800.0,250.0,250.0],9.880001e-05],
[[800.0,300.0,300.0],9.263614e-05],
[[800.0,350.0,350.0],9.76798e-05],
[[850.0,1.0,1.0],0.0001632221],
[[850.0,150.0,150.0],9.758838e-05],
[[850.0,200.0,200.0],0.0001043522],
[[850.0,250.0,250.0],0.0001171813],
[[850.0,300.0,300.0],0.0001024343],
[[850.0,350.0,350.0],0.0001287408],
[[850.0,400.0,400.0],0.0001380372],
[[900.0,1.0,1.0],0.000111197],
[[900.0,150.0,150.0],0.000122545],
[[900.0,200.0,200.0],0.0001188032],
[[900.0,250.0,250.0],0.0001426332],
[[900.0,300.0,300.0],0.0001837973],
[[900.0,350.0,350.0],0.0001485297],
[[900.0,400.0,400.0],0.0001338676],
[[950.0,1.0,1.0],0.0001133254],
[[950.0,150.0,150.0],0.0001495551],
[[950.0,200.0,200.0],0.0001446869],
[[950.0,250.0,250.0],0.0001586864],
[[950.0,300.0,300.0],0.0001740078],
[[950.0,350.0,350.0],0.000192336],
[[950.0,400.0,400.0],0.0001836189],
[[950.0,450.0,450.0],0.0002043119],
[[1000.0,1.0,1.0],0.0001381582],
[[1000.0,10.0,10.0],0.0001612126],
[[1000.0,50.0,50.0],0.0001737407],
[[1000.0,100.0,100.0],0.0001567656],
[[1000.0,150.0,150.0],0.0001538409],
[[1000.0,200.0,200.0],0.0001639041],
[[1000.0,250.0,250.0],0.0002001712],
[[1000.0,300.0,300.0],0.000256728],
[[1000.0,350.0,350.0],0.0001682305],
[[1000.0,400.0,400.0],0.0001802979],
[[1000.0,450.0,450.0],0.0002068187],
[[1050.0,1.0,1.0],0.0001602325],
[[1050.0,150.0,150.0],0.0001731619],
[[1050.0,200.0,200.0],0.0001627055],
[[1050.0,250.0,250.0],0.000203232],
[[1050.0,300.0,300.0],0.0002028273],
[[1050.0,350.0,350.0],0.0001825917],
[[1050.0,400.0,400.0],0.0002149145],
[[1050.0,450.0,450.0],0.0002258854],
[[1050.0,500.0,500.0],0.0003821406],
[[1100.0,1.0,1.0],0.0001743479],
[[1100.0,150.0,150.0],0.0001825191],
[[1100.0,200.0,200.0],0.0002404126],
[[1100.0,250.0,250.0],0.0002960268],
[[1100.0,300.0,300.0],0.000223258],
[[1100.0,350.0,350.0],0.000224464],
[[1100.0,400.0,400.0],0.000730252],
[[1100.0,450.0,450.0],0.0002415243],
[[1100.0,500.0,500.0],0.0002461677],
[[1150.0,1.0,1.0],0.0002272998],
[[1150.0,150.0,150.0],0.0002103897],
[[1150.0,200.0,200.0],0.0002322858],
[[1150.0,250.0,250.0],0.0003506414],
[[1150.0,300.0,300.0],0.000232231],
[[1150.0,350.0,350.0],0.000222826],
[[1150.0,400.0,400.0],0.0002683033],
[[1150.0,450.0,450.0],0.0002610473],
[[1150.0,500.0,500.0],0.0003323476],
[[1150.0,550.0,550.0],0.0002825813],
[[1200.0,1.0,1.0],0.0002371832],
[[1200.0,150.0,150.0],0.0002430085],
[[1200.0,200.0,200.0],0.000284921],
[[1200.0,250.0,250.0],0.0002696735],
[[1200.0,300.0,300.0],0.0002885285],
[[1200.0,350.0,350.0],0.0002894046],
[[1200.0,400.0,400.0],0.00034632],
[[1200.0,450.0,450.0],0.0003096287],
[[1200.0,500.0,500.0],0.0003352382],
[[1200.0,550.0,550.0],0.0003255438],
[[1250.0,1.0,1.0],0.0002385579],
[[1250.0,10.0,10.0],0.000237821],
[[1250.0,50.0,50.0],0.0002334552],
[[1250.0,100.0,100.0],0.0002348765],
[[1250.0,150.0,150.0],0.0002670991],
[[1250.0,200.0,200.0],0.0003133534],
[[1250.0,250.0,250.0],0.0002810074],
[[1250.0,300.0,300.0],0.0003078082],
[[1250.0,350.0,350.0],0.0003128413],
[[1250.0,400.0,400.0],0.0003814795],
[[1250.0,450.0,450.0],0.0003906011],
[[1250.0,500.0,500.0],0.0003572339],
[[1250.0,550.0,550.0],0.0003527389],
[[1250.0,600.0,600.0],0.000373548],
[[1300.0,1.0,1.0],0.0002416773],
[[1300.0,150.0,150.0],0.0002836341],
[[1300.0,200.0,200.0],0.0006969419],
[[1300.0,250.0,250.0],0.0003218992],
[[1300.0,300.0,300.0],0.0003318429],
[[1300.0,350.0,350.0],0.0003393826],
[[1300.0,400.0,400.0],0.0003306387],
[[1300.0,450.0,450.0],0.0004029115],
[[1300.0,500.0,500.0],0.0003285012],
[[1300.0,550.0,550.0],0.0003359415],
[[1300.0,600.0,600.0],0.0003511316],
[[1350.0,1.0,1.0],0.00024625],
[[1350.0,150.0,150.0],0.0003041556],
[[1350.0,200.0,200.0],0.0003201754],
[[1350.0,250.0,250.0],0.0003636033],
[[1350.0,300.0,300.0],0.000392142],
[[1350.0,350.0,350.0],0.0003662468],
[[1350.0,400.0,400.0],0.0004252842],
[[1350.0,450.0,450.0],0.000385057],
[[1350.0,500.0,500.0],0.0004646066],
[[1350.0,550.0,550.0],0.0004410821],
[[1350.0,600.0,600.0],0.0004792883],
[[1350.0,650.0,650.0],0.0004273585],
[[1400.0,1.0,1.0],0.0002497426],
[[1400.0,150.0,150.0],0.0002678579],
[[1400.0,200.0,200.0],0.0003680959],
[[1400.0,250.0,250.0],0.0004202548],
[[1400.0,300.0,300.0],0.0003233135],
[[1400.0,350.0,350.0],0.0003811427],
[[1400.0,400.0,400.0],0.0007101397],
[[1400.0,450.0,450.0],0.0004136695],
[[1400.0,500.0,500.0],0.0003861923],
[[1400.0,550.0,550.0],0.0004024877],
[[1400.0,600.0,600.0],0.0004052472],
[[1400.0,650.0,650.0],0.0003944656],
[[1450.0,1.0,1.0],0.0002683274],
[[1450.0,150.0,150.0],0.0003260159],
[[1450.0,200.0,200.0],0.000499375],
[[1450.0,250.0,250.0],0.0003815546],
[[1450.0,300.0,300.0],0.0003688922],
[[1450.0,350.0,350.0],0.0004105013],
[[1450.0,400.0,400.0],0.0005725674],
[[1450.0,450.0,450.0],0.0004735639],
[[1450.0,500.0,500.0],0.0004605893],
[[1450.0,550.0,550.0],0.0005918984],
[[1450.0,600.0,600.0],0.0004255502],
[[1450.0,650.0,650.0],0.0005171664],
[[1450.0,700.0,700.0],0.0005037331],
[[1500.0,1.0,1.0],0.0003126672],
[[1500.0,10.0,10.0],0.0002824082],
[[1500.0,50.0,50.0],0.0003256921],
[[1500.0,100.0,100.0],0.0003355979],
[[1500.0,150.0,150.0],0.0003872013],
[[1500.0,200.0,200.0],0.0003757517],
[[1500.0,250.0,250.0],0.0007198371],
[[1500.0,300.0,300.0],0.0006643446],
[[1500.0,350.0,350.0],0.0004607211],
[[1500.0,400.0,400.0],0.0004221062],
[[1500.0,450.0,450.0],0.0004737361],
[[1500.0,500.0,500.0],0.0004803335],
[[1500.0,550.0,550.0],0.0007587936],
[[1500.0,600.0,600.0],0.0004815129],
[[1500.0,650.0,650.0],0.0004567538],
[[1500.0,700.0,700.0],0.0004525679],
[[1500.0,750.0,750.0],0.0005847115],
[[1550.0,1.0,1.0],0.000300667],
[[1550.0,150.0,150.0],0.0003549344],
[[1550.0,200.0,200.0],0.0003874671],
[[1550.0,250.0,250.0],0.0003883046],
[[1550.0,300.0,300.0],0.0003786728],
[[1550.0,350.0,350.0],0.0005094266],
[[1550.0,400.0,400.0],0.0005720875],
[[1550.0,450.0,450.0],0.0004365407],
[[1550.0,500.0,500.0],0.0004583739],
[[1550.0,550.0,550.0],0.0005891777],
[[1550.0,600.0,600.0],0.0007523022],
[[1550.0,650.0,650.0],0.0006131702],
[[1550.0,700.0,700.0],0.0005406882],
[[1550.0,750.0,750.0],0.0005612849],
[[1600.0,1.0,1.0],0.0003061537],
[[1600.0,150.0,150.0],0.0004065063],
[[1600.0,200.0,200.0],0.000440205],
[[1600.0,250.0,250.0],0.0005018825],
[[1600.0,300.0,300.0],0.0004327745],
[[1600.0,350.0,350.0],0.0004621727],
[[1600.0,400.0,400.0],0.0004809857],
[[1600.0,450.0,450.0],0.0004657618],
[[1600.0,500.0,500.0],0.0005154112],
[[1600.0,550.0,550.0],0.0006165876],
[[1600.0,600.0,600.0],0.000506045],
[[1600.0,650.0,650.0],0.0005687386],
[[1600.0,700.0,700.0],0.0006150345],
[[1600.0,750.0,750.0],0.000581285],
[[1650.0,1.0,1.0],0.0003947638],
[[1650.0,150.0,150.0],0.0004478665],
[[1650.0,200.0,200.0],0.0004063135],
[[1650.0,250.0,250.0],0.0006182232],
[[1650.0,300.0,300.0],0.0004487045],
[[1650.0,350.0,350.0],0.0005676955],
[[1650.0,400.0,400.0],0.0005375453],
[[1650.0,450.0,450.0],0.0004996674],
[[1650.0,500.0,500.0],0.0005455077],
[[1650.0,550.0,550.0],0.0005961567],
[[1650.0,600.0,600.0],0.0006170682],
[[1650.0,650.0,650.0],0.000568583],
[[1650.0,700.0,700.0],0.0005644899],
[[1650.0,750.0,750.0],0.000582344],
[[1650.0,800.0,800.0],0.0005479031],
[[1700.0,1.0,1.0],0.0002896745],
[[1700.0,150.0,150.0],0.0004028454],
[[1700.0,200.0,200.0],0.0004151158],
[[1700.0,250.0,250.0],0.0004187863],
[[1700.0,300.0,300.0],0.0004825023],
[[1700.0,350.0,350.0],0.0005100616],
[[1700.0,400.0,400.0],0.0006554149],
[[1700.0,450.0,450.0],0.0005266495],
[[1700.0,500.0,500.0],0.0004945093],
[[1700.0,550.0,550.0],0.0005661032],
[[1700.0,600.0,600.0],0.0005965728],
[[1700.0,650.0,650.0],0.0006424116],
[[1700.0,700.0,700.0],0.000753622],
[[1700.0,750.0,750.0],0.0006072843],
[[1700.0,800.0,800.0],0.0006963035],
[[1750.0,1.0,1.0],0.0002907493],
[[1750.0,10.0,10.0],0.0002705179],
[[1750.0,50.0,50.0],0.0003540713],
[[1750.0,100.0,100.0],0.0003804631],
[[1750.0,150.0,150.0],0.0004298095],
[[1750.0,200.0,200.0],0.0005674638],
[[1750.0,250.0,250.0],0.0004408907],
[[1750.0,300.0,300.0],0.0004977601],
[[1750.0,350.0,350.0],0.000574471],
[[1750.0,400.0,400.0],0.0006721297],
[[1750.0,450.0,450.0],0.0005989835],
[[1750.0,500.0,500.0],0.0006568505],
[[1750.0,550.0,550.0],0.0005472337],
[[1750.0,600.0,600.0],0.0007283251],
[[1750.0,650.0,650.0],0.0005483434],
[[1750.0,700.0,700.0],0.0005915977],
[[1750.0,750.0,750.0],0.000768863],
[[1750.0,800.0,800.0],0.0006564474],
[[1750.0,850.0,850.0],0.0009246796],
[[1800.0,1.0,1.0],0.0003242483],
[[1800.0,150.0,150.0],0.0003631877],
[[1800.0,200.0,200.0],0.0004086378],
[[1800.0,250.0,250.0],0.0005525874],
[[1800.0,300.0,300.0],0.0005490368],
[[1800.0,350.0,350.0],0.0006072072],
[[1800.0,400.0,400.0],0.0006105397],
[[1800.0,450.0,450.0],0.0007586693],
[[1800.0,500.0,500.0],0.0006079109],
[[1800.0,550.0,550.0],0.0006205662],
[[1800.0,600.0,600.0],0.0005809746],
[[1800.0,650.0,650.0],0.0006732015],
[[1800.0,700.0,700.0],0.0006320928],
[[1800.0,750.0,750.0],0.0007562937],
[[1800.0,800.0,800.0],0.000733018],
[[1800.0,850.0,850.0],0.000841737],
[[1850.0,1.0,1.0],0.0003535284],
[[1850.0,150.0,150.0],0.000588874],
[[1850.0,200.0,200.0],0.0004411384],
[[1850.0,250.0,250.0],0.0005688411],
[[1850.0,300.0,300.0],0.000562501],
[[1850.0,350.0,350.0],0.0006902225],
[[1850.0,400.0,400.0],0.0006412351],
[[1850.0,450.0,450.0],0.0005726079],
[[1850.0,500.0,500.0],0.0005447065],
[[1850.0,550.0,550.0],0.0005861237],
[[1850.0,600.0,600.0],0.0006644647],
[[1850.0,650.0,650.0],0.0006352805],
[[1850.0,700.0,700.0],0.0006866849],
[[1850.0,750.0,750.0],0.0008091788],
[[1850.0,800.0,800.0],0.001027152],
[[1850.0,850.0,850.0],0.0008256529],
[[1850.0,900.0,900.0],0.0006959844],
[[1900.0,1.0,1.0],0.000378687],
[[1900.0,150.0,150.0],0.0003617468],
[[1900.0,200.0,200.0],0.0004438594],
[[1900.0,250.0,250.0],0.0005015366],
[[1900.0,300.0,300.0],0.0005411981],
[[1900.0,350.0,350.0],0.0006399434],
[[1900.0,400.0,400.0],0.0007814993],
[[1900.0,450.0,450.0],0.0005343026],
[[1900.0,500.0,500.0],0.0005600924],
[[1900.0,550.0,550.0],0.0006646997],
[[1900.0,600.0,600.0],0.0006110601],
[[1900.0,650.0,650.0],0.0006252063],
[[1900.0,700.0,700.0],0.0007388939],
[[1900.0,750.0,750.0],0.0007085994],
[[1900.0,800.0,800.0],0.0007275134],
[[1900.0,850.0,850.0],0.0007967179],
[[1900.0,900.0,900.0],0.000726726],
[[1950.0,1.0,1.0],0.0003389363],
[[1950.0,150.0,150.0],0.0004194585],
[[1950.0,200.0,200.0],0.0004734145],
[[1950.0,250.0,250.0],0.0005546608],
[[1950.0,300.0,300.0],0.0005850895],
[[1950.0,350.0,350.0],0.0006608388],
[[1950.0,400.0,400.0],0.0005871619],
[[1950.0,450.0,450.0],0.000806823],
[[1950.0,500.0,500.0],0.000705055],
[[1950.0,550.0,550.0],0.0006276255],
[[1950.0,600.0,600.0],0.0009043811],
[[1950.0,650.0,650.0],0.0007844868],
[[1950.0,700.0,700.0],0.0007585635],
[[1950.0,750.0,750.0],0.0006510955],
[[1950.0,800.0,800.0],0.0008090931],
[[1950.0,850.0,850.0],0.0006978259],
[[1950.0,900.0,900.0],0.001177334],
[[1950.0,950.0,950.0],0.0008185401],
[[2000.0,1.0,1.0],0.0004121008],
[[2000.0,10.0,10.0],0.0002871104],
[[2000.0,50.0,50.0],0.0002981547],
[[2000.0,100.0,100.0],0.0003644011],
[[2000.0,150.0,150.0],0.0004573538],
[[2000.0,200.0,200.0],0.0004659467],
[[2000.0,250.0,250.0],0.0005040796],
[[2000.0,300.0,300.0],0.000706592],
[[2000.0,350.0,350.0],0.0008665853],
[[2000.0,400.0,400.0],0.000641888],
[[2000.0,450.0,450.0],0.0009552496],
[[2000.0,500.0,500.0],0.000780001],
[[2000.0,550.0,550.0],0.0007029848],
[[2000.0,600.0,600.0],0.0007610876],
[[2000.0,650.0,650.0],0.0005960059],
[[2000.0,700.0,700.0],0.0007925599],
[[2000.0,750.0,750.0],0.0007490216],
[[2000.0,800.0,800.0],0.0007631315],
[[2000.0,850.0,850.0],0.0007405982],
[[2000.0,900.0,900.0],0.0007685043],
[[2000.0,950.0,950.0],0.000812352],
[[2250.0,1.0,1.0],0.0003208727],
[[2250.0,10.0,10.0],0.0003352662],
[[2250.0,50.0,50.0],0.0003260844],
[[2250.0,100.0,100.0],0.0003773943],
[[2250.0,150.0,150.0],0.0004077423],
[[2250.0,300.0,300.0],0.0006371241],
[[2250.0,500.0,500.0],0.0006938136],
[[2250.0,750.0,750.0],0.0008551166],
[[2250.0,1000.0,1000.0],0.0009019189],
[[2500.0,1.0,1.0],0.0002668383],
[[2500.0,10.0,10.0],0.0003646079],
[[2500.0,50.0,50.0],0.0002632893],
[[2500.0,100.0,100.0],0.000307431],
[[2500.0,150.0,150.0],0.0003879301],
[[2500.0,300.0,300.0],0.0006933302],
[[2500.0,500.0,500.0],0.0007446787],
[[2500.0,750.0,750.0],0.001209631],
[[2500.0,1000.0,1000.0],0.0009696346],
[[2500.0,1200.0,1200.0],0.001048898],
[[2750.0,1.0,1.0],0.0002354428],
[[2750.0,10.0,10.0],0.0002707905],
[[2750.0,50.0,50.0],0.0002275976],
[[2750.0,100.0,100.0],0.0002659276],
[[2750.0,150.0,150.0],0.0003194972],
[[2750.0,300.0,300.0],0.0007027363],
[[2750.0,500.0,500.0],0.0009991362],
[[2750.0,750.0,750.0],0.0009845418],
[[2750.0,1000.0,1000.0],0.001218828],
[[2750.0,1200.0,1200.0],0.001265366],
[[3000.0,1.0,1.0],0.0001833705],
[[3000.0,10.0,10.0],0.0001934442],
[[3000.0,50.0,50.0],0.0002096554],
[[3000.0,100.0,100.0],0.000247746],
[[3000.0,150.0,150.0],0.0003037935],
[[3000.0,300.0,300.0],0.0006260022],
[[3000.0,500.0,500.0],0.000883013],
[[3000.0,750.0,750.0],0.0009894513],
[[3000.0,1000.0,1000.0],0.001066932],
[[3000.0,1200.0,1200.0],0.001183668],
[[3000.0,1400.0,1400.0],0.00102041]]
