txName: TRV1
constraint: {(PV > Zprime(1)), (Zprime(1) > MET(2),MET(3))}
condition: None
conditionDescription: None
figureUrl: https://cms-results.web.cern.ch/cms-results/public-results/publications/EXO-20-004/CMS-EXO-20-004_Figure_007-b.png
source: CMS
validated: True
axesMap: [{0: 'x', 1: 'y', 2: 'y'}]
dataMap: {0: (1, 'mass', GeV), 1: (2, 'mass', GeV), 2: (3, 'mass', GeV)}
finalState: ['MET', 'MET']
intermediateState: None
efficiencyMap: [[[50.0,1.0,1.0],7.414225e-09],
[[100.0,1.0,1.0],9.884366e-08],
[[100.0,10.0,10.0],7.182388e-08],
[[150.0,1.0,1.0],4.704887e-07],
[[150.0,75.0,75.0],5.978352e-07],
[[200.0,1.0,1.0],1.051453e-06],
[[200.0,75.0,75.0],1.186601e-06],
[[250.0,1.0,1.0],2.081943e-06],
[[250.0,10.0,10.0],2.626194e-06],
[[250.0,75.0,75.0],2.830293e-06],
[[300.0,1.0,1.0],4.2415e-06],
[[300.0,75.0,75.0],5.311175e-06],
[[350.0,1.0,1.0],7.498364e-06],
[[350.0,75.0,75.0],5.048036e-06],
[[350.0,150.0,150.0],6.90212e-06],
[[400.0,1.0,1.0],1.048363e-05],
[[400.0,75.0,75.0],1.337487e-05],
[[400.0,150.0,150.0],1.001463e-05],
[[450.0,1.0,1.0],1.420909e-05],
[[450.0,75.0,75.0],1.33926e-05],
[[450.0,150.0,150.0],1.459224e-05],
[[450.0,200.0,200.0],1.558819e-05],
[[500.0,1.0,1.0],1.777664e-05],
[[500.0,10.0,10.0],1.711783e-05],
[[500.0,75.0,75.0],1.859056e-05],
[[500.0,150.0,150.0],1.895238e-05],
[[500.0,200.0,200.0],1.876539e-05],
[[550.0,1.0,1.0],2.185991e-05],
[[550.0,75.0,75.0],2.41388e-05],
[[550.0,150.0,150.0],2.588633e-05],
[[550.0,200.0,200.0],2.386902e-05],
[[550.0,250.0,250.0],2.677552e-05],
[[600.0,1.0,1.0],2.830552e-05],
[[600.0,75.0,75.0],2.761676e-05],
[[600.0,150.0,150.0],2.871796e-05],
[[600.0,200.0,200.0],4.775e-05],
[[600.0,250.0,250.0],2.966118e-05],
[[650.0,1.0,1.0],3.410379e-05],
[[650.0,75.0,75.0],3.630462e-05],
[[650.0,150.0,150.0],3.510693e-05],
[[650.0,200.0,200.0],4.010813e-05],
[[650.0,250.0,250.0],3.749102e-05],
[[650.0,300.0,300.0],3.609619e-05],
[[700.0,1.0,1.0],3.761879e-05],
[[700.0,75.0,75.0],4.460915e-05],
[[700.0,150.0,150.0],3.793285e-05],
[[700.0,200.0,200.0],4.516141e-05],
[[700.0,250.0,250.0],3.625129e-05],
[[700.0,300.0,300.0],4.741094e-05],
[[750.0,1.0,1.0],4.61639e-05],
[[750.0,10.0,10.0],4.659194e-05],
[[750.0,75.0,75.0],4.778171e-05],
[[750.0,150.0,150.0],4.446019e-05],
[[750.0,200.0,200.0],5.358238e-05],
[[750.0,250.0,250.0],5.167293e-05],
[[750.0,300.0,300.0],4.327552e-05],
[[750.0,350.0,350.0],5.105642e-05],
[[800.0,1.0,1.0],5.127014e-05],
[[800.0,75.0,75.0],5.22183e-05],
[[800.0,150.0,150.0],5.895324e-05],
[[800.0,200.0,200.0],5.832256e-05],
[[800.0,250.0,250.0],6.408596e-05],
[[800.0,300.0,300.0],5.559191e-05],
[[800.0,350.0,350.0],5.138014e-05],
[[850.0,1.0,1.0],5.342548e-05],
[[850.0,75.0,75.0],5.792894e-05],
[[850.0,150.0,150.0],6.257753e-05],
[[850.0,200.0,200.0],6.422811e-05],
[[850.0,250.0,250.0],6.359157e-05],
[[850.0,300.0,300.0],6.716566e-05],
[[850.0,350.0,350.0],7.114684e-05],
[[850.0,400.0,400.0],6.288624e-05],
[[900.0,1.0,1.0],6.860328e-05],
[[900.0,75.0,75.0],6.832615e-05],
[[900.0,150.0,150.0],6.425589e-05],
[[900.0,200.0,200.0],7.6352e-05],
[[900.0,250.0,250.0],7.1082e-05],
[[900.0,300.0,300.0],6.440574e-05],
[[900.0,350.0,350.0],6.614141e-05],
[[900.0,400.0,400.0],7.615132e-05],
[[950.0,1.0,1.0],6.6881e-05],
[[950.0,75.0,75.0],7.086539e-05],
[[950.0,150.0,150.0],8.031371e-05],
[[950.0,200.0,200.0],7.421071e-05],
[[950.0,250.0,250.0],6.875297e-05],
[[950.0,300.0,300.0],9.069393e-05],
[[950.0,350.0,350.0],6.984514e-05],
[[950.0,400.0,400.0],8.020187e-05],
[[950.0,450.0,450.0],8.475654e-05],
[[1000.0,1.0,1.0],9.246934e-05],
[[1000.0,10.0,10.0],8.669544e-05],
[[1000.0,75.0,75.0],7.815934e-05],
[[1000.0,150.0,150.0],8.452777e-05],
[[1000.0,200.0,200.0],8.220634e-05],
[[1000.0,250.0,250.0],8.34564e-05],
[[1000.0,300.0,300.0],7.88766e-05],
[[1000.0,350.0,350.0],6.982891e-05],
[[1000.0,400.0,400.0],9.376086e-05],
[[1000.0,450.0,450.0],9.622139e-05],
[[1050.0,1.0,1.0],8.607948e-05],
[[1050.0,75.0,75.0],8.744886e-05],
[[1050.0,150.0,150.0],7.124171e-05],
[[1050.0,200.0,200.0],0.0001004304],
[[1050.0,250.0,250.0],9.801029e-05],
[[1050.0,300.0,300.0],8.70304e-05],
[[1050.0,350.0,350.0],9.220767e-05],
[[1050.0,400.0,400.0],0.0001272384],
[[1050.0,450.0,450.0],9.25912e-05],
[[1050.0,500.0,500.0],9.688283e-05],
[[1100.0,1.0,1.0],9.780385e-05],
[[1100.0,75.0,75.0],9.394174e-05],
[[1100.0,150.0,150.0],0.0001094141],
[[1100.0,200.0,200.0],9.554791e-05],
[[1100.0,250.0,250.0],0.0001052976],
[[1100.0,300.0,300.0],0.0001459914],
[[1100.0,350.0,350.0],9.262438e-05],
[[1100.0,400.0,400.0],0.0001237877],
[[1100.0,450.0,450.0],0.0001068982],
[[1100.0,500.0,500.0],0.0001190335],
[[1150.0,1.0,1.0],0.0001049324],
[[1150.0,75.0,75.0],0.0001186582],
[[1150.0,150.0,150.0],0.0001102194],
[[1150.0,200.0,200.0],0.000107414],
[[1150.0,250.0,250.0],0.000113449],
[[1150.0,300.0,300.0],0.0001061188],
[[1150.0,350.0,350.0],0.0001088705],
[[1150.0,400.0,400.0],0.0001108078],
[[1150.0,450.0,450.0],0.0001245485],
[[1150.0,500.0,500.0],0.0001089124],
[[1150.0,550.0,550.0],0.0001139355],
[[1200.0,1.0,1.0],0.0001223694],
[[1200.0,75.0,75.0],0.0001118179],
[[1200.0,150.0,150.0],0.000119271],
[[1200.0,200.0,200.0],0.0001076077],
[[1200.0,250.0,250.0],0.0001240878],
[[1200.0,300.0,300.0],0.0001143453],
[[1200.0,350.0,350.0],0.000120419],
[[1200.0,400.0,400.0],0.0001245207],
[[1200.0,450.0,450.0],0.0001174435],
[[1200.0,500.0,500.0],0.0001177624],
[[1200.0,550.0,550.0],0.0001264304],
[[1250.0,1.0,1.0],0.000123806],
[[1250.0,10.0,10.0],0.0001297543],
[[1250.0,75.0,75.0],0.0001244925],
[[1250.0,150.0,150.0],0.0001288305],
[[1250.0,200.0,200.0],0.0001315407],
[[1250.0,250.0,250.0],0.0001475844],
[[1250.0,300.0,300.0],0.0001376417],
[[1250.0,350.0,350.0],0.0001243294],
[[1250.0,400.0,400.0],0.0001469417],
[[1250.0,450.0,450.0],0.0001268635],
[[1250.0,500.0,500.0],0.0001307046],
[[1250.0,550.0,550.0],0.0001756342],
[[1250.0,600.0,600.0],0.0001516333],
[[1300.0,1.0,1.0],0.0001233724],
[[1300.0,75.0,75.0],0.0001165212],
[[1300.0,150.0,150.0],0.0001398162],
[[1300.0,200.0,200.0],0.0001129972],
[[1300.0,250.0,250.0],0.0001370973],
[[1300.0,300.0,300.0],0.0001380508],
[[1300.0,350.0,350.0],0.0001233042],
[[1300.0,400.0,400.0],0.0001389969],
[[1300.0,450.0,450.0],0.0001327862],
[[1300.0,500.0,500.0],0.0001173859],
[[1300.0,550.0,550.0],0.0001608639],
[[1300.0,600.0,600.0],0.0001460043],
[[1350.0,1.0,1.0],0.0001390241],
[[1350.0,75.0,75.0],0.0001282703],
[[1350.0,150.0,150.0],0.00014537],
[[1350.0,200.0,200.0],0.0001474839],
[[1350.0,250.0,250.0],0.0001552266],
[[1350.0,300.0,300.0],0.0001420579],
[[1350.0,350.0,350.0],0.0001378222],
[[1350.0,400.0,400.0],0.0001460898],
[[1350.0,450.0,450.0],0.0001386009],
[[1350.0,500.0,500.0],0.000144504],
[[1350.0,550.0,550.0],0.0001456042],
[[1350.0,600.0,600.0],0.0001677883],
[[1350.0,650.0,650.0],0.0001476923],
[[1400.0,1.0,1.0],0.0001417328],
[[1400.0,75.0,75.0],0.0001497485],
[[1400.0,150.0,150.0],0.0001392596],
[[1400.0,200.0,200.0],0.0001401135],
[[1400.0,250.0,250.0],0.0001656628],
[[1400.0,300.0,300.0],0.0001441472],
[[1400.0,350.0,350.0],0.0001516566],
[[1400.0,400.0,400.0],0.0001481475],
[[1400.0,450.0,450.0],0.0001497365],
[[1400.0,500.0,500.0],0.0001486543],
[[1400.0,550.0,550.0],0.0001493601],
[[1400.0,600.0,600.0],0.0001660087],
[[1400.0,650.0,650.0],0.0001546383],
[[1450.0,1.0,1.0],0.0001402072],
[[1450.0,75.0,75.0],0.0001480507],
[[1450.0,150.0,150.0],0.000155117],
[[1450.0,200.0,200.0],0.0001394196],
[[1450.0,250.0,250.0],0.0001527815],
[[1450.0,300.0,300.0],0.0001739812],
[[1450.0,350.0,350.0],0.0001669319],
[[1450.0,400.0,400.0],0.0001789735],
[[1450.0,450.0,450.0],0.0001576055],
[[1450.0,500.0,500.0],0.000160725],
[[1450.0,550.0,550.0],0.0001753992],
[[1450.0,600.0,600.0],0.0001363336],
[[1450.0,650.0,650.0],0.0001592953],
[[1450.0,700.0,700.0],0.0001801075],
[[1500.0,1.0,1.0],0.0001499129],
[[1500.0,10.0,10.0],0.0001758176],
[[1500.0,75.0,75.0],0.0001467068],
[[1500.0,150.0,150.0],0.0001518359],
[[1500.0,200.0,200.0],0.0001410113],
[[1500.0,250.0,250.0],0.0001369698],
[[1500.0,300.0,300.0],0.0001418341],
[[1500.0,350.0,350.0],0.0001644581],
[[1500.0,400.0,400.0],0.0001600486],
[[1500.0,450.0,450.0],0.0001751864],
[[1500.0,500.0,500.0],0.0001644149],
[[1500.0,550.0,550.0],0.0001663334],
[[1500.0,600.0,600.0],0.00016345],
[[1500.0,650.0,650.0],0.0001973485],
[[1500.0,700.0,700.0],0.0001484481],
[[1500.0,750.0,750.0],0.0001889724],
[[1550.0,1.0,1.0],0.000166766],
[[1550.0,75.0,75.0],0.0001475696],
[[1550.0,150.0,150.0],0.0001678345],
[[1550.0,200.0,200.0],0.0001627633],
[[1550.0,250.0,250.0],0.0001772016],
[[1550.0,300.0,300.0],0.0001657752],
[[1550.0,350.0,350.0],0.0001661823],
[[1550.0,400.0,400.0],0.0001752432],
[[1550.0,450.0,450.0],0.0001657808],
[[1550.0,500.0,500.0],0.0001912692],
[[1550.0,550.0,550.0],0.0001784447],
[[1550.0,600.0,600.0],0.0001601826],
[[1550.0,650.0,650.0],0.0001809266],
[[1550.0,700.0,700.0],0.0001853456],
[[1550.0,750.0,750.0],0.0002300402],
[[1600.0,1.0,1.0],0.0001812131],
[[1600.0,75.0,75.0],0.0001719699],
[[1600.0,150.0,150.0],0.0001386432],
[[1600.0,200.0,200.0],0.0001806967],
[[1600.0,250.0,250.0],0.0001796901],
[[1600.0,300.0,300.0],0.0001980051],
[[1600.0,350.0,350.0],0.0001886839],
[[1600.0,400.0,400.0],0.000194494],
[[1600.0,450.0,450.0],0.0001780951],
[[1600.0,500.0,500.0],0.0001840283],
[[1600.0,550.0,550.0],0.0001865547],
[[1600.0,600.0,600.0],0.0001542782],
[[1600.0,650.0,650.0],0.0001878882],
[[1600.0,700.0,700.0],0.0001881173],
[[1600.0,750.0,750.0],0.0002049745],
[[1650.0,1.0,1.0],0.0001732758],
[[1650.0,75.0,75.0],0.0002052443],
[[1650.0,150.0,150.0],0.0001792288],
[[1650.0,200.0,200.0],0.0001859594],
[[1650.0,250.0,250.0],0.0002003351],
[[1650.0,300.0,300.0],0.0001750549],
[[1650.0,350.0,350.0],0.0001773617],
[[1650.0,400.0,400.0],0.0001639083],
[[1650.0,450.0,450.0],0.0001650036],
[[1650.0,500.0,500.0],0.000181951],
[[1650.0,550.0,550.0],0.0001887947],
[[1650.0,600.0,600.0],0.0002221026],
[[1650.0,650.0,650.0],0.0001663947],
[[1650.0,700.0,700.0],0.0002000881],
[[1650.0,750.0,750.0],0.0001750884],
[[1650.0,800.0,800.0],0.0002147702],
[[1700.0,1.0,1.0],0.0001689033],
[[1700.0,75.0,75.0],0.0001775068],
[[1700.0,150.0,150.0],0.0001672946],
[[1700.0,200.0,200.0],0.0001759994],
[[1700.0,250.0,250.0],0.0001888213],
[[1700.0,300.0,300.0],0.0001602703],
[[1700.0,350.0,350.0],0.000176703],
[[1700.0,400.0,400.0],0.0001810222],
[[1700.0,450.0,450.0],0.0001851247],
[[1700.0,500.0,500.0],0.0001636119],
[[1700.0,550.0,550.0],0.0001908824],
[[1700.0,600.0,600.0],0.0001914194],
[[1700.0,650.0,650.0],0.0001792674],
[[1700.0,700.0,700.0],0.0001703434],
[[1700.0,750.0,750.0],0.0001611997],
[[1700.0,800.0,800.0],0.0002156702],
[[1750.0,1.0,1.0],0.0001712253],
[[1750.0,10.0,10.0],0.0001561043],
[[1750.0,75.0,75.0],0.0001904396],
[[1750.0,150.0,150.0],0.0001812895],
[[1750.0,200.0,200.0],0.0001991885],
[[1750.0,250.0,250.0],0.0002043361],
[[1750.0,300.0,300.0],0.0002247683],
[[1750.0,350.0,350.0],0.0001829173],
[[1750.0,400.0,400.0],0.0001798044],
[[1750.0,450.0,450.0],0.0001798125],
[[1750.0,500.0,500.0],0.000204852],
[[1750.0,550.0,550.0],0.0001710304],
[[1750.0,600.0,600.0],0.0001953233],
[[1750.0,650.0,650.0],0.0001834162],
[[1750.0,700.0,700.0],0.0001854906],
[[1750.0,750.0,750.0],0.0002115532],
[[1750.0,800.0,800.0],0.0002166407],
[[1750.0,850.0,850.0],0.0002040393],
[[1800.0,1.0,1.0],0.0001602358],
[[1800.0,75.0,75.0],0.0001803571],
[[1800.0,150.0,150.0],0.0002078919],
[[1800.0,200.0,200.0],0.0002282966],
[[1800.0,250.0,250.0],0.0002261936],
[[1800.0,300.0,300.0],0.0001990282],
[[1800.0,350.0,350.0],0.0001919237],
[[1800.0,400.0,400.0],0.0002226963],
[[1800.0,450.0,450.0],0.0002044228],
[[1800.0,500.0,500.0],0.0001976614],
[[1800.0,550.0,550.0],0.0002036918],
[[1800.0,600.0,600.0],0.0001995285],
[[1800.0,650.0,650.0],0.0001770655],
[[1800.0,700.0,700.0],0.0001916053],
[[1800.0,750.0,750.0],0.0001799764],
[[1800.0,800.0,800.0],0.0002097976],
[[1800.0,850.0,850.0],0.0002201028],
[[1850.0,1.0,1.0],0.0001954014],
[[1850.0,75.0,75.0],0.0001944706],
[[1850.0,150.0,150.0],0.0002035732],
[[1850.0,200.0,200.0],0.0002070996],
[[1850.0,250.0,250.0],0.0002144875],
[[1850.0,300.0,300.0],0.0002076607],
[[1850.0,350.0,350.0],0.0002113707],
[[1850.0,400.0,400.0],0.0002363204],
[[1850.0,450.0,450.0],0.0002190728],
[[1850.0,500.0,500.0],0.0002162002],
[[1850.0,550.0,550.0],0.0001922236],
[[1850.0,600.0,600.0],0.000216017],
[[1850.0,650.0,650.0],0.0002053291],
[[1850.0,700.0,700.0],0.0001889667],
[[1850.0,750.0,750.0],0.000205615],
[[1850.0,800.0,800.0],0.000208402],
[[1850.0,850.0,850.0],0.0001977207],
[[1850.0,900.0,900.0],0.0002043087],
[[1900.0,1.0,1.0],0.0001865584],
[[1900.0,75.0,75.0],0.0002075838],
[[1900.0,150.0,150.0],0.0001882172],
[[1900.0,200.0,200.0],0.0001936635],
[[1900.0,250.0,250.0],0.0001888208],
[[1900.0,300.0,300.0],0.0001715492],
[[1900.0,350.0,350.0],0.0002227068],
[[1900.0,400.0,400.0],0.0002299121],
[[1900.0,450.0,450.0],0.0002111051],
[[1900.0,500.0,500.0],0.0002232811],
[[1900.0,550.0,550.0],0.0002292298],
[[1900.0,600.0,600.0],0.0002024096],
[[1900.0,650.0,650.0],0.000208499],
[[1900.0,700.0,700.0],0.0002371486],
[[1900.0,750.0,750.0],0.000220809],
[[1900.0,800.0,800.0],0.000231541],
[[1900.0,850.0,850.0],0.0002059074],
[[1900.0,900.0,900.0],0.0002379405],
[[1950.0,1.0,1.0],0.0001819217],
[[1950.0,75.0,75.0],0.0001953353],
[[1950.0,150.0,150.0],0.0002000357],
[[1950.0,200.0,200.0],0.0002289969],
[[1950.0,250.0,250.0],0.0002190398],
[[1950.0,300.0,300.0],0.0002002018],
[[1950.0,350.0,350.0],0.0002204087],
[[1950.0,400.0,400.0],0.000198898],
[[1950.0,450.0,450.0],0.0002193513],
[[1950.0,500.0,500.0],0.0002453537],
[[1950.0,550.0,550.0],0.0002146025],
[[1950.0,600.0,600.0],0.0002267665],
[[1950.0,650.0,650.0],0.0002008654],
[[1950.0,700.0,700.0],0.0002315973],
[[1950.0,750.0,750.0],0.0002458725],
[[1950.0,800.0,800.0],0.0002323932],
[[1950.0,850.0,850.0],0.0002247598],
[[1950.0,900.0,900.0],0.0002668554],
[[1950.0,950.0,950.0],0.0002067975],
[[2000.0,1.0,1.0],0.0002272184],
[[2000.0,75.0,75.0],0.0002264885],
[[2000.0,150.0,150.0],0.0002106858],
[[2000.0,200.0,200.0],0.0002394673],
[[2000.0,250.0,250.0],0.0002157157],
[[2000.0,300.0,300.0],0.0002244239],
[[2000.0,350.0,350.0],0.0002190088],
[[2000.0,400.0,400.0],0.0002650286],
[[2000.0,450.0,450.0],0.0002172967],
[[2000.0,500.0,500.0],0.0001988033],
[[2000.0,550.0,550.0],0.0002046613],
[[2000.0,600.0,600.0],0.0002773486],
[[2000.0,650.0,650.0],0.0002269238],
[[2000.0,700.0,700.0],0.0001921773],
[[2000.0,750.0,750.0],0.0002247071],
[[2000.0,800.0,800.0],0.0002284157],
[[2000.0,850.0,850.0],0.0002152241],
[[2000.0,900.0,900.0],0.0002347719],
[[2000.0,950.0,950.0],0.0002379553],
[[2250.0,1.0,1.0],0.0002544973],
[[2250.0,75.0,75.0],0.0002383254],
[[2250.0,150.0,150.0],0.0002502449],
[[2250.0,300.0,300.0],0.0002255351],
[[2250.0,500.0,500.0],0.0002408338],
[[2250.0,750.0,750.0],0.0002291949],
[[2250.0,1000.0,1000.0],0.0002464357],
[[2500.0,1.0,1.0],0.0002809332],
[[2500.0,75.0,75.0],0.0002694991],
[[2500.0,150.0,150.0],0.0002478548],
[[2500.0,300.0,300.0],0.0002287528],
[[2500.0,500.0,500.0],0.0002548584],
[[2500.0,750.0,750.0],0.0002570006],
[[2500.0,1000.0,1000.0],0.0002748536],
[[2500.0,1200.0,1200.0],0.0002426703],
[[2750.0,1.0,1.0],0.0002728367],
[[2750.0,75.0,75.0],0.0002710603],
[[2750.0,150.0,150.0],0.000295262],
[[2750.0,300.0,300.0],0.0002516206],
[[2750.0,500.0,500.0],0.0002689736],
[[2750.0,750.0,750.0],0.0002767678],
[[2750.0,1000.0,1000.0],0.0002513851],
[[2750.0,1200.0,1200.0],0.0002727783],
[[3000.0,1.0,1.0],0.0002729522],
[[3000.0,75.0,75.0],0.0002768112],
[[3000.0,150.0,150.0],0.0002455726],
[[3000.0,300.0,300.0],0.0002489155],
[[3000.0,500.0,500.0],0.0002705108],
[[3000.0,750.0,750.0],0.0002448333],
[[3000.0,1000.0,1000.0],0.0002834924],
[[3000.0,1200.0,1200.0],0.0002901758],
[[3000.0,1400.0,1400.0],0.0003229494]]
