txName: TRS1
constraint: {(PV > H0(1)), (H0(1) > MET(2),MET(3))}
condition: None
conditionDescription: None
figureUrl: https://cms-results.web.cern.ch/cms-results/public-results/publications/EXO-20-004/CMS-EXO-20-004_Figure_009-a.png
source: https://doi.org/10.5281/zenodo.13324003
validated: True
axesMap: [{0: 'x', 1: '1.0', 2: '1.0'}, {0: 'x', 1: 'y', 2: 'y'}]
dataMap: {0: (1, 'mass', GeV), 1: (2, 'mass', GeV), 2: (3, 'mass', GeV)}
finalState: ['MET', 'MET']
intermediateState: None
efficiencyMap: [[[100.0,10.0,10.0],6.877304e-05],
[[150.0,1.0,1.0],0.0001344563],
[[150.0,50.0,50.0],0.0001288778],
[[200.0,1.0,1.0],0.0001811358],
[[200.0,50.0,50.0],0.0001876362],
[[200.0,100.0,100.0],0.0003196254],
[[250.0,1.0,1.0],0.0002724692],
[[250.0,10.0,10.0],0.0002741667],
[[250.0,50.0,50.0],0.0002582628],
[[250.0,100.0,100.0],0.0002807431],
[[300.0,1.0,1.0],0.0003497555],
[[300.0,50.0,50.0],0.0003509657],
[[300.0,100.0,100.0],0.000347066],
[[350.0,1.0,1.0],0.0004166963],
[[350.0,50.0,50.0],0.0003942848],
[[350.0,100.0,100.0],0.0003659057],
[[350.0,150.0,150.0],0.0003625756],
[[400.0,1.0,1.0],0.0005408318],
[[400.0,50.0,50.0],0.0004301323],
[[400.0,100.0,100.0],0.0004530799],
[[400.0,150.0,150.0],0.0004526973],
[[450.0,1.0,1.0],0.0005985427],
[[450.0,50.0,50.0],0.0006022532],
[[450.0,100.0,100.0],0.0006193757],
[[450.0,150.0,150.0],0.0006078491],
[[450.0,200.0,200.0],0.0006155462],
[[500.0,1.0,1.0],0.0007441709],
[[500.0,10.0,10.0],0.0008270901],
[[500.0,50.0,50.0],0.0008058904],
[[500.0,100.0,100.0],0.0006982095],
[[500.0,150.0,150.0],0.0007401968],
[[500.0,200.0,200.0],0.0007636666],
[[550.0,1.0,1.0],0.000844201],
[[550.0,50.0,50.0],0.0009585373],
[[550.0,100.0,100.0],0.001031904],
[[550.0,150.0,150.0],0.0009957122],
[[550.0,200.0,200.0],0.001178808],
[[550.0,250.0,250.0],0.0009298214],
[[600.0,1.0,1.0],0.001257113],
[[600.0,50.0,50.0],0.001100615],
[[600.0,100.0,100.0],0.00112488],
[[600.0,150.0,150.0],0.001039751],
[[600.0,200.0,200.0],0.001080953],
[[600.0,250.0,250.0],0.002151404],
[[650.0,1.0,1.0],0.001093096],
[[650.0,50.0,50.0],0.001086868],
[[650.0,100.0,100.0],0.001171751],
[[650.0,150.0,150.0],0.001256327],
[[650.0,200.0,200.0],0.001090379],
[[650.0,250.0,250.0],0.001348264],
[[650.0,300.0,300.0],0.001342171],
[[700.0,1.0,1.0],0.001244605],
[[700.0,50.0,50.0],0.001284724],
[[700.0,100.0,100.0],0.001332345],
[[700.0,150.0,150.0],0.001629116],
[[700.0,200.0,200.0],0.001179887],
[[700.0,250.0,250.0],0.00152963],
[[700.0,300.0,300.0],0.001304175],
[[750.0,1.0,1.0],0.001564413],
[[750.0,10.0,10.0],0.001752789],
[[750.0,50.0,50.0],0.001934452],
[[750.0,100.0,100.0],0.001723162],
[[750.0,150.0,150.0],0.001765096],
[[750.0,200.0,200.0],0.001742213],
[[750.0,250.0,250.0],0.002270708],
[[750.0,300.0,300.0],0.001699969],
[[750.0,350.0,350.0],0.001707187],
[[800.0,1.0,1.0],0.001542455],
[[800.0,150.0,150.0],0.001650039],
[[800.0,200.0,200.0],0.001899775],
[[800.0,250.0,250.0],0.002026545],
[[800.0,300.0,300.0],0.001871357],
[[800.0,350.0,350.0],0.001788745],
[[850.0,1.0,1.0],0.002012201],
[[850.0,150.0,150.0],0.001811728],
[[850.0,200.0,200.0],0.001786574],
[[850.0,250.0,250.0],0.002074178],
[[850.0,300.0,300.0],0.002225982],
[[850.0,350.0,350.0],0.00180187],
[[850.0,400.0,400.0],0.002464897],
[[900.0,1.0,1.0],0.001847273],
[[900.0,150.0,150.0],0.002178516],
[[900.0,200.0,200.0],0.002267888],
[[900.0,250.0,250.0],0.001886483],
[[900.0,300.0,300.0],0.00206703],
[[900.0,350.0,350.0],0.002049577],
[[900.0,400.0,400.0],0.001961386],
[[950.0,1.0,1.0],0.00247128],
[[950.0,150.0,150.0],0.002427826],
[[950.0,200.0,200.0],0.002196376],
[[950.0,250.0,250.0],0.002160429],
[[950.0,300.0,300.0],0.002298641],
[[950.0,350.0,350.0],0.002310382],
[[950.0,400.0,400.0],0.002008125],
[[950.0,450.0,450.0],0.002194443],
[[1000.0,1.0,1.0],0.002244439],
[[1000.0,10.0,10.0],0.002225418],
[[1000.0,50.0,50.0],0.001982866],
[[1000.0,100.0,100.0],0.002064738],
[[1000.0,150.0,150.0],0.002445517],
[[1000.0,200.0,200.0],0.002377207],
[[1000.0,250.0,250.0],0.002047416],
[[1000.0,300.0,300.0],0.002323626],
[[1000.0,350.0,350.0],0.002831803],
[[1000.0,400.0,400.0],0.002604253],
[[1000.0,450.0,450.0],0.002541927],
[[1050.0,1.0,1.0],0.002093107],
[[1050.0,150.0,150.0],0.00267888],
[[1050.0,200.0,200.0],0.002392971],
[[1050.0,250.0,250.0],0.002621241],
[[1050.0,300.0,300.0],0.003069433],
[[1050.0,350.0,350.0],0.002180865],
[[1050.0,400.0,400.0],0.002816727],
[[1050.0,450.0,450.0],0.00259469],
[[1050.0,500.0,500.0],0.002487374],
[[1100.0,1.0,1.0],0.00234695],
[[1100.0,150.0,150.0],0.00245282],
[[1100.0,200.0,200.0],0.002596723],
[[1100.0,250.0,250.0],0.002539873],
[[1100.0,300.0,300.0],0.002662296],
[[1100.0,350.0,350.0],0.002602798],
[[1100.0,400.0,400.0],0.00263727],
[[1100.0,450.0,450.0],0.0024508],
[[1100.0,500.0,500.0],0.002634347],
[[1150.0,1.0,1.0],0.002188206],
[[1150.0,150.0,150.0],0.002904447],
[[1150.0,200.0,200.0],0.002731177],
[[1150.0,250.0,250.0],0.003178318],
[[1150.0,300.0,300.0],0.002745421],
[[1150.0,350.0,350.0],0.002710251],
[[1150.0,400.0,400.0],0.002546299],
[[1150.0,450.0,450.0],0.002809933],
[[1150.0,500.0,500.0],0.002809137],
[[1150.0,550.0,550.0],0.003220945],
[[1200.0,1.0,1.0],0.002469829],
[[1200.0,150.0,150.0],0.002386522],
[[1200.0,200.0,200.0],0.002635732],
[[1200.0,250.0,250.0],0.003214513],
[[1200.0,300.0,300.0],0.002609311],
[[1200.0,350.0,350.0],0.002919956],
[[1200.0,400.0,400.0],0.002954829],
[[1200.0,450.0,450.0],0.003116373],
[[1200.0,500.0,500.0],0.003106515],
[[1200.0,550.0,550.0],0.003413486],
[[1250.0,1.0,1.0],0.002383973],
[[1250.0,10.0,10.0],0.002265819],
[[1250.0,50.0,50.0],0.002524046],
[[1250.0,100.0,100.0],0.002457551],
[[1250.0,150.0,150.0],0.002633643],
[[1250.0,200.0,200.0],0.003206496],
[[1250.0,250.0,250.0],0.002669977],
[[1250.0,300.0,300.0],0.002847607],
[[1250.0,350.0,350.0],0.002912245],
[[1250.0,400.0,400.0],0.002695694],
[[1250.0,450.0,450.0],0.003064014],
[[1250.0,500.0,500.0],0.003515678],
[[1250.0,550.0,550.0],0.002959183],
[[1250.0,600.0,600.0],0.003169833],
[[1300.0,1.0,1.0],0.002262484],
[[1300.0,150.0,150.0],0.00266342],
[[1300.0,200.0,200.0],0.002485867],
[[1300.0,250.0,250.0],0.002814448],
[[1300.0,300.0,300.0],0.002525054],
[[1300.0,350.0,350.0],0.003543822],
[[1300.0,400.0,400.0],0.003119826],
[[1300.0,450.0,450.0],0.00299252],
[[1300.0,500.0,500.0],0.003423962],
[[1300.0,550.0,550.0],0.003090603],
[[1300.0,600.0,600.0],0.003581823],
[[1350.0,1.0,1.0],0.002224486],
[[1350.0,150.0,150.0],0.002793648],
[[1350.0,200.0,200.0],0.002518601],
[[1350.0,250.0,250.0],0.002996787],
[[1350.0,300.0,300.0],0.003429603],
[[1350.0,350.0,350.0],0.003341063],
[[1350.0,400.0,400.0],0.002921357],
[[1350.0,450.0,450.0],0.003134802],
[[1350.0,500.0,500.0],0.003420738],
[[1350.0,550.0,550.0],0.00359928],
[[1350.0,600.0,600.0],0.003802451],
[[1350.0,650.0,650.0],0.002960904],
[[1400.0,1.0,1.0],0.002250605],
[[1400.0,150.0,150.0],0.002935472],
[[1400.0,200.0,200.0],0.00275967],
[[1400.0,250.0,250.0],0.002648326],
[[1400.0,300.0,300.0],0.002818168],
[[1400.0,350.0,350.0],0.003196614],
[[1400.0,400.0,400.0],0.003037531],
[[1400.0,450.0,450.0],0.003070679],
[[1400.0,500.0,500.0],0.002755453],
[[1400.0,550.0,550.0],0.003212355],
[[1400.0,600.0,600.0],0.003515801],
[[1400.0,650.0,650.0],0.003506498],
[[1450.0,1.0,1.0],0.002536719],
[[1450.0,150.0,150.0],0.003425364],
[[1450.0,200.0,200.0],0.003206528],
[[1450.0,250.0,250.0],0.003256251],
[[1450.0,300.0,300.0],0.00291188],
[[1450.0,350.0,350.0],0.003606438],
[[1450.0,400.0,400.0],0.003398692],
[[1450.0,450.0,450.0],0.003576815],
[[1450.0,500.0,500.0],0.003511132],
[[1450.0,550.0,550.0],0.003478044],
[[1450.0,600.0,600.0],0.003518127],
[[1450.0,650.0,650.0],0.003190101],
[[1450.0,700.0,700.0],0.003802561],
[[1500.0,1.0,1.0],0.002388189],
[[1500.0,10.0,10.0],0.002430732],
[[1500.0,50.0,50.0],0.002520385],
[[1500.0,100.0,100.0],0.002386645],
[[1500.0,150.0,150.0],0.003072554],
[[1500.0,200.0,200.0],0.00305748],
[[1500.0,250.0,250.0],0.00323888],
[[1500.0,300.0,300.0],0.003089929],
[[1500.0,350.0,350.0],0.003103498],
[[1500.0,400.0,400.0],0.004181194],
[[1500.0,450.0,450.0],0.003614073],
[[1500.0,500.0,500.0],0.003295215],
[[1500.0,550.0,550.0],0.00346325],
[[1500.0,600.0,600.0],0.003582126],
[[1500.0,650.0,650.0],0.003789845],
[[1500.0,700.0,700.0],0.003438407],
[[1500.0,750.0,750.0],0.0039892],
[[1550.0,1.0,1.0],0.002404031],
[[1550.0,150.0,150.0],0.002822107],
[[1550.0,200.0,200.0],0.003410885],
[[1550.0,250.0,250.0],0.003422446],
[[1550.0,300.0,300.0],0.003368747],
[[1550.0,350.0,350.0],0.003670426],
[[1550.0,400.0,400.0],0.003785324],
[[1550.0,450.0,450.0],0.003346539],
[[1550.0,500.0,500.0],0.003345703],
[[1550.0,550.0,550.0],0.003362468],
[[1550.0,600.0,600.0],0.003484976],
[[1550.0,650.0,650.0],0.003448571],
[[1550.0,700.0,700.0],0.002856235],
[[1550.0,750.0,750.0],0.003294865],
[[1600.0,1.0,1.0],0.002238591],
[[1600.0,150.0,150.0],0.002370236],
[[1600.0,200.0,200.0],0.002969704],
[[1600.0,250.0,250.0],0.003311148],
[[1600.0,300.0,300.0],0.004326748],
[[1600.0,350.0,350.0],0.003576577],
[[1600.0,400.0,400.0],0.003389659],
[[1600.0,450.0,450.0],0.003654195],
[[1600.0,500.0,500.0],0.003951493],
[[1600.0,550.0,550.0],0.004096241],
[[1600.0,600.0,600.0],0.003585082],
[[1600.0,650.0,650.0],0.003631198],
[[1600.0,700.0,700.0],0.003289806],
[[1600.0,750.0,750.0],0.004051826],
[[1650.0,1.0,1.0],0.00246654],
[[1650.0,150.0,150.0],0.003064018],
[[1650.0,200.0,200.0],0.002954922],
[[1650.0,250.0,250.0],0.002945272],
[[1650.0,300.0,300.0],0.002892085],
[[1650.0,350.0,350.0],0.003286777],
[[1650.0,400.0,400.0],0.003193265],
[[1650.0,450.0,450.0],0.003572403],
[[1650.0,500.0,500.0],0.003691006],
[[1650.0,550.0,550.0],0.003266982],
[[1650.0,600.0,600.0],0.004211905],
[[1650.0,650.0,650.0],0.004381134],
[[1650.0,700.0,700.0],0.003959342],
[[1650.0,750.0,750.0],0.003829226],
[[1650.0,800.0,800.0],0.00366547],
[[1700.0,1.0,1.0],0.002640144],
[[1700.0,150.0,150.0],0.003032238],
[[1700.0,200.0,200.0],0.003162659],
[[1700.0,250.0,250.0],0.003214739],
[[1700.0,300.0,300.0],0.003064838],
[[1700.0,350.0,350.0],0.003214783],
[[1700.0,400.0,400.0],0.003540999],
[[1700.0,450.0,450.0],0.00355658],
[[1700.0,500.0,500.0],0.003937711],
[[1700.0,550.0,550.0],0.003647278],
[[1700.0,600.0,600.0],0.003623577],
[[1700.0,650.0,650.0],0.004159971],
[[1700.0,700.0,700.0],0.004009326],
[[1700.0,750.0,750.0],0.0032842],
[[1700.0,800.0,800.0],0.003760231],
[[1750.0,1.0,1.0],0.002415321],
[[1750.0,10.0,10.0],0.002682902],
[[1750.0,50.0,50.0],0.002542403],
[[1750.0,100.0,100.0],0.002478095],
[[1750.0,150.0,150.0],0.00271531],
[[1750.0,200.0,200.0],0.003565866],
[[1750.0,250.0,250.0],0.003148601],
[[1750.0,300.0,300.0],0.003217458],
[[1750.0,350.0,350.0],0.003735798],
[[1750.0,400.0,400.0],0.003498496],
[[1750.0,450.0,450.0],0.003748228],
[[1750.0,500.0,500.0],0.004270779],
[[1750.0,550.0,550.0],0.004421982],
[[1750.0,600.0,600.0],0.003785402],
[[1750.0,650.0,650.0],0.00341206],
[[1750.0,700.0,700.0],0.003712868],
[[1750.0,750.0,750.0],0.003694887],
[[1750.0,800.0,800.0],0.003706972],
[[1750.0,850.0,850.0],0.004004984],
[[1800.0,1.0,1.0],0.002688402],
[[1800.0,150.0,150.0],0.003036919],
[[1800.0,200.0,200.0],0.003276709],
[[1800.0,250.0,250.0],0.003464278],
[[1800.0,300.0,300.0],0.003520565],
[[1800.0,350.0,350.0],0.003889174],
[[1800.0,400.0,400.0],0.004146281],
[[1800.0,450.0,450.0],0.003800119],
[[1800.0,500.0,500.0],0.003823384],
[[1800.0,550.0,550.0],0.003359171],
[[1800.0,600.0,600.0],0.004113158],
[[1800.0,650.0,650.0],0.004082616],
[[1800.0,700.0,700.0],0.003488537],
[[1800.0,750.0,750.0],0.004066979],
[[1800.0,800.0,800.0],0.004648053],
[[1800.0,850.0,850.0],0.003862731],
[[1850.0,1.0,1.0],0.002550888],
[[1850.0,150.0,150.0],0.003372807],
[[1850.0,200.0,200.0],0.003196029],
[[1850.0,250.0,250.0],0.003549135],
[[1850.0,300.0,300.0],0.003294235],
[[1850.0,350.0,350.0],0.00366799],
[[1850.0,400.0,400.0],0.003755543],
[[1850.0,450.0,450.0],0.00384714],
[[1850.0,500.0,500.0],0.003873996],
[[1850.0,550.0,550.0],0.003228682],
[[1850.0,600.0,600.0],0.004016431],
[[1850.0,650.0,650.0],0.004457963],
[[1850.0,700.0,700.0],0.004419956],
[[1850.0,750.0,750.0],0.00355075],
[[1850.0,800.0,800.0],0.004675051],
[[1850.0,850.0,850.0],0.004112063],
[[1850.0,900.0,900.0],0.003569934],
[[1900.0,1.0,1.0],0.00255105],
[[1900.0,150.0,150.0],0.002994462],
[[1900.0,200.0,200.0],0.003404889],
[[1900.0,250.0,250.0],0.003283502],
[[1900.0,300.0,300.0],0.003341994],
[[1900.0,350.0,350.0],0.003340081],
[[1900.0,400.0,400.0],0.004032096],
[[1900.0,450.0,450.0],0.003324797],
[[1900.0,500.0,500.0],0.004193514],
[[1900.0,550.0,550.0],0.004569885],
[[1900.0,600.0,600.0],0.00410908],
[[1900.0,650.0,650.0],0.004300637],
[[1900.0,700.0,700.0],0.004327298],
[[1900.0,750.0,750.0],0.003575651],
[[1900.0,800.0,800.0],0.004154142],
[[1900.0,850.0,850.0],0.004280375],
[[1900.0,900.0,900.0],0.003812107],
[[1950.0,1.0,1.0],0.002553433],
[[1950.0,150.0,150.0],0.002552194],
[[1950.0,200.0,200.0],0.003065579],
[[1950.0,250.0,250.0],0.003295798],
[[1950.0,300.0,300.0],0.003877984],
[[1950.0,350.0,350.0],0.003497786],
[[1950.0,400.0,400.0],0.003845186],
[[1950.0,450.0,450.0],0.004537273],
[[1950.0,500.0,500.0],0.003490355],
[[1950.0,550.0,550.0],0.004877045],
[[1950.0,600.0,600.0],0.003647311],
[[1950.0,650.0,650.0],0.004615773],
[[1950.0,700.0,700.0],0.00366905],
[[1950.0,750.0,750.0],0.004061986],
[[1950.0,800.0,800.0],0.004205245],
[[1950.0,850.0,850.0],0.003979295],
[[1950.0,900.0,900.0],0.004089488],
[[1950.0,950.0,950.0],0.004135703],
[[2000.0,1.0,1.0],0.002504281],
[[2000.0,10.0,10.0],0.00243797],
[[2000.0,50.0,50.0],0.002281564],
[[2000.0,100.0,100.0],0.002532389],
[[2000.0,150.0,150.0],0.002851991],
[[2000.0,200.0,200.0],0.002884734],
[[2000.0,250.0,250.0],0.003548029],
[[2000.0,300.0,300.0],0.003686139],
[[2000.0,350.0,350.0],0.003600721],
[[2000.0,400.0,400.0],0.004010073],
[[2000.0,450.0,450.0],0.003915081],
[[2000.0,500.0,500.0],0.003972],
[[2000.0,550.0,550.0],0.004009783],
[[2000.0,600.0,600.0],0.003699904],
[[2000.0,650.0,650.0],0.003894742],
[[2000.0,700.0,700.0],0.003886014],
[[2000.0,750.0,750.0],0.004623518],
[[2000.0,800.0,800.0],0.004352959],
[[2000.0,850.0,850.0],0.004535995],
[[2000.0,900.0,900.0],0.004750048],
[[2000.0,950.0,950.0],0.004282659],
[[2250.0,1.0,1.0],0.002077852],
[[2250.0,10.0,10.0],0.002194559],
[[2250.0,50.0,50.0],0.002111606],
[[2250.0,100.0,100.0],0.00237689],
[[2250.0,150.0,150.0],0.002719171],
[[2250.0,300.0,300.0],0.00374558],
[[2250.0,500.0,500.0],0.00404621],
[[2250.0,750.0,750.0],0.004135152],
[[2250.0,1000.0,1000.0],0.004045648],
[[2500.0,1.0,1.0],0.001774767],
[[2500.0,10.0,10.0],0.001870592],
[[2500.0,50.0,50.0],0.00209177],
[[2500.0,100.0,100.0],0.002277522],
[[2500.0,150.0,150.0],0.002489365],
[[2500.0,300.0,300.0],0.003250422],
[[2500.0,500.0,500.0],0.004144916],
[[2500.0,750.0,750.0],0.003912056],
[[2500.0,1000.0,1000.0],0.004362699],
[[2500.0,1200.0,1200.0],0.004530018],
[[2750.0,1.0,1.0],0.001877262],
[[2750.0,10.0,10.0],0.001795557],
[[2750.0,50.0,50.0],0.002244125],
[[2750.0,100.0,100.0],0.002198767],
[[2750.0,150.0,150.0],0.002142606],
[[2750.0,300.0,300.0],0.003522627],
[[2750.0,500.0,500.0],0.003800689],
[[2750.0,750.0,750.0],0.004732879],
[[2750.0,1000.0,1000.0],0.004592338],
[[2750.0,1200.0,1200.0],0.005024074],
[[3000.0,1.0,1.0],0.001786061],
[[3000.0,10.0,10.0],0.001594478],
[[3000.0,50.0,50.0],0.002056904],
[[3000.0,100.0,100.0],0.002098861],
[[3000.0,150.0,150.0],0.002259458],
[[3000.0,300.0,300.0],0.003034053],
[[3000.0,500.0,500.0],0.004214674],
[[3000.0,750.0,750.0],0.004273465],
[[3000.0,1000.0,1000.0],0.004676226],
[[3000.0,1200.0,1200.0],0.004893303],
[[3000.0,1400.0,1400.0],0.00532542]]
