txName: TRV1
constraint: {(PV > Zprime(1)), (Zprime(1) > MET(2),MET(3))}
condition: None
conditionDescription: None
figureUrl: https://cms-results.web.cern.ch/cms-results/public-results/publications/EXO-20-004/CMS-EXO-20-004_Figure_007-b.png
source: https://doi.org/10.5281/zenodo.13324003
validated: True
axesMap: [{0: 'x', 1: 'y', 2: 'y'}]
dataMap: {0: (1, 'mass', GeV), 1: (2, 'mass', GeV), 2: (3, 'mass', GeV)}
finalState: ['MET', 'MET']
intermediateState: None
efficiencyMap: [[[50.0,1.0,1.0],8.982359e-07],
[[100.0,1.0,1.0],7.054038e-06],
[[100.0,10.0,10.0],7.112453e-06],
[[150.0,1.0,1.0],2.250213e-05],
[[150.0,75.0,75.0],3.076556e-05],
[[200.0,1.0,1.0],4.567984e-05],
[[200.0,75.0,75.0],4.925947e-05],
[[250.0,1.0,1.0],7.957619e-05],
[[250.0,10.0,10.0],8.647479e-05],
[[250.0,75.0,75.0],8.529081e-05],
[[300.0,1.0,1.0],0.0001349121],
[[300.0,75.0,75.0],0.0001252989],
[[350.0,1.0,1.0],0.0001765806],
[[350.0,75.0,75.0],0.0001915408],
[[350.0,150.0,150.0],0.0001857904],
[[400.0,1.0,1.0],0.0002323454],
[[400.0,75.0,75.0],0.0002492625],
[[400.0,150.0,150.0],0.000222892],
[[450.0,1.0,1.0],0.0002940109],
[[450.0,75.0,75.0],0.0002830014],
[[450.0,150.0,150.0],0.0003003673],
[[450.0,200.0,200.0],0.0003265543],
[[500.0,1.0,1.0],0.0003562283],
[[500.0,10.0,10.0],0.0003868243],
[[500.0,75.0,75.0],0.00040129],
[[500.0,150.0,150.0],0.0003604424],
[[500.0,200.0,200.0],0.0003695357],
[[550.0,1.0,1.0],0.0004275636],
[[550.0,75.0,75.0],0.0004589985],
[[550.0,150.0,150.0],0.0004686476],
[[550.0,200.0,200.0],0.0004579936],
[[550.0,250.0,250.0],0.0004915643],
[[600.0,1.0,1.0],0.0005087457],
[[600.0,75.0,75.0],0.0004894596],
[[600.0,150.0,150.0],0.0005332339],
[[600.0,200.0,200.0],0.000501479],
[[600.0,250.0,250.0],0.0005549125],
[[650.0,1.0,1.0],0.0005733016],
[[650.0,75.0,75.0],0.0005624107],
[[650.0,150.0,150.0],0.0004741509],
[[650.0,200.0,200.0],0.0005134174],
[[650.0,250.0,250.0],0.0005281206],
[[650.0,300.0,300.0],0.0005862788],
[[700.0,1.0,1.0],0.0005829474],
[[700.0,75.0,75.0],0.0006600218],
[[700.0,150.0,150.0],0.0006261301],
[[700.0,200.0,200.0],0.0006168567],
[[700.0,250.0,250.0],0.0006061689],
[[700.0,300.0,300.0],0.0006477924],
[[750.0,1.0,1.0],0.0006628294],
[[750.0,10.0,10.0],0.0006847315],
[[750.0,75.0,75.0],0.0005992248],
[[750.0,150.0,150.0],0.0006719335],
[[750.0,200.0,200.0],0.0007485225],
[[750.0,250.0,250.0],0.0006846946],
[[750.0,300.0,300.0],0.0008858497],
[[750.0,350.0,350.0],0.0007463754],
[[800.0,1.0,1.0],0.0007811173],
[[800.0,75.0,75.0],0.0006789825],
[[800.0,150.0,150.0],0.0006948968],
[[800.0,200.0,200.0],0.0008027065],
[[800.0,250.0,250.0],0.0007016231],
[[800.0,300.0,300.0],0.0007543538],
[[800.0,350.0,350.0],0.0007135846],
[[850.0,1.0,1.0],0.0007523623],
[[850.0,75.0,75.0],0.0007728239],
[[850.0,150.0,150.0],0.0007960557],
[[850.0,200.0,200.0],0.0006884307],
[[850.0,250.0,250.0],0.0007467136],
[[850.0,300.0,300.0],0.0008180024],
[[850.0,350.0,350.0],0.0008204071],
[[850.0,400.0,400.0],0.0008222266],
[[900.0,1.0,1.0],0.0008163449],
[[900.0,75.0,75.0],0.0008444044],
[[900.0,150.0,150.0],0.0008828246],
[[900.0,200.0,200.0],0.0007104718],
[[900.0,250.0,250.0],0.0008838371],
[[900.0,300.0,300.0],0.0008213358],
[[900.0,350.0,350.0],0.0008380295],
[[900.0,400.0,400.0],0.0008403897],
[[950.0,1.0,1.0],0.0008628343],
[[950.0,75.0,75.0],0.0008213571],
[[950.0,150.0,150.0],0.00089252],
[[950.0,200.0,200.0],0.000922786],
[[950.0,250.0,250.0],0.0009218414],
[[950.0,300.0,300.0],0.000785114],
[[950.0,350.0,350.0],0.0008498237],
[[950.0,400.0,400.0],0.0009617098],
[[950.0,450.0,450.0],0.0009235914],
[[1000.0,1.0,1.0],0.0008341817],
[[1000.0,10.0,10.0],0.0008424427],
[[1000.0,75.0,75.0],0.0007739898],
[[1000.0,150.0,150.0],0.0009896562],
[[1000.0,200.0,200.0],0.0008966662],
[[1000.0,250.0,250.0],0.001051988],
[[1000.0,300.0,300.0],0.0009746432],
[[1000.0,350.0,350.0],0.000871557],
[[1000.0,400.0,400.0],0.001009375],
[[1000.0,450.0,450.0],0.000980468],
[[1050.0,1.0,1.0],0.0009016331],
[[1050.0,75.0,75.0],0.0009305561],
[[1050.0,150.0,150.0],0.0008920096],
[[1050.0,200.0,200.0],0.000921291],
[[1050.0,250.0,250.0],0.0008999932],
[[1050.0,300.0,300.0],0.0008933569],
[[1050.0,350.0,350.0],0.0009326532],
[[1050.0,400.0,400.0],0.001062846],
[[1050.0,450.0,450.0],0.001021265],
[[1050.0,500.0,500.0],0.001053513],
[[1100.0,1.0,1.0],0.000956232],
[[1100.0,75.0,75.0],0.0009441312],
[[1100.0,150.0,150.0],0.0009243277],
[[1100.0,200.0,200.0],0.001045189],
[[1100.0,250.0,250.0],0.000866026],
[[1100.0,300.0,300.0],0.0009996277],
[[1100.0,350.0,350.0],0.001003972],
[[1100.0,400.0,400.0],0.001024031],
[[1100.0,450.0,450.0],0.0009891744],
[[1100.0,500.0,500.0],0.001025343],
[[1150.0,1.0,1.0],0.001008912],
[[1150.0,75.0,75.0],0.0009918163],
[[1150.0,150.0,150.0],0.001106262],
[[1150.0,200.0,200.0],0.0009385272],
[[1150.0,250.0,250.0],0.0009738703],
[[1150.0,300.0,300.0],0.0009777509],
[[1150.0,350.0,350.0],0.001069557],
[[1150.0,400.0,400.0],0.001099845],
[[1150.0,450.0,450.0],0.001020914],
[[1150.0,500.0,500.0],0.001023156],
[[1150.0,550.0,550.0],0.001097048],
[[1200.0,1.0,1.0],0.001001771],
[[1200.0,75.0,75.0],0.001009108],
[[1200.0,150.0,150.0],0.001007209],
[[1200.0,200.0,200.0],0.001054929],
[[1200.0,250.0,250.0],0.001080873],
[[1200.0,300.0,300.0],0.0009649077],
[[1200.0,350.0,350.0],0.001071681],
[[1200.0,400.0,400.0],0.0009953231],
[[1200.0,450.0,450.0],0.001077553],
[[1200.0,500.0,500.0],0.00109539],
[[1200.0,550.0,550.0],0.001073744],
[[1250.0,1.0,1.0],0.001030582],
[[1250.0,10.0,10.0],0.001079789],
[[1250.0,75.0,75.0],0.001050684],
[[1250.0,150.0,150.0],0.001159676],
[[1250.0,200.0,200.0],0.001131174],
[[1250.0,250.0,250.0],0.001119498],
[[1250.0,300.0,300.0],0.001191351],
[[1250.0,350.0,350.0],0.001061852],
[[1250.0,400.0,400.0],0.00112321],
[[1250.0,450.0,450.0],0.0010738],
[[1250.0,500.0,500.0],0.001008548],
[[1250.0,550.0,550.0],0.001252901],
[[1250.0,600.0,600.0],0.00122764],
[[1300.0,1.0,1.0],0.001103434],
[[1300.0,75.0,75.0],0.001090929],
[[1300.0,150.0,150.0],0.001160054],
[[1300.0,200.0,200.0],0.001021525],
[[1300.0,250.0,250.0],0.001103158],
[[1300.0,300.0,300.0],0.001201652],
[[1300.0,350.0,350.0],0.001060583],
[[1300.0,400.0,400.0],0.001241984],
[[1300.0,450.0,450.0],0.001101895],
[[1300.0,500.0,500.0],0.00119587],
[[1300.0,550.0,550.0],0.001192211],
[[1300.0,600.0,600.0],0.001260283],
[[1350.0,1.0,1.0],0.001106696],
[[1350.0,75.0,75.0],0.001259814],
[[1350.0,150.0,150.0],0.001008084],
[[1350.0,200.0,200.0],0.001115],
[[1350.0,250.0,250.0],0.001168726],
[[1350.0,300.0,300.0],0.001068437],
[[1350.0,350.0,350.0],0.001182226],
[[1350.0,400.0,400.0],0.001228379],
[[1350.0,450.0,450.0],0.001146683],
[[1350.0,500.0,500.0],0.00122759],
[[1350.0,550.0,550.0],0.001297011],
[[1350.0,600.0,600.0],0.001211021],
[[1350.0,650.0,650.0],0.001202155],
[[1400.0,1.0,1.0],0.00124478],
[[1400.0,75.0,75.0],0.001177282],
[[1400.0,150.0,150.0],0.001072639],
[[1400.0,200.0,200.0],0.00121301],
[[1400.0,250.0,250.0],0.001197604],
[[1400.0,300.0,300.0],0.00127206],
[[1400.0,350.0,350.0],0.001178054],
[[1400.0,400.0,400.0],0.001281301],
[[1400.0,450.0,450.0],0.001201078],
[[1400.0,500.0,500.0],0.0011934],
[[1400.0,550.0,550.0],0.00113528],
[[1400.0,600.0,600.0],0.001198983],
[[1400.0,650.0,650.0],0.001228088],
[[1450.0,1.0,1.0],0.001198145],
[[1450.0,75.0,75.0],0.001244839],
[[1450.0,150.0,150.0],0.001257465],
[[1450.0,200.0,200.0],0.001303427],
[[1450.0,250.0,250.0],0.001188127],
[[1450.0,300.0,300.0],0.001336419],
[[1450.0,350.0,350.0],0.001268066],
[[1450.0,400.0,400.0],0.001204067],
[[1450.0,450.0,450.0],0.001259496],
[[1450.0,500.0,500.0],0.001099561],
[[1450.0,550.0,550.0],0.00123718],
[[1450.0,600.0,600.0],0.001170305],
[[1450.0,650.0,650.0],0.001058388],
[[1450.0,700.0,700.0],0.001188718],
[[1500.0,1.0,1.0],0.00127097],
[[1500.0,10.0,10.0],0.001283911],
[[1500.0,75.0,75.0],0.001079598],
[[1500.0,150.0,150.0],0.001134854],
[[1500.0,200.0,200.0],0.001145537],
[[1500.0,250.0,250.0],0.001310031],
[[1500.0,300.0,300.0],0.001304207],
[[1500.0,350.0,350.0],0.001229353],
[[1500.0,400.0,400.0],0.001273204],
[[1500.0,450.0,450.0],0.001160863],
[[1500.0,500.0,500.0],0.001248137],
[[1500.0,550.0,550.0],0.00138782],
[[1500.0,600.0,600.0],0.001311732],
[[1500.0,650.0,650.0],0.001248812],
[[1500.0,700.0,700.0],0.001283848],
[[1500.0,750.0,750.0],0.001350126],
[[1550.0,1.0,1.0],0.001075845],
[[1550.0,75.0,75.0],0.001215907],
[[1550.0,150.0,150.0],0.001169778],
[[1550.0,200.0,200.0],0.001264471],
[[1550.0,250.0,250.0],0.001227793],
[[1550.0,300.0,300.0],0.001290537],
[[1550.0,350.0,350.0],0.001308421],
[[1550.0,400.0,400.0],0.001232331],
[[1550.0,450.0,450.0],0.001406836],
[[1550.0,500.0,500.0],0.001534608],
[[1550.0,550.0,550.0],0.00129243],
[[1550.0,600.0,600.0],0.001234556],
[[1550.0,650.0,650.0],0.001243804],
[[1550.0,700.0,700.0],0.001239695],
[[1550.0,750.0,750.0],0.001394978],
[[1600.0,1.0,1.0],0.001160755],
[[1600.0,75.0,75.0],0.001246238],
[[1600.0,150.0,150.0],0.001225903],
[[1600.0,200.0,200.0],0.001262906],
[[1600.0,250.0,250.0],0.001228285],
[[1600.0,300.0,300.0],0.001320434],
[[1600.0,350.0,350.0],0.001322693],
[[1600.0,400.0,400.0],0.001251974],
[[1600.0,450.0,450.0],0.001223365],
[[1600.0,500.0,500.0],0.001207188],
[[1600.0,550.0,550.0],0.001221567],
[[1600.0,600.0,600.0],0.001326215],
[[1600.0,650.0,650.0],0.001396504],
[[1600.0,700.0,700.0],0.001341478],
[[1600.0,750.0,750.0],0.001404061],
[[1650.0,1.0,1.0],0.00118326],
[[1650.0,75.0,75.0],0.00129766],
[[1650.0,150.0,150.0],0.001313905],
[[1650.0,200.0,200.0],0.00114024],
[[1650.0,250.0,250.0],0.001337014],
[[1650.0,300.0,300.0],0.001401177],
[[1650.0,350.0,350.0],0.001323895],
[[1650.0,400.0,400.0],0.001232464],
[[1650.0,450.0,450.0],0.001390265],
[[1650.0,500.0,500.0],0.001425154],
[[1650.0,550.0,550.0],0.001284094],
[[1650.0,600.0,600.0],0.001460514],
[[1650.0,650.0,650.0],0.001385048],
[[1650.0,700.0,700.0],0.001213325],
[[1650.0,750.0,750.0],0.001341651],
[[1650.0,800.0,800.0],0.001267818],
[[1700.0,1.0,1.0],0.001324937],
[[1700.0,75.0,75.0],0.001318638],
[[1700.0,150.0,150.0],0.001348342],
[[1700.0,200.0,200.0],0.001319159],
[[1700.0,250.0,250.0],0.001352868],
[[1700.0,300.0,300.0],0.001408024],
[[1700.0,350.0,350.0],0.001355383],
[[1700.0,400.0,400.0],0.001346621],
[[1700.0,450.0,450.0],0.001320965],
[[1700.0,500.0,500.0],0.001269692],
[[1700.0,550.0,550.0],0.001391467],
[[1700.0,600.0,600.0],0.001439511],
[[1700.0,650.0,650.0],0.001331326],
[[1700.0,700.0,700.0],0.001408289],
[[1700.0,750.0,750.0],0.00131295],
[[1700.0,800.0,800.0],0.001315611],
[[1750.0,1.0,1.0],0.001275539],
[[1750.0,10.0,10.0],0.001249036],
[[1750.0,75.0,75.0],0.001303074],
[[1750.0,150.0,150.0],0.001338299],
[[1750.0,200.0,200.0],0.001365852],
[[1750.0,250.0,250.0],0.001389568],
[[1750.0,300.0,300.0],0.00127628],
[[1750.0,350.0,350.0],0.001375876],
[[1750.0,400.0,400.0],0.001330526],
[[1750.0,450.0,450.0],0.00133813],
[[1750.0,500.0,500.0],0.001361553],
[[1750.0,550.0,550.0],0.001290973],
[[1750.0,600.0,600.0],0.001407707],
[[1750.0,650.0,650.0],0.001229167],
[[1750.0,700.0,700.0],0.001397396],
[[1750.0,750.0,750.0],0.001344041],
[[1750.0,800.0,800.0],0.001411048],
[[1750.0,850.0,850.0],0.001468025],
[[1800.0,1.0,1.0],0.001238617],
[[1800.0,75.0,75.0],0.001321017],
[[1800.0,150.0,150.0],0.001267602],
[[1800.0,200.0,200.0],0.001382634],
[[1800.0,250.0,250.0],0.001485828],
[[1800.0,300.0,300.0],0.001347917],
[[1800.0,350.0,350.0],0.0014699],
[[1800.0,400.0,400.0],0.001346095],
[[1800.0,450.0,450.0],0.001378322],
[[1800.0,500.0,500.0],0.00136106],
[[1800.0,550.0,550.0],0.001411114],
[[1800.0,600.0,600.0],0.001351255],
[[1800.0,650.0,650.0],0.00134651],
[[1800.0,700.0,700.0],0.001376856],
[[1800.0,750.0,750.0],0.00140502],
[[1800.0,800.0,800.0],0.001334509],
[[1800.0,850.0,850.0],0.001457738],
[[1850.0,1.0,1.0],0.001347935],
[[1850.0,75.0,75.0],0.001310272],
[[1850.0,150.0,150.0],0.001444613],
[[1850.0,200.0,200.0],0.001344011],
[[1850.0,250.0,250.0],0.001389141],
[[1850.0,300.0,300.0],0.001328806],
[[1850.0,350.0,350.0],0.001456465],
[[1850.0,400.0,400.0],0.001355621],
[[1850.0,450.0,450.0],0.001432853],
[[1850.0,500.0,500.0],0.001390913],
[[1850.0,550.0,550.0],0.001384109],
[[1850.0,600.0,600.0],0.001254033],
[[1850.0,650.0,650.0],0.001341481],
[[1850.0,700.0,700.0],0.001503696],
[[1850.0,750.0,750.0],0.001431623],
[[1850.0,800.0,800.0],0.001482085],
[[1850.0,850.0,850.0],0.001464793],
[[1850.0,900.0,900.0],0.001454622],
[[1900.0,1.0,1.0],0.001384912],
[[1900.0,75.0,75.0],0.001353925],
[[1900.0,150.0,150.0],0.001298514],
[[1900.0,200.0,200.0],0.001449337],
[[1900.0,250.0,250.0],0.001357124],
[[1900.0,300.0,300.0],0.001442587],
[[1900.0,350.0,350.0],0.001315466],
[[1900.0,400.0,400.0],0.00132932],
[[1900.0,450.0,450.0],0.001528862],
[[1900.0,500.0,500.0],0.0014512],
[[1900.0,550.0,550.0],0.001480379],
[[1900.0,600.0,600.0],0.001408452],
[[1900.0,650.0,650.0],0.001419506],
[[1900.0,700.0,700.0],0.001494374],
[[1900.0,750.0,750.0],0.001284294],
[[1900.0,800.0,800.0],0.001438416],
[[1900.0,850.0,850.0],0.001371461],
[[1900.0,900.0,900.0],0.001494821],
[[1950.0,1.0,1.0],0.001305875],
[[1950.0,75.0,75.0],0.001217027],
[[1950.0,150.0,150.0],0.001414418],
[[1950.0,200.0,200.0],0.001341247],
[[1950.0,250.0,250.0],0.001312442],
[[1950.0,300.0,300.0],0.001335558],
[[1950.0,350.0,350.0],0.001507668],
[[1950.0,400.0,400.0],0.001416534],
[[1950.0,450.0,450.0],0.001405844],
[[1950.0,500.0,500.0],0.001386932],
[[1950.0,550.0,550.0],0.001495483],
[[1950.0,600.0,600.0],0.00138828],
[[1950.0,650.0,650.0],0.001364693],
[[1950.0,700.0,700.0],0.001410195],
[[1950.0,750.0,750.0],0.001348232],
[[1950.0,800.0,800.0],0.001475819],
[[1950.0,850.0,850.0],0.00159651],
[[1950.0,900.0,900.0],0.001476453],
[[1950.0,950.0,950.0],0.001627255],
[[2000.0,1.0,1.0],0.001472688],
[[2000.0,75.0,75.0],0.001449523],
[[2000.0,150.0,150.0],0.001483243],
[[2000.0,200.0,200.0],0.001454791],
[[2000.0,250.0,250.0],0.001364798],
[[2000.0,300.0,300.0],0.001328588],
[[2000.0,350.0,350.0],0.001497464],
[[2000.0,400.0,400.0],0.001455669],
[[2000.0,450.0,450.0],0.00145974],
[[2000.0,500.0,500.0],0.001462917],
[[2000.0,550.0,550.0],0.001285531],
[[2000.0,600.0,600.0],0.001552509],
[[2000.0,650.0,650.0],0.001369504],
[[2000.0,700.0,700.0],0.001461194],
[[2000.0,750.0,750.0],0.001539718],
[[2000.0,800.0,800.0],0.001570975],
[[2000.0,850.0,850.0],0.001618935],
[[2000.0,900.0,900.0],0.001611592],
[[2000.0,950.0,950.0],0.001443424],
[[2250.0,1.0,1.0],0.001565678],
[[2250.0,75.0,75.0],0.001575877],
[[2250.0,150.0,150.0],0.001497843],
[[2250.0,300.0,300.0],0.001526319],
[[2250.0,500.0,500.0],0.001519459],
[[2250.0,750.0,750.0],0.00159465],
[[2250.0,1000.0,1000.0],0.001710297],
[[2500.0,1.0,1.0],0.001625424],
[[2500.0,75.0,75.0],0.001624158],
[[2500.0,150.0,150.0],0.001497141],
[[2500.0,300.0,300.0],0.001506177],
[[2500.0,500.0,500.0],0.001512805],
[[2500.0,750.0,750.0],0.001603405],
[[2500.0,1000.0,1000.0],0.001642314],
[[2500.0,1200.0,1200.0],0.001588575],
[[2750.0,1.0,1.0],0.001599078],
[[2750.0,75.0,75.0],0.001575656],
[[2750.0,150.0,150.0],0.001627529],
[[2750.0,300.0,300.0],0.001488231],
[[2750.0,500.0,500.0],0.001429109],
[[2750.0,750.0,750.0],0.001540665],
[[2750.0,1000.0,1000.0],0.001692166],
[[2750.0,1200.0,1200.0],0.001727404],
[[3000.0,1.0,1.0],0.0016556],
[[3000.0,75.0,75.0],0.0016721],
[[3000.0,150.0,150.0],0.00177474],
[[3000.0,300.0,300.0],0.001595413],
[[3000.0,500.0,500.0],0.001753595],
[[3000.0,750.0,750.0],0.001653961],
[[3000.0,1000.0,1000.0],0.001772761],
[[3000.0,1200.0,1200.0],0.001738052],
[[3000.0,1400.0,1400.0],0.001657908]]
