txName: TRV1
constraint: {(PV > Zprime(1)), (Zprime(1) > MET(2),MET(3))}
condition: None
conditionDescription: None
figureUrl: None
source: Recast by CM2
validated: True
axesMap: [{0: 'x', 1: 'y', 2: 'y'}]
dataMap: {0: (1, 'mass', GeV), 1: (2, 'mass', GeV), 2: (3, 'mass', GeV)}
finalState: ['MET', 'MET']
intermediateState: None
efficiencyMap: [[[50.0,0,0],0.0],
[[50.0,1.0,1.0],0],
[[50.0,10.0,10.0],0],
[[50.0,20.0,20.0],0],
[[100.0,0,0],0],
[[100.0,1.0,1.0],0],
[[100.0,10.0,10.0],0],
[[150.0,0,0],0],
[[150.0,1.0,1.0],0],
[[150.0,10.0,10.0],0],
[[150.0,50.0,50.0],0],
[[150.0,70.0,70.0],0],
[[200.0,0,0],0],
[[200.0,1.0,1.0],0],
[[200.0,10.0,10.0],0],
[[200.0,50.0,50.0],0],
[[200.0,75.0,75.0],0],
[[250.0,0,0],5.153697e-06],
[[250.0,1.0,1.0],0],
[[250.0,10.0,10.0],0],
[[250.0,50.0,50.0],0],
[[250.0,75.0,75.0],0],
[[250.0,100.0,100.0],0],
[[250.0,120.0,120.0],0],
[[300.0,0,0],1.784697e-06],
[[300.0,1.0,1.0],0],
[[300.0,10.0,10.0],2.311839e-06],
[[300.0,50.0,50.0],4.130922e-06],
[[300.0,75.0,75.0],0],
[[300.0,100.0,100.0],1.706475e-06],
[[350.0,0,0],2.599314e-06],
[[350.0,1.0,1.0],2.662211e-06],
[[350.0,10.0,10.0],3.137235e-06],
[[350.0,50.0,50.0],2.977475e-06],
[[350.0,75.0,75.0],2.52103e-06],
[[350.0,100.0,100.0],2.638628e-06],
[[350.0,150.0,150.0],3.366093e-06],
[[350.0,170.0,170.0],3.767271e-06],
[[400.0,0,0],4.663914e-06],
[[400.0,1.0,1.0],4.229047e-06],
[[400.0,10.0,10.0],4.439302e-06],
[[400.0,50.0,50.0],3.747493e-06],
[[400.0,75.0,75.0],3.497908e-06],
[[400.0,100.0,100.0],3.623459e-06],
[[400.0,150.0,150.0],4.274813e-06],
[[450.0,0,0],4.831407e-06],
[[450.0,1.0,1.0],5.0912e-06],
[[450.0,10.0,10.0],5.202917e-06],
[[450.0,50.0,50.0],5.086739e-06],
[[450.0,75.0,75.0],5.973037e-06],
[[450.0,100.0,100.0],4.786743e-06],
[[450.0,150.0,150.0],4.503873e-06],
[[450.0,200.0,200.0],6.186644e-06],
[[450.0,220.0,220.0],6.468876e-06],
[[500.0,0,0],8.236336e-06],
[[500.0,1.0,1.0],7.054486e-06],
[[500.0,10.0,10.0],7.537042e-06],
[[500.0,50.0,50.0],1.156933e-05],
[[500.0,75.0,75.0],7.082286e-06],
[[500.0,100.0,100.0],5.187928e-06],
[[500.0,150.0,150.0],8.695977e-06],
[[500.0,200.0,200.0],6.371698e-06],
[[550.0,1.0,1.0],1.15323e-05],
[[550.0,10.0,10.0],9.728604e-06],
[[550.0,75.0,75.0],8.899034e-06],
[[550.0,150.0,150.0],7.817432e-06],
[[550.0,200.0,200.0],1.107927e-05],
[[550.0,250.0,250.0],8.569778e-06],
[[550.0,270.0,270.0],1.033489e-05],
[[600.0,0,0],9.135659e-06],
[[600.0,1.0,1.0],9.197622e-06],
[[600.0,10.0,10.0],1.112835e-05],
[[600.0,50.0,50.0],9.482122e-06],
[[600.0,75.0,75.0],9.794242e-06],
[[600.0,100.0,100.0],1.14685e-05],
[[600.0,150.0,150.0],1.08475e-05],
[[600.0,200.0,200.0],1.113612e-05],
[[600.0,250.0,250.0],9.189734e-06],
[[600.0,295.0,295.0],1.579042e-05],
[[650.0,1.0,1.0],1.111301e-05],
[[650.0,10.0,10.0],1.12591e-05],
[[650.0,75.0,75.0],1.690717e-05],
[[650.0,150.0,150.0],1.242632e-05],
[[650.0,200.0,200.0],1.092333e-05],
[[650.0,250.0,250.0],1.580252e-05],
[[650.0,300.0,300.0],1.230145e-05],
[[650.0,320.0,320.0],1.639882e-05],
[[700.0,0,0],1.675033e-05],
[[700.0,1.0,1.0],1.262914e-05],
[[700.0,10.0,10.0],1.662339e-05],
[[700.0,50.0,50.0],1.703857e-05],
[[700.0,75.0,75.0],1.299848e-05],
[[700.0,100.0,100.0],7.721515e-06],
[[700.0,150.0,150.0],1.25571e-05],
[[700.0,200.0,200.0],1.404823e-05],
[[700.0,250.0,250.0],1.69596e-05],
[[700.0,300.0,300.0],1.849786e-05],
[[750.0,1.0,1.0],1.706247e-05],
[[750.0,10.0,10.0],1.337685e-05],
[[750.0,75.0,75.0],1.514057e-05],
[[750.0,150.0,150.0],1.789936e-05],
[[750.0,200.0,200.0],1.792476e-05],
[[750.0,250.0,250.0],1.875768e-05],
[[750.0,300.0,300.0],1.963531e-05],
[[750.0,350.0,350.0],1.940951e-05],
[[750.0,370.0,370.0],1.567295e-05],
[[800.0,0,0],2.354252e-05],
[[800.0,1.0,1.0],1.963173e-05],
[[800.0,10.0,10.0],1.60913e-05],
[[800.0,50.0,50.0],2.10164e-05],
[[800.0,75.0,75.0],2.142267e-05],
[[800.0,100.0,100.0],1.664389e-05],
[[800.0,150.0,150.0],1.757397e-05],
[[800.0,200.0,200.0],1.442024e-05],
[[800.0,250.0,250.0],2.064176e-05],
[[800.0,300.0,300.0],1.785637e-05],
[[800.0,350.0,350.0],1.790794e-05],
[[850.0,1.0,1.0],2.253545e-05],
[[850.0,10.0,10.0],1.866252e-05],
[[850.0,75.0,75.0],2.200311e-05],
[[850.0,150.0,150.0],1.783978e-05],
[[850.0,200.0,200.0],2.327591e-05],
[[850.0,250.0,250.0],1.885254e-05],
[[850.0,300.0,300.0],2.359172e-05],
[[850.0,350.0,350.0],2.257075e-05],
[[850.0,400.0,400.0],2.179313e-05],
[[850.0,420.0,420.0],2.002495e-05],
[[900.0,0,0],2.35809e-05],
[[900.0,1.0,1.0],1.793895e-05],
[[900.0,10.0,10.0],2.55406e-05],
[[900.0,50.0,50.0],2.502088e-05],
[[900.0,75.0,75.0],2.147718e-05],
[[900.0,100.0,100.0],2.550987e-05],
[[900.0,150.0,150.0],2.377645e-05],
[[900.0,200.0,200.0],1.991292e-05],
[[900.0,250.0,250.0],2.091883e-05],
[[900.0,300.0,300.0],2.466229e-05],
[[900.0,350.0,350.0],2.215646e-05],
[[900.0,400.0,400.0],2.695366e-05],
[[950.0,1.0,1.0],2.510627e-05],
[[950.0,10.0,10.0],2.562404e-05],
[[950.0,75.0,75.0],2.386545e-05],
[[950.0,150.0,150.0],3.054716e-05],
[[950.0,200.0,200.0],2.471815e-05],
[[950.0,250.0,250.0],2.153681e-05],
[[950.0,300.0,300.0],3.374114e-05],
[[950.0,350.0,350.0],3.05324e-05],
[[950.0,400.0,400.0],2.99609e-05],
[[950.0,450.0,450.0],3.137012e-05],
[[950.0,470.0,470.0],2.742851e-05],
[[1000.0,0,0],3.322767e-05],
[[1000.0,50.0,50.0],2.68002e-05],
[[1000.0,100.0,100.0],3.306027e-05],
[[1000.0,150.0,150.0],2.930603e-05],
[[1000.0,200.0,200.0],2.463119e-05],
[[1000.0,250.0,250.0],2.759237e-05],
[[1000.0,300.0,300.0],2.536687e-05],
[[1000.0,350.0,350.0],3.17076e-05],
[[1000.0,400.0,400.0],2.702936e-05],
[[1000.0,450.0,450.0],3.351227e-05],
[[1050.0,520.0,520.0],4.573032e-05],
[[1100.0,0,0],3.077054e-05],
[[1100.0,100.0,100.0],2.836159e-05],
[[1100.0,200.0,200.0],3.477123e-05],
[[1100.0,300.0,300.0],3.738568e-05],
[[1100.0,400.0,400.0],3.479378e-05],
[[1100.0,500.0,500.0],3.38293e-05],
[[1150.0,570.0,570.0],4.099278e-05],
[[1200.0,0,0],3.460956e-05],
[[1200.0,100.0,100.0],4.212412e-05],
[[1200.0,200.0,200.0],3.331881e-05],
[[1200.0,300.0,300.0],6.157032e-05],
[[1200.0,400.0,400.0],5.171915e-05],
[[1200.0,500.0,500.0],5.072161e-05],
[[1250.0,620.0,620.0],3.964755e-05],
[[1300.0,0,0],3.669444e-05],
[[1300.0,100.0,100.0],4.088318e-05],
[[1300.0,200.0,200.0],2.890555e-05],
[[1300.0,300.0,300.0],4.208023e-05],
[[1300.0,400.0,400.0],4.567167e-05],
[[1300.0,500.0,500.0],4.148312e-05],
[[1300.0,600.0,600.0],4.229958e-05],
[[1350.0,670.0,670.0],4.572308e-05],
[[1400.0,0,0],5.334249e-05],
[[1400.0,100.0,100.0],5.173066e-05],
[[1400.0,200.0,200.0],4.36537e-05],
[[1400.0,300.0,300.0],4.730698e-05],
[[1400.0,400.0,400.0],4.743347e-05],
[[1400.0,500.0,500.0],3.704314e-05],
[[1400.0,600.0,600.0],3.213709e-05],
[[1450.0,720.0,720.0],5.359931e-05],
[[1500.0,0,0],4.525873e-05],
[[1500.0,100.0,100.0],3.85423e-05],
[[1500.0,200.0,200.0],4.244364e-05],
[[1500.0,300.0,300.0],4.898905e-05],
[[1500.0,400.0,400.0],5.035557e-05],
[[1500.0,500.0,500.0],6.295481e-05],
[[1500.0,600.0,600.0],5.066548e-05],
[[1500.0,700.0,700.0],4.198704e-05],
[[1550.0,770.0,770.0],4.801168e-05],
[[1600.0,0,0],4.746782e-05],
[[1600.0,100.0,100.0],6.597423e-05],
[[1600.0,200.0,200.0],4.074292e-05],
[[1600.0,300.0,300.0],4.232076e-05],
[[1600.0,400.0,400.0],4.531962e-05],
[[1600.0,500.0,500.0],5.997486e-05],
[[1600.0,600.0,600.0],4.046434e-05],
[[1600.0,700.0,700.0],6.95628e-05],
[[1650.0,820.0,820.0],4.866297e-05],
[[1700.0,0,0],4.672477e-05],
[[1700.0,100.0,100.0],3.982894e-05],
[[1700.0,200.0,200.0],4.171243e-05],
[[1700.0,300.0,300.0],5.205583e-05],
[[1700.0,400.0,400.0],5.692898e-05],
[[1700.0,500.0,500.0],4.43013e-05],
[[1700.0,600.0,600.0],4.565428e-05],
[[1700.0,700.0,700.0],5.44536e-05],
[[1700.0,800.0,800.0],6.061748e-05],
[[1750.0,870.0,870.0],6.443355e-05],
[[1800.0,0,0],4.214903e-05],
[[1800.0,100.0,100.0],4.398587e-05],
[[1800.0,200.0,200.0],3.941388e-05],
[[1800.0,300.0,300.0],4.710548e-05],
[[1800.0,400.0,400.0],5.451886e-05],
[[1800.0,500.0,500.0],5.718271e-05],
[[1800.0,600.0,600.0],7.037527e-05],
[[1800.0,700.0,700.0],3.972874e-05],
[[1800.0,800.0,800.0],5.265209e-05],
[[1850.0,920.0,920.0],5.087163e-05],
[[1900.0,0,0],4.522993e-05],
[[1900.0,100.0,100.0],6.011892e-05],
[[1900.0,200.0,200.0],5.624409e-05],
[[1900.0,300.0,300.0],4.965376e-05],
[[1900.0,400.0,400.0],5.213054e-05],
[[1900.0,500.0,500.0],6.937631e-05],
[[1900.0,600.0,600.0],5.182274e-05],
[[1900.0,700.0,700.0],5.964892e-05],
[[1900.0,800.0,800.0],6.259015e-05],
[[1900.0,900.0,900.0],5.617278e-05],
[[1950.0,970.0,970.0],6.055277e-05],
[[2000.0,0,0],4.150757e-05],
[[2000.0,100.0,100.0],6.732196e-05],
[[2000.0,200.0,200.0],5.34231e-05],
[[2000.0,300.0,300.0],5.940667e-05],
[[2000.0,400.0,400.0],4.217124e-05],
[[2000.0,500.0,500.0],4.445702e-05],
[[2000.0,600.0,600.0],7.033365e-05],
[[2000.0,700.0,700.0],4.615427e-05],
[[2000.0,800.0,800.0],4.903692e-05],
[[2000.0,900.0,900.0],5.036895e-05],
[[2050.0,1020.0,1020.0],6.577081e-05],
[[2100.0,0,0],6.772495e-05],
[[2100.0,100.0,100.0],6.331053e-05],
[[2100.0,200.0,200.0],5.319637e-05],
[[2100.0,300.0,300.0],6.240433e-05],
[[2100.0,400.0,400.0],5.355635e-05],
[[2100.0,500.0,500.0],4.747392e-05],
[[2100.0,600.0,600.0],5.596482e-05],
[[2100.0,700.0,700.0],8.705985e-05],
[[2100.0,800.0,800.0],5.858513e-05],
[[2100.0,900.0,900.0],5.651188e-05],
[[2100.0,1000.0,1000.0],4.609777e-05],
[[2150.0,1070.0,1070.0],6.358505e-05],
[[2200.0,0,0],6.109443e-05],
[[2200.0,100.0,100.0],5.063005e-05],
[[2200.0,200.0,200.0],6.255314e-05],
[[2200.0,300.0,300.0],5.292462e-05],
[[2200.0,400.0,400.0],4.571996e-05],
[[2200.0,500.0,500.0],4.514584e-05],
[[2200.0,600.0,600.0],5.715586e-05],
[[2200.0,700.0,700.0],5.61878e-05],
[[2200.0,800.0,800.0],6.157266e-05],
[[2200.0,900.0,900.0],5.224497e-05],
[[2200.0,1000.0,1000.0],7.008528e-05],
[[2250.0,1120.0,1120.0],6.239721e-05],
[[2300.0,0,0],6.037238e-05],
[[2300.0,100.0,100.0],5.959727e-05],
[[2300.0,200.0,200.0],5.342094e-05],
[[2300.0,300.0,300.0],5.462232e-05],
[[2300.0,400.0,400.0],6.888046e-05],
[[2300.0,500.0,500.0],5.977163e-05],
[[2300.0,600.0,600.0],6.971652e-05],
[[2300.0,700.0,700.0],6.239844e-05],
[[2300.0,800.0,800.0],6.729053e-05],
[[2300.0,900.0,900.0],6.391501e-05],
[[2300.0,1000.0,1000.0],5.704011e-05],
[[2300.0,1100.0,1100.0],7.421252e-05],
[[2350.0,1170.0,1170.0],6.428369e-05],
[[2400.0,0,0],5.685073e-05],
[[2400.0,100.0,100.0],5.890153e-05],
[[2400.0,200.0,200.0],5.120218e-05],
[[2400.0,300.0,300.0],6.013388e-05],
[[2400.0,400.0,400.0],6.061972e-05],
[[2400.0,500.0,500.0],5.027804e-05],
[[2400.0,600.0,600.0],7.06207e-05],
[[2400.0,700.0,700.0],5.344089e-05],
[[2400.0,800.0,800.0],5.870709e-05],
[[2400.0,900.0,900.0],6.426911e-05],
[[2400.0,1000.0,1000.0],4.847551e-05],
[[2400.0,1100.0,1100.0],6.170139e-05],
[[2450.0,1220.0,1220.0],5.399119e-05],
[[2500.0,0,0],5.915498e-05],
[[2500.0,100.0,100.0],5.796311e-05],
[[2500.0,200.0,200.0],5.371051e-05],
[[2500.0,300.0,300.0],6.431859e-05],
[[2500.0,400.0,400.0],5.109384e-05],
[[2500.0,500.0,500.0],6.200604e-05],
[[2500.0,600.0,600.0],6.169648e-05],
[[2500.0,700.0,700.0],6.85056e-05],
[[2500.0,800.0,800.0],4.773831e-05],
[[2500.0,900.0,900.0],5.951321e-05],
[[2500.0,1000.0,1000.0],6.673468e-05],
[[2500.0,1100.0,1100.0],5.515162e-05],
[[2500.0,1200.0,1200.0],6.685446e-05],
[[2550.0,1270.0,1270.0],6.752276e-05],
[[2600.0,0,0],5.488507e-05],
[[2600.0,100.0,100.0],4.87276e-05],
[[2600.0,200.0,200.0],6.825269e-05],
[[2600.0,300.0,300.0],5.48208e-05],
[[2600.0,400.0,400.0],4.620875e-05],
[[2600.0,500.0,500.0],5.962434e-05],
[[2600.0,600.0,600.0],5.039443e-05],
[[2600.0,700.0,700.0],5.207876e-05],
[[2600.0,800.0,800.0],6.010632e-05],
[[2600.0,900.0,900.0],5.00232e-05],
[[2600.0,1000.0,1000.0],6.527266e-05],
[[2600.0,1100.0,1100.0],5.932676e-05],
[[2600.0,1200.0,1200.0],7.521933e-05],
[[2650.0,1320.0,1320.0],6.221427e-05],
[[2700.0,0,0],6.085134e-05],
[[2700.0,100.0,100.0],5.718781e-05],
[[2700.0,200.0,200.0],5.36968e-05],
[[2700.0,300.0,300.0],5.742408e-05],
[[2700.0,400.0,400.0],7.791909e-05],
[[2700.0,500.0,500.0],6.335299e-05],
[[2700.0,600.0,600.0],5.543518e-05],
[[2700.0,700.0,700.0],6.30184e-05],
[[2700.0,800.0,800.0],6.290318e-05],
[[2700.0,900.0,900.0],7.989115e-05],
[[2700.0,1000.0,1000.0],5.124091e-05],
[[2700.0,1100.0,1100.0],6.441454e-05],
[[2700.0,1200.0,1200.0],4.99626e-05],
[[2700.0,1300.0,1300.0],5.752076e-05],
[[2750.0,1370.0,1370.0],7.636071e-05],
[[2800.0,0,0],5.235239e-05],
[[2800.0,100.0,100.0],4.305236e-05],
[[2800.0,200.0,200.0],6.417695e-05],
[[2800.0,300.0,300.0],4.4586e-05],
[[2800.0,400.0,400.0],5.366418e-05],
[[2800.0,500.0,500.0],6.479874e-05],
[[2800.0,600.0,600.0],5.406547e-05],
[[2800.0,700.0,700.0],5.379553e-05],
[[2800.0,800.0,800.0],6.440043e-05],
[[2800.0,900.0,900.0],5.885477e-05],
[[2800.0,1000.0,1000.0],6.310206e-05],
[[2800.0,1100.0,1100.0],5.564426e-05],
[[2800.0,1200.0,1200.0],5.739451e-05],
[[2800.0,1300.0,1300.0],5.64743e-05],
[[2850.0,1420.0,1420.0],6.637786e-05],
[[2900.0,0,0],5.54014e-05],
[[2900.0,100.0,100.0],6.677327e-05],
[[2900.0,200.0,200.0],5.075052e-05],
[[2900.0,300.0,300.0],6.38723e-05],
[[2900.0,400.0,400.0],6.747637e-05],
[[2900.0,500.0,500.0],0.0001137997],
[[2900.0,600.0,600.0],5.67126e-05],
[[2900.0,700.0,700.0],5.809297e-05],
[[2900.0,800.0,800.0],6.011676e-05],
[[2900.0,900.0,900.0],2.283091e-05],
[[2900.0,1000.0,1000.0],6.099348e-05],
[[2900.0,1100.0,1100.0],6.955557e-05],
[[2900.0,1200.0,1200.0],7.721013e-05],
[[2900.0,1300.0,1300.0],6.654314e-05],
[[2900.0,1400.0,1400.0],6.316222e-05],
[[2950.0,1470.0,1470.0],5.691702e-05],
[[3000.0,0,0],5.593194e-05],
[[3000.0,100.0,100.0],5.433743e-05],
[[3000.0,200.0,200.0],4.909503e-05],
[[3000.0,300.0,300.0],6.286509e-05],
[[3000.0,400.0,400.0],6.559572e-05],
[[3000.0,500.0,500.0],4.106938e-05],
[[3000.0,600.0,600.0],5.761206e-05],
[[3000.0,700.0,700.0],6.584293e-05],
[[3000.0,800.0,800.0],5.890339e-05],
[[3000.0,900.0,900.0],5.929155e-05],
[[3000.0,1000.0,1000.0],8.070722e-05],
[[3000.0,1100.0,1100.0],6.055319e-05],
[[3000.0,1200.0,1200.0],6.477137e-05],
[[3000.0,1300.0,1300.0],5.492422e-05],
[[3000.0,1400.0,1400.0],6.400966e-05]]
