txName: TRS1
constraint: {(PV > H0(1)), (H0(1) > MET(2),MET(3))}
condition: None
conditionDescription: None
figureUrl: https://cms-results.web.cern.ch/cms-results/public-results/publications/EXO-20-004/CMS-EXO-20-004_Figure_009-a.png
source: https://doi.org/10.5281/zenodo.13324003
validated: True
axesMap: [{0: 'x', 1: '1.0', 2: '1.0'}, {0: 'x', 1: 'y', 2: 'y'}]
dataMap: {0: (1, 'mass', GeV), 1: (2, 'mass', GeV), 2: (3, 'mass', GeV)}
finalState: ['MET', 'MET']
intermediateState: None
efficiencyMap: [[[100.0,1.0,1.0],0.0002790973],
[[100.0,10.0,10.0],0.0002940057],
[[150.0,1.0,1.0],0.000513473],
[[150.0,50.0,50.0],0.0005369909],
[[200.0,1.0,1.0],0.0008007775],
[[200.0,50.0,50.0],0.000812116],
[[200.0,100.0,100.0],0.001175512],
[[250.0,1.0,1.0],0.001066918],
[[250.0,10.0,10.0],0.001004455],
[[250.0,50.0,50.0],0.001076884],
[[250.0,100.0,100.0],0.001050915],
[[300.0,1.0,1.0],0.001138961],
[[300.0,50.0,50.0],0.001240395],
[[300.0,100.0,100.0],0.001351567],
[[350.0,1.0,1.0],0.001346489],
[[350.0,50.0,50.0],0.001214231],
[[350.0,100.0,100.0],0.001278506],
[[350.0,150.0,150.0],0.001350449],
[[400.0,1.0,1.0],0.001507367],
[[400.0,50.0,50.0],0.001537895],
[[400.0,100.0,100.0],0.001899061],
[[400.0,150.0,150.0],0.002111923],
[[450.0,1.0,1.0],0.001921961],
[[450.0,50.0,50.0],0.001781374],
[[450.0,100.0,100.0],0.001943119],
[[450.0,150.0,150.0],0.001745545],
[[450.0,200.0,200.0],0.002505934],
[[500.0,1.0,1.0],0.002109878],
[[500.0,10.0,10.0],0.002099479],
[[500.0,50.0,50.0],0.00210966],
[[500.0,100.0,100.0],0.002254389],
[[500.0,150.0,150.0],0.002356434],
[[500.0,200.0,200.0],0.002095096],
[[550.0,1.0,1.0],0.002452366],
[[550.0,50.0,50.0],0.002603213],
[[550.0,100.0,100.0],0.002340243],
[[550.0,150.0,150.0],0.002504362],
[[550.0,200.0,200.0],0.002482058],
[[550.0,250.0,250.0],0.002477087],
[[600.0,1.0,1.0],0.002715526],
[[600.0,50.0,50.0],0.002815003],
[[600.0,100.0,100.0],0.003001847],
[[600.0,150.0,150.0],0.002683008],
[[600.0,200.0,200.0],0.002822183],
[[600.0,250.0,250.0],0.004363525],
[[650.0,1.0,1.0],0.003229667],
[[650.0,50.0,50.0],0.003058645],
[[650.0,100.0,100.0],0.003165911],
[[650.0,150.0,150.0],0.00300506],
[[650.0,200.0,200.0],0.003022433],
[[650.0,250.0,250.0],0.003198058],
[[650.0,300.0,300.0],0.002773579],
[[700.0,1.0,1.0],0.003425116],
[[700.0,50.0,50.0],0.002935298],
[[700.0,100.0,100.0],0.003025379],
[[700.0,150.0,150.0],0.003072259],
[[700.0,200.0,200.0],0.004158322],
[[700.0,250.0,250.0],0.004462561],
[[700.0,300.0,300.0],0.004180507],
[[750.0,1.0,1.0],0.00313029],
[[750.0,10.0,10.0],0.003218309],
[[750.0,50.0,50.0],0.003331778],
[[750.0,100.0,100.0],0.003473557],
[[750.0,150.0,150.0],0.003412442],
[[750.0,200.0,200.0],0.00340813],
[[750.0,250.0,250.0],0.003467074],
[[750.0,300.0,300.0],0.003389408],
[[750.0,350.0,350.0],0.003638659],
[[800.0,1.0,1.0],0.003444181],
[[800.0,150.0,150.0],0.003835241],
[[800.0,200.0,200.0],0.003476454],
[[800.0,250.0,250.0],0.00384273],
[[800.0,300.0,300.0],0.003754637],
[[800.0,350.0,350.0],0.003765691],
[[850.0,1.0,1.0],0.003720256],
[[850.0,150.0,150.0],0.003899065],
[[850.0,200.0,200.0],0.004976059],
[[850.0,250.0,250.0],0.003209051],
[[850.0,300.0,300.0],0.00379428],
[[850.0,350.0,350.0],0.004636332],
[[850.0,400.0,400.0],0.003643565],
[[900.0,1.0,1.0],0.003459011],
[[900.0,150.0,150.0],0.004574024],
[[900.0,200.0,200.0],0.003564386],
[[900.0,250.0,250.0],0.00372288],
[[900.0,300.0,300.0],0.003926773],
[[900.0,350.0,350.0],0.00397017],
[[900.0,400.0,400.0],0.003996626],
[[950.0,1.0,1.0],0.004443208],
[[950.0,150.0,150.0],0.004370944],
[[950.0,200.0,200.0],0.003461652],
[[950.0,250.0,250.0],0.003985474],
[[950.0,300.0,300.0],0.005115976],
[[950.0,350.0,350.0],0.004300893],
[[950.0,400.0,400.0],0.004873319],
[[950.0,450.0,450.0],0.004461025],
[[1000.0,1.0,1.0],0.004161403],
[[1000.0,10.0,10.0],0.003849213],
[[1000.0,50.0,50.0],0.004375032],
[[1000.0,100.0,100.0],0.004243767],
[[1000.0,150.0,150.0],0.004452666],
[[1000.0,200.0,200.0],0.004277603],
[[1000.0,250.0,250.0],0.004507279],
[[1000.0,300.0,300.0],0.004002056],
[[1000.0,350.0,350.0],0.004990844],
[[1000.0,400.0,400.0],0.004579517],
[[1000.0,450.0,450.0],0.003674894],
[[1050.0,1.0,1.0],0.004215802],
[[1050.0,150.0,150.0],0.004492456],
[[1050.0,200.0,200.0],0.004024293],
[[1050.0,250.0,250.0],0.004241807],
[[1050.0,300.0,300.0],0.003904753],
[[1050.0,350.0,350.0],0.004314944],
[[1050.0,400.0,400.0],0.003928977],
[[1050.0,450.0,450.0],0.004295447],
[[1050.0,500.0,500.0],0.00484691],
[[1100.0,1.0,1.0],0.004213745],
[[1100.0,150.0,150.0],0.004392659],
[[1100.0,200.0,200.0],0.0042836],
[[1100.0,250.0,250.0],0.005014522],
[[1100.0,300.0,300.0],0.004236444],
[[1100.0,350.0,350.0],0.005815532],
[[1100.0,400.0,400.0],0.005532979],
[[1100.0,450.0,450.0],0.004618707],
[[1100.0,500.0,500.0],0.006212017],
[[1150.0,1.0,1.0],0.003877521],
[[1150.0,150.0,150.0],0.005194435],
[[1150.0,200.0,200.0],0.003790056],
[[1150.0,250.0,250.0],0.004704439],
[[1150.0,300.0,300.0],0.004528084],
[[1150.0,350.0,350.0],0.0049496],
[[1150.0,400.0,400.0],0.004558137],
[[1150.0,450.0,450.0],0.004729164],
[[1150.0,500.0,500.0],0.004523672],
[[1150.0,550.0,550.0],0.004754233],
[[1200.0,1.0,1.0],0.004152375],
[[1200.0,150.0,150.0],0.004569404],
[[1200.0,200.0,200.0],0.004802152],
[[1200.0,250.0,250.0],0.005199463],
[[1200.0,300.0,300.0],0.004493966],
[[1200.0,350.0,350.0],0.005081642],
[[1200.0,400.0,400.0],0.004380753],
[[1200.0,450.0,450.0],0.005585617],
[[1200.0,500.0,500.0],0.005378756],
[[1200.0,550.0,550.0],0.005220961],
[[1250.0,1.0,1.0],0.00354335],
[[1250.0,10.0,10.0],0.004441236],
[[1250.0,50.0,50.0],0.004111873],
[[1250.0,100.0,100.0],0.004147279],
[[1250.0,150.0,150.0],0.004580402],
[[1250.0,200.0,200.0],0.004530746],
[[1250.0,250.0,250.0],0.00462631],
[[1250.0,300.0,300.0],0.004595316],
[[1250.0,350.0,350.0],0.004823333],
[[1250.0,400.0,400.0],0.004877249],
[[1250.0,450.0,450.0],0.004388043],
[[1250.0,500.0,500.0],0.004568928],
[[1250.0,550.0,550.0],0.005284637],
[[1250.0,600.0,600.0],0.006671941],
[[1300.0,1.0,1.0],0.004209649],
[[1300.0,150.0,150.0],0.005087207],
[[1300.0,200.0,200.0],0.005726718],
[[1300.0,250.0,250.0],0.004760226],
[[1300.0,300.0,300.0],0.004469847],
[[1300.0,350.0,350.0],0.005256777],
[[1300.0,400.0,400.0],0.005129402],
[[1300.0,450.0,450.0],0.005168044],
[[1300.0,500.0,500.0],0.005111535],
[[1300.0,550.0,550.0],0.004785243],
[[1300.0,600.0,600.0],0.005140874],
[[1350.0,1.0,1.0],0.004405777],
[[1350.0,150.0,150.0],0.005083123],
[[1350.0,200.0,200.0],0.005091018],
[[1350.0,250.0,250.0],0.005370693],
[[1350.0,300.0,300.0],0.004709168],
[[1350.0,350.0,350.0],0.005172042],
[[1350.0,400.0,400.0],0.005595767],
[[1350.0,450.0,450.0],0.005639161],
[[1350.0,500.0,500.0],0.005128603],
[[1350.0,550.0,550.0],0.004349588],
[[1350.0,600.0,600.0],0.005247626],
[[1350.0,650.0,650.0],0.005197268],
[[1400.0,1.0,1.0],0.004148769],
[[1400.0,150.0,150.0],0.005177746],
[[1400.0,200.0,200.0],0.004800034],
[[1400.0,250.0,250.0],0.004884699],
[[1400.0,300.0,300.0],0.004753629],
[[1400.0,350.0,350.0],0.004383273],
[[1400.0,400.0,400.0],0.005268399],
[[1400.0,450.0,450.0],0.005109914],
[[1400.0,500.0,500.0],0.004952657],
[[1400.0,550.0,550.0],0.005206872],
[[1400.0,600.0,600.0],0.005322816],
[[1400.0,650.0,650.0],0.005722946],
[[1450.0,1.0,1.0],0.004481251],
[[1450.0,150.0,150.0],0.003967169],
[[1450.0,200.0,200.0],0.005419094],
[[1450.0,250.0,250.0],0.00481407],
[[1450.0,300.0,300.0],0.00566696],
[[1450.0,350.0,350.0],0.005466221],
[[1450.0,400.0,400.0],0.005264688],
[[1450.0,450.0,450.0],0.005427424],
[[1450.0,500.0,500.0],0.005104155],
[[1450.0,550.0,550.0],0.005271569],
[[1450.0,600.0,600.0],0.004603415],
[[1450.0,650.0,650.0],0.0046262],
[[1450.0,700.0,700.0],0.005408451],
[[1500.0,1.0,1.0],0.004459904],
[[1500.0,10.0,10.0],0.004110375],
[[1500.0,50.0,50.0],0.004317805],
[[1500.0,100.0,100.0],0.004690545],
[[1500.0,150.0,150.0],0.004571803],
[[1500.0,200.0,200.0],0.004684585],
[[1500.0,250.0,250.0],0.004362811],
[[1500.0,300.0,300.0],0.005762279],
[[1500.0,350.0,350.0],0.00500184],
[[1500.0,400.0,400.0],0.005829422],
[[1500.0,450.0,450.0],0.005644345],
[[1500.0,500.0,500.0],0.005647911],
[[1500.0,550.0,550.0],0.005849436],
[[1500.0,600.0,600.0],0.005795812],
[[1500.0,650.0,650.0],0.005286338],
[[1500.0,700.0,700.0],0.00539919],
[[1500.0,750.0,750.0],0.005400912],
[[1550.0,1.0,1.0],0.003890491],
[[1550.0,150.0,150.0],0.00477917],
[[1550.0,200.0,200.0],0.004891642],
[[1550.0,250.0,250.0],0.005272507],
[[1550.0,300.0,300.0],0.005309592],
[[1550.0,350.0,350.0],0.005033692],
[[1550.0,400.0,400.0],0.005598204],
[[1550.0,450.0,450.0],0.005995349],
[[1550.0,500.0,500.0],0.00500986],
[[1550.0,550.0,550.0],0.00481919],
[[1550.0,600.0,600.0],0.004658139],
[[1550.0,650.0,650.0],0.004992399],
[[1550.0,700.0,700.0],0.0053175],
[[1550.0,750.0,750.0],0.005957003],
[[1600.0,1.0,1.0],0.003874463],
[[1600.0,150.0,150.0],0.004198081],
[[1600.0,200.0,200.0],0.0047945],
[[1600.0,250.0,250.0],0.005333371],
[[1600.0,300.0,300.0],0.00547365],
[[1600.0,350.0,350.0],0.005710091],
[[1600.0,400.0,400.0],0.007047858],
[[1600.0,450.0,450.0],0.005806662],
[[1600.0,500.0,500.0],0.006096136],
[[1600.0,550.0,550.0],0.00495319],
[[1600.0,600.0,600.0],0.006142069],
[[1600.0,650.0,650.0],0.005696851],
[[1600.0,700.0,700.0],0.004468799],
[[1600.0,750.0,750.0],0.005963072],
[[1650.0,1.0,1.0],0.00428711],
[[1650.0,150.0,150.0],0.004590507],
[[1650.0,200.0,200.0],0.004960864],
[[1650.0,250.0,250.0],0.004982766],
[[1650.0,300.0,300.0],0.004649796],
[[1650.0,350.0,350.0],0.005512096],
[[1650.0,400.0,400.0],0.005454974],
[[1650.0,450.0,450.0],0.005067376],
[[1650.0,500.0,500.0],0.005968862],
[[1650.0,550.0,550.0],0.005712458],
[[1650.0,600.0,600.0],0.006357281],
[[1650.0,650.0,650.0],0.005525033],
[[1650.0,700.0,700.0],0.006916499],
[[1650.0,750.0,750.0],0.005766903],
[[1650.0,800.0,800.0],0.006100305],
[[1700.0,1.0,1.0],0.00463456],
[[1700.0,150.0,150.0],0.005039093],
[[1700.0,200.0,200.0],0.00421201],
[[1700.0,250.0,250.0],0.005586572],
[[1700.0,300.0,300.0],0.005369392],
[[1700.0,350.0,350.0],0.005507623],
[[1700.0,400.0,400.0],0.00510619],
[[1700.0,450.0,450.0],0.005306941],
[[1700.0,500.0,500.0],0.00550236],
[[1700.0,550.0,550.0],0.005560706],
[[1700.0,600.0,600.0],0.00587018],
[[1700.0,650.0,650.0],0.005330737],
[[1700.0,700.0,700.0],0.005429507],
[[1700.0,750.0,750.0],0.004957373],
[[1700.0,800.0,800.0],0.006308988],
[[1750.0,1.0,1.0],0.004154847],
[[1750.0,10.0,10.0],0.004144681],
[[1750.0,50.0,50.0],0.004036531],
[[1750.0,100.0,100.0],0.004781315],
[[1750.0,150.0,150.0],0.004572475],
[[1750.0,200.0,200.0],0.005285575],
[[1750.0,250.0,250.0],0.005206087],
[[1750.0,300.0,300.0],0.005013332],
[[1750.0,350.0,350.0],0.00505532],
[[1750.0,400.0,400.0],0.005420793],
[[1750.0,450.0,450.0],0.00544045],
[[1750.0,500.0,500.0],0.005350187],
[[1750.0,550.0,550.0],0.005502876],
[[1750.0,600.0,600.0],0.005479657],
[[1750.0,650.0,650.0],0.005623147],
[[1750.0,700.0,700.0],0.005596447],
[[1750.0,750.0,750.0],0.005602041],
[[1750.0,800.0,800.0],0.00554339],
[[1750.0,850.0,850.0],0.005874328],
[[1800.0,1.0,1.0],0.003989462],
[[1800.0,150.0,150.0],0.004983076],
[[1800.0,200.0,200.0],0.004930322],
[[1800.0,250.0,250.0],0.004539361],
[[1800.0,300.0,300.0],0.005558591],
[[1800.0,350.0,350.0],0.005172798],
[[1800.0,400.0,400.0],0.00561007],
[[1800.0,450.0,450.0],0.006289664],
[[1800.0,500.0,500.0],0.005950329],
[[1800.0,550.0,550.0],0.005256223],
[[1800.0,600.0,600.0],0.006687344],
[[1800.0,650.0,650.0],0.005841959],
[[1800.0,700.0,700.0],0.006113051],
[[1800.0,750.0,750.0],0.005454376],
[[1800.0,800.0,800.0],0.005946947],
[[1800.0,850.0,850.0],0.00675283],
[[1850.0,1.0,1.0],0.004523387],
[[1850.0,150.0,150.0],0.004831455],
[[1850.0,200.0,200.0],0.005575173],
[[1850.0,250.0,250.0],0.005613198],
[[1850.0,300.0,300.0],0.00526228],
[[1850.0,350.0,350.0],0.005858209],
[[1850.0,400.0,400.0],0.005573203],
[[1850.0,450.0,450.0],0.005191649],
[[1850.0,500.0,500.0],0.005437627],
[[1850.0,550.0,550.0],0.004668726],
[[1850.0,600.0,600.0],0.005833314],
[[1850.0,650.0,650.0],0.005840368],
[[1850.0,700.0,700.0],0.005136123],
[[1850.0,750.0,750.0],0.006068279],
[[1850.0,800.0,800.0],0.005059693],
[[1850.0,850.0,850.0],0.006628386],
[[1850.0,900.0,900.0],0.005988809],
[[1900.0,1.0,1.0],0.004250034],
[[1900.0,150.0,150.0],0.005283954],
[[1900.0,200.0,200.0],0.004993751],
[[1900.0,250.0,250.0],0.00586915],
[[1900.0,300.0,300.0],0.005359007],
[[1900.0,350.0,350.0],0.005866304],
[[1900.0,400.0,400.0],0.004943785],
[[1900.0,450.0,450.0],0.004993094],
[[1900.0,500.0,500.0],0.005988556],
[[1900.0,550.0,550.0],0.006278305],
[[1900.0,600.0,600.0],0.006257515],
[[1900.0,650.0,650.0],0.005931398],
[[1900.0,700.0,700.0],0.006771354],
[[1900.0,750.0,750.0],0.005731193],
[[1900.0,800.0,800.0],0.006460459],
[[1900.0,850.0,850.0],0.005359162],
[[1900.0,900.0,900.0],0.005032926],
[[1950.0,1.0,1.0],0.003939437],
[[1950.0,150.0,150.0],0.004697398],
[[1950.0,200.0,200.0],0.005513055],
[[1950.0,250.0,250.0],0.004323117],
[[1950.0,300.0,300.0],0.005731829],
[[1950.0,350.0,350.0],0.005282869],
[[1950.0,400.0,400.0],0.005442555],
[[1950.0,450.0,450.0],0.005143689],
[[1950.0,500.0,500.0],0.006256337],
[[1950.0,550.0,550.0],0.004697284],
[[1950.0,600.0,600.0],0.004912443],
[[1950.0,650.0,650.0],0.005391689],
[[1950.0,700.0,700.0],0.00617474],
[[1950.0,750.0,750.0],0.006162065],
[[1950.0,800.0,800.0],0.00545172],
[[1950.0,850.0,850.0],0.006198842],
[[1950.0,900.0,900.0],0.005601118],
[[1950.0,950.0,950.0],0.006074531],
[[2000.0,1.0,1.0],0.004181303],
[[2000.0,10.0,10.0],0.003809498],
[[2000.0,50.0,50.0],0.004341184],
[[2000.0,100.0,100.0],0.004143561],
[[2000.0,150.0,150.0],0.004834012],
[[2000.0,200.0,200.0],0.004842443],
[[2000.0,250.0,250.0],0.005168805],
[[2000.0,300.0,300.0],0.005688141],
[[2000.0,350.0,350.0],0.005508512],
[[2000.0,400.0,400.0],0.006290108],
[[2000.0,450.0,450.0],0.005935327],
[[2000.0,500.0,500.0],0.006417427],
[[2000.0,550.0,550.0],0.00598664],
[[2000.0,600.0,600.0],0.005548691],
[[2000.0,650.0,650.0],0.005983177],
[[2000.0,700.0,700.0],0.006324202],
[[2000.0,750.0,750.0],0.00667186],
[[2000.0,800.0,800.0],0.00567897],
[[2000.0,850.0,850.0],0.00590576],
[[2000.0,900.0,900.0],0.006865421],
[[2000.0,950.0,950.0],0.005566265],
[[2250.0,1.0,1.0],0.003710524],
[[2250.0,10.0,10.0],0.003404311],
[[2250.0,50.0,50.0],0.004429359],
[[2250.0,100.0,100.0],0.004622825],
[[2250.0,150.0,150.0],0.004181069],
[[2250.0,300.0,300.0],0.005386172],
[[2250.0,500.0,500.0],0.006089977],
[[2250.0,750.0,750.0],0.006465383],
[[2250.0,1000.0,1000.0],0.005749833],
[[2500.0,1.0,1.0],0.003853781],
[[2500.0,10.0,10.0],0.00376988],
[[2500.0,50.0,50.0],0.004395928],
[[2500.0,100.0,100.0],0.004626416],
[[2500.0,150.0,150.0],0.004719079],
[[2500.0,300.0,300.0],0.005419099],
[[2500.0,500.0,500.0],0.006399041],
[[2500.0,750.0,750.0],0.006302128],
[[2500.0,1000.0,1000.0],0.006938455],
[[2500.0,1200.0,1200.0],0.006079135],
[[2750.0,1.0,1.0],0.003567363],
[[2750.0,10.0,10.0],0.00393663],
[[2750.0,50.0,50.0],0.004630829],
[[2750.0,100.0,100.0],0.004590102],
[[2750.0,150.0,150.0],0.004483431],
[[2750.0,300.0,300.0],0.005765569],
[[2750.0,500.0,500.0],0.006186197],
[[2750.0,750.0,750.0],0.007005084],
[[2750.0,1000.0,1000.0],0.006068],
[[2750.0,1200.0,1200.0],0.006797039],
[[3000.0,1.0,1.0],0.004328166],
[[3000.0,10.0,10.0],0.004028943],
[[3000.0,50.0,50.0],0.00481039],
[[3000.0,100.0,100.0],0.00489689],
[[3000.0,150.0,150.0],0.004790792],
[[3000.0,300.0,300.0],0.005400736],
[[3000.0,500.0,500.0],0.006787217],
[[3000.0,750.0,750.0],0.006368303],
[[3000.0,1000.0,1000.0],0.006891106],
[[3000.0,1200.0,1200.0],0.0070377],
[[3000.0,1400.0,1400.0],0.007205852]]
