txName: TRV1
constraint: {(PV > Zprime(1)), (Zprime(1) > MET(2),MET(3))}
condition: None
conditionDescription: None
figureUrl: https://cms-results.web.cern.ch/cms-results/public-results/publications/EXO-20-004/CMS-EXO-20-004_Figure_007-b.png
source: CMS
validated: True
axesMap: [{0: 'x', 1: 'y', 2: 'y'}]
dataMap: {0: (1, 'mass', GeV), 1: (2, 'mass', GeV), 2: (3, 'mass', GeV)}
finalState: ['MET', 'MET']
intermediateState: None
efficiencyMap: [[[50.0,1.0,1.0],5.259241e-06],
[[100.0,1.0,1.0],3.651273e-05],
[[100.0,10.0,10.0],3.438899e-05],
[[150.0,1.0,1.0],8.948312e-05],
[[150.0,75.0,75.0],0.0001026737],
[[200.0,1.0,1.0],0.0001794106],
[[200.0,75.0,75.0],0.000198101],
[[250.0,1.0,1.0],0.0003196722],
[[250.0,10.0,10.0],0.0002948736],
[[250.0,75.0,75.0],0.0003071789],
[[300.0,1.0,1.0],0.000421416],
[[300.0,75.0,75.0],0.0004142645],
[[350.0,1.0,1.0],0.0005252962],
[[350.0,75.0,75.0],0.0005496078],
[[350.0,150.0,150.0],0.0005459599],
[[400.0,1.0,1.0],0.0006773904],
[[400.0,75.0,75.0],0.0007089092],
[[400.0,150.0,150.0],0.0007551264],
[[450.0,1.0,1.0],0.0009035625],
[[450.0,75.0,75.0],0.000832482],
[[450.0,150.0,150.0],0.0008631064],
[[450.0,200.0,200.0],0.0007801486],
[[500.0,1.0,1.0],0.0009638704],
[[500.0,10.0,10.0],0.0008925361],
[[500.0,75.0,75.0],0.001048704],
[[500.0,150.0,150.0],0.0009523235],
[[500.0,200.0,200.0],0.001051306],
[[550.0,1.0,1.0],0.001066926],
[[550.0,75.0,75.0],0.001053957],
[[550.0,150.0,150.0],0.001097472],
[[550.0,200.0,200.0],0.001152169],
[[550.0,250.0,250.0],0.001038692],
[[600.0,1.0,1.0],0.001138964],
[[600.0,75.0,75.0],0.001151079],
[[600.0,150.0,150.0],0.001282003],
[[600.0,200.0,200.0],0.001106273],
[[600.0,250.0,250.0],0.001200298],
[[650.0,1.0,1.0],0.001230456],
[[650.0,75.0,75.0],0.001273011],
[[650.0,150.0,150.0],0.001287632],
[[650.0,200.0,200.0],0.001417726],
[[650.0,250.0,250.0],0.00136177],
[[650.0,300.0,300.0],0.001156336],
[[700.0,1.0,1.0],0.001344605],
[[700.0,75.0,75.0],0.001333898],
[[700.0,150.0,150.0],0.00136168],
[[700.0,200.0,200.0],0.001384565],
[[700.0,250.0,250.0],0.001351355],
[[700.0,300.0,300.0],0.001428228],
[[750.0,1.0,1.0],0.001435772],
[[750.0,10.0,10.0],0.001463403],
[[750.0,75.0,75.0],0.001530423],
[[750.0,150.0,150.0],0.001366086],
[[750.0,200.0,200.0],0.001500314],
[[750.0,250.0,250.0],0.001521911],
[[750.0,300.0,300.0],0.001646716],
[[750.0,350.0,350.0],0.00157278],
[[800.0,1.0,1.0],0.001367398],
[[800.0,75.0,75.0],0.001432266],
[[800.0,150.0,150.0],0.001407404],
[[800.0,200.0,200.0],0.001513531],
[[800.0,250.0,250.0],0.001664267],
[[800.0,300.0,300.0],0.001574145],
[[800.0,350.0,350.0],0.001594261],
[[850.0,1.0,1.0],0.001480935],
[[850.0,75.0,75.0],0.001643476],
[[850.0,150.0,150.0],0.0016188],
[[850.0,200.0,200.0],0.001602184],
[[850.0,250.0,250.0],0.001631766],
[[850.0,300.0,300.0],0.001755987],
[[850.0,350.0,350.0],0.001593786],
[[850.0,400.0,400.0],0.001688841],
[[900.0,1.0,1.0],0.001676945],
[[900.0,75.0,75.0],0.001674019],
[[900.0,150.0,150.0],0.001720349],
[[900.0,200.0,200.0],0.001631096],
[[900.0,250.0,250.0],0.00161283],
[[900.0,300.0,300.0],0.001756304],
[[900.0,350.0,350.0],0.001668702],
[[900.0,400.0,400.0],0.001599259],
[[950.0,1.0,1.0],0.001544281],
[[950.0,75.0,75.0],0.001698882],
[[950.0,150.0,150.0],0.001753463],
[[950.0,200.0,200.0],0.001649824],
[[950.0,250.0,250.0],0.001821817],
[[950.0,300.0,300.0],0.001735081],
[[950.0,350.0,350.0],0.001805637],
[[950.0,400.0,400.0],0.00180284],
[[950.0,450.0,450.0],0.00185043],
[[1000.0,1.0,1.0],0.001722613],
[[1000.0,10.0,10.0],0.001699127],
[[1000.0,75.0,75.0],0.001825276],
[[1000.0,150.0,150.0],0.00175275],
[[1000.0,200.0,200.0],0.001885763],
[[1000.0,250.0,250.0],0.001801159],
[[1000.0,300.0,300.0],0.00183701],
[[1000.0,350.0,350.0],0.001713385],
[[1000.0,400.0,400.0],0.001796835],
[[1000.0,450.0,450.0],0.001945732],
[[1050.0,1.0,1.0],0.001759381],
[[1050.0,75.0,75.0],0.001939179],
[[1050.0,150.0,150.0],0.001893113],
[[1050.0,200.0,200.0],0.001883599],
[[1050.0,250.0,250.0],0.001920796],
[[1050.0,300.0,300.0],0.001781773],
[[1050.0,350.0,350.0],0.001760372],
[[1050.0,400.0,400.0],0.001840349],
[[1050.0,450.0,450.0],0.001956586],
[[1050.0,500.0,500.0],0.001842748],
[[1100.0,1.0,1.0],0.001864601],
[[1100.0,75.0,75.0],0.001862555],
[[1100.0,150.0,150.0],0.00188311],
[[1100.0,200.0,200.0],0.001880195],
[[1100.0,250.0,250.0],0.002003181],
[[1100.0,300.0,300.0],0.002033815],
[[1100.0,350.0,350.0],0.001904447],
[[1100.0,400.0,400.0],0.001936388],
[[1100.0,450.0,450.0],0.001908629],
[[1100.0,500.0,500.0],0.001961338],
[[1150.0,1.0,1.0],0.001785066],
[[1150.0,75.0,75.0],0.001956342],
[[1150.0,150.0,150.0],0.001813609],
[[1150.0,200.0,200.0],0.002222864],
[[1150.0,250.0,250.0],0.001802261],
[[1150.0,300.0,300.0],0.001889821],
[[1150.0,350.0,350.0],0.001995583],
[[1150.0,400.0,400.0],0.00194314],
[[1150.0,450.0,450.0],0.002006452],
[[1150.0,500.0,500.0],0.00214403],
[[1150.0,550.0,550.0],0.002089207],
[[1200.0,1.0,1.0],0.001918401],
[[1200.0,75.0,75.0],0.00190046],
[[1200.0,150.0,150.0],0.001624186],
[[1200.0,200.0,200.0],0.002110586],
[[1200.0,250.0,250.0],0.001904254],
[[1200.0,300.0,300.0],0.002048607],
[[1200.0,350.0,350.0],0.002126913],
[[1200.0,400.0,400.0],0.002033107],
[[1200.0,450.0,450.0],0.002084696],
[[1200.0,500.0,500.0],0.002003775],
[[1200.0,550.0,550.0],0.001891597],
[[1250.0,1.0,1.0],0.001864428],
[[1250.0,10.0,10.0],0.002000348],
[[1250.0,75.0,75.0],0.00219398],
[[1250.0,150.0,150.0],0.002130388],
[[1250.0,200.0,200.0],0.002068545],
[[1250.0,250.0,250.0],0.002020446],
[[1250.0,300.0,300.0],0.002010177],
[[1250.0,350.0,350.0],0.001816077],
[[1250.0,400.0,400.0],0.001906855],
[[1250.0,450.0,450.0],0.001959528],
[[1250.0,500.0,500.0],0.002125097],
[[1250.0,550.0,550.0],0.002159611],
[[1250.0,600.0,600.0],0.002185982],
[[1300.0,1.0,1.0],0.001980138],
[[1300.0,75.0,75.0],0.001900732],
[[1300.0,150.0,150.0],0.002030727],
[[1300.0,200.0,200.0],0.001909971],
[[1300.0,250.0,250.0],0.001943573],
[[1300.0,300.0,300.0],0.001909074],
[[1300.0,350.0,350.0],0.001951616],
[[1300.0,400.0,400.0],0.002126682],
[[1300.0,450.0,450.0],0.002312249],
[[1300.0,500.0,500.0],0.002054215],
[[1300.0,550.0,550.0],0.002049683],
[[1300.0,600.0,600.0],0.002396087],
[[1350.0,1.0,1.0],0.001936949],
[[1350.0,75.0,75.0],0.002070582],
[[1350.0,150.0,150.0],0.002044989],
[[1350.0,200.0,200.0],0.001983883],
[[1350.0,250.0,250.0],0.002117528],
[[1350.0,300.0,300.0],0.002054042],
[[1350.0,350.0,350.0],0.001961117],
[[1350.0,400.0,400.0],0.00184026],
[[1350.0,450.0,450.0],0.002090249],
[[1350.0,500.0,500.0],0.001847436],
[[1350.0,550.0,550.0],0.001943315],
[[1350.0,600.0,600.0],0.002318886],
[[1350.0,650.0,650.0],0.002149178],
[[1400.0,1.0,1.0],0.001968965],
[[1400.0,75.0,75.0],0.002172622],
[[1400.0,150.0,150.0],0.002149025],
[[1400.0,200.0,200.0],0.002108688],
[[1400.0,250.0,250.0],0.00194546],
[[1400.0,300.0,300.0],0.002150162],
[[1400.0,350.0,350.0],0.002015138],
[[1400.0,400.0,400.0],0.002174323],
[[1400.0,450.0,450.0],0.002159048],
[[1400.0,500.0,500.0],0.002063529],
[[1400.0,550.0,550.0],0.002102286],
[[1400.0,600.0,600.0],0.002037462],
[[1400.0,650.0,650.0],0.002102177],
[[1450.0,1.0,1.0],0.002033854],
[[1450.0,75.0,75.0],0.002200336],
[[1450.0,150.0,150.0],0.00202792],
[[1450.0,200.0,200.0],0.002101919],
[[1450.0,250.0,250.0],0.002075843],
[[1450.0,300.0,300.0],0.002202955],
[[1450.0,350.0,350.0],0.002238307],
[[1450.0,400.0,400.0],0.002135629],
[[1450.0,450.0,450.0],0.002132302],
[[1450.0,500.0,500.0],0.002132111],
[[1450.0,550.0,550.0],0.002143057],
[[1450.0,600.0,600.0],0.002223125],
[[1450.0,650.0,650.0],0.002146959],
[[1450.0,700.0,700.0],0.002309516],
[[1500.0,1.0,1.0],0.002277466],
[[1500.0,10.0,10.0],0.002046752],
[[1500.0,75.0,75.0],0.002047273],
[[1500.0,150.0,150.0],0.002048399],
[[1500.0,200.0,200.0],0.00235902],
[[1500.0,250.0,250.0],0.001998377],
[[1500.0,300.0,300.0],0.002155469],
[[1500.0,350.0,350.0],0.002240596],
[[1500.0,400.0,400.0],0.002548683],
[[1500.0,450.0,450.0],0.002150638],
[[1500.0,500.0,500.0],0.002121652],
[[1500.0,550.0,550.0],0.002216357],
[[1500.0,600.0,600.0],0.002296621],
[[1500.0,650.0,650.0],0.002199787],
[[1500.0,700.0,700.0],0.00229096],
[[1500.0,750.0,750.0],0.001973326],
[[1550.0,1.0,1.0],0.002123157],
[[1550.0,75.0,75.0],0.002247973],
[[1550.0,150.0,150.0],0.002103372],
[[1550.0,200.0,200.0],0.00193305],
[[1550.0,250.0,250.0],0.002112148],
[[1550.0,300.0,300.0],0.00211691],
[[1550.0,350.0,350.0],0.002242035],
[[1550.0,400.0,400.0],0.002269654],
[[1550.0,450.0,450.0],0.002300378],
[[1550.0,500.0,500.0],0.002360793],
[[1550.0,550.0,550.0],0.002213779],
[[1550.0,600.0,600.0],0.002419417],
[[1550.0,650.0,650.0],0.002497664],
[[1550.0,700.0,700.0],0.002199133],
[[1550.0,750.0,750.0],0.002070712],
[[1600.0,1.0,1.0],0.002069937],
[[1600.0,75.0,75.0],0.002104478],
[[1600.0,150.0,150.0],0.002042008],
[[1600.0,200.0,200.0],0.002207224],
[[1600.0,250.0,250.0],0.002177183],
[[1600.0,300.0,300.0],0.002093529],
[[1600.0,350.0,350.0],0.002444458],
[[1600.0,400.0,400.0],0.002206722],
[[1600.0,450.0,450.0],0.002449497],
[[1600.0,500.0,500.0],0.002250695],
[[1600.0,550.0,550.0],0.002018065],
[[1600.0,600.0,600.0],0.002435863],
[[1600.0,650.0,650.0],0.002409012],
[[1600.0,700.0,700.0],0.00223407],
[[1600.0,750.0,750.0],0.002200068],
[[1650.0,1.0,1.0],0.002269157],
[[1650.0,75.0,75.0],0.002104752],
[[1650.0,150.0,150.0],0.001999419],
[[1650.0,200.0,200.0],0.002378344],
[[1650.0,250.0,250.0],0.002187423],
[[1650.0,300.0,300.0],0.002344854],
[[1650.0,350.0,350.0],0.002404597],
[[1650.0,400.0,400.0],0.002413988],
[[1650.0,450.0,450.0],0.00242741],
[[1650.0,500.0,500.0],0.002399029],
[[1650.0,550.0,550.0],0.002226572],
[[1650.0,600.0,600.0],0.00225842],
[[1650.0,650.0,650.0],0.002488993],
[[1650.0,700.0,700.0],0.002222129],
[[1650.0,750.0,750.0],0.002414],
[[1650.0,800.0,800.0],0.002329862],
[[1700.0,1.0,1.0],0.002104406],
[[1700.0,75.0,75.0],0.002003023],
[[1700.0,150.0,150.0],0.002481955],
[[1700.0,200.0,200.0],0.00214073],
[[1700.0,250.0,250.0],0.002184773],
[[1700.0,300.0,300.0],0.002231862],
[[1700.0,350.0,350.0],0.002354855],
[[1700.0,400.0,400.0],0.002321941],
[[1700.0,450.0,450.0],0.002354649],
[[1700.0,500.0,500.0],0.002328978],
[[1700.0,550.0,550.0],0.002337169],
[[1700.0,600.0,600.0],0.002260158],
[[1700.0,650.0,650.0],0.002133874],
[[1700.0,700.0,700.0],0.002563637],
[[1700.0,750.0,750.0],0.002533914],
[[1700.0,800.0,800.0],0.002271961],
[[1750.0,1.0,1.0],0.00220233],
[[1750.0,10.0,10.0],0.002211711],
[[1750.0,75.0,75.0],0.002278552],
[[1750.0,150.0,150.0],0.002214465],
[[1750.0,200.0,200.0],0.002401748],
[[1750.0,250.0,250.0],0.002333049],
[[1750.0,300.0,300.0],0.002242029],
[[1750.0,350.0,350.0],0.002350107],
[[1750.0,400.0,400.0],0.002316431],
[[1750.0,450.0,450.0],0.002287901],
[[1750.0,500.0,500.0],0.002060098],
[[1750.0,550.0,550.0],0.002288259],
[[1750.0,600.0,600.0],0.002390043],
[[1750.0,650.0,650.0],0.002493461],
[[1750.0,700.0,700.0],0.002175052],
[[1750.0,750.0,750.0],0.002367359],
[[1750.0,800.0,800.0],0.002549754],
[[1750.0,850.0,850.0],0.00233246],
[[1800.0,1.0,1.0],0.002239731],
[[1800.0,75.0,75.0],0.002102163],
[[1800.0,150.0,150.0],0.002334663],
[[1800.0,200.0,200.0],0.002357729],
[[1800.0,250.0,250.0],0.002105771],
[[1800.0,300.0,300.0],0.002392553],
[[1800.0,350.0,350.0],0.002150173],
[[1800.0,400.0,400.0],0.002272646],
[[1800.0,450.0,450.0],0.002336091],
[[1800.0,500.0,500.0],0.002237605],
[[1800.0,550.0,550.0],0.002342971],
[[1800.0,600.0,600.0],0.002251308],
[[1800.0,650.0,650.0],0.002444501],
[[1800.0,700.0,700.0],0.002358594],
[[1800.0,750.0,750.0],0.002278802],
[[1800.0,800.0,800.0],0.002545527],
[[1800.0,850.0,850.0],0.002177051],
[[1850.0,1.0,1.0],0.002415707],
[[1850.0,75.0,75.0],0.002229751],
[[1850.0,150.0,150.0],0.002383702],
[[1850.0,200.0,200.0],0.002454536],
[[1850.0,250.0,250.0],0.002325841],
[[1850.0,300.0,300.0],0.002343628],
[[1850.0,350.0,350.0],0.002512419],
[[1850.0,400.0,400.0],0.002247687],
[[1850.0,450.0,450.0],0.002359479],
[[1850.0,500.0,500.0],0.00262562],
[[1850.0,550.0,550.0],0.002400138],
[[1850.0,600.0,600.0],0.0024683],
[[1850.0,650.0,650.0],0.002100091],
[[1850.0,700.0,700.0],0.00237466],
[[1850.0,750.0,750.0],0.002330079],
[[1850.0,800.0,800.0],0.002365661],
[[1850.0,850.0,850.0],0.002330084],
[[1850.0,900.0,900.0],0.002377922],
[[1900.0,1.0,1.0],0.00221835],
[[1900.0,75.0,75.0],0.002228048],
[[1900.0,150.0,150.0],0.002596566],
[[1900.0,200.0,200.0],0.002169815],
[[1900.0,250.0,250.0],0.002447481],
[[1900.0,300.0,300.0],0.002379541],
[[1900.0,350.0,350.0],0.002377577],
[[1900.0,400.0,400.0],0.002557765],
[[1900.0,450.0,450.0],0.00222027],
[[1900.0,500.0,500.0],0.002559895],
[[1900.0,550.0,550.0],0.002106089],
[[1900.0,600.0,600.0],0.002364371],
[[1900.0,650.0,650.0],0.002588148],
[[1900.0,700.0,700.0],0.002202988],
[[1900.0,750.0,750.0],0.002344414],
[[1900.0,800.0,800.0],0.0024384],
[[1900.0,850.0,850.0],0.002415348],
[[1900.0,900.0,900.0],0.002410618],
[[1950.0,1.0,1.0],0.002255031],
[[1950.0,75.0,75.0],0.002581923],
[[1950.0,150.0,150.0],0.002374589],
[[1950.0,200.0,200.0],0.002510196],
[[1950.0,250.0,250.0],0.002204964],
[[1950.0,300.0,300.0],0.002355889],
[[1950.0,350.0,350.0],0.002416854],
[[1950.0,400.0,400.0],0.002379792],
[[1950.0,450.0,450.0],0.002232505],
[[1950.0,500.0,500.0],0.002373032],
[[1950.0,550.0,550.0],0.002466095],
[[1950.0,600.0,600.0],0.00223989],
[[1950.0,650.0,650.0],0.002605624],
[[1950.0,700.0,700.0],0.002427065],
[[1950.0,750.0,750.0],0.002589007],
[[1950.0,800.0,800.0],0.002373557],
[[1950.0,850.0,850.0],0.002570762],
[[1950.0,900.0,900.0],0.002571426],
[[1950.0,950.0,950.0],0.002359546],
[[2000.0,1.0,1.0],0.002355902],
[[2000.0,75.0,75.0],0.002378465],
[[2000.0,150.0,150.0],0.002378608],
[[2000.0,200.0,200.0],0.002170386],
[[2000.0,250.0,250.0],0.002550583],
[[2000.0,300.0,300.0],0.002316671],
[[2000.0,350.0,350.0],0.002596175],
[[2000.0,400.0,400.0],0.00232613],
[[2000.0,450.0,450.0],0.002298935],
[[2000.0,500.0,500.0],0.002346654],
[[2000.0,550.0,550.0],0.002373012],
[[2000.0,600.0,600.0],0.002429625],
[[2000.0,650.0,650.0],0.002554993],
[[2000.0,700.0,700.0],0.002259191],
[[2000.0,750.0,750.0],0.002527626],
[[2000.0,800.0,800.0],0.002567569],
[[2000.0,850.0,850.0],0.002348705],
[[2000.0,900.0,900.0],0.00227858],
[[2000.0,950.0,950.0],0.002224346],
[[2250.0,1.0,1.0],0.00266547],
[[2250.0,75.0,75.0],0.002564438],
[[2250.0,150.0,150.0],0.002473625],
[[2250.0,300.0,300.0],0.002745659],
[[2250.0,500.0,500.0],0.002620151],
[[2250.0,750.0,750.0],0.002544204],
[[2250.0,1000.0,1000.0],0.002514663],
[[2500.0,1.0,1.0],0.002603512],
[[2500.0,75.0,75.0],0.002637801],
[[2500.0,150.0,150.0],0.002703361],
[[2500.0,300.0,300.0],0.002719968],
[[2500.0,500.0,500.0],0.002572981],
[[2500.0,750.0,750.0],0.002768504],
[[2500.0,1000.0,1000.0],0.002747028],
[[2500.0,1200.0,1200.0],0.002875686],
[[2750.0,1.0,1.0],0.002720319],
[[2750.0,75.0,75.0],0.002576681],
[[2750.0,150.0,150.0],0.002812568],
[[2750.0,300.0,300.0],0.002523256],
[[2750.0,500.0,500.0],0.002405185],
[[2750.0,750.0,750.0],0.00282585],
[[2750.0,1000.0,1000.0],0.003036],
[[2750.0,1200.0,1200.0],0.002953471],
[[3000.0,1.0,1.0],0.003093091],
[[3000.0,75.0,75.0],0.002811334],
[[3000.0,150.0,150.0],0.002981245],
[[3000.0,300.0,300.0],0.002696041],
[[3000.0,500.0,500.0],0.00285345],
[[3000.0,750.0,750.0],0.003238955],
[[3000.0,1000.0,1000.0],0.003147558],
[[3000.0,1200.0,1200.0],0.003081445],
[[3000.0,1400.0,1400.0],0.003102747]]
