txName: TRV1
constraint: {(PV > Zprime(1)), (Zprime(1) > MET(2),MET(3))}
condition: None
conditionDescription: None
figureUrl: None
source: Recast by CM2
validated: True
axesMap: [{0: 'x', 1: 'y', 2: 'y'}]
dataMap: {0: (1, 'mass', GeV), 1: (2, 'mass', GeV), 2: (3, 'mass', GeV)}
finalState: ['MET', 'MET']
intermediateState: None
efficiencyMap: [[[50.0,0,0],0.0],
[[50.0,1.0,1.0],0.0],
[[50.0,10.0,10.0],0.0],
[[50.0,20.0,20.0],0.0],
[[100.0,0,0],0.0],
[[100.0,1.0,1.0],0.0],
[[100.0,10.0,10.0],0],
[[150.0,0,0],0],
[[150.0,1.0,1.0],0],
[[150.0,10.0,10.0],0],
[[150.0,50.0,50.0],0.0],
[[150.0,70.0,70.0],0.0],
[[200.0,0,0],0],
[[200.0,1.0,1.0],0],
[[200.0,10.0,10.0],0],
[[200.0,50.0,50.0],0.0],
[[200.0,75.0,75.0],0],
[[250.0,0,0],0],
[[250.0,1.0,1.0],0],
[[250.0,10.0,10.0],0],
[[250.0,50.0,50.0],0],
[[250.0,75.0,75.0],0],
[[250.0,100.0,100.0],0],
[[250.0,120.0,120.0],0],
[[300.0,0,0],0],
[[300.0,1.0,1.0],0],
[[300.0,10.0,10.0],0.0],
[[300.0,50.0,50.0],0],
[[300.0,75.0,75.0],0],
[[300.0,100.0,100.0],0],
[[350.0,0,0],0],
[[350.0,1.0,1.0],0],
[[350.0,10.0,10.0],0],
[[350.0,50.0,50.0],0],
[[350.0,75.0,75.0],0],
[[350.0,100.0,100.0],0],
[[350.0,150.0,150.0],0],
[[350.0,170.0,170.0],0],
[[400.0,0,0],0],
[[400.0,1.0,1.0],0],
[[400.0,10.0,10.0],0],
[[400.0,50.0,50.0],0],
[[400.0,75.0,75.0],0],
[[400.0,100.0,100.0],0],
[[400.0,150.0,150.0],0],
[[450.0,0,0],0],
[[450.0,1.0,1.0],0],
[[450.0,10.0,10.0],0],
[[450.0,50.0,50.0],0],
[[450.0,75.0,75.0],0],
[[450.0,100.0,100.0],0],
[[450.0,150.0,150.0],0],
[[450.0,200.0,200.0],0],
[[450.0,220.0,220.0],0],
[[500.0,0,0],0],
[[500.0,1.0,1.0],0],
[[500.0,10.0,10.0],0],
[[500.0,50.0,50.0],0],
[[500.0,75.0,75.0],0],
[[500.0,100.0,100.0],0],
[[500.0,150.0,150.0],0],
[[500.0,200.0,200.0],0],
[[550.0,1.0,1.0],0],
[[550.0,10.0,10.0],0],
[[550.0,75.0,75.0],0],
[[550.0,150.0,150.0],0],
[[550.0,200.0,200.0],1.943993e-06],
[[550.0,250.0,250.0],0],
[[550.0,270.0,270.0],0],
[[600.0,0,0],0],
[[600.0,1.0,1.0],0],
[[600.0,10.0,10.0],0],
[[600.0,50.0,50.0],0],
[[600.0,75.0,75.0],1.784812e-06],
[[600.0,100.0,100.0],0],
[[600.0,150.0,150.0],2.129656e-06],
[[600.0,200.0,200.0],0],
[[600.0,250.0,250.0],2.037415e-06],
[[600.0,295.0,295.0],1.749564e-06],
[[650.0,1.0,1.0],2.589695e-06],
[[650.0,10.0,10.0],0],
[[650.0,75.0,75.0],1.824714e-06],
[[650.0,150.0,150.0],0],
[[650.0,200.0,200.0],1.715829e-06],
[[650.0,250.0,250.0],2.313943e-06],
[[650.0,300.0,300.0],3.363284e-06],
[[650.0,320.0,320.0],1.750232e-06],
[[700.0,0,0],2.570147e-06],
[[700.0,1.0,1.0],0],
[[700.0,10.0,10.0],2.411634e-06],
[[700.0,50.0,50.0],2.290574e-06],
[[700.0,75.0,75.0],2.316943e-06],
[[700.0,100.0,100.0],0],
[[700.0,150.0,150.0],9.456716e-06],
[[700.0,200.0,200.0],2.686816e-06],
[[700.0,250.0,250.0],2.544947e-06],
[[700.0,300.0,300.0],0],
[[750.0,1.0,1.0],3.046239e-06],
[[750.0,10.0,10.0],2.621964e-06],
[[750.0,75.0,75.0],2.901058e-06],
[[750.0,150.0,150.0],4.128571e-06],
[[750.0,200.0,200.0],2.804591e-06],
[[750.0,250.0,250.0],4.654374e-06],
[[750.0,300.0,300.0],2.687174e-06],
[[750.0,350.0,350.0],4.787301e-06],
[[750.0,370.0,370.0],4.378117e-06],
[[800.0,0,0],3.152479e-06],
[[800.0,1.0,1.0],2.436762e-06],
[[800.0,10.0,10.0],3.596976e-06],
[[800.0,50.0,50.0],4.011269e-06],
[[800.0,75.0,75.0],2.666083e-06],
[[800.0,100.0,100.0],2.830098e-06],
[[800.0,150.0,150.0],5.986282e-06],
[[800.0,200.0,200.0],4.050662e-06],
[[800.0,250.0,250.0],3.650331e-06],
[[800.0,300.0,300.0],3.301266e-06],
[[800.0,350.0,350.0],2.258766e-06],
[[850.0,1.0,1.0],3.910276e-06],
[[850.0,10.0,10.0],2.970246e-06],
[[850.0,75.0,75.0],2.682896e-06],
[[850.0,150.0,150.0],5.990221e-06],
[[850.0,200.0,200.0],3.160436e-06],
[[850.0,250.0,250.0],3.473624e-06],
[[850.0,300.0,300.0],3.48024e-06],
[[850.0,350.0,350.0],5.852458e-06],
[[850.0,400.0,400.0],5.16036e-06],
[[850.0,420.0,420.0],3.748207e-06],
[[900.0,0,0],3.722846e-06],
[[900.0,1.0,1.0],4.442991e-06],
[[900.0,10.0,10.0],3.99332e-06],
[[900.0,50.0,50.0],4.994141e-06],
[[900.0,75.0,75.0],3.880231e-06],
[[900.0,100.0,100.0],6.879438e-06],
[[900.0,150.0,150.0],3.620531e-06],
[[900.0,200.0,200.0],4.984348e-06],
[[900.0,250.0,250.0],5.107625e-06],
[[900.0,300.0,300.0],7.861324e-06],
[[900.0,350.0,350.0],4.116785e-06],
[[900.0,400.0,400.0],7.187233e-06],
[[950.0,1.0,1.0],9.294188e-06],
[[950.0,10.0,10.0],5.155651e-06],
[[950.0,75.0,75.0],3.162113e-06],
[[950.0,150.0,150.0],2.852853e-06],
[[950.0,200.0,200.0],5.916167e-06],
[[950.0,250.0,250.0],4.828508e-06],
[[950.0,300.0,300.0],3.257585e-06],
[[950.0,350.0,350.0],6.595955e-06],
[[950.0,400.0,400.0],9.65005e-06],
[[950.0,450.0,450.0],5.761599e-06],
[[950.0,470.0,470.0],7.77477e-06],
[[1000.0,0,0],5.917488e-06],
[[1000.0,50.0,50.0],4.341246e-06],
[[1000.0,100.0,100.0],3.289523e-06],
[[1000.0,150.0,150.0],5.815295e-06],
[[1000.0,200.0,200.0],4.142024e-06],
[[1000.0,250.0,250.0],7.961791e-06],
[[1000.0,300.0,300.0],5.289194e-06],
[[1000.0,350.0,350.0],8.32616e-06],
[[1000.0,400.0,400.0],5.998222e-06],
[[1000.0,450.0,450.0],8.300639e-06],
[[1050.0,520.0,520.0],9.044391e-06],
[[1100.0,0,0],8.794744e-06],
[[1100.0,100.0,100.0],9.437832e-06],
[[1100.0,200.0,200.0],1.078552e-05],
[[1100.0,300.0,300.0],8.960992e-06],
[[1100.0,400.0,400.0],5.504594e-06],
[[1100.0,500.0,500.0],6.406579e-06],
[[1150.0,570.0,570.0],1.034521e-05],
[[1200.0,0,0],1.040747e-05],
[[1200.0,100.0,100.0],9.709841e-06],
[[1200.0,200.0,200.0],1.008213e-05],
[[1200.0,300.0,300.0],1.125377e-05],
[[1200.0,400.0,400.0],1.114272e-05],
[[1200.0,500.0,500.0],8.158412e-06],
[[1250.0,620.0,620.0],1.1672e-05],
[[1300.0,0,0],1.08399e-05],
[[1300.0,100.0,100.0],1.13817e-05],
[[1300.0,200.0,200.0],1.54334e-05],
[[1300.0,300.0,300.0],8.18334e-06],
[[1300.0,400.0,400.0],1.38724e-05],
[[1300.0,500.0,500.0],1.316985e-05],
[[1300.0,600.0,600.0],1.453322e-05],
[[1350.0,670.0,670.0],1.610593e-05],
[[1400.0,0,0],1.18866e-05],
[[1400.0,100.0,100.0],9.434858e-06],
[[1400.0,200.0,200.0],1.292754e-05],
[[1400.0,300.0,300.0],1.234558e-05],
[[1400.0,400.0,400.0],1.738326e-05],
[[1400.0,500.0,500.0],1.433557e-05],
[[1400.0,600.0,600.0],1.247338e-05],
[[1450.0,720.0,720.0],1.732399e-05],
[[1500.0,0,0],1.738071e-05],
[[1500.0,100.0,100.0],1.388703e-05],
[[1500.0,200.0,200.0],1.276644e-05],
[[1500.0,300.0,300.0],8.851582e-06],
[[1500.0,400.0,400.0],1.685325e-05],
[[1500.0,500.0,500.0],1.786407e-05],
[[1500.0,600.0,600.0],1.784485e-05],
[[1500.0,700.0,700.0],1.735344e-05],
[[1550.0,770.0,770.0],1.814311e-05],
[[1600.0,0,0],1.188721e-05],
[[1600.0,100.0,100.0],1.944033e-05],
[[1600.0,200.0,200.0],1.954846e-05],
[[1600.0,300.0,300.0],1.304506e-05],
[[1600.0,400.0,400.0],1.737861e-05],
[[1600.0,500.0,500.0],1.730646e-05],
[[1600.0,600.0,600.0],2.100478e-05],
[[1600.0,700.0,700.0],1.917787e-05],
[[1650.0,820.0,820.0],2.13416e-05],
[[1700.0,0,0],1.602327e-05],
[[1700.0,100.0,100.0],1.807099e-05],
[[1700.0,200.0,200.0],1.533562e-05],
[[1700.0,300.0,300.0],1.569506e-05],
[[1700.0,400.0,400.0],2.792949e-05],
[[1700.0,500.0,500.0],1.503541e-05],
[[1700.0,600.0,600.0],2.046873e-05],
[[1700.0,700.0,700.0],2.950917e-05],
[[1700.0,800.0,800.0],1.730732e-05],
[[1750.0,870.0,870.0],2.868984e-05],
[[1800.0,0,0],2.625238e-05],
[[1800.0,100.0,100.0],2.269256e-05],
[[1800.0,200.0,200.0],2.603193e-05],
[[1800.0,300.0,300.0],1.677563e-05],
[[1800.0,400.0,400.0],2.480842e-05],
[[1800.0,500.0,500.0],2.015645e-05],
[[1800.0,600.0,600.0],1.669106e-05],
[[1800.0,700.0,700.0],1.981232e-05],
[[1800.0,800.0,800.0],1.703911e-05],
[[1850.0,920.0,920.0],2.462168e-05],
[[1900.0,0,0],1.737912e-05],
[[1900.0,100.0,100.0],2.012215e-05],
[[1900.0,200.0,200.0],1.408979e-05],
[[1900.0,300.0,300.0],1.545587e-05],
[[1900.0,400.0,400.0],1.913509e-05],
[[1900.0,500.0,500.0],2.586175e-05],
[[1900.0,600.0,600.0],1.892167e-05],
[[1900.0,700.0,700.0],2.690292e-05],
[[1900.0,800.0,800.0],2.257566e-05],
[[1900.0,900.0,900.0],1.71399e-05],
[[1950.0,970.0,970.0],3.16567e-05],
[[2000.0,0,0],2.253972e-05],
[[2000.0,100.0,100.0],1.943111e-05],
[[2000.0,200.0,200.0],2.558778e-05],
[[2000.0,300.0,300.0],2.203753e-05],
[[2000.0,400.0,400.0],2.246409e-05],
[[2000.0,500.0,500.0],2.360311e-05],
[[2000.0,600.0,600.0],3.027345e-05],
[[2000.0,700.0,700.0],2.305275e-05],
[[2000.0,800.0,800.0],1.962573e-05],
[[2000.0,900.0,900.0],1.861526e-05],
[[2050.0,1020.0,1020.0],1.992812e-05],
[[2100.0,0,0],1.979377e-05],
[[2100.0,100.0,100.0],2.04279e-05],
[[2100.0,200.0,200.0],2.318964e-05],
[[2100.0,300.0,300.0],1.961531e-05],
[[2100.0,400.0,400.0],2.209823e-05],
[[2100.0,500.0,500.0],1.892659e-05],
[[2100.0,600.0,600.0],3.14129e-05],
[[2100.0,700.0,700.0],3.522452e-05],
[[2100.0,800.0,800.0],2.856478e-05],
[[2100.0,900.0,900.0],1.622546e-05],
[[2100.0,1000.0,1000.0],3.010199e-05],
[[2150.0,1070.0,1070.0],2.59471e-05],
[[2200.0,0,0],1.975457e-05],
[[2200.0,100.0,100.0],2.557857e-05],
[[2200.0,200.0,200.0],2.062245e-05],
[[2200.0,300.0,300.0],2.275098e-05],
[[2200.0,400.0,400.0],2.999765e-05],
[[2200.0,500.0,500.0],2.669217e-05],
[[2200.0,600.0,600.0],3.308878e-05],
[[2200.0,700.0,700.0],2.728879e-05],
[[2200.0,800.0,800.0],2.946763e-05],
[[2200.0,900.0,900.0],2.348943e-05],
[[2200.0,1000.0,1000.0],2.353438e-05],
[[2250.0,1120.0,1120.0],2.995158e-05],
[[2300.0,0,0],2.34436e-05],
[[2300.0,100.0,100.0],2.573657e-05],
[[2300.0,200.0,200.0],3.22514e-05],
[[2300.0,300.0,300.0],3.311066e-05],
[[2300.0,400.0,400.0],2.604382e-05],
[[2300.0,500.0,500.0],3.096167e-05],
[[2300.0,600.0,600.0],3.717919e-05],
[[2300.0,700.0,700.0],3.420553e-05],
[[2300.0,800.0,800.0],2.820902e-05],
[[2300.0,900.0,900.0],2.697793e-05],
[[2300.0,1000.0,1000.0],3.696035e-05],
[[2300.0,1100.0,1100.0],2.589604e-05],
[[2350.0,1170.0,1170.0],3.057434e-05],
[[2400.0,0,0],3.278359e-05],
[[2400.0,100.0,100.0],2.900381e-05],
[[2400.0,200.0,200.0],2.576003e-05],
[[2400.0,300.0,300.0],2.959207e-05],
[[2400.0,400.0,400.0],2.271324e-05],
[[2400.0,500.0,500.0],3.215663e-05],
[[2400.0,600.0,600.0],2.331766e-05],
[[2400.0,700.0,700.0],3.395043e-05],
[[2400.0,800.0,800.0],3.829072e-05],
[[2400.0,900.0,900.0],3.200265e-05],
[[2400.0,1000.0,1000.0],2.834007e-05],
[[2400.0,1100.0,1100.0],3.149142e-05],
[[2450.0,1220.0,1220.0],2.997907e-05],
[[2500.0,0,0],2.745319e-05],
[[2500.0,100.0,100.0],3.303945e-05],
[[2500.0,200.0,200.0],3.485292e-05],
[[2500.0,300.0,300.0],3.400097e-05],
[[2500.0,400.0,400.0],3.193884e-05],
[[2500.0,500.0,500.0],2.23342e-05],
[[2500.0,600.0,600.0],2.61934e-05],
[[2500.0,700.0,700.0],3.614844e-05],
[[2500.0,800.0,800.0],2.827678e-05],
[[2500.0,900.0,900.0],4.172199e-05],
[[2500.0,1000.0,1000.0],2.673009e-05],
[[2500.0,1100.0,1100.0],2.827967e-05],
[[2500.0,1200.0,1200.0],3.993915e-05],
[[2550.0,1270.0,1270.0],3.833099e-05],
[[2600.0,0,0],2.499931e-05],
[[2600.0,100.0,100.0],1.601225e-05],
[[2600.0,200.0,200.0],2.761037e-05],
[[2600.0,300.0,300.0],2.823774e-05],
[[2600.0,400.0,400.0],3.038022e-05],
[[2600.0,500.0,500.0],3.434495e-05],
[[2600.0,600.0,600.0],2.998173e-05],
[[2600.0,700.0,700.0],4.135003e-05],
[[2600.0,800.0,800.0],4.427559e-05],
[[2600.0,900.0,900.0],3.103424e-05],
[[2600.0,1000.0,1000.0],3.601522e-05],
[[2600.0,1100.0,1100.0],2.981337e-05],
[[2600.0,1200.0,1200.0],4.117437e-05],
[[2650.0,1320.0,1320.0],3.024759e-05],
[[2700.0,0,0],3.863875e-05],
[[2700.0,100.0,100.0],2.345844e-05],
[[2700.0,200.0,200.0],2.60116e-05],
[[2700.0,300.0,300.0],2.818017e-05],
[[2700.0,400.0,400.0],3.370477e-05],
[[2700.0,500.0,500.0],3.132201e-05],
[[2700.0,600.0,600.0],3.380726e-05],
[[2700.0,700.0,700.0],3.813849e-05],
[[2700.0,800.0,800.0],3.065324e-05],
[[2700.0,900.0,900.0],3.415093e-05],
[[2700.0,1000.0,1000.0],3.965658e-05],
[[2700.0,1100.0,1100.0],3.883055e-05],
[[2700.0,1200.0,1200.0],3.224409e-05],
[[2700.0,1300.0,1300.0],2.617156e-05],
[[2750.0,1370.0,1370.0],3.594293e-05],
[[2800.0,0,0],1.735657e-05],
[[2800.0,100.0,100.0],2.580597e-05],
[[2800.0,200.0,200.0],3.983624e-05],
[[2800.0,300.0,300.0],3.385048e-05],
[[2800.0,400.0,400.0],5.597968e-05],
[[2800.0,500.0,500.0],2.416826e-05],
[[2800.0,600.0,600.0],3.806312e-05],
[[2800.0,700.0,700.0],3.776656e-05],
[[2800.0,800.0,800.0],3.420983e-05],
[[2800.0,900.0,900.0],3.497123e-05],
[[2800.0,1000.0,1000.0],3.397742e-05],
[[2800.0,1100.0,1100.0],3.233854e-05],
[[2800.0,1200.0,1200.0],3.446734e-05],
[[2800.0,1300.0,1300.0],3.189767e-05],
[[2850.0,1420.0,1420.0],3.470386e-05],
[[2900.0,0,0],3.381103e-05],
[[2900.0,100.0,100.0],3.526223e-05],
[[2900.0,200.0,200.0],3.178908e-05],
[[2900.0,300.0,300.0],2.978339e-05],
[[2900.0,400.0,400.0],4.310458e-05],
[[2900.0,500.0,500.0],5.948087e-05],
[[2900.0,600.0,600.0],3.540823e-05],
[[2900.0,700.0,700.0],3.396568e-05],
[[2900.0,800.0,800.0],4.716842e-05],
[[2900.0,900.0,900.0],2.330523e-05],
[[2900.0,1000.0,1000.0],3.614414e-05],
[[2900.0,1100.0,1100.0],3.51141e-05],
[[2900.0,1200.0,1200.0],2.794217e-05],
[[2900.0,1300.0,1300.0],3.995458e-05],
[[2900.0,1400.0,1400.0],3.740704e-05],
[[2950.0,1470.0,1470.0],3.342998e-05],
[[3000.0,0,0],3.018936e-05],
[[3000.0,100.0,100.0],3.363864e-05],
[[3000.0,200.0,200.0],2.529644e-05],
[[3000.0,300.0,300.0],3.137635e-05],
[[3000.0,400.0,400.0],3.304288e-05],
[[3000.0,500.0,500.0],3.485908e-05],
[[3000.0,600.0,600.0],3.802422e-05],
[[3000.0,700.0,700.0],3.788091e-05],
[[3000.0,800.0,800.0],3.62541e-05],
[[3000.0,900.0,900.0],3.39816e-05],
[[3000.0,1000.0,1000.0],3.49854e-05],
[[3000.0,1100.0,1100.0],4.979387e-05],
[[3000.0,1200.0,1200.0],3.160884e-05],
[[3000.0,1300.0,1300.0],5.255042e-05],
[[3000.0,1400.0,1400.0],3.190727e-05]]
