txName: TRS1
constraint: {(PV > H0(1)), (H0(1) > MET(2),MET(3))}
condition: None
conditionDescription: None
figureUrl: https://cms-results.web.cern.ch/cms-results/public-results/publications/EXO-20-004/CMS-EXO-20-004_Figure_009-a.png
source: CMS
validated: True
axesMap: [{0: 'x', 1: '1.0', 2: '1.0'}, {0: 'x', 1: 'y', 2: 'y'}]
dataMap: {0: (1, 'mass', GeV), 1: (2, 'mass', GeV), 2: (3, 'mass', GeV)}
finalState: ['MET', 'MET']
intermediateState: None
efficiencyMap: [[[100.0,10.0,10.0],1.165864e-05],
[[150.0,1.0,1.0],2.525899e-05],
[[150.0,50.0,50.0],2.326169e-05],
[[200.0,1.0,1.0],3.815713e-05],
[[200.0,50.0,50.0],3.951203e-05],
[[200.0,100.0,100.0],7.097144e-05],
[[250.0,1.0,1.0],5.907268e-05],
[[250.0,10.0,10.0],5.88019e-05],
[[250.0,50.0,50.0],5.443096e-05],
[[250.0,100.0,100.0],6.013592e-05],
[[300.0,1.0,1.0],6.921162e-05],
[[300.0,50.0,50.0],7.717215e-05],
[[300.0,100.0,100.0],7.233867e-05],
[[350.0,1.0,1.0],8.296926e-05],
[[350.0,50.0,50.0],7.95515e-05],
[[350.0,100.0,100.0],7.937003e-05],
[[350.0,150.0,150.0],7.283904e-05],
[[400.0,1.0,1.0],0.0001038654],
[[400.0,50.0,50.0],0.000110549],
[[400.0,100.0,100.0],9.86917e-05],
[[400.0,150.0,150.0],8.892499e-05],
[[450.0,1.0,1.0],0.0001351287],
[[450.0,50.0,50.0],0.0001381215],
[[450.0,100.0,100.0],0.0001405977],
[[450.0,150.0,150.0],0.0001293944],
[[450.0,200.0,200.0],0.0001467237],
[[500.0,1.0,1.0],0.0001812774],
[[500.0,10.0,10.0],0.000170238],
[[500.0,50.0,50.0],0.0001885375],
[[500.0,100.0,100.0],0.0001897436],
[[500.0,150.0,150.0],0.0001762898],
[[500.0,200.0,200.0],0.0001933889],
[[550.0,1.0,1.0],0.0002293352],
[[550.0,50.0,50.0],0.0002226582],
[[550.0,100.0,100.0],0.000236005],
[[550.0,150.0,150.0],0.0002348948],
[[550.0,200.0,200.0],0.0002309541],
[[550.0,250.0,250.0],0.0002508801],
[[600.0,1.0,1.0],0.0003432378],
[[600.0,50.0,50.0],0.000294094],
[[600.0,100.0,100.0],0.000306429],
[[600.0,150.0,150.0],0.000297447],
[[600.0,200.0,200.0],0.0003103841],
[[600.0,250.0,250.0],0.0003146939],
[[650.0,1.0,1.0],0.000347544],
[[650.0,50.0,50.0],0.0003677852],
[[650.0,100.0,100.0],0.0004356976],
[[650.0,150.0,150.0],0.0003653301],
[[650.0,200.0,200.0],0.000382235],
[[650.0,250.0,250.0],0.0004032525],
[[650.0,300.0,300.0],0.0004756426],
[[700.0,1.0,1.0],0.0004697623],
[[700.0,50.0,50.0],0.0004235854],
[[700.0,100.0,100.0],0.0004249566],
[[700.0,150.0,150.0],0.0005587848],
[[700.0,200.0,200.0],0.0005616659],
[[700.0,250.0,250.0],0.0007199584],
[[700.0,300.0,300.0],0.000491474],
[[750.0,1.0,1.0],0.0006011284],
[[750.0,10.0,10.0],0.0005528911],
[[750.0,50.0,50.0],0.00053505],
[[750.0,100.0,100.0],0.000528886],
[[750.0,150.0,150.0],0.00058249],
[[750.0,200.0,200.0],0.0005508108],
[[750.0,250.0,250.0],0.0005579853],
[[750.0,300.0,300.0],0.0005664122],
[[750.0,350.0,350.0],0.0006686885],
[[800.0,1.0,1.0],0.0005966004],
[[800.0,150.0,150.0],0.0006644323],
[[800.0,200.0,200.0],0.000706951],
[[800.0,250.0,250.0],0.0006478671],
[[800.0,300.0,300.0],0.000577303],
[[800.0,350.0,350.0],0.0006940326],
[[850.0,1.0,1.0],0.0006930311],
[[850.0,150.0,150.0],0.0008344151],
[[850.0,200.0,200.0],0.0007702999],
[[850.0,250.0,250.0],0.0007149043],
[[850.0,300.0,300.0],0.0007252501],
[[850.0,350.0,350.0],0.0009915145],
[[850.0,400.0,400.0],0.0009252756],
[[900.0,1.0,1.0],0.0007818993],
[[900.0,150.0,150.0],0.0009004089],
[[900.0,200.0,200.0],0.0008273263],
[[900.0,250.0,250.0],0.001228742],
[[900.0,300.0,300.0],0.0009678979],
[[900.0,350.0,350.0],0.0008352174],
[[900.0,400.0,400.0],0.0008912731],
[[950.0,1.0,1.0],0.0008210027],
[[950.0,150.0,150.0],0.0009207637],
[[950.0,200.0,200.0],0.0009107527],
[[950.0,250.0,250.0],0.0009804193],
[[950.0,300.0,300.0],0.0009263198],
[[950.0,350.0,350.0],0.001098715],
[[950.0,400.0,400.0],0.001017741],
[[950.0,450.0,450.0],0.00167914],
[[1000.0,1.0,1.0],0.0009805939],
[[1000.0,10.0,10.0],0.0009612074],
[[1000.0,50.0,50.0],0.0008919274],
[[1000.0,100.0,100.0],0.0009492828],
[[1000.0,150.0,150.0],0.001271383],
[[1000.0,200.0,200.0],0.0009447365],
[[1000.0,250.0,250.0],0.001067845],
[[1000.0,300.0,300.0],0.001132322],
[[1000.0,350.0,350.0],0.001193109],
[[1000.0,400.0,400.0],0.001321779],
[[1000.0,450.0,450.0],0.001239297],
[[1050.0,1.0,1.0],0.001034816],
[[1050.0,150.0,150.0],0.001009551],
[[1050.0,200.0,200.0],0.001026584],
[[1050.0,250.0,250.0],0.001332832],
[[1050.0,300.0,300.0],0.001290884],
[[1050.0,350.0,350.0],0.001104918],
[[1050.0,400.0,400.0],0.001188349],
[[1050.0,450.0,450.0],0.001154258],
[[1050.0,500.0,500.0],0.002175344],
[[1100.0,1.0,1.0],0.001081566],
[[1100.0,150.0,150.0],0.001206564],
[[1100.0,200.0,200.0],0.001440532],
[[1100.0,250.0,250.0],0.001426315],
[[1100.0,300.0,300.0],0.001293123],
[[1100.0,350.0,350.0],0.001403349],
[[1100.0,400.0,400.0],0.001612149],
[[1100.0,450.0,450.0],0.001654074],
[[1100.0,500.0,500.0],0.001259742],
[[1150.0,1.0,1.0],0.001073511],
[[1150.0,150.0,150.0],0.001293491],
[[1150.0,200.0,200.0],0.001292213],
[[1150.0,250.0,250.0],0.001419562],
[[1150.0,300.0,300.0],0.001365001],
[[1150.0,350.0,350.0],0.001428938],
[[1150.0,400.0,400.0],0.001349119],
[[1150.0,450.0,450.0],0.002086215],
[[1150.0,500.0,500.0],0.001437671],
[[1150.0,550.0,550.0],0.001471974],
[[1200.0,1.0,1.0],0.001339085],
[[1200.0,150.0,150.0],0.001526809],
[[1200.0,200.0,200.0],0.001645963],
[[1200.0,250.0,250.0],0.001459388],
[[1200.0,300.0,300.0],0.001396576],
[[1200.0,350.0,350.0],0.001780488],
[[1200.0,400.0,400.0],0.001540782],
[[1200.0,450.0,450.0],0.001652654],
[[1200.0,500.0,500.0],0.002145493],
[[1200.0,550.0,550.0],0.001971286],
[[1250.0,1.0,1.0],0.001187328],
[[1250.0,10.0,10.0],0.00121114],
[[1250.0,50.0,50.0],0.001398885],
[[1250.0,100.0,100.0],0.001116326],
[[1250.0,150.0,150.0],0.001362257],
[[1250.0,200.0,200.0],0.001386726],
[[1250.0,250.0,250.0],0.001438549],
[[1250.0,300.0,300.0],0.001624172],
[[1250.0,350.0,350.0],0.002089078],
[[1250.0,400.0,400.0],0.002143629],
[[1250.0,450.0,450.0],0.001996279],
[[1250.0,500.0,500.0],0.001590164],
[[1250.0,550.0,550.0],0.001645225],
[[1250.0,600.0,600.0],0.001669312],
[[1300.0,1.0,1.0],0.001434406],
[[1300.0,150.0,150.0],0.00166945],
[[1300.0,200.0,200.0],0.001664907],
[[1300.0,250.0,250.0],0.001562967],
[[1300.0,300.0,300.0],0.001808525],
[[1300.0,350.0,350.0],0.001688637],
[[1300.0,400.0,400.0],0.001738279],
[[1300.0,450.0,450.0],0.002039081],
[[1300.0,500.0,500.0],0.002000633],
[[1300.0,550.0,550.0],0.002028887],
[[1300.0,600.0,600.0],0.001859976],
[[1350.0,1.0,1.0],0.001336431],
[[1350.0,150.0,150.0],0.001721091],
[[1350.0,200.0,200.0],0.00152444],
[[1350.0,250.0,250.0],0.001576207],
[[1350.0,300.0,300.0],0.001631959],
[[1350.0,350.0,350.0],0.001815595],
[[1350.0,400.0,400.0],0.001678044],
[[1350.0,450.0,450.0],0.001795277],
[[1350.0,500.0,500.0],0.001667498],
[[1350.0,550.0,550.0],0.001796098],
[[1350.0,600.0,600.0],0.001989096],
[[1350.0,650.0,650.0],0.001951987],
[[1400.0,1.0,1.0],0.001310897],
[[1400.0,150.0,150.0],0.001467605],
[[1400.0,200.0,200.0],0.00149492],
[[1400.0,250.0,250.0],0.001592097],
[[1400.0,300.0,300.0],0.0021438],
[[1400.0,350.0,350.0],0.001914784],
[[1400.0,400.0,400.0],0.002092671],
[[1400.0,450.0,450.0],0.00190673],
[[1400.0,500.0,500.0],0.001750899],
[[1400.0,550.0,550.0],0.002166833],
[[1400.0,600.0,600.0],0.001897358],
[[1400.0,650.0,650.0],0.001819987],
[[1450.0,1.0,1.0],0.001448913],
[[1450.0,150.0,150.0],0.00158478],
[[1450.0,200.0,200.0],0.001801563],
[[1450.0,250.0,250.0],0.001752911],
[[1450.0,300.0,300.0],0.001875198],
[[1450.0,350.0,350.0],0.001848624],
[[1450.0,400.0,400.0],0.001790373],
[[1450.0,450.0,450.0],0.002003357],
[[1450.0,500.0,500.0],0.002163838],
[[1450.0,550.0,550.0],0.001879689],
[[1450.0,600.0,600.0],0.001986453],
[[1450.0,650.0,650.0],0.002049634],
[[1450.0,700.0,700.0],0.002296967],
[[1500.0,1.0,1.0],0.001467874],
[[1500.0,10.0,10.0],0.001388859],
[[1500.0,50.0,50.0],0.001388305],
[[1500.0,100.0,100.0],0.001460768],
[[1500.0,150.0,150.0],0.00163064],
[[1500.0,200.0,200.0],0.001820307],
[[1500.0,250.0,250.0],0.002523266],
[[1500.0,300.0,300.0],0.002086026],
[[1500.0,350.0,350.0],0.001908943],
[[1500.0,400.0,400.0],0.00190537],
[[1500.0,450.0,450.0],0.002238189],
[[1500.0,500.0,500.0],0.002216317],
[[1500.0,550.0,550.0],0.002056808],
[[1500.0,600.0,600.0],0.00213325],
[[1500.0,650.0,650.0],0.002996687],
[[1500.0,700.0,700.0],0.002245785],
[[1500.0,750.0,750.0],0.002207268],
[[1550.0,1.0,1.0],0.001489008],
[[1550.0,150.0,150.0],0.00174824],
[[1550.0,200.0,200.0],0.001791394],
[[1550.0,250.0,250.0],0.001963538],
[[1550.0,300.0,300.0],0.002457575],
[[1550.0,350.0,350.0],0.002058494],
[[1550.0,400.0,400.0],0.002136611],
[[1550.0,450.0,450.0],0.002054069],
[[1550.0,500.0,500.0],0.002015527],
[[1550.0,550.0,550.0],0.002138],
[[1550.0,600.0,600.0],0.001842461],
[[1550.0,650.0,650.0],0.002369711],
[[1550.0,700.0,700.0],0.002208607],
[[1550.0,750.0,750.0],0.002393347],
[[1600.0,1.0,1.0],0.001488604],
[[1600.0,150.0,150.0],0.001827488],
[[1600.0,200.0,200.0],0.001839547],
[[1600.0,250.0,250.0],0.002071875],
[[1600.0,300.0,300.0],0.002087334],
[[1600.0,350.0,350.0],0.002094781],
[[1600.0,400.0,400.0],0.00206479],
[[1600.0,450.0,450.0],0.002518722],
[[1600.0,500.0,500.0],0.00217696],
[[1600.0,550.0,550.0],0.002490454],
[[1600.0,600.0,600.0],0.001886337],
[[1600.0,650.0,650.0],0.002136998],
[[1600.0,700.0,700.0],0.002314432],
[[1600.0,750.0,750.0],0.00267907],
[[1650.0,1.0,1.0],0.00145731],
[[1650.0,150.0,150.0],0.00186219],
[[1650.0,200.0,200.0],0.002029828],
[[1650.0,250.0,250.0],0.001930838],
[[1650.0,300.0,300.0],0.002307413],
[[1650.0,350.0,350.0],0.002194809],
[[1650.0,400.0,400.0],0.002189382],
[[1650.0,450.0,450.0],0.002280254],
[[1650.0,500.0,500.0],0.002320597],
[[1650.0,550.0,550.0],0.002859004],
[[1650.0,600.0,600.0],0.002513593],
[[1650.0,650.0,650.0],0.002500921],
[[1650.0,700.0,700.0],0.002543228],
[[1650.0,750.0,750.0],0.00243914],
[[1650.0,800.0,800.0],0.002566558],
[[1700.0,1.0,1.0],0.001444606],
[[1700.0,150.0,150.0],0.001760793],
[[1700.0,200.0,200.0],0.001957208],
[[1700.0,250.0,250.0],0.002139961],
[[1700.0,300.0,300.0],0.002368781],
[[1700.0,350.0,350.0],0.002840644],
[[1700.0,400.0,400.0],0.002330402],
[[1700.0,450.0,450.0],0.002521986],
[[1700.0,500.0,500.0],0.002330065],
[[1700.0,550.0,550.0],0.002433268],
[[1700.0,600.0,600.0],0.00256801],
[[1700.0,650.0,650.0],0.002485717],
[[1700.0,700.0,700.0],0.002719609],
[[1700.0,750.0,750.0],0.002983152],
[[1700.0,800.0,800.0],0.002583875],
[[1750.0,1.0,1.0],0.00134646],
[[1750.0,10.0,10.0],0.001538451],
[[1750.0,50.0,50.0],0.001505376],
[[1750.0,100.0,100.0],0.001624706],
[[1750.0,150.0,150.0],0.001678352],
[[1750.0,200.0,200.0],0.002068875],
[[1750.0,250.0,250.0],0.002543009],
[[1750.0,300.0,300.0],0.002113668],
[[1750.0,350.0,350.0],0.00220569],
[[1750.0,400.0,400.0],0.002691977],
[[1750.0,450.0,450.0],0.002204431],
[[1750.0,500.0,500.0],0.002434898],
[[1750.0,550.0,550.0],0.002489515],
[[1750.0,600.0,600.0],0.002477372],
[[1750.0,650.0,650.0],0.002709402],
[[1750.0,700.0,700.0],0.003101013],
[[1750.0,750.0,750.0],0.002703452],
[[1750.0,800.0,800.0],0.002946462],
[[1750.0,850.0,850.0],0.002906205],
[[1800.0,1.0,1.0],0.001445831],
[[1800.0,150.0,150.0],0.001885221],
[[1800.0,200.0,200.0],0.002072514],
[[1800.0,250.0,250.0],0.002310632],
[[1800.0,300.0,300.0],0.002066159],
[[1800.0,350.0,350.0],0.002505303],
[[1800.0,400.0,400.0],0.002528328],
[[1800.0,450.0,450.0],0.002353695],
[[1800.0,500.0,500.0],0.00237822],
[[1800.0,550.0,550.0],0.002393534],
[[1800.0,600.0,600.0],0.002590929],
[[1800.0,650.0,650.0],0.002528872],
[[1800.0,700.0,700.0],0.002551223],
[[1800.0,750.0,750.0],0.002587124],
[[1800.0,800.0,800.0],0.002711329],
[[1800.0,850.0,850.0],0.003175019],
[[1850.0,1.0,1.0],0.00139809],
[[1850.0,150.0,150.0],0.001790564],
[[1850.0,200.0,200.0],0.001923037],
[[1850.0,250.0,250.0],0.002078749],
[[1850.0,300.0,300.0],0.00232615],
[[1850.0,350.0,350.0],0.002619934],
[[1850.0,400.0,400.0],0.002656508],
[[1850.0,450.0,450.0],0.002382056],
[[1850.0,500.0,500.0],0.002928241],
[[1850.0,550.0,550.0],0.002312366],
[[1850.0,600.0,600.0],0.002624793],
[[1850.0,650.0,650.0],0.002541879],
[[1850.0,700.0,700.0],0.002551936],
[[1850.0,750.0,750.0],0.00275707],
[[1850.0,800.0,800.0],0.002439093],
[[1850.0,850.0,850.0],0.002780956],
[[1850.0,900.0,900.0],0.003030529],
[[1900.0,1.0,1.0],0.001308439],
[[1900.0,150.0,150.0],0.001775561],
[[1900.0,200.0,200.0],0.001867939],
[[1900.0,250.0,250.0],0.002130875],
[[1900.0,300.0,300.0],0.00259107],
[[1900.0,350.0,350.0],0.003143009],
[[1900.0,400.0,400.0],0.002402276],
[[1900.0,450.0,450.0],0.002362402],
[[1900.0,500.0,500.0],0.003037415],
[[1900.0,550.0,550.0],0.002435055],
[[1900.0,600.0,600.0],0.002572561],
[[1900.0,650.0,650.0],0.002886359],
[[1900.0,700.0,700.0],0.002616366],
[[1900.0,750.0,750.0],0.003045405],
[[1900.0,800.0,800.0],0.002664972],
[[1900.0,850.0,850.0],0.00268222],
[[1900.0,900.0,900.0],0.00317477],
[[1950.0,1.0,1.0],0.001341482],
[[1950.0,150.0,150.0],0.001724147],
[[1950.0,200.0,200.0],0.001837466],
[[1950.0,250.0,250.0],0.002337388],
[[1950.0,300.0,300.0],0.002308868],
[[1950.0,350.0,350.0],0.002701263],
[[1950.0,400.0,400.0],0.002276419],
[[1950.0,450.0,450.0],0.002380325],
[[1950.0,500.0,500.0],0.002547337],
[[1950.0,550.0,550.0],0.002714019],
[[1950.0,600.0,600.0],0.002840776],
[[1950.0,650.0,650.0],0.002849008],
[[1950.0,700.0,700.0],0.002875572],
[[1950.0,750.0,750.0],0.002715299],
[[1950.0,800.0,800.0],0.002986508],
[[1950.0,850.0,850.0],0.003087225],
[[1950.0,900.0,900.0],0.002857143],
[[1950.0,950.0,950.0],0.003120764],
[[2000.0,1.0,1.0],0.001429126],
[[2000.0,10.0,10.0],0.001456448],
[[2000.0,50.0,50.0],0.00152714],
[[2000.0,100.0,100.0],0.001567541],
[[2000.0,150.0,150.0],0.001927009],
[[2000.0,200.0,200.0],0.001803488],
[[2000.0,250.0,250.0],0.002128367],
[[2000.0,300.0,300.0],0.002949103],
[[2000.0,350.0,350.0],0.002612896],
[[2000.0,400.0,400.0],0.002613957],
[[2000.0,450.0,450.0],0.002874838],
[[2000.0,500.0,500.0],0.002743216],
[[2000.0,550.0,550.0],0.002735836],
[[2000.0,600.0,600.0],0.002554646],
[[2000.0,650.0,650.0],0.002711152],
[[2000.0,700.0,700.0],0.002699013],
[[2000.0,750.0,750.0],0.002849979],
[[2000.0,800.0,800.0],0.002856611],
[[2000.0,850.0,850.0],0.002882248],
[[2000.0,900.0,900.0],0.002568534],
[[2000.0,950.0,950.0],0.003049387],
[[2250.0,1.0,1.0],0.001299294],
[[2250.0,10.0,10.0],0.001298835],
[[2250.0,50.0,50.0],0.001332878],
[[2250.0,100.0,100.0],0.001444293],
[[2250.0,150.0,150.0],0.001551753],
[[2250.0,300.0,300.0],0.002493317],
[[2250.0,500.0,500.0],0.002903557],
[[2250.0,750.0,750.0],0.003179379],
[[2250.0,1000.0,1000.0],0.003171066],
[[2500.0,1.0,1.0],0.001065404],
[[2500.0,10.0,10.0],0.001110542],
[[2500.0,50.0,50.0],0.001145271],
[[2500.0,100.0,100.0],0.00125009],
[[2500.0,150.0,150.0],0.001434371],
[[2500.0,300.0,300.0],0.002365314],
[[2500.0,500.0,500.0],0.002843097],
[[2500.0,750.0,750.0],0.00333951],
[[2500.0,1000.0,1000.0],0.003481031],
[[2500.0,1200.0,1200.0],0.003544503],
[[2750.0,1.0,1.0],0.001027875],
[[2750.0,10.0,10.0],0.0009363936],
[[2750.0,50.0,50.0],0.001091107],
[[2750.0,100.0,100.0],0.001180542],
[[2750.0,150.0,150.0],0.00146363],
[[2750.0,300.0,300.0],0.00221144],
[[2750.0,500.0,500.0],0.003007434],
[[2750.0,750.0,750.0],0.003544817],
[[2750.0,1000.0,1000.0],0.003645757],
[[2750.0,1200.0,1200.0],0.003727862],
[[3000.0,1.0,1.0],0.0007967603],
[[3000.0,10.0,10.0],0.0008632986],
[[3000.0,50.0,50.0],0.0008929051],
[[3000.0,100.0,100.0],0.001041217],
[[3000.0,150.0,150.0],0.001179786],
[[3000.0,300.0,300.0],0.002399561],
[[3000.0,500.0,500.0],0.003095434],
[[3000.0,750.0,750.0],0.003658472],
[[3000.0,1000.0,1000.0],0.0036311],
[[3000.0,1200.0,1200.0],0.003893294],
[[3000.0,1400.0,1400.0],0.003785381]]
