txName: TRV1
constraint: {(PV > Zprime(1)), (Zprime(1) > MET(2),MET(3))}
condition: None
conditionDescription: None
figureUrl: https://cms-results.web.cern.ch/cms-results/public-results/publications/EXO-20-004/CMS-EXO-20-004_Figure_007-b.png
source: https://doi.org/10.5281/zenodo.13324003
validated: True
axesMap: [{0: 'x', 1: 'y', 2: 'y'}]
dataMap: {0: (1, 'mass', GeV), 1: (2, 'mass', GeV), 2: (3, 'mass', GeV)}
finalState: ['MET', 'MET']
intermediateState: None
efficiencyMap: [[[50.0,1.0,1.0],2.9748e-07],
[[100.0,1.0,1.0],1.619893e-06],
[[100.0,10.0,10.0],1.128162e-06],
[[150.0,1.0,1.0],6.199376e-06],
[[150.0,75.0,75.0],6.077806e-06],
[[200.0,1.0,1.0],9.557362e-06],
[[200.0,75.0,75.0],1.162201e-05],
[[250.0,1.0,1.0],2.108987e-05],
[[250.0,10.0,10.0],1.882629e-05],
[[250.0,75.0,75.0],2.152079e-05],
[[300.0,1.0,1.0],3.59318e-05],
[[300.0,75.0,75.0],3.198639e-05],
[[350.0,1.0,1.0],5.405675e-05],
[[350.0,75.0,75.0],4.693537e-05],
[[350.0,150.0,150.0],4.885147e-05],
[[400.0,1.0,1.0],6.815229e-05],
[[400.0,75.0,75.0],8.02736e-05],
[[400.0,150.0,150.0],6.750887e-05],
[[450.0,1.0,1.0],9.239605e-05],
[[450.0,75.0,75.0],8.667922e-05],
[[450.0,150.0,150.0],9.836177e-05],
[[450.0,200.0,200.0],0.0001124035],
[[500.0,1.0,1.0],0.000117227],
[[500.0,10.0,10.0],0.0001215897],
[[500.0,75.0,75.0],0.0001176168],
[[500.0,150.0,150.0],0.0001313771],
[[500.0,200.0,200.0],0.0001225937],
[[550.0,1.0,1.0],0.0001387394],
[[550.0,75.0,75.0],0.0001380132],
[[550.0,150.0,150.0],0.0001462081],
[[550.0,200.0,200.0],0.0001616131],
[[550.0,250.0,250.0],0.0001525932],
[[600.0,1.0,1.0],0.0001770862],
[[600.0,75.0,75.0],0.000178568],
[[600.0,150.0,150.0],0.0001788411],
[[600.0,200.0,200.0],0.0001813236],
[[600.0,250.0,250.0],0.0001855773],
[[650.0,1.0,1.0],0.0001917545],
[[650.0,75.0,75.0],0.0002253073],
[[650.0,150.0,150.0],0.0002050696],
[[650.0,200.0,200.0],0.000216885],
[[650.0,250.0,250.0],0.000222628],
[[650.0,300.0,300.0],0.0001969469],
[[700.0,1.0,1.0],0.0002322364],
[[700.0,75.0,75.0],0.0002466602],
[[700.0,150.0,150.0],0.000240027],
[[700.0,200.0,200.0],0.0002637463],
[[700.0,250.0,250.0],0.0002495566],
[[700.0,300.0,300.0],0.0002400291],
[[750.0,1.0,1.0],0.0002711375],
[[750.0,10.0,10.0],0.0002632175],
[[750.0,75.0,75.0],0.0002621577],
[[750.0,150.0,150.0],0.0002898684],
[[750.0,200.0,200.0],0.0002624479],
[[750.0,250.0,250.0],0.0003035623],
[[750.0,300.0,300.0],0.000319772],
[[750.0,350.0,350.0],0.0002840549],
[[800.0,1.0,1.0],0.0003014758],
[[800.0,75.0,75.0],0.0002924375],
[[800.0,150.0,150.0],0.0003200622],
[[800.0,200.0,200.0],0.0002966621],
[[800.0,250.0,250.0],0.0003275527],
[[800.0,300.0,300.0],0.0003128518],
[[800.0,350.0,350.0],0.0003487467],
[[850.0,1.0,1.0],0.0003360084],
[[850.0,75.0,75.0],0.0003491371],
[[850.0,150.0,150.0],0.0003568523],
[[850.0,200.0,200.0],0.0003386245],
[[850.0,250.0,250.0],0.0003342365],
[[850.0,300.0,300.0],0.0003972722],
[[850.0,350.0,350.0],0.0003742003],
[[850.0,400.0,400.0],0.0003774078],
[[900.0,1.0,1.0],0.0003525753],
[[900.0,75.0,75.0],0.0003435366],
[[900.0,150.0,150.0],0.0004033934],
[[900.0,200.0,200.0],0.0003519388],
[[900.0,250.0,250.0],0.0003982893],
[[900.0,300.0,300.0],0.000433878],
[[900.0,350.0,350.0],0.0004065811],
[[900.0,400.0,400.0],0.0004200129],
[[950.0,1.0,1.0],0.0003902361],
[[950.0,75.0,75.0],0.0004234219],
[[950.0,150.0,150.0],0.0004177733],
[[950.0,200.0,200.0],0.0004257175],
[[950.0,250.0,250.0],0.0004163324],
[[950.0,300.0,300.0],0.000380689],
[[950.0,350.0,350.0],0.0004465642],
[[950.0,400.0,400.0],0.0004168945],
[[950.0,450.0,450.0],0.0004730403],
[[1000.0,1.0,1.0],0.0004363192],
[[1000.0,10.0,10.0],0.0004313969],
[[1000.0,75.0,75.0],0.0004816099],
[[1000.0,150.0,150.0],0.0004016315],
[[1000.0,200.0,200.0],0.0004939563],
[[1000.0,250.0,250.0],0.000454562],
[[1000.0,300.0,300.0],0.0004729122],
[[1000.0,350.0,350.0],0.0004264359],
[[1000.0,400.0,400.0],0.0004846651],
[[1000.0,450.0,450.0],0.0004527052],
[[1050.0,1.0,1.0],0.0004453131],
[[1050.0,75.0,75.0],0.0004543578],
[[1050.0,150.0,150.0],0.0004618709],
[[1050.0,200.0,200.0],0.0005659765],
[[1050.0,250.0,250.0],0.0005291028],
[[1050.0,300.0,300.0],0.0004782477],
[[1050.0,350.0,350.0],0.0005362324],
[[1050.0,400.0,400.0],0.000512136],
[[1050.0,450.0,450.0],0.0004770068],
[[1050.0,500.0,500.0],0.0005102889],
[[1100.0,1.0,1.0],0.0004762309],
[[1100.0,75.0,75.0],0.0004597051],
[[1100.0,150.0,150.0],0.0004842617],
[[1100.0,200.0,200.0],0.0005294401],
[[1100.0,250.0,250.0],0.0005063592],
[[1100.0,300.0,300.0],0.0004841672],
[[1100.0,350.0,350.0],0.0005696031],
[[1100.0,400.0,400.0],0.0006299527],
[[1100.0,450.0,450.0],0.0005466607],
[[1100.0,500.0,500.0],0.00050839],
[[1150.0,1.0,1.0],0.0005470945],
[[1150.0,75.0,75.0],0.0005180156],
[[1150.0,150.0,150.0],0.0005514847],
[[1150.0,200.0,200.0],0.0005189229],
[[1150.0,250.0,250.0],0.0005518169],
[[1150.0,300.0,300.0],0.0004581988],
[[1150.0,350.0,350.0],0.000541534],
[[1150.0,400.0,400.0],0.0006372715],
[[1150.0,450.0,450.0],0.0005700444],
[[1150.0,500.0,500.0],0.000545142],
[[1150.0,550.0,550.0],0.0006030302],
[[1200.0,1.0,1.0],0.0005205044],
[[1200.0,75.0,75.0],0.000578978],
[[1200.0,150.0,150.0],0.0005728758],
[[1200.0,200.0,200.0],0.0005374228],
[[1200.0,250.0,250.0],0.0005182509],
[[1200.0,300.0,300.0],0.0005883152],
[[1200.0,350.0,350.0],0.0005364085],
[[1200.0,400.0,400.0],0.0006031061],
[[1200.0,450.0,450.0],0.0006212627],
[[1200.0,500.0,500.0],0.0005965533],
[[1200.0,550.0,550.0],0.0006050304],
[[1250.0,1.0,1.0],0.0005631299],
[[1250.0,10.0,10.0],0.0006034659],
[[1250.0,75.0,75.0],0.0005757059],
[[1250.0,150.0,150.0],0.0006075427],
[[1250.0,200.0,200.0],0.0005435229],
[[1250.0,250.0,250.0],0.0005346436],
[[1250.0,300.0,300.0],0.0006328132],
[[1250.0,350.0,350.0],0.0005603425],
[[1250.0,400.0,400.0],0.0005816904],
[[1250.0,450.0,450.0],0.0006657839],
[[1250.0,500.0,500.0],0.0006351817],
[[1250.0,550.0,550.0],0.0006069221],
[[1250.0,600.0,600.0],0.0006254833],
[[1300.0,1.0,1.0],0.0006420591],
[[1300.0,75.0,75.0],0.0005867233],
[[1300.0,150.0,150.0],0.000668167],
[[1300.0,200.0,200.0],0.0006172443],
[[1300.0,250.0,250.0],0.0005979773],
[[1300.0,300.0,300.0],0.0006398999],
[[1300.0,350.0,350.0],0.000578832],
[[1300.0,400.0,400.0],0.0007183495],
[[1300.0,450.0,450.0],0.0006544407],
[[1300.0,500.0,500.0],0.0006387767],
[[1300.0,550.0,550.0],0.0006584233],
[[1300.0,600.0,600.0],0.000682779],
[[1350.0,1.0,1.0],0.0006282029],
[[1350.0,75.0,75.0],0.0006108362],
[[1350.0,150.0,150.0],0.0006159684],
[[1350.0,200.0,200.0],0.0005752308],
[[1350.0,250.0,250.0],0.0006624859],
[[1350.0,300.0,300.0],0.0005477488],
[[1350.0,350.0,350.0],0.000623572],
[[1350.0,400.0,400.0],0.0006768024],
[[1350.0,450.0,450.0],0.0006432247],
[[1350.0,500.0,500.0],0.0006328982],
[[1350.0,550.0,550.0],0.0006744458],
[[1350.0,600.0,600.0],0.0007112813],
[[1350.0,650.0,650.0],0.000636594],
[[1400.0,1.0,1.0],0.0006037961],
[[1400.0,75.0,75.0],0.0006553756],
[[1400.0,150.0,150.0],0.0006700534],
[[1400.0,200.0,200.0],0.0007048623],
[[1400.0,250.0,250.0],0.0006173743],
[[1400.0,300.0,300.0],0.000668235],
[[1400.0,350.0,350.0],0.0007763893],
[[1400.0,400.0,400.0],0.000612517],
[[1400.0,450.0,450.0],0.0006905232],
[[1400.0,500.0,500.0],0.0006382564],
[[1400.0,550.0,550.0],0.0006736937],
[[1400.0,600.0,600.0],0.0006963965],
[[1400.0,650.0,650.0],0.000700423],
[[1450.0,1.0,1.0],0.0006975828],
[[1450.0,75.0,75.0],0.000631674],
[[1450.0,150.0,150.0],0.0007114912],
[[1450.0,200.0,200.0],0.0006849056],
[[1450.0,250.0,250.0],0.0007222945],
[[1450.0,300.0,300.0],0.0007169825],
[[1450.0,350.0,350.0],0.0006340195],
[[1450.0,400.0,400.0],0.0007073884],
[[1450.0,450.0,450.0],0.0006642518],
[[1450.0,500.0,500.0],0.0006996496],
[[1450.0,550.0,550.0],0.0007164523],
[[1450.0,600.0,600.0],0.0006910213],
[[1450.0,650.0,650.0],0.0006706646],
[[1450.0,700.0,700.0],0.0007279371],
[[1500.0,1.0,1.0],0.0006368107],
[[1500.0,10.0,10.0],0.0006832817],
[[1500.0,75.0,75.0],0.000708999],
[[1500.0,150.0,150.0],0.00070345],
[[1500.0,200.0,200.0],0.0006318592],
[[1500.0,250.0,250.0],0.0006914241],
[[1500.0,300.0,300.0],0.0007313699],
[[1500.0,350.0,350.0],0.0007358919],
[[1500.0,400.0,400.0],0.0006365913],
[[1500.0,450.0,450.0],0.0007222177],
[[1500.0,500.0,500.0],0.0007288597],
[[1500.0,550.0,550.0],0.0007363951],
[[1500.0,600.0,600.0],0.0007287299],
[[1500.0,650.0,650.0],0.0007557453],
[[1500.0,700.0,700.0],0.000741699],
[[1500.0,750.0,750.0],0.0006875143],
[[1550.0,1.0,1.0],0.0006787702],
[[1550.0,75.0,75.0],0.0007829267],
[[1550.0,150.0,150.0],0.0006869276],
[[1550.0,200.0,200.0],0.0007590676],
[[1550.0,250.0,250.0],0.0007481446],
[[1550.0,300.0,300.0],0.0007804651],
[[1550.0,350.0,350.0],0.0006811641],
[[1550.0,400.0,400.0],0.0007095926],
[[1550.0,450.0,450.0],0.0007486719],
[[1550.0,500.0,500.0],0.0007349699],
[[1550.0,550.0,550.0],0.0007654571],
[[1550.0,600.0,600.0],0.00071558],
[[1550.0,650.0,650.0],0.0006959134],
[[1550.0,700.0,700.0],0.0007294113],
[[1550.0,750.0,750.0],0.0007776845],
[[1600.0,1.0,1.0],0.0007266264],
[[1600.0,75.0,75.0],0.0007356943],
[[1600.0,150.0,150.0],0.0007383862],
[[1600.0,200.0,200.0],0.0007052674],
[[1600.0,250.0,250.0],0.0006881517],
[[1600.0,300.0,300.0],0.0007865256],
[[1600.0,350.0,350.0],0.0008297988],
[[1600.0,400.0,400.0],0.0008482747],
[[1600.0,450.0,450.0],0.0007545772],
[[1600.0,500.0,500.0],0.0007886273],
[[1600.0,550.0,550.0],0.0007599594],
[[1600.0,600.0,600.0],0.0007939464],
[[1600.0,650.0,650.0],0.0008043399],
[[1600.0,700.0,700.0],0.0008484899],
[[1600.0,750.0,750.0],0.0008871823],
[[1650.0,1.0,1.0],0.0007477584],
[[1650.0,75.0,75.0],0.0007152233],
[[1650.0,150.0,150.0],0.0007472412],
[[1650.0,200.0,200.0],0.0007730428],
[[1650.0,250.0,250.0],0.000767334],
[[1650.0,300.0,300.0],0.0008598096],
[[1650.0,350.0,350.0],0.0008155198],
[[1650.0,400.0,400.0],0.0007734085],
[[1650.0,450.0,450.0],0.0007377957],
[[1650.0,500.0,500.0],0.0008266475],
[[1650.0,550.0,550.0],0.0007888547],
[[1650.0,600.0,600.0],0.0007995925],
[[1650.0,650.0,650.0],0.0007820545],
[[1650.0,700.0,700.0],0.0008334416],
[[1650.0,750.0,750.0],0.0007725142],
[[1650.0,800.0,800.0],0.0007933142],
[[1700.0,1.0,1.0],0.0006975109],
[[1700.0,75.0,75.0],0.0007416489],
[[1700.0,150.0,150.0],0.000803581],
[[1700.0,200.0,200.0],0.0007271801],
[[1700.0,250.0,250.0],0.0008065191],
[[1700.0,300.0,300.0],0.0008114695],
[[1700.0,350.0,350.0],0.0007322611],
[[1700.0,400.0,400.0],0.0008047633],
[[1700.0,450.0,450.0],0.0007821067],
[[1700.0,500.0,500.0],0.0007648563],
[[1700.0,550.0,550.0],0.0008039746],
[[1700.0,600.0,600.0],0.0007446609],
[[1700.0,650.0,650.0],0.0007947455],
[[1700.0,700.0,700.0],0.0008006833],
[[1700.0,750.0,750.0],0.0008355909],
[[1700.0,800.0,800.0],0.000849435],
[[1750.0,1.0,1.0],0.0007276271],
[[1750.0,10.0,10.0],0.0007652165],
[[1750.0,75.0,75.0],0.00079007],
[[1750.0,150.0,150.0],0.0007384469],
[[1750.0,200.0,200.0],0.000786514],
[[1750.0,250.0,250.0],0.0007243477],
[[1750.0,300.0,300.0],0.0008195454],
[[1750.0,350.0,350.0],0.0007098563],
[[1750.0,400.0,400.0],0.0009030844],
[[1750.0,450.0,450.0],0.0008108061],
[[1750.0,500.0,500.0],0.0007925321],
[[1750.0,550.0,550.0],0.0007972335],
[[1750.0,600.0,600.0],0.0008067696],
[[1750.0,650.0,650.0],0.000725629],
[[1750.0,700.0,700.0],0.000784065],
[[1750.0,750.0,750.0],0.000880851],
[[1750.0,800.0,800.0],0.0008679037],
[[1750.0,850.0,850.0],0.000797825],
[[1800.0,1.0,1.0],0.0007984914],
[[1800.0,75.0,75.0],0.0008097141],
[[1800.0,150.0,150.0],0.0008234853],
[[1800.0,200.0,200.0],0.0008739733],
[[1800.0,250.0,250.0],0.0008021189],
[[1800.0,300.0,300.0],0.0008477628],
[[1800.0,350.0,350.0],0.0008130115],
[[1800.0,400.0,400.0],0.0008384736],
[[1800.0,450.0,450.0],0.0007790768],
[[1800.0,500.0,500.0],0.0008578179],
[[1800.0,550.0,550.0],0.0008557366],
[[1800.0,600.0,600.0],0.0008646851],
[[1800.0,650.0,650.0],0.0009323029],
[[1800.0,700.0,700.0],0.0008398054],
[[1800.0,750.0,750.0],0.0009216739],
[[1800.0,800.0,800.0],0.0008260791],
[[1800.0,850.0,850.0],0.0008568118],
[[1850.0,1.0,1.0],0.0007588404],
[[1850.0,75.0,75.0],0.0007606283],
[[1850.0,150.0,150.0],0.0007722185],
[[1850.0,200.0,200.0],0.0007557545],
[[1850.0,250.0,250.0],0.0008635322],
[[1850.0,300.0,300.0],0.0009060633],
[[1850.0,350.0,350.0],0.0008048022],
[[1850.0,400.0,400.0],0.0008266385],
[[1850.0,450.0,450.0],0.000812405],
[[1850.0,500.0,500.0],0.0008449198],
[[1850.0,550.0,550.0],0.0007798362],
[[1850.0,600.0,600.0],0.0009056755],
[[1850.0,650.0,650.0],0.0008519352],
[[1850.0,700.0,700.0],0.0007815567],
[[1850.0,750.0,750.0],0.0008542193],
[[1850.0,800.0,800.0],0.001005961],
[[1850.0,850.0,850.0],0.0008569506],
[[1850.0,900.0,900.0],0.0009043824],
[[1900.0,1.0,1.0],0.0007979791],
[[1900.0,75.0,75.0],0.0007708409],
[[1900.0,150.0,150.0],0.0008192221],
[[1900.0,200.0,200.0],0.0008285613],
[[1900.0,250.0,250.0],0.0008564751],
[[1900.0,300.0,300.0],0.000894401],
[[1900.0,350.0,350.0],0.0008358257],
[[1900.0,400.0,400.0],0.0008120648],
[[1900.0,450.0,450.0],0.0009385893],
[[1900.0,500.0,500.0],0.0008131447],
[[1900.0,550.0,550.0],0.0008437687],
[[1900.0,600.0,600.0],0.0008487051],
[[1900.0,650.0,650.0],0.000954072],
[[1900.0,700.0,700.0],0.0008872123],
[[1900.0,750.0,750.0],0.0008478595],
[[1900.0,800.0,800.0],0.0008996107],
[[1900.0,850.0,850.0],0.0008738772],
[[1900.0,900.0,900.0],0.0009304012],
[[1950.0,1.0,1.0],0.0007884444],
[[1950.0,75.0,75.0],0.0008105561],
[[1950.0,150.0,150.0],0.0008533332],
[[1950.0,200.0,200.0],0.0008259839],
[[1950.0,250.0,250.0],0.0008642262],
[[1950.0,300.0,300.0],0.0008528284],
[[1950.0,350.0,350.0],0.0008453816],
[[1950.0,400.0,400.0],0.0008005667],
[[1950.0,450.0,450.0],0.0008269644],
[[1950.0,500.0,500.0],0.0008883788],
[[1950.0,550.0,550.0],0.0009075274],
[[1950.0,600.0,600.0],0.0009243769],
[[1950.0,650.0,650.0],0.0008791026],
[[1950.0,700.0,700.0],0.0009512413],
[[1950.0,750.0,750.0],0.0008566404],
[[1950.0,800.0,800.0],0.0008880062],
[[1950.0,850.0,850.0],0.0008136306],
[[1950.0,900.0,900.0],0.0008684931],
[[1950.0,950.0,950.0],0.0009747815],
[[2000.0,1.0,1.0],0.0009238083],
[[2000.0,75.0,75.0],0.000811867],
[[2000.0,150.0,150.0],0.0009278585],
[[2000.0,200.0,200.0],0.0007978478],
[[2000.0,250.0,250.0],0.0008382598],
[[2000.0,300.0,300.0],0.0009716628],
[[2000.0,350.0,350.0],0.0009258914],
[[2000.0,400.0,400.0],0.0009415846],
[[2000.0,450.0,450.0],0.0008913898],
[[2000.0,500.0,500.0],0.0009839203],
[[2000.0,550.0,550.0],0.0008678035],
[[2000.0,600.0,600.0],0.0008831856],
[[2000.0,650.0,650.0],0.0009342199],
[[2000.0,700.0,700.0],0.0009110864],
[[2000.0,750.0,750.0],0.0009264924],
[[2000.0,800.0,800.0],0.0009098605],
[[2000.0,850.0,850.0],0.0009340568],
[[2000.0,900.0,900.0],0.0009079385],
[[2000.0,950.0,950.0],0.0008712772],
[[2250.0,1.0,1.0],0.000937318],
[[2250.0,75.0,75.0],0.0009854048],
[[2250.0,150.0,150.0],0.001033231],
[[2250.0,300.0,300.0],0.0009555495],
[[2250.0,500.0,500.0],0.0009726909],
[[2250.0,750.0,750.0],0.0009459021],
[[2250.0,1000.0,1000.0],0.001006918],
[[2500.0,1.0,1.0],0.0009416596],
[[2500.0,75.0,75.0],0.001027445],
[[2500.0,150.0,150.0],0.0009800798],
[[2500.0,300.0,300.0],0.001008772],
[[2500.0,500.0,500.0],0.0009975187],
[[2500.0,750.0,750.0],0.00103103],
[[2500.0,1000.0,1000.0],0.0009909958],
[[2500.0,1200.0,1200.0],0.001037313],
[[2750.0,1.0,1.0],0.0010897],
[[2750.0,75.0,75.0],0.0009811956],
[[2750.0,150.0,150.0],0.001018202],
[[2750.0,300.0,300.0],0.0009428575],
[[2750.0,500.0,500.0],0.0009154096],
[[2750.0,750.0,750.0],0.001101511],
[[2750.0,1000.0,1000.0],0.001103144],
[[2750.0,1200.0,1200.0],0.00108452],
[[3000.0,1.0,1.0],0.001047066],
[[3000.0,75.0,75.0],0.001039805],
[[3000.0,150.0,150.0],0.0009905948],
[[3000.0,300.0,300.0],0.0009262598],
[[3000.0,500.0,500.0],0.001053491],
[[3000.0,750.0,750.0],0.001019159],
[[3000.0,1000.0,1000.0],0.001055906],
[[3000.0,1200.0,1200.0],0.001020416],
[[3000.0,1400.0,1400.0],0.001142555]]
