txName: TRS1
constraint: {(PV > H0(1)), (H0(1) > MET(2),MET(3))}
condition: None
conditionDescription: None
figureUrl: https://cms-results.web.cern.ch/cms-results/public-results/publications/EXO-20-004/CMS-EXO-20-004_Figure_009-a.png
source: CMS
validated: True
axesMap: [{0: 'x', 1: '1.0', 2: '1.0'}, {0: 'x', 1: 'y', 2: 'y'}]
dataMap: {0: (1, 'mass', GeV), 1: (2, 'mass', GeV), 2: (3, 'mass', GeV)}
finalState: ['MET', 'MET']
intermediateState: None
efficiencyMap: [[[100.0,1.0,1.0],2.983669e-05],
[[100.0,10.0,10.0],3.135647e-05],
[[150.0,1.0,1.0],6.015025e-05],
[[150.0,50.0,50.0],6.021185e-05],
[[200.0,1.0,1.0],0.000100282],
[[200.0,50.0,50.0],9.448574e-05],
[[200.0,100.0,100.0],0.0001777941],
[[250.0,1.0,1.0],0.0001324575],
[[250.0,10.0,10.0],0.0001360898],
[[250.0,50.0,50.0],0.000137693],
[[250.0,100.0,100.0],0.0001307048],
[[300.0,1.0,1.0],0.0001610519],
[[300.0,50.0,50.0],0.0001851006],
[[300.0,100.0,100.0],0.0001788843],
[[350.0,1.0,1.0],0.0001873538],
[[350.0,50.0,50.0],0.0001839216],
[[350.0,100.0,100.0],0.0001898173],
[[350.0,150.0,150.0],0.0001910437],
[[400.0,1.0,1.0],0.0002739242],
[[400.0,50.0,50.0],0.0002132972],
[[400.0,100.0,100.0],0.0002244101],
[[400.0,150.0,150.0],0.0002103041],
[[450.0,1.0,1.0],0.0002791141],
[[450.0,50.0,50.0],0.000297571],
[[450.0,100.0,100.0],0.0002895562],
[[450.0,150.0,150.0],0.0003228282],
[[450.0,200.0,200.0],0.0003719355],
[[500.0,1.0,1.0],0.0003622772],
[[500.0,10.0,10.0],0.0003704226],
[[500.0,50.0,50.0],0.0003786969],
[[500.0,100.0,100.0],0.0003890849],
[[500.0,150.0,150.0],0.0003499694],
[[500.0,200.0,200.0],0.0003919452],
[[550.0,1.0,1.0],0.0004870935],
[[550.0,50.0,50.0],0.0004363653],
[[550.0,100.0,100.0],0.0004557427],
[[550.0,150.0,150.0],0.0004499168],
[[550.0,200.0,200.0],0.0004841555],
[[550.0,250.0,250.0],0.0004910759],
[[600.0,1.0,1.0],0.0006638705],
[[600.0,50.0,50.0],0.0006108277],
[[600.0,100.0,100.0],0.0005409396],
[[600.0,150.0,150.0],0.0006771207],
[[600.0,200.0,200.0],0.0005973082],
[[600.0,250.0,250.0],0.0006637396],
[[650.0,1.0,1.0],0.0006810223],
[[650.0,50.0,50.0],0.0006735494],
[[650.0,100.0,100.0],0.0007259732],
[[650.0,150.0,150.0],0.0006872483],
[[650.0,200.0,200.0],0.0006677872],
[[650.0,250.0,250.0],0.0008573798],
[[650.0,300.0,300.0],0.0008040624],
[[700.0,1.0,1.0],0.0007888288],
[[700.0,50.0,50.0],0.000814426],
[[700.0,100.0,100.0],0.0007991332],
[[700.0,150.0,150.0],0.001108599],
[[700.0,200.0,200.0],0.0008453247],
[[700.0,250.0,250.0],0.001170661],
[[700.0,300.0,300.0],0.0009555685],
[[750.0,1.0,1.0],0.001044553],
[[750.0,10.0,10.0],0.0008517919],
[[750.0,50.0,50.0],0.0009784354],
[[750.0,100.0,100.0],0.0009627129],
[[750.0,150.0,150.0],0.0009499956],
[[750.0,200.0,200.0],0.0009478391],
[[750.0,250.0,250.0],0.00103774],
[[750.0,300.0,300.0],0.0009761446],
[[750.0,350.0,350.0],0.001150849],
[[800.0,1.0,1.0],0.001027627],
[[800.0,150.0,150.0],0.001063478],
[[800.0,200.0,200.0],0.001063873],
[[800.0,250.0,250.0],0.00114136],
[[800.0,300.0,300.0],0.001160617],
[[800.0,350.0,350.0],0.001308938],
[[850.0,1.0,1.0],0.001069247],
[[850.0,150.0,150.0],0.00189071],
[[850.0,200.0,200.0],0.001221675],
[[850.0,250.0,250.0],0.001044102],
[[850.0,300.0,300.0],0.00124382],
[[850.0,350.0,350.0],0.001414935],
[[850.0,400.0,400.0],0.001235914],
[[900.0,1.0,1.0],0.001362276],
[[900.0,150.0,150.0],0.001356276],
[[900.0,200.0,200.0],0.001284189],
[[900.0,250.0,250.0],0.001404606],
[[900.0,300.0,300.0],0.001289521],
[[900.0,350.0,350.0],0.001873994],
[[900.0,400.0,400.0],0.001446771],
[[950.0,1.0,1.0],0.001486785],
[[950.0,150.0,150.0],0.001278311],
[[950.0,200.0,200.0],0.001415984],
[[950.0,250.0,250.0],0.001728063],
[[950.0,300.0,300.0],0.001457051],
[[950.0,350.0,350.0],0.001851024],
[[950.0,400.0,400.0],0.001463697],
[[950.0,450.0,450.0],0.001600979],
[[1000.0,1.0,1.0],0.001229045],
[[1000.0,10.0,10.0],0.001456936],
[[1000.0,50.0,50.0],0.001319216],
[[1000.0,100.0,100.0],0.001303377],
[[1000.0,150.0,150.0],0.001441827],
[[1000.0,200.0,200.0],0.001410615],
[[1000.0,250.0,250.0],0.001468081],
[[1000.0,300.0,300.0],0.001425877],
[[1000.0,350.0,350.0],0.001659699],
[[1000.0,400.0,400.0],0.001826448],
[[1000.0,450.0,450.0],0.001927221],
[[1050.0,1.0,1.0],0.001282325],
[[1050.0,150.0,150.0],0.001311783],
[[1050.0,200.0,200.0],0.001733778],
[[1050.0,250.0,250.0],0.001798347],
[[1050.0,300.0,300.0],0.001623425],
[[1050.0,350.0,350.0],0.001935238],
[[1050.0,400.0,400.0],0.001620226],
[[1050.0,450.0,450.0],0.00197915],
[[1050.0,500.0,500.0],0.001777095],
[[1100.0,1.0,1.0],0.001444647],
[[1100.0,150.0,150.0],0.001752815],
[[1100.0,200.0,200.0],0.001637959],
[[1100.0,250.0,250.0],0.001644428],
[[1100.0,300.0,300.0],0.001533375],
[[1100.0,350.0,350.0],0.001955081],
[[1100.0,400.0,400.0],0.001586577],
[[1100.0,450.0,450.0],0.001707245],
[[1100.0,500.0,500.0],0.002286978],
[[1150.0,1.0,1.0],0.001407041],
[[1150.0,150.0,150.0],0.001597417],
[[1150.0,200.0,200.0],0.001846368],
[[1150.0,250.0,250.0],0.001674627],
[[1150.0,300.0,300.0],0.002094535],
[[1150.0,350.0,350.0],0.001984868],
[[1150.0,400.0,400.0],0.002095695],
[[1150.0,450.0,450.0],0.00171542],
[[1150.0,500.0,500.0],0.001833918],
[[1150.0,550.0,550.0],0.002086135],
[[1200.0,1.0,1.0],0.001752213],
[[1200.0,150.0,150.0],0.001661394],
[[1200.0,200.0,200.0],0.002089375],
[[1200.0,250.0,250.0],0.001981976],
[[1200.0,300.0,300.0],0.001938389],
[[1200.0,350.0,350.0],0.001759577],
[[1200.0,400.0,400.0],0.001898053],
[[1200.0,450.0,450.0],0.001862254],
[[1200.0,500.0,500.0],0.002042911],
[[1200.0,550.0,550.0],0.00251381],
[[1250.0,1.0,1.0],0.002290306],
[[1250.0,10.0,10.0],0.001688792],
[[1250.0,50.0,50.0],0.001550821],
[[1250.0,100.0,100.0],0.001590116],
[[1250.0,150.0,150.0],0.001937319],
[[1250.0,200.0,200.0],0.001669141],
[[1250.0,250.0,250.0],0.002013411],
[[1250.0,300.0,300.0],0.002102016],
[[1250.0,350.0,350.0],0.002114138],
[[1250.0,400.0,400.0],0.002603481],
[[1250.0,450.0,450.0],0.002459248],
[[1250.0,500.0,500.0],0.002048718],
[[1250.0,550.0,550.0],0.002326976],
[[1250.0,600.0,600.0],0.002692091],
[[1300.0,1.0,1.0],0.001626931],
[[1300.0,150.0,150.0],0.002043995],
[[1300.0,200.0,200.0],0.001820705],
[[1300.0,250.0,250.0],0.002384397],
[[1300.0,300.0,300.0],0.002013473],
[[1300.0,350.0,350.0],0.00238848],
[[1300.0,400.0,400.0],0.001882953],
[[1300.0,450.0,450.0],0.002746351],
[[1300.0,500.0,500.0],0.002394331],
[[1300.0,550.0,550.0],0.002417868],
[[1300.0,600.0,600.0],0.002694934],
[[1350.0,1.0,1.0],0.001739303],
[[1350.0,150.0,150.0],0.002127966],
[[1350.0,200.0,200.0],0.002302395],
[[1350.0,250.0,250.0],0.001970949],
[[1350.0,300.0,300.0],0.002286684],
[[1350.0,350.0,350.0],0.002379615],
[[1350.0,400.0,400.0],0.002353268],
[[1350.0,450.0,450.0],0.002230139],
[[1350.0,500.0,500.0],0.002303929],
[[1350.0,550.0,550.0],0.002343554],
[[1350.0,600.0,600.0],0.002716467],
[[1350.0,650.0,650.0],0.002324035],
[[1400.0,1.0,1.0],0.001783991],
[[1400.0,150.0,150.0],0.001708131],
[[1400.0,200.0,200.0],0.002493688],
[[1400.0,250.0,250.0],0.002080459],
[[1400.0,300.0,300.0],0.002481149],
[[1400.0,350.0,350.0],0.002377717],
[[1400.0,400.0,400.0],0.002779741],
[[1400.0,450.0,450.0],0.002669036],
[[1400.0,500.0,500.0],0.002287483],
[[1400.0,550.0,550.0],0.002406373],
[[1400.0,600.0,600.0],0.002446766],
[[1400.0,650.0,650.0],0.002393884],
[[1450.0,1.0,1.0],0.001663859],
[[1450.0,150.0,150.0],0.002159209],
[[1450.0,200.0,200.0],0.002103702],
[[1450.0,250.0,250.0],0.002181046],
[[1450.0,300.0,300.0],0.002197113],
[[1450.0,350.0,350.0],0.00296901],
[[1450.0,400.0,400.0],0.002415339],
[[1450.0,450.0,450.0],0.002532396],
[[1450.0,500.0,500.0],0.002539633],
[[1450.0,550.0,550.0],0.002291363],
[[1450.0,600.0,600.0],0.002358004],
[[1450.0,650.0,650.0],0.002529584],
[[1450.0,700.0,700.0],0.002712146],
[[1500.0,1.0,1.0],0.00183792],
[[1500.0,10.0,10.0],0.001955066],
[[1500.0,50.0,50.0],0.001827809],
[[1500.0,100.0,100.0],0.001947369],
[[1500.0,150.0,150.0],0.002029656],
[[1500.0,200.0,200.0],0.002214926],
[[1500.0,250.0,250.0],0.002692186],
[[1500.0,300.0,300.0],0.00280995],
[[1500.0,350.0,350.0],0.00250152],
[[1500.0,400.0,400.0],0.002506312],
[[1500.0,450.0,450.0],0.002352786],
[[1500.0,500.0,500.0],0.002983127],
[[1500.0,550.0,550.0],0.002480515],
[[1500.0,600.0,600.0],0.002822845],
[[1500.0,650.0,650.0],0.002411513],
[[1500.0,700.0,700.0],0.002968214],
[[1500.0,750.0,750.0],0.002649513],
[[1550.0,1.0,1.0],0.001732851],
[[1550.0,150.0,150.0],0.002105977],
[[1550.0,200.0,200.0],0.002438221],
[[1550.0,250.0,250.0],0.002118975],
[[1550.0,300.0,300.0],0.002428721],
[[1550.0,350.0,350.0],0.003017409],
[[1550.0,400.0,400.0],0.002480544],
[[1550.0,450.0,450.0],0.00283497],
[[1550.0,500.0,500.0],0.002713322],
[[1550.0,550.0,550.0],0.002370868],
[[1550.0,600.0,600.0],0.002678944],
[[1550.0,650.0,650.0],0.002639325],
[[1550.0,700.0,700.0],0.002584676],
[[1550.0,750.0,750.0],0.003231611],
[[1600.0,1.0,1.0],0.001881185],
[[1600.0,150.0,150.0],0.002114468],
[[1600.0,200.0,200.0],0.002292165],
[[1600.0,250.0,250.0],0.002511662],
[[1600.0,300.0,300.0],0.002054298],
[[1600.0,350.0,350.0],0.002166557],
[[1600.0,400.0,400.0],0.002924788],
[[1600.0,450.0,450.0],0.00286293],
[[1600.0,500.0,500.0],0.002845605],
[[1600.0,550.0,550.0],0.002588645],
[[1600.0,600.0,600.0],0.0023843],
[[1600.0,650.0,650.0],0.002847421],
[[1600.0,700.0,700.0],0.003042252],
[[1600.0,750.0,750.0],0.002675111],
[[1650.0,1.0,1.0],0.001970931],
[[1650.0,150.0,150.0],0.002035753],
[[1650.0,200.0,200.0],0.001976313],
[[1650.0,250.0,250.0],0.002466886],
[[1650.0,300.0,300.0],0.00245664],
[[1650.0,350.0,350.0],0.002759162],
[[1650.0,400.0,400.0],0.002345118],
[[1650.0,450.0,450.0],0.002671092],
[[1650.0,500.0,500.0],0.002628518],
[[1650.0,550.0,550.0],0.002474136],
[[1650.0,600.0,600.0],0.002995284],
[[1650.0,650.0,650.0],0.002652066],
[[1650.0,700.0,700.0],0.002765219],
[[1650.0,750.0,750.0],0.002719033],
[[1650.0,800.0,800.0],0.002661898],
[[1700.0,1.0,1.0],0.00186296],
[[1700.0,150.0,150.0],0.00244073],
[[1700.0,200.0,200.0],0.002285136],
[[1700.0,250.0,250.0],0.002555638],
[[1700.0,300.0,300.0],0.0029291],
[[1700.0,350.0,350.0],0.00286012],
[[1700.0,400.0,400.0],0.002657755],
[[1700.0,450.0,450.0],0.002961804],
[[1700.0,500.0,500.0],0.002723547],
[[1700.0,550.0,550.0],0.002601279],
[[1700.0,600.0,600.0],0.003211572],
[[1700.0,650.0,650.0],0.003311025],
[[1700.0,700.0,700.0],0.002772095],
[[1700.0,750.0,750.0],0.002710369],
[[1700.0,800.0,800.0],0.003565962],
[[1750.0,1.0,1.0],0.001793713],
[[1750.0,10.0,10.0],0.001723648],
[[1750.0,50.0,50.0],0.001761015],
[[1750.0,100.0,100.0],0.001968106],
[[1750.0,150.0,150.0],0.002147385],
[[1750.0,200.0,200.0],0.002443895],
[[1750.0,250.0,250.0],0.002719799],
[[1750.0,300.0,300.0],0.002598287],
[[1750.0,350.0,350.0],0.002545236],
[[1750.0,400.0,400.0],0.002857757],
[[1750.0,450.0,450.0],0.002758441],
[[1750.0,500.0,500.0],0.003035714],
[[1750.0,550.0,550.0],0.002789468],
[[1750.0,600.0,600.0],0.002975562],
[[1750.0,650.0,650.0],0.003491188],
[[1750.0,700.0,700.0],0.002890202],
[[1750.0,750.0,750.0],0.003476002],
[[1750.0,800.0,800.0],0.002936644],
[[1750.0,850.0,850.0],0.00308468],
[[1800.0,1.0,1.0],0.001728776],
[[1800.0,150.0,150.0],0.002325597],
[[1800.0,200.0,200.0],0.002179814],
[[1800.0,250.0,250.0],0.002632451],
[[1800.0,300.0,300.0],0.002840627],
[[1800.0,350.0,350.0],0.002559405],
[[1800.0,400.0,400.0],0.002679401],
[[1800.0,450.0,450.0],0.00319523],
[[1800.0,500.0,500.0],0.003050596],
[[1800.0,550.0,550.0],0.002991131],
[[1800.0,600.0,600.0],0.002848039],
[[1800.0,650.0,650.0],0.003267711],
[[1800.0,700.0,700.0],0.003316175],
[[1800.0,750.0,750.0],0.002936743],
[[1800.0,800.0,800.0],0.002658327],
[[1800.0,850.0,850.0],0.002941831],
[[1850.0,1.0,1.0],0.002045353],
[[1850.0,150.0,150.0],0.002076564],
[[1850.0,200.0,200.0],0.002419195],
[[1850.0,250.0,250.0],0.002207903],
[[1850.0,300.0,300.0],0.003062814],
[[1850.0,350.0,350.0],0.002734223],
[[1850.0,400.0,400.0],0.002337678],
[[1850.0,450.0,450.0],0.003227888],
[[1850.0,500.0,500.0],0.002890048],
[[1850.0,550.0,550.0],0.002627076],
[[1850.0,600.0,600.0],0.003408494],
[[1850.0,650.0,650.0],0.002609861],
[[1850.0,700.0,700.0],0.003105547],
[[1850.0,750.0,750.0],0.003202764],
[[1850.0,800.0,800.0],0.003016118],
[[1850.0,850.0,850.0],0.003203687],
[[1850.0,900.0,900.0],0.003362802],
[[1900.0,1.0,1.0],0.001604453],
[[1900.0,150.0,150.0],0.002220375],
[[1900.0,200.0,200.0],0.002229729],
[[1900.0,250.0,250.0],0.002261155],
[[1900.0,300.0,300.0],0.002697741],
[[1900.0,350.0,350.0],0.002867661],
[[1900.0,400.0,400.0],0.003076353],
[[1900.0,450.0,450.0],0.002909966],
[[1900.0,500.0,500.0],0.003215345],
[[1900.0,550.0,550.0],0.003011445],
[[1900.0,600.0,600.0],0.003067695],
[[1900.0,650.0,650.0],0.003251347],
[[1900.0,700.0,700.0],0.003111127],
[[1900.0,750.0,750.0],0.003373642],
[[1900.0,800.0,800.0],0.003142791],
[[1900.0,850.0,850.0],0.003092197],
[[1900.0,900.0,900.0],0.003173631],
[[1950.0,1.0,1.0],0.001643751],
[[1950.0,150.0,150.0],0.00230103],
[[1950.0,200.0,200.0],0.002526469],
[[1950.0,250.0,250.0],0.002798345],
[[1950.0,300.0,300.0],0.002620172],
[[1950.0,350.0,350.0],0.002665194],
[[1950.0,400.0,400.0],0.002908697],
[[1950.0,450.0,450.0],0.003028324],
[[1950.0,500.0,500.0],0.002838345],
[[1950.0,550.0,550.0],0.003083868],
[[1950.0,600.0,600.0],0.003072107],
[[1950.0,650.0,650.0],0.003346643],
[[1950.0,700.0,700.0],0.003269967],
[[1950.0,750.0,750.0],0.003124417],
[[1950.0,800.0,800.0],0.003250106],
[[1950.0,850.0,850.0],0.003159011],
[[1950.0,900.0,900.0],0.002798472],
[[1950.0,950.0,950.0],0.003135793],
[[2000.0,1.0,1.0],0.001533919],
[[2000.0,10.0,10.0],0.00179948],
[[2000.0,50.0,50.0],0.00166606],
[[2000.0,100.0,100.0],0.001914517],
[[2000.0,150.0,150.0],0.002057271],
[[2000.0,200.0,200.0],0.002247465],
[[2000.0,250.0,250.0],0.002924749],
[[2000.0,300.0,300.0],0.002548139],
[[2000.0,350.0,350.0],0.002893405],
[[2000.0,400.0,400.0],0.002898653],
[[2000.0,450.0,450.0],0.003355414],
[[2000.0,500.0,500.0],0.00279156],
[[2000.0,550.0,550.0],0.002981164],
[[2000.0,600.0,600.0],0.00315091],
[[2000.0,650.0,650.0],0.003432141],
[[2000.0,700.0,700.0],0.003476404],
[[2000.0,750.0,750.0],0.003368339],
[[2000.0,800.0,800.0],0.003346453],
[[2000.0,850.0,850.0],0.00339665],
[[2000.0,900.0,900.0],0.003227152],
[[2000.0,950.0,950.0],0.0033178],
[[2250.0,1.0,1.0],0.001434349],
[[2250.0,10.0,10.0],0.001523548],
[[2250.0,50.0,50.0],0.001495939],
[[2250.0,100.0,100.0],0.00181627],
[[2250.0,150.0,150.0],0.002071477],
[[2250.0,300.0,300.0],0.002904657],
[[2250.0,500.0,500.0],0.003331168],
[[2250.0,750.0,750.0],0.003890004],
[[2250.0,1000.0,1000.0],0.003333914],
[[2500.0,1.0,1.0],0.001694145],
[[2500.0,10.0,10.0],0.001399631],
[[2500.0,50.0,50.0],0.00151624],
[[2500.0,100.0,100.0],0.00161988],
[[2500.0,150.0,150.0],0.001860288],
[[2500.0,300.0,300.0],0.00256373],
[[2500.0,500.0,500.0],0.003295224],
[[2500.0,750.0,750.0],0.003581588],
[[2500.0,1000.0,1000.0],0.003165002],
[[2500.0,1200.0,1200.0],0.003875488],
[[2750.0,1.0,1.0],0.001051714],
[[2750.0,10.0,10.0],0.001106047],
[[2750.0,50.0,50.0],0.001258893],
[[2750.0,100.0,100.0],0.001547811],
[[2750.0,150.0,150.0],0.00160338],
[[2750.0,300.0,300.0],0.002481118],
[[2750.0,500.0,500.0],0.003171658],
[[2750.0,750.0,750.0],0.003374374],
[[2750.0,1000.0,1000.0],0.003791376],
[[2750.0,1200.0,1200.0],0.0033525],
[[3000.0,1.0,1.0],0.001047044],
[[3000.0,10.0,10.0],0.001089111],
[[3000.0,50.0,50.0],0.00122534],
[[3000.0,100.0,100.0],0.001505401],
[[3000.0,150.0,150.0],0.001494169],
[[3000.0,300.0,300.0],0.002564277],
[[3000.0,500.0,500.0],0.003153873],
[[3000.0,750.0,750.0],0.003907036],
[[3000.0,1000.0,1000.0],0.003427796],
[[3000.0,1200.0,1200.0],0.003923915],
[[3000.0,1400.0,1400.0],0.004314226]]
