txName: TRV1
constraint: {(PV > Zprime(1)), (Zprime(1) > MET(2),MET(3))}
condition: None
conditionDescription: None
figureUrl: https://cms-results.web.cern.ch/cms-results/public-results/publications/EXO-20-004/CMS-EXO-20-004_Figure_007-b.png
source: https://doi.org/10.5281/zenodo.13324003
validated: True
axesMap: [{0: 'x', 1: 'y', 2: 'y'}]
dataMap: {0: (1, 'mass', GeV), 1: (2, 'mass', GeV), 2: (3, 'mass', GeV)}
finalState: ['MET', 'MET']
intermediateState: None
efficiencyMap: [[[50.0,1.0,1.0],3.149735e-07],
[[100.0,1.0,1.0],3.021324e-06],
[[100.0,10.0,10.0],2.900875e-06],
[[150.0,1.0,1.0],1.026189e-05],
[[150.0,75.0,75.0],1.422832e-05],
[[200.0,1.0,1.0],2.295681e-05],
[[200.0,75.0,75.0],1.950979e-05],
[[250.0,1.0,1.0],3.805907e-05],
[[250.0,10.0,10.0],3.935007e-05],
[[250.0,75.0,75.0],4.038514e-05],
[[300.0,1.0,1.0],6.933881e-05],
[[300.0,75.0,75.0],6.752423e-05],
[[350.0,1.0,1.0],9.528986e-05],
[[350.0,75.0,75.0],9.617939e-05],
[[350.0,150.0,150.0],0.0001083307],
[[400.0,1.0,1.0],0.0001292337],
[[400.0,75.0,75.0],0.0001363945],
[[400.0,150.0,150.0],0.0001525776],
[[450.0,1.0,1.0],0.0001553852],
[[450.0,75.0,75.0],0.0001600758],
[[450.0,150.0,150.0],0.0001504635],
[[450.0,200.0,200.0],0.0001843828],
[[500.0,1.0,1.0],0.0002103156],
[[500.0,10.0,10.0],0.0001900007],
[[500.0,75.0,75.0],0.0002670768],
[[500.0,150.0,150.0],0.0002066229],
[[500.0,200.0,200.0],0.0002869533],
[[550.0,1.0,1.0],0.0002506187],
[[550.0,75.0,75.0],0.0002563864],
[[550.0,150.0,150.0],0.0002349932],
[[550.0,200.0,200.0],0.0002569744],
[[550.0,250.0,250.0],0.0002336532],
[[600.0,1.0,1.0],0.000292303],
[[600.0,75.0,75.0],0.0002744706],
[[600.0,150.0,150.0],0.000330586],
[[600.0,200.0,200.0],0.000306089],
[[600.0,250.0,250.0],0.0002957748],
[[650.0,1.0,1.0],0.000306085],
[[650.0,75.0,75.0],0.0003438659],
[[650.0,150.0,150.0],0.0003562306],
[[650.0,200.0,200.0],0.0002929145],
[[650.0,250.0,250.0],0.0003293369],
[[650.0,300.0,300.0],0.0003486637],
[[700.0,1.0,1.0],0.0004143118],
[[700.0,75.0,75.0],0.0003737533],
[[700.0,150.0,150.0],0.000384391],
[[700.0,200.0,200.0],0.0003795554],
[[700.0,250.0,250.0],0.0003697428],
[[700.0,300.0,300.0],0.0004836165],
[[750.0,1.0,1.0],0.0003753602],
[[750.0,10.0,10.0],0.0004043388],
[[750.0,75.0,75.0],0.0004343472],
[[750.0,150.0,150.0],0.0004728113],
[[750.0,200.0,200.0],0.0004137148],
[[750.0,250.0,250.0],0.0003982937],
[[750.0,300.0,300.0],0.000422726],
[[750.0,350.0,350.0],0.000436353],
[[800.0,1.0,1.0],0.0004827775],
[[800.0,75.0,75.0],0.0004591412],
[[800.0,150.0,150.0],0.0004386033],
[[800.0,200.0,200.0],0.0005384296],
[[800.0,250.0,250.0],0.0004468962],
[[800.0,300.0,300.0],0.0004345761],
[[800.0,350.0,350.0],0.0004374861],
[[850.0,1.0,1.0],0.0005212632],
[[850.0,75.0,75.0],0.0005176893],
[[850.0,150.0,150.0],0.0005098092],
[[850.0,200.0,200.0],0.0004801885],
[[850.0,250.0,250.0],0.0005174675],
[[850.0,300.0,300.0],0.0005195519],
[[850.0,350.0,350.0],0.0005377759],
[[850.0,400.0,400.0],0.00049734],
[[900.0,1.0,1.0],0.000507342],
[[900.0,75.0,75.0],0.0004874113],
[[900.0,150.0,150.0],0.0005704568],
[[900.0,200.0,200.0],0.0005903772],
[[900.0,250.0,250.0],0.0005071336],
[[900.0,300.0,300.0],0.0005543525],
[[900.0,350.0,350.0],0.0004879295],
[[900.0,400.0,400.0],0.0005563045],
[[950.0,1.0,1.0],0.0005793563],
[[950.0,75.0,75.0],0.0005269591],
[[950.0,150.0,150.0],0.000560454],
[[950.0,200.0,200.0],0.000552724],
[[950.0,250.0,250.0],0.0006258786],
[[950.0,300.0,300.0],0.0005391205],
[[950.0,350.0,350.0],0.0005761719],
[[950.0,400.0,400.0],0.000604777],
[[950.0,450.0,450.0],0.000531404],
[[1000.0,1.0,1.0],0.0006297025],
[[1000.0,10.0,10.0],0.0005506269],
[[1000.0,75.0,75.0],0.000547288],
[[1000.0,150.0,150.0],0.0005636139],
[[1000.0,200.0,200.0],0.0006720797],
[[1000.0,250.0,250.0],0.0006063847],
[[1000.0,300.0,300.0],0.0006523059],
[[1000.0,350.0,350.0],0.0006805043],
[[1000.0,400.0,400.0],0.0005648347],
[[1000.0,450.0,450.0],0.0006593033],
[[1050.0,1.0,1.0],0.0006323207],
[[1050.0,75.0,75.0],0.0005629637],
[[1050.0,150.0,150.0],0.0005994322],
[[1050.0,200.0,200.0],0.0006125041],
[[1050.0,250.0,250.0],0.0006245159],
[[1050.0,300.0,300.0],0.000663612],
[[1050.0,350.0,350.0],0.0006449233],
[[1050.0,400.0,400.0],0.0006342513],
[[1050.0,450.0,450.0],0.0005661341],
[[1050.0,500.0,500.0],0.0006298366],
[[1100.0,1.0,1.0],0.0006582246],
[[1100.0,75.0,75.0],0.0006024704],
[[1100.0,150.0,150.0],0.0006180161],
[[1100.0,200.0,200.0],0.0006953198],
[[1100.0,250.0,250.0],0.0007013751],
[[1100.0,300.0,300.0],0.0006826588],
[[1100.0,350.0,350.0],0.0006841411],
[[1100.0,400.0,400.0],0.0007344527],
[[1100.0,450.0,450.0],0.0007116484],
[[1100.0,500.0,500.0],0.0006724642],
[[1150.0,1.0,1.0],0.0006993848],
[[1150.0,75.0,75.0],0.0007070507],
[[1150.0,150.0,150.0],0.0007294241],
[[1150.0,200.0,200.0],0.0006838584],
[[1150.0,250.0,250.0],0.0006752639],
[[1150.0,300.0,300.0],0.0007545119],
[[1150.0,350.0,350.0],0.0006604915],
[[1150.0,400.0,400.0],0.0007814103],
[[1150.0,450.0,450.0],0.0006762772],
[[1150.0,500.0,500.0],0.0008184971],
[[1150.0,550.0,550.0],0.0007369213],
[[1200.0,1.0,1.0],0.0007204364],
[[1200.0,75.0,75.0],0.0007423032],
[[1200.0,150.0,150.0],0.0007927758],
[[1200.0,200.0,200.0],0.0006637081],
[[1200.0,250.0,250.0],0.0007696297],
[[1200.0,300.0,300.0],0.000832705],
[[1200.0,350.0,350.0],0.0007465951],
[[1200.0,400.0,400.0],0.000691531],
[[1200.0,450.0,450.0],0.0007712507],
[[1200.0,500.0,500.0],0.0007414451],
[[1200.0,550.0,550.0],0.0006957988],
[[1250.0,1.0,1.0],0.0007295275],
[[1250.0,10.0,10.0],0.0007890673],
[[1250.0,75.0,75.0],0.0007151124],
[[1250.0,150.0,150.0],0.0007596346],
[[1250.0,200.0,200.0],0.0008632395],
[[1250.0,250.0,250.0],0.0007785597],
[[1250.0,300.0,300.0],0.0007611151],
[[1250.0,350.0,350.0],0.0007008064],
[[1250.0,400.0,400.0],0.0008071175],
[[1250.0,450.0,450.0],0.0008258044],
[[1250.0,500.0,500.0],0.0008643557],
[[1250.0,550.0,550.0],0.000754537],
[[1250.0,600.0,600.0],0.0007842848],
[[1300.0,1.0,1.0],0.0008179109],
[[1300.0,75.0,75.0],0.0007537608],
[[1300.0,150.0,150.0],0.0007602232],
[[1300.0,200.0,200.0],0.0007557472],
[[1300.0,250.0,250.0],0.0007997492],
[[1300.0,300.0,300.0],0.0008005572],
[[1300.0,350.0,350.0],0.0007652272],
[[1300.0,400.0,400.0],0.0007584516],
[[1300.0,450.0,450.0],0.0007202805],
[[1300.0,500.0,500.0],0.0007736003],
[[1300.0,550.0,550.0],0.0008177705],
[[1300.0,600.0,600.0],0.0008021358],
[[1350.0,1.0,1.0],0.0007681479],
[[1350.0,75.0,75.0],0.0007987787],
[[1350.0,150.0,150.0],0.0008065358],
[[1350.0,200.0,200.0],0.0007411166],
[[1350.0,250.0,250.0],0.0008263077],
[[1350.0,300.0,300.0],0.0009080777],
[[1350.0,350.0,350.0],0.0007546928],
[[1350.0,400.0,400.0],0.0008452819],
[[1350.0,450.0,450.0],0.00072497],
[[1350.0,500.0,500.0],0.0008269357],
[[1350.0,550.0,550.0],0.0008871461],
[[1350.0,600.0,600.0],0.0007648668],
[[1350.0,650.0,650.0],0.0008081365],
[[1400.0,1.0,1.0],0.0007494133],
[[1400.0,75.0,75.0],0.0007370596],
[[1400.0,150.0,150.0],0.0007622249],
[[1400.0,200.0,200.0],0.0007691384],
[[1400.0,250.0,250.0],0.0008143944],
[[1400.0,300.0,300.0],0.00085194],
[[1400.0,350.0,350.0],0.0008421469],
[[1400.0,400.0,400.0],0.0008979302],
[[1400.0,450.0,450.0],0.0008879091],
[[1400.0,500.0,500.0],0.0008191303],
[[1400.0,550.0,550.0],0.0009637316],
[[1400.0,600.0,600.0],0.000795917],
[[1400.0,650.0,650.0],0.0007950986],
[[1450.0,1.0,1.0],0.0008203282],
[[1450.0,75.0,75.0],0.0008406332],
[[1450.0,150.0,150.0],0.0008461604],
[[1450.0,200.0,200.0],0.0007538428],
[[1450.0,250.0,250.0],0.0009301463],
[[1450.0,300.0,300.0],0.0008089033],
[[1450.0,350.0,350.0],0.000930193],
[[1450.0,400.0,400.0],0.0007620909],
[[1450.0,450.0,450.0],0.0008609933],
[[1450.0,500.0,500.0],0.0008749716],
[[1450.0,550.0,550.0],0.00097357],
[[1450.0,600.0,600.0],0.0009067672],
[[1450.0,650.0,650.0],0.0008404716],
[[1450.0,700.0,700.0],0.0009326651],
[[1500.0,1.0,1.0],0.0008586059],
[[1500.0,10.0,10.0],0.0008013021],
[[1500.0,75.0,75.0],0.0008399839],
[[1500.0,150.0,150.0],0.0009081745],
[[1500.0,200.0,200.0],0.0009671409],
[[1500.0,250.0,250.0],0.000844377],
[[1500.0,300.0,300.0],0.0007997829],
[[1500.0,350.0,350.0],0.0008410646],
[[1500.0,400.0,400.0],0.000851599],
[[1500.0,450.0,450.0],0.0008027869],
[[1500.0,500.0,500.0],0.0008852479],
[[1500.0,550.0,550.0],0.0008115152],
[[1500.0,600.0,600.0],0.0009199013],
[[1500.0,650.0,650.0],0.000959108],
[[1500.0,700.0,700.0],0.0009004879],
[[1500.0,750.0,750.0],0.0008587717],
[[1550.0,1.0,1.0],0.0008210469],
[[1550.0,75.0,75.0],0.0008959773],
[[1550.0,150.0,150.0],0.0008670833],
[[1550.0,200.0,200.0],0.0008314156],
[[1550.0,250.0,250.0],0.0008394046],
[[1550.0,300.0,300.0],0.0009195654],
[[1550.0,350.0,350.0],0.0008907633],
[[1550.0,400.0,400.0],0.0009627398],
[[1550.0,450.0,450.0],0.0009734158],
[[1550.0,500.0,500.0],0.0008590898],
[[1550.0,550.0,550.0],0.0009295204],
[[1550.0,600.0,600.0],0.0008944386],
[[1550.0,650.0,650.0],0.001003759],
[[1550.0,700.0,700.0],0.0008240483],
[[1550.0,750.0,750.0],0.0009287997],
[[1600.0,1.0,1.0],0.0008382691],
[[1600.0,75.0,75.0],0.0008867098],
[[1600.0,150.0,150.0],0.000917964],
[[1600.0,200.0,200.0],0.0009363486],
[[1600.0,250.0,250.0],0.0009094939],
[[1600.0,300.0,300.0],0.0009203046],
[[1600.0,350.0,350.0],0.0008758507],
[[1600.0,400.0,400.0],0.0008526155],
[[1600.0,450.0,450.0],0.0009872337],
[[1600.0,500.0,500.0],0.0009127992],
[[1600.0,550.0,550.0],0.0009594394],
[[1600.0,600.0,600.0],0.001045787],
[[1600.0,650.0,650.0],0.0009611195],
[[1600.0,700.0,700.0],0.0009389917],
[[1600.0,750.0,750.0],0.0008817548],
[[1650.0,1.0,1.0],0.0008442136],
[[1650.0,75.0,75.0],0.0008696667],
[[1650.0,150.0,150.0],0.0009941123],
[[1650.0,200.0,200.0],0.0009162706],
[[1650.0,250.0,250.0],0.0009054013],
[[1650.0,300.0,300.0],0.0008660633],
[[1650.0,350.0,350.0],0.0009024676],
[[1650.0,400.0,400.0],0.000889469],
[[1650.0,450.0,450.0],0.0009067369],
[[1650.0,500.0,500.0],0.0009396816],
[[1650.0,550.0,550.0],0.001022601],
[[1650.0,600.0,600.0],0.0008840128],
[[1650.0,650.0,650.0],0.00102205],
[[1650.0,700.0,700.0],0.0009807443],
[[1650.0,750.0,750.0],0.0008607961],
[[1650.0,800.0,800.0],0.0009367613],
[[1700.0,1.0,1.0],0.0008969849],
[[1700.0,75.0,75.0],0.0009115737],
[[1700.0,150.0,150.0],0.000960238],
[[1700.0,200.0,200.0],0.00109651],
[[1700.0,250.0,250.0],0.001020972],
[[1700.0,300.0,300.0],0.0009761255],
[[1700.0,350.0,350.0],0.0009686497],
[[1700.0,400.0,400.0],0.0009163153],
[[1700.0,450.0,450.0],0.0009266849],
[[1700.0,500.0,500.0],0.0009853179],
[[1700.0,550.0,550.0],0.0009666377],
[[1700.0,600.0,600.0],0.000971151],
[[1700.0,650.0,650.0],0.001035644],
[[1700.0,700.0,700.0],0.0009186846],
[[1700.0,750.0,750.0],0.001053204],
[[1700.0,800.0,800.0],0.001110097],
[[1750.0,1.0,1.0],0.0009092592],
[[1750.0,10.0,10.0],0.0008992318],
[[1750.0,75.0,75.0],0.0008601621],
[[1750.0,150.0,150.0],0.0009349787],
[[1750.0,200.0,200.0],0.0008706716],
[[1750.0,250.0,250.0],0.001048652],
[[1750.0,300.0,300.0],0.0009635363],
[[1750.0,350.0,350.0],0.0009845592],
[[1750.0,400.0,400.0],0.0009661726],
[[1750.0,450.0,450.0],0.001059801],
[[1750.0,500.0,500.0],0.001082457],
[[1750.0,550.0,550.0],0.0009588474],
[[1750.0,600.0,600.0],0.001068163],
[[1750.0,650.0,650.0],0.001003505],
[[1750.0,700.0,700.0],0.001049782],
[[1750.0,750.0,750.0],0.0009559892],
[[1750.0,800.0,800.0],0.0009073926],
[[1750.0,850.0,850.0],0.00099331],
[[1800.0,1.0,1.0],0.0009153996],
[[1800.0,75.0,75.0],0.0008587251],
[[1800.0,150.0,150.0],0.0008790399],
[[1800.0,200.0,200.0],0.0008756018],
[[1800.0,250.0,250.0],0.0009003386],
[[1800.0,300.0,300.0],0.0009844223],
[[1800.0,350.0,350.0],0.001009959],
[[1800.0,400.0,400.0],0.001061001],
[[1800.0,450.0,450.0],0.001004534],
[[1800.0,500.0,500.0],0.0009491159],
[[1800.0,550.0,550.0],0.0009611068],
[[1800.0,600.0,600.0],0.0009840349],
[[1800.0,650.0,650.0],0.0009902071],
[[1800.0,700.0,700.0],0.0009951679],
[[1800.0,750.0,750.0],0.00098194],
[[1800.0,800.0,800.0],0.0009808385],
[[1800.0,850.0,850.0],0.001062076],
[[1850.0,1.0,1.0],0.0009090535],
[[1850.0,75.0,75.0],0.0009111126],
[[1850.0,150.0,150.0],0.001032843],
[[1850.0,200.0,200.0],0.0009961223],
[[1850.0,250.0,250.0],0.001025518],
[[1850.0,300.0,300.0],0.00107494],
[[1850.0,350.0,350.0],0.001041862],
[[1850.0,400.0,400.0],0.0009891613],
[[1850.0,450.0,450.0],0.001036395],
[[1850.0,500.0,500.0],0.0009871101],
[[1850.0,550.0,550.0],0.001010048],
[[1850.0,600.0,600.0],0.0009722551],
[[1850.0,650.0,650.0],0.0009873331],
[[1850.0,700.0,700.0],0.001122182],
[[1850.0,750.0,750.0],0.001060555],
[[1850.0,800.0,800.0],0.001061499],
[[1850.0,850.0,850.0],0.001076162],
[[1850.0,900.0,900.0],0.001038059],
[[1900.0,1.0,1.0],0.0008968956],
[[1900.0,75.0,75.0],0.0009438272],
[[1900.0,150.0,150.0],0.001066897],
[[1900.0,200.0,200.0],0.0009974227],
[[1900.0,250.0,250.0],0.001027761],
[[1900.0,300.0,300.0],0.001018792],
[[1900.0,350.0,350.0],0.0009814425],
[[1900.0,400.0,400.0],0.0009243187],
[[1900.0,450.0,450.0],0.00105759],
[[1900.0,500.0,500.0],0.001008382],
[[1900.0,550.0,550.0],0.0009153046],
[[1900.0,600.0,600.0],0.001030057],
[[1900.0,650.0,650.0],0.001069163],
[[1900.0,700.0,700.0],0.001013993],
[[1900.0,750.0,750.0],0.001017993],
[[1900.0,800.0,800.0],0.001086593],
[[1900.0,850.0,850.0],0.001216508],
[[1900.0,900.0,900.0],0.001187155],
[[1950.0,1.0,1.0],0.0009793805],
[[1950.0,75.0,75.0],0.0009594299],
[[1950.0,150.0,150.0],0.0008840426],
[[1950.0,200.0,200.0],0.0009080068],
[[1950.0,250.0,250.0],0.001093603],
[[1950.0,300.0,300.0],0.00107859],
[[1950.0,350.0,350.0],0.001006489],
[[1950.0,400.0,400.0],0.001059663],
[[1950.0,450.0,450.0],0.001037437],
[[1950.0,500.0,500.0],0.001023696],
[[1950.0,550.0,550.0],0.0009618531],
[[1950.0,600.0,600.0],0.001058061],
[[1950.0,650.0,650.0],0.0010617],
[[1950.0,700.0,700.0],0.0009879876],
[[1950.0,750.0,750.0],0.001005525],
[[1950.0,800.0,800.0],0.001086712],
[[1950.0,850.0,850.0],0.001142243],
[[1950.0,900.0,900.0],0.001071616],
[[1950.0,950.0,950.0],0.001056011],
[[2000.0,1.0,1.0],0.001066263],
[[2000.0,75.0,75.0],0.001053932],
[[2000.0,150.0,150.0],0.001014575],
[[2000.0,200.0,200.0],0.001069064],
[[2000.0,250.0,250.0],0.001085846],
[[2000.0,300.0,300.0],0.001054776],
[[2000.0,350.0,350.0],0.0009598777],
[[2000.0,400.0,400.0],0.001035333],
[[2000.0,450.0,450.0],0.001163772],
[[2000.0,500.0,500.0],0.00110368],
[[2000.0,550.0,550.0],0.0009785947],
[[2000.0,600.0,600.0],0.001061675],
[[2000.0,650.0,650.0],0.001032247],
[[2000.0,700.0,700.0],0.001033485],
[[2000.0,750.0,750.0],0.001060541],
[[2000.0,800.0,800.0],0.001083936],
[[2000.0,850.0,850.0],0.001087966],
[[2000.0,900.0,900.0],0.001098404],
[[2000.0,950.0,950.0],0.001033863],
[[2250.0,1.0,1.0],0.00111438],
[[2250.0,75.0,75.0],0.001079943],
[[2250.0,150.0,150.0],0.001118512],
[[2250.0,300.0,300.0],0.00103807],
[[2250.0,500.0,500.0],0.001200359],
[[2250.0,750.0,750.0],0.00123389],
[[2250.0,1000.0,1000.0],0.001133584],
[[2500.0,1.0,1.0],0.001120998],
[[2500.0,75.0,75.0],0.001135295],
[[2500.0,150.0,150.0],0.001158545],
[[2500.0,300.0,300.0],0.001061773],
[[2500.0,500.0,500.0],0.001081996],
[[2500.0,750.0,750.0],0.001115021],
[[2500.0,1000.0,1000.0],0.001118585],
[[2500.0,1200.0,1200.0],0.001217198],
[[2750.0,1.0,1.0],0.001240085],
[[2750.0,75.0,75.0],0.001122779],
[[2750.0,150.0,150.0],0.00118814],
[[2750.0,300.0,300.0],0.001071484],
[[2750.0,500.0,500.0],0.001121976],
[[2750.0,750.0,750.0],0.001262535],
[[2750.0,1000.0,1000.0],0.001207955],
[[2750.0,1200.0,1200.0],0.001177648],
[[3000.0,1.0,1.0],0.001179841],
[[3000.0,75.0,75.0],0.001081951],
[[3000.0,150.0,150.0],0.00115679],
[[3000.0,300.0,300.0],0.00122528],
[[3000.0,500.0,500.0],0.001148365],
[[3000.0,750.0,750.0],0.001110279],
[[3000.0,1000.0,1000.0],0.001253563],
[[3000.0,1200.0,1200.0],0.001186131],
[[3000.0,1400.0,1400.0],0.001250821]]
