txName: TRS1
constraint: {(PV > H0(1)), (H0(1) > MET(2),MET(3))}
condition: None
conditionDescription: None
figureUrl: https://cms-results.web.cern.ch/cms-results/public-results/publications/EXO-20-004/CMS-EXO-20-004_Figure_009-a.png
source: https://doi.org/10.5281/zenodo.13324003
validated: True
axesMap: [{0: 'x', 1: '1.0', 2: '1.0'}, {0: 'x', 1: 'y', 2: 'y'}]
dataMap: {0: (1, 'mass', GeV), 1: (2, 'mass', GeV), 2: (3, 'mass', GeV)}
finalState: ['MET', 'MET']
intermediateState: None
efficiencyMap: [[[100.0,1.0,1.0],6.881677e-07],
[[100.0,10.0,10.0],6.760711e-07],
[[150.0,1.0,1.0],1.288636e-06],
[[150.0,50.0,50.0],1.948509e-06],
[[200.0,1.0,1.0],2.700178e-06],
[[200.0,50.0,50.0],2.369509e-06],
[[200.0,100.0,100.0],4.321714e-06],
[[250.0,1.0,1.0],3.852253e-06],
[[250.0,10.0,10.0],4.232971e-06],
[[250.0,50.0,50.0],4.133416e-06],
[[250.0,100.0,100.0],3.57167e-06],
[[300.0,1.0,1.0],4.790261e-06],
[[300.0,50.0,50.0],4.851156e-06],
[[300.0,100.0,100.0],4.771754e-06],
[[350.0,1.0,1.0],5.791753e-06],
[[350.0,50.0,50.0],6.050436e-06],
[[350.0,100.0,100.0],4.785469e-06],
[[350.0,150.0,150.0],5.261079e-06],
[[400.0,1.0,1.0],6.643156e-06],
[[400.0,50.0,50.0],5.334201e-06],
[[400.0,100.0,100.0],7.442701e-06],
[[400.0,150.0,150.0],6.883585e-06],
[[450.0,1.0,1.0],7.738778e-06],
[[450.0,50.0,50.0],9.817214e-06],
[[450.0,100.0,100.0],9.664378e-06],
[[450.0,150.0,150.0],8.223009e-06],
[[450.0,200.0,200.0],8.164778e-06],
[[500.0,1.0,1.0],1.1825e-05],
[[500.0,10.0,10.0],1.311445e-05],
[[500.0,50.0,50.0],1.494332e-05],
[[500.0,100.0,100.0],1.035419e-05],
[[500.0,150.0,150.0],1.45421e-05],
[[500.0,200.0,200.0],1.126441e-05],
[[550.0,1.0,1.0],1.531449e-05],
[[550.0,50.0,50.0],1.812368e-05],
[[550.0,100.0,100.0],1.746146e-05],
[[550.0,150.0,150.0],2.004563e-05],
[[550.0,200.0,200.0],1.847984e-05],
[[550.0,250.0,250.0],1.864131e-05],
[[600.0,1.0,1.0],2.296581e-05],
[[600.0,50.0,50.0],2.430132e-05],
[[600.0,100.0,100.0],2.237217e-05],
[[600.0,150.0,150.0],1.951928e-05],
[[600.0,200.0,200.0],2.717639e-05],
[[600.0,250.0,250.0],3.138915e-05],
[[650.0,1.0,1.0],3.152038e-05],
[[650.0,50.0,50.0],3.046136e-05],
[[650.0,100.0,100.0],3.119406e-05],
[[650.0,150.0,150.0],3.243193e-05],
[[650.0,200.0,200.0],4.099944e-05],
[[650.0,250.0,250.0],3.602741e-05],
[[650.0,300.0,300.0],4.17034e-05],
[[700.0,1.0,1.0],3.852199e-05],
[[700.0,50.0,50.0],3.811167e-05],
[[700.0,100.0,100.0],3.668439e-05],
[[700.0,150.0,150.0],4.229116e-05],
[[700.0,200.0,200.0],4.139871e-05],
[[700.0,250.0,250.0],4.818569e-05],
[[700.0,300.0,300.0],3.66002e-05],
[[750.0,1.0,1.0],4.579409e-05],
[[750.0,10.0,10.0],4.874308e-05],
[[750.0,50.0,50.0],4.565822e-05],
[[750.0,100.0,100.0],5.368234e-05],
[[750.0,150.0,150.0],4.897088e-05],
[[750.0,200.0,200.0],5.143033e-05],
[[750.0,250.0,250.0],4.713732e-05],
[[750.0,300.0,300.0],5.74516e-05],
[[750.0,350.0,350.0],5.775777e-05],
[[800.0,1.0,1.0],6.058619e-05],
[[800.0,150.0,150.0],6.982667e-05],
[[800.0,200.0,200.0],6.331616e-05],
[[800.0,250.0,250.0],5.756317e-05],
[[800.0,300.0,300.0],6.615573e-05],
[[800.0,350.0,350.0],6.569399e-05],
[[850.0,1.0,1.0],6.639458e-05],
[[850.0,150.0,150.0],7.426967e-05],
[[850.0,200.0,200.0],7.539922e-05],
[[850.0,250.0,250.0],6.598353e-05],
[[850.0,300.0,300.0],6.978653e-05],
[[850.0,350.0,350.0],8.208736e-05],
[[850.0,400.0,400.0],9.603339e-05],
[[900.0,1.0,1.0],7.203484e-05],
[[900.0,150.0,150.0],8.991332e-05],
[[900.0,200.0,200.0],9.873701e-05],
[[900.0,250.0,250.0],0.0001049322],
[[900.0,300.0,300.0],8.531406e-05],
[[900.0,350.0,350.0],9.078556e-05],
[[900.0,400.0,400.0],0.0001019167],
[[950.0,1.0,1.0],9.839263e-05],
[[950.0,150.0,150.0],0.0001137066],
[[950.0,200.0,200.0],9.70005e-05],
[[950.0,250.0,250.0],0.0001064316],
[[950.0,300.0,300.0],0.0001033742],
[[950.0,350.0,350.0],0.0001155097],
[[950.0,400.0,400.0],0.0001328817],
[[950.0,450.0,450.0],0.000129811],
[[1000.0,1.0,1.0],0.0001012302],
[[1000.0,10.0,10.0],0.0001085859],
[[1000.0,50.0,50.0],9.471712e-05],
[[1000.0,100.0,100.0],0.0001037148],
[[1000.0,150.0,150.0],0.0001062096],
[[1000.0,200.0,200.0],0.0001207889],
[[1000.0,250.0,250.0],0.0001254516],
[[1000.0,300.0,300.0],0.0001175402],
[[1000.0,350.0,350.0],0.0001223848],
[[1000.0,400.0,400.0],0.0001384171],
[[1000.0,450.0,450.0],0.0001545112],
[[1050.0,1.0,1.0],0.0001158134],
[[1050.0,150.0,150.0],0.0001340587],
[[1050.0,200.0,200.0],0.0001331588],
[[1050.0,250.0,250.0],0.0001338726],
[[1050.0,300.0,300.0],0.0001581228],
[[1050.0,350.0,350.0],0.0001663803],
[[1050.0,400.0,400.0],0.0001480153],
[[1050.0,450.0,450.0],0.0001638076],
[[1050.0,500.0,500.0],0.0001780234],
[[1100.0,1.0,1.0],0.0001324079],
[[1100.0,150.0,150.0],0.0001453334],
[[1100.0,200.0,200.0],0.0001490361],
[[1100.0,250.0,250.0],0.0001723665],
[[1100.0,300.0,300.0],0.0001751046],
[[1100.0,350.0,350.0],0.0001645714],
[[1100.0,400.0,400.0],0.0001705753],
[[1100.0,450.0,450.0],0.000191508],
[[1100.0,500.0,500.0],0.0001574928],
[[1150.0,1.0,1.0],0.0001643841],
[[1150.0,150.0,150.0],0.0001853425],
[[1150.0,200.0,200.0],0.0001790873],
[[1150.0,250.0,250.0],0.0001698017],
[[1150.0,300.0,300.0],0.0001910002],
[[1150.0,350.0,350.0],0.0001971407],
[[1150.0,400.0,400.0],0.0001981309],
[[1150.0,450.0,450.0],0.0001910266],
[[1150.0,500.0,500.0],0.0001994797],
[[1150.0,550.0,550.0],0.0002199286],
[[1200.0,1.0,1.0],0.0001695092],
[[1200.0,150.0,150.0],0.0002005881],
[[1200.0,200.0,200.0],0.0001625288],
[[1200.0,250.0,250.0],0.0001809995],
[[1200.0,300.0,300.0],0.0002284231],
[[1200.0,350.0,350.0],0.0002006246],
[[1200.0,400.0,400.0],0.0002100908],
[[1200.0,450.0,450.0],0.0002406786],
[[1200.0,500.0,500.0],0.0002181377],
[[1200.0,550.0,550.0],0.0002246055],
[[1250.0,1.0,1.0],0.0001588485],
[[1250.0,10.0,10.0],0.0001936444],
[[1250.0,50.0,50.0],0.0001765218],
[[1250.0,100.0,100.0],0.0001926109],
[[1250.0,150.0,150.0],0.0001918433],
[[1250.0,200.0,200.0],0.0002215775],
[[1250.0,250.0,250.0],0.0002138342],
[[1250.0,300.0,300.0],0.000186212],
[[1250.0,350.0,350.0],0.000189318],
[[1250.0,400.0,400.0],0.0002691007],
[[1250.0,450.0,450.0],0.0002045489],
[[1250.0,500.0,500.0],0.00023043],
[[1250.0,550.0,550.0],0.0002481492],
[[1250.0,600.0,600.0],0.0002814941],
[[1300.0,1.0,1.0],0.0001677925],
[[1300.0,150.0,150.0],0.0002224225],
[[1300.0,200.0,200.0],0.000206399],
[[1300.0,250.0,250.0],0.0002535401],
[[1300.0,300.0,300.0],0.0002279774],
[[1300.0,350.0,350.0],0.0002449821],
[[1300.0,400.0,400.0],0.0002307072],
[[1300.0,450.0,450.0],0.0002475146],
[[1300.0,500.0,500.0],0.0002495081],
[[1300.0,550.0,550.0],0.0003073487],
[[1300.0,600.0,600.0],0.0002745495],
[[1350.0,1.0,1.0],0.0002043582],
[[1350.0,150.0,150.0],0.0002152403],
[[1350.0,200.0,200.0],0.0002363716],
[[1350.0,250.0,250.0],0.0002593254],
[[1350.0,300.0,300.0],0.0002642782],
[[1350.0,350.0,350.0],0.000336031],
[[1350.0,400.0,400.0],0.0002546226],
[[1350.0,450.0,450.0],0.0002493783],
[[1350.0,500.0,500.0],0.0002439967],
[[1350.0,550.0,550.0],0.0003697083],
[[1350.0,600.0,600.0],0.0002770296],
[[1350.0,650.0,650.0],0.0003116641],
[[1400.0,1.0,1.0],0.0002213005],
[[1400.0,150.0,150.0],0.0002322833],
[[1400.0,200.0,200.0],0.0002414421],
[[1400.0,250.0,250.0],0.0003453216],
[[1400.0,300.0,300.0],0.0002847643],
[[1400.0,350.0,350.0],0.0002996244],
[[1400.0,400.0,400.0],0.0002787446],
[[1400.0,450.0,450.0],0.0002901934],
[[1400.0,500.0,500.0],0.0003691623],
[[1400.0,550.0,550.0],0.0003644529],
[[1400.0,600.0,600.0],0.0003402844],
[[1400.0,650.0,650.0],0.0003998125],
[[1450.0,1.0,1.0],0.0002115857],
[[1450.0,150.0,150.0],0.0002376521],
[[1450.0,200.0,200.0],0.0002788643],
[[1450.0,250.0,250.0],0.000391552],
[[1450.0,300.0,300.0],0.0002888677],
[[1450.0,350.0,350.0],0.0003215078],
[[1450.0,400.0,400.0],0.0003485743],
[[1450.0,450.0,450.0],0.0003152258],
[[1450.0,500.0,500.0],0.000302034],
[[1450.0,550.0,550.0],0.0003068341],
[[1450.0,600.0,600.0],0.0003643381],
[[1450.0,650.0,650.0],0.0004306955],
[[1450.0,700.0,700.0],0.0003877637],
[[1500.0,1.0,1.0],0.0002123742],
[[1500.0,10.0,10.0],0.0002755617],
[[1500.0,50.0,50.0],0.0002287309],
[[1500.0,100.0,100.0],0.000244924],
[[1500.0,150.0,150.0],0.000306818],
[[1500.0,200.0,200.0],0.0002852539],
[[1500.0,250.0,250.0],0.0002896802],
[[1500.0,300.0,300.0],0.0003282669],
[[1500.0,350.0,350.0],0.0006331406],
[[1500.0,400.0,400.0],0.0002728119],
[[1500.0,450.0,450.0],0.0003609969],
[[1500.0,500.0,500.0],0.000324341],
[[1500.0,550.0,550.0],0.0003754581],
[[1500.0,600.0,600.0],0.0004649955],
[[1500.0,650.0,650.0],0.0003849921],
[[1500.0,700.0,700.0],0.0003661025],
[[1500.0,750.0,750.0],0.0004118063],
[[1550.0,1.0,1.0],0.000280543],
[[1550.0,150.0,150.0],0.0003575871],
[[1550.0,200.0,200.0],0.000405453],
[[1550.0,250.0,250.0],0.0002965065],
[[1550.0,300.0,300.0],0.0003482389],
[[1550.0,350.0,350.0],0.0003811633],
[[1550.0,400.0,400.0],0.0003239715],
[[1550.0,450.0,450.0],0.0003642006],
[[1550.0,500.0,500.0],0.0003457566],
[[1550.0,550.0,550.0],0.0003883337],
[[1550.0,600.0,600.0],0.0007044096],
[[1550.0,650.0,650.0],0.0003602601],
[[1550.0,700.0,700.0],0.0004092022],
[[1550.0,750.0,750.0],0.0006460661],
[[1600.0,1.0,1.0],0.0002223887],
[[1600.0,150.0,150.0],0.0002931719],
[[1600.0,200.0,200.0],0.000319568],
[[1600.0,250.0,250.0],0.0003130461],
[[1600.0,300.0,300.0],0.000346731],
[[1600.0,350.0,350.0],0.0003700436],
[[1600.0,400.0,400.0],0.0003652137],
[[1600.0,450.0,450.0],0.0003752444],
[[1600.0,500.0,500.0],0.0003588454],
[[1600.0,550.0,550.0],0.0003707833],
[[1600.0,600.0,600.0],0.0004080141],
[[1600.0,650.0,650.0],0.0003598888],
[[1600.0,700.0,700.0],0.0004070755],
[[1600.0,750.0,750.0],0.0004227866],
[[1650.0,1.0,1.0],0.0002474391],
[[1650.0,150.0,150.0],0.0002974438],
[[1650.0,200.0,200.0],0.0003245459],
[[1650.0,250.0,250.0],0.0004303456],
[[1650.0,300.0,300.0],0.0004418631],
[[1650.0,350.0,350.0],0.0003471392],
[[1650.0,400.0,400.0],0.0003799924],
[[1650.0,450.0,450.0],0.0003832611],
[[1650.0,500.0,500.0],0.0004715707],
[[1650.0,550.0,550.0],0.0003940256],
[[1650.0,600.0,600.0],0.0005171079],
[[1650.0,650.0,650.0],0.0008098909],
[[1650.0,700.0,700.0],0.000537726],
[[1650.0,750.0,750.0],0.0004119631],
[[1650.0,800.0,800.0],0.0005659761],
[[1700.0,1.0,1.0],0.0002354569],
[[1700.0,150.0,150.0],0.0003854575],
[[1700.0,200.0,200.0],0.000347062],
[[1700.0,250.0,250.0],0.0003698488],
[[1700.0,300.0,300.0],0.0005562078],
[[1700.0,350.0,350.0],0.0003717758],
[[1700.0,400.0,400.0],0.000412063],
[[1700.0,450.0,450.0],0.0003976952],
[[1700.0,500.0,500.0],0.0004202025],
[[1700.0,550.0,550.0],0.0003802797],
[[1700.0,600.0,600.0],0.0004145031],
[[1700.0,650.0,650.0],0.0007109366],
[[1700.0,700.0,700.0],0.0004637344],
[[1700.0,750.0,750.0],0.0004346105],
[[1700.0,800.0,800.0],0.0004683961],
[[1750.0,1.0,1.0],0.0002585197],
[[1750.0,10.0,10.0],0.0002908401],
[[1750.0,50.0,50.0],0.0003148057],
[[1750.0,100.0,100.0],0.0002759535],
[[1750.0,150.0,150.0],0.0003466513],
[[1750.0,200.0,200.0],0.0003423482],
[[1750.0,250.0,250.0],0.0004099657],
[[1750.0,300.0,300.0],0.0004419087],
[[1750.0,350.0,350.0],0.0004054787],
[[1750.0,400.0,400.0],0.0004775609],
[[1750.0,450.0,450.0],0.000446955],
[[1750.0,500.0,500.0],0.0004734678],
[[1750.0,550.0,550.0],0.000459108],
[[1750.0,600.0,600.0],0.0005396649],
[[1750.0,650.0,650.0],0.0004517837],
[[1750.0,700.0,700.0],0.0005686479],
[[1750.0,750.0,750.0],0.0006665809],
[[1750.0,800.0,800.0],0.0004786115],
[[1750.0,850.0,850.0],0.0004918459],
[[1800.0,1.0,1.0],0.0002647773],
[[1800.0,150.0,150.0],0.0002744852],
[[1800.0,200.0,200.0],0.000409747],
[[1800.0,250.0,250.0],0.0004879874],
[[1800.0,300.0,300.0],0.0004089593],
[[1800.0,350.0,350.0],0.0003718923],
[[1800.0,400.0,400.0],0.0004706513],
[[1800.0,450.0,450.0],0.0004869732],
[[1800.0,500.0,500.0],0.0004589064],
[[1800.0,550.0,550.0],0.0007874045],
[[1800.0,600.0,600.0],0.0004677426],
[[1800.0,650.0,650.0],0.0008007371],
[[1800.0,700.0,700.0],0.0004963321],
[[1800.0,750.0,750.0],0.0004438188],
[[1800.0,800.0,800.0],0.000511139],
[[1800.0,850.0,850.0],0.0007185161],
[[1850.0,1.0,1.0],0.0002863944],
[[1850.0,150.0,150.0],0.0003011472],
[[1850.0,200.0,200.0],0.0003413907],
[[1850.0,250.0,250.0],0.0003524468],
[[1850.0,300.0,300.0],0.0003551592],
[[1850.0,350.0,350.0],0.000405789],
[[1850.0,400.0,400.0],0.0004003342],
[[1850.0,450.0,450.0],0.0004586469],
[[1850.0,500.0,500.0],0.0005537295],
[[1850.0,550.0,550.0],0.0004204969],
[[1850.0,600.0,600.0],0.0007919381],
[[1850.0,650.0,650.0],0.0004902408],
[[1850.0,700.0,700.0],0.0005804991],
[[1850.0,750.0,750.0],0.0005342388],
[[1850.0,800.0,800.0],0.0005100581],
[[1850.0,850.0,850.0],0.0005355043],
[[1850.0,900.0,900.0],0.0006050938],
[[1900.0,1.0,1.0],0.0002407015],
[[1900.0,150.0,150.0],0.0003298263],
[[1900.0,200.0,200.0],0.0005117056],
[[1900.0,250.0,250.0],0.0004158926],
[[1900.0,300.0,300.0],0.0005969585],
[[1900.0,350.0,350.0],0.0005912252],
[[1900.0,400.0,400.0],0.0004781399],
[[1900.0,450.0,450.0],0.0004671611],
[[1900.0,500.0,500.0],0.0005221132],
[[1900.0,550.0,550.0],0.0004953396],
[[1900.0,600.0,600.0],0.0005300771],
[[1900.0,650.0,650.0],0.0004853213],
[[1900.0,700.0,700.0],0.0005057175],
[[1900.0,750.0,750.0],0.0007516234],
[[1900.0,800.0,800.0],0.0005520785],
[[1900.0,850.0,850.0],0.0005571996],
[[1900.0,900.0,900.0],0.0005676298],
[[1950.0,1.0,1.0],0.0002702062],
[[1950.0,150.0,150.0],0.0003151329],
[[1950.0,200.0,200.0],0.0003700112],
[[1950.0,250.0,250.0],0.0004116244],
[[1950.0,300.0,300.0],0.0004511352],
[[1950.0,350.0,350.0],0.0004574529],
[[1950.0,400.0,400.0],0.0005243377],
[[1950.0,450.0,450.0],0.0004563699],
[[1950.0,500.0,500.0],0.0004882153],
[[1950.0,550.0,550.0],0.0005138581],
[[1950.0,600.0,600.0],0.0005030629],
[[1950.0,650.0,650.0],0.0006979555],
[[1950.0,700.0,700.0],0.0006220308],
[[1950.0,750.0,750.0],0.0006429166],
[[1950.0,800.0,800.0],0.0005062117],
[[1950.0,850.0,850.0],0.0007634781],
[[1950.0,900.0,900.0],0.0005229292],
[[1950.0,950.0,950.0],0.0005846533],
[[2000.0,1.0,1.0],0.0002898515],
[[2000.0,10.0,10.0],0.0002637765],
[[2000.0,50.0,50.0],0.0002507226],
[[2000.0,100.0,100.0],0.0003113366],
[[2000.0,150.0,150.0],0.000333048],
[[2000.0,200.0,200.0],0.0003227421],
[[2000.0,250.0,250.0],0.0004103765],
[[2000.0,300.0,300.0],0.000388195],
[[2000.0,350.0,350.0],0.0004834372],
[[2000.0,400.0,400.0],0.0004784004],
[[2000.0,450.0,450.0],0.0005063006],
[[2000.0,500.0,500.0],0.0005347949],
[[2000.0,550.0,550.0],0.0006508471],
[[2000.0,600.0,600.0],0.0005478004],
[[2000.0,650.0,650.0],0.000493917],
[[2000.0,700.0,700.0],0.0005962633],
[[2000.0,750.0,750.0],0.0005680315],
[[2000.0,800.0,800.0],0.000664231],
[[2000.0,850.0,850.0],0.0006737437],
[[2000.0,900.0,900.0],0.000622845],
[[2000.0,950.0,950.0],0.0005419452],
[[2250.0,1.0,1.0],0.0002554493],
[[2250.0,10.0,10.0],0.0002320281],
[[2250.0,50.0,50.0],0.000264578],
[[2250.0,100.0,100.0],0.000306369],
[[2250.0,150.0,150.0],0.0003548702],
[[2250.0,300.0,300.0],0.0005867044],
[[2250.0,500.0,500.0],0.000708585],
[[2250.0,750.0,750.0],0.0006926743],
[[2250.0,1000.0,1000.0],0.0006142317],
[[2500.0,1.0,1.0],0.0002063623],
[[2500.0,10.0,10.0],0.0002399029],
[[2500.0,50.0,50.0],0.0002060144],
[[2500.0,100.0,100.0],0.000259026],
[[2500.0,150.0,150.0],0.0003363764],
[[2500.0,300.0,300.0],0.0005763486],
[[2500.0,500.0,500.0],0.0005912823],
[[2500.0,750.0,750.0],0.0006867567],
[[2500.0,1000.0,1000.0],0.0007324003],
[[2500.0,1200.0,1200.0],0.0008477523],
[[2750.0,1.0,1.0],0.0001769665],
[[2750.0,10.0,10.0],0.0001775489],
[[2750.0,50.0,50.0],0.0001737295],
[[2750.0,100.0,100.0],0.0002154979],
[[2750.0,150.0,150.0],0.0003522962],
[[2750.0,300.0,300.0],0.000467326],
[[2750.0,500.0,500.0],0.0006718232],
[[2750.0,750.0,750.0],0.0007376414],
[[2750.0,1000.0,1000.0],0.0008322333],
[[2750.0,1200.0,1200.0],0.0009896704],
[[3000.0,1.0,1.0],0.0001704309],
[[3000.0,10.0,10.0],0.0001356972],
[[3000.0,50.0,50.0],0.0001660301],
[[3000.0,100.0,100.0],0.0002052116],
[[3000.0,150.0,150.0],0.0002662798],
[[3000.0,300.0,300.0],0.0004862058],
[[3000.0,500.0,500.0],0.000683638],
[[3000.0,750.0,750.0],0.0008282169],
[[3000.0,1000.0,1000.0],0.000875916],
[[3000.0,1200.0,1200.0],0.0009820997],
[[3000.0,1400.0,1400.0],0.0009420448]]
