txName: TRV1
constraint: {(PV > Zprime(1)), (Zprime(1) > MET(2),MET(3))}
condition: None
conditionDescription: None
figureUrl: https://cms-results.web.cern.ch/cms-results/public-results/publications/EXO-20-004/CMS-EXO-20-004_Figure_007-b.png
source: https://doi.org/10.5281/zenodo.13324003
validated: True
axesMap: [{0: 'x', 1: 'y', 2: 'y'}]
dataMap: {0: (1, 'mass', GeV), 1: (2, 'mass', GeV), 2: (3, 'mass', GeV)}
finalState: ['MET', 'MET']
intermediateState: None
efficiencyMap: [[[50.0,1.0,1.0],1.435322e-08],
[[100.0,1.0,1.0],8.005627e-08],
[[100.0,10.0,10.0],5.914916e-08],
[[150.0,1.0,1.0],3.829746e-07],
[[150.0,75.0,75.0],3.5748e-07],
[[200.0,1.0,1.0],8.347765e-07],
[[200.0,75.0,75.0],1.291744e-06],
[[250.0,1.0,1.0],1.527877e-06],
[[250.0,10.0,10.0],1.71937e-06],
[[250.0,75.0,75.0],2.178961e-06],
[[300.0,1.0,1.0],2.854538e-06],
[[300.0,75.0,75.0],3.565116e-06],
[[350.0,1.0,1.0],5.056128e-06],
[[350.0,75.0,75.0],5.237756e-06],
[[350.0,150.0,150.0],6.324827e-06],
[[400.0,1.0,1.0],6.907675e-06],
[[400.0,75.0,75.0],6.938752e-06],
[[400.0,150.0,150.0],7.196788e-06],
[[450.0,1.0,1.0],9.615373e-06],
[[450.0,75.0,75.0],9.866929e-06],
[[450.0,150.0,150.0],1.026781e-05],
[[450.0,200.0,200.0],1.317126e-05],
[[500.0,1.0,1.0],1.218407e-05],
[[500.0,10.0,10.0],1.130609e-05],
[[500.0,75.0,75.0],1.559422e-05],
[[500.0,150.0,150.0],1.363762e-05],
[[500.0,200.0,200.0],1.212905e-05],
[[550.0,1.0,1.0],1.443747e-05],
[[550.0,75.0,75.0],2.013626e-05],
[[550.0,150.0,150.0],1.832042e-05],
[[550.0,200.0,200.0],1.58279e-05],
[[550.0,250.0,250.0],2.0766e-05],
[[600.0,1.0,1.0],1.927958e-05],
[[600.0,75.0,75.0],2.038107e-05],
[[600.0,150.0,150.0],2.302413e-05],
[[600.0,200.0,200.0],2.339524e-05],
[[600.0,250.0,250.0],1.954011e-05],
[[650.0,1.0,1.0],2.663346e-05],
[[650.0,75.0,75.0],2.333576e-05],
[[650.0,150.0,150.0],2.272069e-05],
[[650.0,200.0,200.0],2.833513e-05],
[[650.0,250.0,250.0],2.663504e-05],
[[650.0,300.0,300.0],3.196592e-05],
[[700.0,1.0,1.0],2.667717e-05],
[[700.0,75.0,75.0],3.071384e-05],
[[700.0,150.0,150.0],3.097264e-05],
[[700.0,200.0,200.0],2.965914e-05],
[[700.0,250.0,250.0],2.919856e-05],
[[700.0,300.0,300.0],3.76026e-05],
[[750.0,1.0,1.0],3.372797e-05],
[[750.0,10.0,10.0],3.260359e-05],
[[750.0,75.0,75.0],3.728806e-05],
[[750.0,150.0,150.0],3.570537e-05],
[[750.0,200.0,200.0],4.217619e-05],
[[750.0,250.0,250.0],3.714412e-05],
[[750.0,300.0,300.0],3.862446e-05],
[[750.0,350.0,350.0],3.279959e-05],
[[800.0,1.0,1.0],3.799211e-05],
[[800.0,75.0,75.0],4.357669e-05],
[[800.0,150.0,150.0],4.133839e-05],
[[800.0,200.0,200.0],4.162565e-05],
[[800.0,250.0,250.0],3.684902e-05],
[[800.0,300.0,300.0],4.091139e-05],
[[800.0,350.0,350.0],4.487469e-05],
[[850.0,1.0,1.0],4.502953e-05],
[[850.0,75.0,75.0],4.008393e-05],
[[850.0,150.0,150.0],4.448546e-05],
[[850.0,200.0,200.0],4.724646e-05],
[[850.0,250.0,250.0],3.892572e-05],
[[850.0,300.0,300.0],4.530285e-05],
[[850.0,350.0,350.0],5.445759e-05],
[[850.0,400.0,400.0],5.504817e-05],
[[900.0,1.0,1.0],5.044731e-05],
[[900.0,75.0,75.0],5.902795e-05],
[[900.0,150.0,150.0],3.799483e-05],
[[900.0,200.0,200.0],4.907162e-05],
[[900.0,250.0,250.0],5.566051e-05],
[[900.0,300.0,300.0],5.443169e-05],
[[900.0,350.0,350.0],5.183622e-05],
[[900.0,400.0,400.0],6.40968e-05],
[[950.0,1.0,1.0],5.727756e-05],
[[950.0,75.0,75.0],5.375157e-05],
[[950.0,150.0,150.0],6.520948e-05],
[[950.0,200.0,200.0],5.334174e-05],
[[950.0,250.0,250.0],5.740257e-05],
[[950.0,300.0,300.0],5.402174e-05],
[[950.0,350.0,350.0],5.246297e-05],
[[950.0,400.0,400.0],5.825797e-05],
[[950.0,450.0,450.0],6.466945e-05],
[[1000.0,1.0,1.0],5.825806e-05],
[[1000.0,10.0,10.0],5.549581e-05],
[[1000.0,75.0,75.0],6.824969e-05],
[[1000.0,150.0,150.0],6.129294e-05],
[[1000.0,200.0,200.0],6.621677e-05],
[[1000.0,250.0,250.0],6.243192e-05],
[[1000.0,300.0,300.0],6.241384e-05],
[[1000.0,350.0,350.0],8.719313e-05],
[[1000.0,400.0,400.0],6.492202e-05],
[[1000.0,450.0,450.0],5.707532e-05],
[[1050.0,1.0,1.0],6.747692e-05],
[[1050.0,75.0,75.0],7.625329e-05],
[[1050.0,150.0,150.0],8.473333e-05],
[[1050.0,200.0,200.0],6.733745e-05],
[[1050.0,250.0,250.0],6.500357e-05],
[[1050.0,300.0,300.0],6.642794e-05],
[[1050.0,350.0,350.0],6.974467e-05],
[[1050.0,400.0,400.0],6.709178e-05],
[[1050.0,450.0,450.0],7.322656e-05],
[[1050.0,500.0,500.0],6.920155e-05],
[[1100.0,1.0,1.0],7.657255e-05],
[[1100.0,75.0,75.0],7.570492e-05],
[[1100.0,150.0,150.0],0.0001094337],
[[1100.0,200.0,200.0],6.833599e-05],
[[1100.0,250.0,250.0],7.17339e-05],
[[1100.0,300.0,300.0],0.0001158017],
[[1100.0,350.0,350.0],7.139445e-05],
[[1100.0,400.0,400.0],6.256462e-05],
[[1100.0,450.0,450.0],8.877153e-05],
[[1100.0,500.0,500.0],8.805182e-05],
[[1150.0,1.0,1.0],8.071995e-05],
[[1150.0,75.0,75.0],8.378069e-05],
[[1150.0,150.0,150.0],8.500029e-05],
[[1150.0,200.0,200.0],8.20162e-05],
[[1150.0,250.0,250.0],7.493244e-05],
[[1150.0,300.0,300.0],7.62314e-05],
[[1150.0,350.0,350.0],7.721457e-05],
[[1150.0,400.0,400.0],8.018535e-05],
[[1150.0,450.0,450.0],8.413463e-05],
[[1150.0,500.0,500.0],8.263093e-05],
[[1150.0,550.0,550.0],9.311867e-05],
[[1200.0,1.0,1.0],8.924818e-05],
[[1200.0,75.0,75.0],7.801897e-05],
[[1200.0,150.0,150.0],8.080456e-05],
[[1200.0,200.0,200.0],9.589021e-05],
[[1200.0,250.0,250.0],8.728327e-05],
[[1200.0,300.0,300.0],9.287271e-05],
[[1200.0,350.0,350.0],8.544158e-05],
[[1200.0,400.0,400.0],9.132634e-05],
[[1200.0,450.0,450.0],8.989123e-05],
[[1200.0,500.0,500.0],9.337266e-05],
[[1200.0,550.0,550.0],9.088846e-05],
[[1250.0,1.0,1.0],8.803407e-05],
[[1250.0,10.0,10.0],9.229726e-05],
[[1250.0,75.0,75.0],9.165291e-05],
[[1250.0,150.0,150.0],9.032174e-05],
[[1250.0,200.0,200.0],7.219736e-05],
[[1250.0,250.0,250.0],0.0001081665],
[[1250.0,300.0,300.0],0.0001015747],
[[1250.0,350.0,350.0],0.0001029948],
[[1250.0,400.0,400.0],9.327846e-05],
[[1250.0,450.0,450.0],0.0001103943],
[[1250.0,500.0,500.0],0.0001155186],
[[1250.0,550.0,550.0],9.588233e-05],
[[1250.0,600.0,600.0],9.825515e-05],
[[1300.0,1.0,1.0],0.0001181689],
[[1300.0,75.0,75.0],0.0001028857],
[[1300.0,150.0,150.0],0.0001026028],
[[1300.0,200.0,200.0],0.0001329529],
[[1300.0,250.0,250.0],0.0001001417],
[[1300.0,300.0,300.0],9.952817e-05],
[[1300.0,350.0,350.0],0.0001007926],
[[1300.0,400.0,400.0],9.969054e-05],
[[1300.0,450.0,450.0],0.0001378076],
[[1300.0,500.0,500.0],0.0001120918],
[[1300.0,550.0,550.0],0.000107457],
[[1300.0,600.0,600.0],0.0001349949],
[[1350.0,1.0,1.0],9.304624e-05],
[[1350.0,75.0,75.0],0.0001031722],
[[1350.0,150.0,150.0],0.0001063905],
[[1350.0,200.0,200.0],0.0001222304],
[[1350.0,250.0,250.0],9.646907e-05],
[[1350.0,300.0,300.0],9.400796e-05],
[[1350.0,350.0,350.0],0.0001041906],
[[1350.0,400.0,400.0],0.0001165953],
[[1350.0,450.0,450.0],0.0001110325],
[[1350.0,500.0,500.0],9.966405e-05],
[[1350.0,550.0,550.0],0.0001151625],
[[1350.0,600.0,600.0],0.0001119979],
[[1350.0,650.0,650.0],0.0001068451],
[[1400.0,1.0,1.0],0.0001005774],
[[1400.0,75.0,75.0],0.000125876],
[[1400.0,150.0,150.0],0.0001083946],
[[1400.0,200.0,200.0],0.0001214135],
[[1400.0,250.0,250.0],0.0001134177],
[[1400.0,300.0,300.0],0.0001076862],
[[1400.0,350.0,350.0],0.0001511649],
[[1400.0,400.0,400.0],0.0001195845],
[[1400.0,450.0,450.0],0.0001272996],
[[1400.0,500.0,500.0],0.0001325088],
[[1400.0,550.0,550.0],0.0001173911],
[[1400.0,600.0,600.0],0.0001158148],
[[1400.0,650.0,650.0],0.0001298536],
[[1450.0,1.0,1.0],0.0001301165],
[[1450.0,75.0,75.0],0.00010264],
[[1450.0,150.0,150.0],0.0001236691],
[[1450.0,200.0,200.0],9.602229e-05],
[[1450.0,250.0,250.0],0.000133266],
[[1450.0,300.0,300.0],0.0001249199],
[[1450.0,350.0,350.0],0.0001519855],
[[1450.0,400.0,400.0],0.0001129832],
[[1450.0,450.0,450.0],0.0001579182],
[[1450.0,500.0,500.0],0.0001181097],
[[1450.0,550.0,550.0],0.0001470855],
[[1450.0,600.0,600.0],0.0001187864],
[[1450.0,650.0,650.0],0.0001211344],
[[1450.0,700.0,700.0],0.0001326092],
[[1500.0,1.0,1.0],0.0001305007],
[[1500.0,10.0,10.0],0.0001157434],
[[1500.0,75.0,75.0],0.0001201676],
[[1500.0,150.0,150.0],0.0001413513],
[[1500.0,200.0,200.0],0.000126943],
[[1500.0,250.0,250.0],0.0001234585],
[[1500.0,300.0,300.0],0.0001225926],
[[1500.0,350.0,350.0],0.0001596088],
[[1500.0,400.0,400.0],0.0001188446],
[[1500.0,450.0,450.0],0.0001263532],
[[1500.0,500.0,500.0],0.0001232368],
[[1500.0,550.0,550.0],0.0001468149],
[[1500.0,600.0,600.0],0.0001399117],
[[1500.0,650.0,650.0],0.0001381602],
[[1500.0,700.0,700.0],0.0001320519],
[[1500.0,750.0,750.0],0.0001316972],
[[1550.0,1.0,1.0],0.0001386295],
[[1550.0,75.0,75.0],0.0001213468],
[[1550.0,150.0,150.0],0.0001200318],
[[1550.0,200.0,200.0],0.0001199371],
[[1550.0,250.0,250.0],0.000149147],
[[1550.0,300.0,300.0],0.0001224393],
[[1550.0,350.0,350.0],0.0001327516],
[[1550.0,400.0,400.0],0.0001329958],
[[1550.0,450.0,450.0],0.000145744],
[[1550.0,500.0,500.0],0.0001391448],
[[1550.0,550.0,550.0],0.0001381351],
[[1550.0,600.0,600.0],0.0001378072],
[[1550.0,650.0,650.0],0.0001372244],
[[1550.0,700.0,700.0],0.0001460602],
[[1550.0,750.0,750.0],0.0001375529],
[[1600.0,1.0,1.0],0.0001281856],
[[1600.0,75.0,75.0],0.0001413322],
[[1600.0,150.0,150.0],0.0001406142],
[[1600.0,200.0,200.0],0.0001522722],
[[1600.0,250.0,250.0],0.0001429089],
[[1600.0,300.0,300.0],0.0001242663],
[[1600.0,350.0,350.0],0.000132515],
[[1600.0,400.0,400.0],0.0001225495],
[[1600.0,450.0,450.0],0.0001565694],
[[1600.0,500.0,500.0],0.0001477353],
[[1600.0,550.0,550.0],0.0001397497],
[[1600.0,600.0,600.0],0.000169143],
[[1600.0,650.0,650.0],0.0001233867],
[[1600.0,700.0,700.0],0.0001641412],
[[1600.0,750.0,750.0],0.0001477374],
[[1650.0,1.0,1.0],0.0001236711],
[[1650.0,75.0,75.0],0.0001276751],
[[1650.0,150.0,150.0],0.0001553533],
[[1650.0,200.0,200.0],0.0001450254],
[[1650.0,250.0,250.0],0.0001343614],
[[1650.0,300.0,300.0],0.0001489772],
[[1650.0,350.0,350.0],0.0001295766],
[[1650.0,400.0,400.0],0.0001370663],
[[1650.0,450.0,450.0],0.000115467],
[[1650.0,500.0,500.0],0.0001648536],
[[1650.0,550.0,550.0],0.0001562835],
[[1650.0,600.0,600.0],0.0001286402],
[[1650.0,650.0,650.0],0.0001381691],
[[1650.0,700.0,700.0],0.0001330628],
[[1650.0,750.0,750.0],0.00016208],
[[1650.0,800.0,800.0],0.0001558362],
[[1700.0,1.0,1.0],0.0001227478],
[[1700.0,75.0,75.0],0.000146835],
[[1700.0,150.0,150.0],0.0001314138],
[[1700.0,200.0,200.0],0.0001206086],
[[1700.0,250.0,250.0],0.0001552824],
[[1700.0,300.0,300.0],0.000137601],
[[1700.0,350.0,350.0],0.0001285836],
[[1700.0,400.0,400.0],0.0001385985],
[[1700.0,450.0,450.0],0.000140094],
[[1700.0,500.0,500.0],0.0001616204],
[[1700.0,550.0,550.0],0.0001440209],
[[1700.0,600.0,600.0],0.0001626052],
[[1700.0,650.0,650.0],0.0001428544],
[[1700.0,700.0,700.0],0.0001584701],
[[1700.0,750.0,750.0],0.0001629084],
[[1700.0,800.0,800.0],0.0001524076],
[[1750.0,1.0,1.0],0.0001419781],
[[1750.0,10.0,10.0],0.000141499],
[[1750.0,75.0,75.0],0.0001335793],
[[1750.0,150.0,150.0],0.0001501547],
[[1750.0,200.0,200.0],0.0001387993],
[[1750.0,250.0,250.0],0.000145134],
[[1750.0,300.0,300.0],0.0001508582],
[[1750.0,350.0,350.0],0.0001408019],
[[1750.0,400.0,400.0],0.0001543108],
[[1750.0,450.0,450.0],0.0001711616],
[[1750.0,500.0,500.0],0.000122517],
[[1750.0,550.0,550.0],0.0001601535],
[[1750.0,600.0,600.0],0.0001548849],
[[1750.0,650.0,650.0],0.0002241688],
[[1750.0,700.0,700.0],0.0001712486],
[[1750.0,750.0,750.0],0.00014449],
[[1750.0,800.0,800.0],0.0001714465],
[[1750.0,850.0,850.0],0.0001674061],
[[1800.0,1.0,1.0],0.0001520158],
[[1800.0,75.0,75.0],0.0001241424],
[[1800.0,150.0,150.0],0.0001503691],
[[1800.0,200.0,200.0],0.000169278],
[[1800.0,250.0,250.0],0.0001847436],
[[1800.0,300.0,300.0],0.0001416678],
[[1800.0,350.0,350.0],0.0001358921],
[[1800.0,400.0,400.0],0.000133825],
[[1800.0,450.0,450.0],0.0001768078],
[[1800.0,500.0,500.0],0.0001572972],
[[1800.0,550.0,550.0],0.0001605721],
[[1800.0,600.0,600.0],0.0001289324],
[[1800.0,650.0,650.0],0.0001958257],
[[1800.0,700.0,700.0],0.0001769565],
[[1800.0,750.0,750.0],0.0002031372],
[[1800.0,800.0,800.0],0.000148735],
[[1800.0,850.0,850.0],0.0001823702],
[[1850.0,1.0,1.0],0.0001516896],
[[1850.0,75.0,75.0],0.0001473993],
[[1850.0,150.0,150.0],0.0001432402],
[[1850.0,200.0,200.0],0.0001500377],
[[1850.0,250.0,250.0],0.0001531683],
[[1850.0,300.0,300.0],0.0001617939],
[[1850.0,350.0,350.0],0.0001682244],
[[1850.0,400.0,400.0],0.0001714913],
[[1850.0,450.0,450.0],0.000142812],
[[1850.0,500.0,500.0],0.0001669561],
[[1850.0,550.0,550.0],0.0001872089],
[[1850.0,600.0,600.0],0.0001508707],
[[1850.0,650.0,650.0],0.000183463],
[[1850.0,700.0,700.0],0.0001682415],
[[1850.0,750.0,750.0],0.0001665245],
[[1850.0,800.0,800.0],0.0001583292],
[[1850.0,850.0,850.0],0.000160012],
[[1850.0,900.0,900.0],0.0001661655],
[[1900.0,1.0,1.0],0.0001436668],
[[1900.0,75.0,75.0],0.0001604586],
[[1900.0,150.0,150.0],0.0001392549],
[[1900.0,200.0,200.0],0.0001870924],
[[1900.0,250.0,250.0],0.0001676795],
[[1900.0,300.0,300.0],0.000159278],
[[1900.0,350.0,350.0],0.0001642898],
[[1900.0,400.0,400.0],0.0001642763],
[[1900.0,450.0,450.0],0.0001727783],
[[1900.0,500.0,500.0],0.0001682907],
[[1900.0,550.0,550.0],0.0001682818],
[[1900.0,600.0,600.0],0.0001575601],
[[1900.0,650.0,650.0],0.0001709811],
[[1900.0,700.0,700.0],0.0001633283],
[[1900.0,750.0,750.0],0.0001716955],
[[1900.0,800.0,800.0],0.0001693434],
[[1900.0,850.0,850.0],0.0001735937],
[[1900.0,900.0,900.0],0.0001674055],
[[1950.0,1.0,1.0],0.0001409069],
[[1950.0,75.0,75.0],0.0001690088],
[[1950.0,150.0,150.0],0.0001373624],
[[1950.0,200.0,200.0],0.0001485363],
[[1950.0,250.0,250.0],0.0001436072],
[[1950.0,300.0,300.0],0.0001461966],
[[1950.0,350.0,350.0],0.0001708502],
[[1950.0,400.0,400.0],0.0001578888],
[[1950.0,450.0,450.0],0.0001586032],
[[1950.0,500.0,500.0],0.0001753182],
[[1950.0,550.0,550.0],0.0001881629],
[[1950.0,600.0,600.0],0.0001849385],
[[1950.0,650.0,650.0],0.0001810275],
[[1950.0,700.0,700.0],0.000176063],
[[1950.0,750.0,750.0],0.0001839731],
[[1950.0,800.0,800.0],0.0001758298],
[[1950.0,850.0,850.0],0.0001779487],
[[1950.0,900.0,900.0],0.0001568566],
[[1950.0,950.0,950.0],0.0001816371],
[[2000.0,1.0,1.0],0.0001654925],
[[2000.0,75.0,75.0],0.0001701434],
[[2000.0,150.0,150.0],0.000180966],
[[2000.0,200.0,200.0],0.0001740728],
[[2000.0,250.0,250.0],0.000173291],
[[2000.0,300.0,300.0],0.0001865455],
[[2000.0,350.0,350.0],0.0001754021],
[[2000.0,400.0,400.0],0.0002024554],
[[2000.0,450.0,450.0],0.0001611335],
[[2000.0,500.0,500.0],0.0001686734],
[[2000.0,550.0,550.0],0.0001820021],
[[2000.0,600.0,600.0],0.0002034901],
[[2000.0,650.0,650.0],0.0002037979],
[[2000.0,700.0,700.0],0.0001792804],
[[2000.0,750.0,750.0],0.0002036795],
[[2000.0,800.0,800.0],0.0002058237],
[[2000.0,850.0,850.0],0.0001719051],
[[2000.0,900.0,900.0],0.000180048],
[[2000.0,950.0,950.0],0.0001818775],
[[2250.0,1.0,1.0],0.0002118081],
[[2250.0,75.0,75.0],0.0001462019],
[[2250.0,150.0,150.0],0.0002286859],
[[2250.0,300.0,300.0],0.0001818662],
[[2250.0,500.0,500.0],0.000187105],
[[2250.0,750.0,750.0],0.0001675781],
[[2250.0,1000.0,1000.0],0.0002054933],
[[2500.0,1.0,1.0],0.0002087746],
[[2500.0,75.0,75.0],0.0002075392],
[[2500.0,150.0,150.0],0.000215662],
[[2500.0,300.0,300.0],0.0001909393],
[[2500.0,500.0,500.0],0.0002242583],
[[2500.0,750.0,750.0],0.0002175793],
[[2500.0,1000.0,1000.0],0.0002127258],
[[2500.0,1200.0,1200.0],0.0002258658],
[[2750.0,1.0,1.0],0.0001926867],
[[2750.0,75.0,75.0],0.0002331404],
[[2750.0,150.0,150.0],0.0001990809],
[[2750.0,300.0,300.0],0.0001957235],
[[2750.0,500.0,500.0],0.0002168134],
[[2750.0,750.0,750.0],0.0001987619],
[[2750.0,1000.0,1000.0],0.0002204844],
[[2750.0,1200.0,1200.0],0.0002295741],
[[3000.0,1.0,1.0],0.0002186627],
[[3000.0,75.0,75.0],0.0002123747],
[[3000.0,150.0,150.0],0.0002258566],
[[3000.0,300.0,300.0],0.0001932993],
[[3000.0,500.0,500.0],0.000207212],
[[3000.0,750.0,750.0],0.0002238971],
[[3000.0,1000.0,1000.0],0.0002296223],
[[3000.0,1200.0,1200.0],0.000269104],
[[3000.0,1400.0,1400.0],0.0002190287]]
