txName: TRV1
constraint: {(PV > Zprime(1)), (Zprime(1) > MET(2),MET(3))}
condition: None
conditionDescription: None
figureUrl: None
source: Recast by CM2
validated: True
axesMap: [{0: 'x', 1: 'y', 2: 'y'}]
dataMap: {0: (1, 'mass', GeV), 1: (2, 'mass', GeV), 2: (3, 'mass', GeV)}
finalState: ['MET', 'MET']
intermediateState: None
efficiencyMap: [[[50.0,0,0],0.0],
[[50.0,1.0,1.0],0.0],
[[50.0,10.0,10.0],0.0],
[[50.0,20.0,20.0],0.0],
[[100.0,0,0],0.0],
[[100.0,1.0,1.0],0.0],
[[100.0,10.0,10.0],0.0],
[[150.0,0,0],0],
[[150.0,1.0,1.0],0.0],
[[150.0,10.0,10.0],0.0],
[[150.0,50.0,50.0],0],
[[150.0,70.0,70.0],0],
[[200.0,0,0],0.0],
[[200.0,1.0,1.0],0],
[[200.0,10.0,10.0],0],
[[200.0,50.0,50.0],0.0],
[[200.0,75.0,75.0],0],
[[250.0,0,0],0.0],
[[250.0,1.0,1.0],0],
[[250.0,10.0,10.0],0],
[[250.0,50.0,50.0],0],
[[250.0,75.0,75.0],0],
[[250.0,100.0,100.0],0],
[[250.0,120.0,120.0],0],
[[300.0,0,0],0],
[[300.0,1.0,1.0],0],
[[300.0,10.0,10.0],0],
[[300.0,50.0,50.0],0],
[[300.0,75.0,75.0],0.0],
[[300.0,100.0,100.0],0],
[[350.0,0,0],0],
[[350.0,1.0,1.0],0],
[[350.0,10.0,10.0],0.0],
[[350.0,50.0,50.0],0],
[[350.0,75.0,75.0],0],
[[350.0,100.0,100.0],0],
[[350.0,150.0,150.0],0],
[[350.0,170.0,170.0],0],
[[400.0,0,0],0],
[[400.0,1.0,1.0],0],
[[400.0,10.0,10.0],0],
[[400.0,50.0,50.0],0],
[[400.0,75.0,75.0],0],
[[400.0,100.0,100.0],0],
[[400.0,150.0,150.0],0],
[[450.0,0,0],0],
[[450.0,1.0,1.0],0],
[[450.0,10.0,10.0],0],
[[450.0,50.0,50.0],0],
[[450.0,75.0,75.0],0],
[[450.0,100.0,100.0],0],
[[450.0,150.0,150.0],0],
[[450.0,200.0,200.0],0],
[[450.0,220.0,220.0],0],
[[500.0,0,0],0],
[[500.0,1.0,1.0],0],
[[500.0,10.0,10.0],0],
[[500.0,50.0,50.0],0],
[[500.0,75.0,75.0],0],
[[500.0,100.0,100.0],0],
[[500.0,150.0,150.0],0],
[[500.0,200.0,200.0],0],
[[550.0,1.0,1.0],0],
[[550.0,10.0,10.0],0],
[[550.0,75.0,75.0],0],
[[550.0,150.0,150.0],0],
[[550.0,200.0,200.0],0],
[[550.0,250.0,250.0],0],
[[550.0,270.0,270.0],0],
[[600.0,0,0],0],
[[600.0,1.0,1.0],0],
[[600.0,10.0,10.0],0],
[[600.0,50.0,50.0],0],
[[600.0,75.0,75.0],0],
[[600.0,100.0,100.0],0],
[[600.0,150.0,150.0],0],
[[600.0,200.0,200.0],0],
[[600.0,250.0,250.0],0],
[[600.0,295.0,295.0],0],
[[650.0,1.0,1.0],0],
[[650.0,10.0,10.0],0],
[[650.0,75.0,75.0],0],
[[650.0,150.0,150.0],0],
[[650.0,200.0,200.0],0],
[[650.0,250.0,250.0],0],
[[650.0,300.0,300.0],0],
[[650.0,320.0,320.0],0],
[[700.0,0,0],0],
[[700.0,1.0,1.0],0],
[[700.0,10.0,10.0],0],
[[700.0,50.0,50.0],0],
[[700.0,75.0,75.0],0],
[[700.0,100.0,100.0],0],
[[700.0,150.0,150.0],0],
[[700.0,200.0,200.0],0],
[[700.0,250.0,250.0],0],
[[700.0,300.0,300.0],0],
[[750.0,1.0,1.0],0],
[[750.0,10.0,10.0],1.815385e-06],
[[750.0,75.0,75.0],0],
[[750.0,150.0,150.0],0],
[[750.0,200.0,200.0],0],
[[750.0,250.0,250.0],0],
[[750.0,300.0,300.0],0],
[[750.0,350.0,350.0],0],
[[750.0,370.0,370.0],0],
[[800.0,0,0],0],
[[800.0,1.0,1.0],0],
[[800.0,10.0,10.0],0],
[[800.0,50.0,50.0],0],
[[800.0,75.0,75.0],0],
[[800.0,100.0,100.0],0],
[[800.0,150.0,150.0],0],
[[800.0,200.0,200.0],0],
[[800.0,250.0,250.0],0],
[[800.0,300.0,300.0],0],
[[800.0,350.0,350.0],0],
[[850.0,1.0,1.0],0],
[[850.0,10.0,10.0],0],
[[850.0,75.0,75.0],0],
[[850.0,150.0,150.0],0],
[[850.0,200.0,200.0],0],
[[850.0,250.0,250.0],3.175286e-06],
[[850.0,300.0,300.0],2.497557e-06],
[[850.0,350.0,350.0],0],
[[850.0,400.0,400.0],1.875818e-06],
[[850.0,420.0,420.0],1.711025e-06],
[[900.0,0,0],1.780235e-06],
[[900.0,1.0,1.0],0],
[[900.0,10.0,10.0],0],
[[900.0,50.0,50.0],0],
[[900.0,75.0,75.0],2.669629e-06],
[[900.0,100.0,100.0],0],
[[900.0,150.0,150.0],0],
[[900.0,200.0,200.0],1.967127e-06],
[[900.0,250.0,250.0],0],
[[900.0,300.0,300.0],0],
[[900.0,350.0,350.0],0],
[[900.0,400.0,400.0],2.610745e-06],
[[950.0,1.0,1.0],0],
[[950.0,10.0,10.0],0],
[[950.0,75.0,75.0],1.657994e-06],
[[950.0,150.0,150.0],3.794374e-06],
[[950.0,200.0,200.0],1.956731e-06],
[[950.0,250.0,250.0],0],
[[950.0,300.0,300.0],0],
[[950.0,350.0,350.0],2.145383e-06],
[[950.0,400.0,400.0],1.760346e-06],
[[950.0,450.0,450.0],1.769989e-06],
[[950.0,470.0,470.0],3.869368e-06],
[[1000.0,0,0],0],
[[1000.0,50.0,50.0],2.37895e-06],
[[1000.0,100.0,100.0],2.261965e-06],
[[1000.0,150.0,150.0],1.720191e-06],
[[1000.0,200.0,200.0],0],
[[1000.0,250.0,250.0],0],
[[1000.0,300.0,300.0],1.784473e-06],
[[1000.0,350.0,350.0],1.915334e-06],
[[1000.0,400.0,400.0],1.83666e-06],
[[1000.0,450.0,450.0],2.232446e-06],
[[1050.0,520.0,520.0],0],
[[1100.0,0,0],3.090354e-06],
[[1100.0,100.0,100.0],2.502632e-06],
[[1100.0,200.0,200.0],2.985403e-06],
[[1100.0,300.0,300.0],2.613984e-06],
[[1100.0,400.0,400.0],2.068402e-06],
[[1100.0,500.0,500.0],0],
[[1150.0,570.0,570.0],3.842821e-06],
[[1200.0,0,0],3.54558e-06],
[[1200.0,100.0,100.0],2.407567e-06],
[[1200.0,200.0,200.0],2.830454e-06],
[[1200.0,300.0,300.0],4.636286e-06],
[[1200.0,400.0,400.0],2.574233e-06],
[[1200.0,500.0,500.0],4.016837e-06],
[[1250.0,620.0,620.0],4.468974e-06],
[[1300.0,0,0],3.681276e-06],
[[1300.0,100.0,100.0],4.735157e-06],
[[1300.0,200.0,200.0],3.759823e-06],
[[1300.0,300.0,300.0],2.783891e-06],
[[1300.0,400.0,400.0],4.264081e-06],
[[1300.0,500.0,500.0],4.93058e-06],
[[1300.0,600.0,600.0],2.992864e-06],
[[1350.0,670.0,670.0],4.168384e-06],
[[1400.0,0,0],3.657025e-06],
[[1400.0,100.0,100.0],4.10631e-06],
[[1400.0,200.0,200.0],6.107003e-06],
[[1400.0,300.0,300.0],4.743083e-06],
[[1400.0,400.0,400.0],5.237776e-06],
[[1400.0,500.0,500.0],3.286937e-06],
[[1400.0,600.0,600.0],5.36346e-06],
[[1450.0,720.0,720.0],5.249581e-06],
[[1500.0,0,0],4.542477e-06],
[[1500.0,100.0,100.0],6.157752e-06],
[[1500.0,200.0,200.0],4.052081e-06],
[[1500.0,300.0,300.0],6.579956e-06],
[[1500.0,400.0,400.0],3.09197e-06],
[[1500.0,500.0,500.0],5.213892e-06],
[[1500.0,600.0,600.0],2.75253e-06],
[[1500.0,700.0,700.0],5.803756e-06],
[[1550.0,770.0,770.0],8.045146e-06],
[[1600.0,0,0],5.05286e-06],
[[1600.0,100.0,100.0],4.58899e-06],
[[1600.0,200.0,200.0],4.230683e-06],
[[1600.0,300.0,300.0],5.741907e-06],
[[1600.0,400.0,400.0],4.236435e-06],
[[1600.0,500.0,500.0],8.151248e-06],
[[1600.0,600.0,600.0],6.033842e-06],
[[1600.0,700.0,700.0],6.380409e-06],
[[1650.0,820.0,820.0],7.235516e-06],
[[1700.0,0,0],4.778263e-06],
[[1700.0,100.0,100.0],3.912366e-06],
[[1700.0,200.0,200.0],6.587895e-06],
[[1700.0,300.0,300.0],7.899255e-06],
[[1700.0,400.0,400.0],6.901039e-06],
[[1700.0,500.0,500.0],5.358575e-06],
[[1700.0,600.0,600.0],5.869822e-06],
[[1700.0,700.0,700.0],5.908912e-06],
[[1700.0,800.0,800.0],1.724125e-05],
[[1750.0,870.0,870.0],5.642436e-06],
[[1800.0,0,0],7.995126e-06],
[[1800.0,100.0,100.0],7.929576e-06],
[[1800.0,200.0,200.0],6.802213e-06],
[[1800.0,300.0,300.0],7.97683e-06],
[[1800.0,400.0,400.0],8.064752e-06],
[[1800.0,500.0,500.0],1.087193e-05],
[[1800.0,600.0,600.0],7.457898e-06],
[[1800.0,700.0,700.0],9.770386e-06],
[[1800.0,800.0,800.0],1.328896e-05],
[[1850.0,920.0,920.0],4.916051e-06],
[[1900.0,0,0],6.112855e-06],
[[1900.0,100.0,100.0],6.68959e-06],
[[1900.0,200.0,200.0],5.005599e-06],
[[1900.0,300.0,300.0],7.637539e-06],
[[1900.0,400.0,400.0],7.394739e-06],
[[1900.0,500.0,500.0],1.292565e-05],
[[1900.0,600.0,600.0],6.760042e-06],
[[1900.0,700.0,700.0],8.533259e-06],
[[1900.0,800.0,800.0],8.229139e-06],
[[1900.0,900.0,900.0],7.680976e-06],
[[1950.0,970.0,970.0],7.684778e-06],
[[2000.0,0,0],7.970811e-06],
[[2000.0,100.0,100.0],7.719873e-06],
[[2000.0,200.0,200.0],7.350982e-06],
[[2000.0,300.0,300.0],5.464774e-06],
[[2000.0,400.0,400.0],1.948972e-05],
[[2000.0,500.0,500.0],1.39782e-05],
[[2000.0,600.0,600.0],1.203316e-05],
[[2000.0,700.0,700.0],1.139644e-05],
[[2000.0,800.0,800.0],7.329734e-06],
[[2000.0,900.0,900.0],6.847561e-06],
[[2050.0,1020.0,1020.0],1.07447e-05],
[[2100.0,0,0],6.734091e-06],
[[2100.0,100.0,100.0],7.401782e-06],
[[2100.0,200.0,200.0],2.029024e-05],
[[2100.0,300.0,300.0],1.00356e-05],
[[2100.0,400.0,400.0],1.378631e-05],
[[2100.0,500.0,500.0],5.927089e-06],
[[2100.0,600.0,600.0],9.47457e-06],
[[2100.0,700.0,700.0],9.629675e-06],
[[2100.0,800.0,800.0],7.481682e-06],
[[2100.0,900.0,900.0],1.051181e-05],
[[2100.0,1000.0,1000.0],1.37838e-05],
[[2150.0,1070.0,1070.0],5.110617e-06],
[[2200.0,0,0],9.35401e-06],
[[2200.0,100.0,100.0],1.048137e-05],
[[2200.0,200.0,200.0],1.027857e-05],
[[2200.0,300.0,300.0],9.529923e-06],
[[2200.0,400.0,400.0],7.288799e-06],
[[2200.0,500.0,500.0],1.353322e-05],
[[2200.0,600.0,600.0],7.890787e-06],
[[2200.0,700.0,700.0],1.181781e-05],
[[2200.0,800.0,800.0],1.227065e-05],
[[2200.0,900.0,900.0],9.540545e-06],
[[2200.0,1000.0,1000.0],1.059946e-05],
[[2250.0,1120.0,1120.0],1.19191e-05],
[[2300.0,0,0],1.184893e-05],
[[2300.0,100.0,100.0],1.185026e-05],
[[2300.0,200.0,200.0],9.785684e-06],
[[2300.0,300.0,300.0],1.040291e-05],
[[2300.0,400.0,400.0],2.041964e-05],
[[2300.0,500.0,500.0],1.160382e-05],
[[2300.0,600.0,600.0],1.76963e-05],
[[2300.0,700.0,700.0],8.004899e-06],
[[2300.0,800.0,800.0],1.16781e-05],
[[2300.0,900.0,900.0],6.708637e-06],
[[2300.0,1000.0,1000.0],1.006582e-05],
[[2300.0,1100.0,1100.0],1.086031e-05],
[[2350.0,1170.0,1170.0],1.029001e-05],
[[2400.0,0,0],8.164522e-06],
[[2400.0,100.0,100.0],9.238981e-06],
[[2400.0,200.0,200.0],1.336909e-05],
[[2400.0,300.0,300.0],1.104324e-05],
[[2400.0,400.0,400.0],1.482296e-05],
[[2400.0,500.0,500.0],1.001039e-05],
[[2400.0,600.0,600.0],1.678079e-05],
[[2400.0,700.0,700.0],1.592402e-05],
[[2400.0,800.0,800.0],8.390316e-06],
[[2400.0,900.0,900.0],1.270741e-05],
[[2400.0,1000.0,1000.0],8.867022e-06],
[[2400.0,1100.0,1100.0],1.393958e-05],
[[2450.0,1220.0,1220.0],1.191965e-05],
[[2500.0,0,0],1.443461e-05],
[[2500.0,100.0,100.0],1.185985e-05],
[[2500.0,200.0,200.0],8.455155e-06],
[[2500.0,300.0,300.0],1.240053e-05],
[[2500.0,400.0,400.0],1.091171e-05],
[[2500.0,500.0,500.0],1.156648e-05],
[[2500.0,600.0,600.0],8.786724e-06],
[[2500.0,700.0,700.0],1.369975e-05],
[[2500.0,800.0,800.0],1.173789e-05],
[[2500.0,900.0,900.0],1.67562e-05],
[[2500.0,1000.0,1000.0],1.31538e-05],
[[2500.0,1100.0,1100.0],1.316959e-05],
[[2500.0,1200.0,1200.0],1.361563e-05],
[[2550.0,1270.0,1270.0],1.827204e-05],
[[2600.0,0,0],1.506696e-05],
[[2600.0,100.0,100.0],1.293632e-05],
[[2600.0,200.0,200.0],1.096814e-05],
[[2600.0,300.0,300.0],1.035511e-05],
[[2600.0,400.0,400.0],1.108085e-05],
[[2600.0,500.0,500.0],1.083038e-05],
[[2600.0,600.0,600.0],1.013202e-05],
[[2600.0,700.0,700.0],1.172595e-05],
[[2600.0,800.0,800.0],1.206191e-05],
[[2600.0,900.0,900.0],9.588812e-06],
[[2600.0,1000.0,1000.0],1.362763e-05],
[[2600.0,1100.0,1100.0],1.44349e-05],
[[2600.0,1200.0,1200.0],1.681031e-05],
[[2650.0,1320.0,1320.0],1.273744e-05],
[[2700.0,0,0],1.211578e-05],
[[2700.0,100.0,100.0],8.094502e-06],
[[2700.0,200.0,200.0],1.395395e-05],
[[2700.0,300.0,300.0],1.126949e-05],
[[2700.0,400.0,400.0],1.250811e-05],
[[2700.0,500.0,500.0],1.173259e-05],
[[2700.0,600.0,600.0],1.084607e-05],
[[2700.0,700.0,700.0],9.937757e-06],
[[2700.0,800.0,800.0],1.473444e-05],
[[2700.0,900.0,900.0],1.055107e-05],
[[2700.0,1000.0,1000.0],1.114995e-05],
[[2700.0,1100.0,1100.0],8.429869e-06],
[[2700.0,1200.0,1200.0],1.403814e-05],
[[2700.0,1300.0,1300.0],1.294056e-05],
[[2750.0,1370.0,1370.0],1.517329e-05],
[[2800.0,0,0],1.040302e-05],
[[2800.0,100.0,100.0],1.149118e-05],
[[2800.0,200.0,200.0],1.310198e-05],
[[2800.0,300.0,300.0],1.011992e-05],
[[2800.0,400.0,400.0],1.360312e-05],
[[2800.0,500.0,500.0],1.257737e-05],
[[2800.0,600.0,600.0],8.546978e-06],
[[2800.0,700.0,700.0],9.03675e-06],
[[2800.0,800.0,800.0],1.666451e-05],
[[2800.0,900.0,900.0],1.183142e-05],
[[2800.0,1000.0,1000.0],1.606797e-05],
[[2800.0,1100.0,1100.0],1.459261e-05],
[[2800.0,1200.0,1200.0],2.194251e-05],
[[2800.0,1300.0,1300.0],9.433065e-06],
[[2850.0,1420.0,1420.0],1.565146e-05],
[[2900.0,0,0],8.952474e-06],
[[2900.0,100.0,100.0],9.426202e-06],
[[2900.0,200.0,200.0],9.630064e-06],
[[2900.0,300.0,300.0],1.678365e-05],
[[2900.0,400.0,400.0],1.18379e-05],
[[2900.0,500.0,500.0],2.14586e-05],
[[2900.0,600.0,600.0],1.01788e-05],
[[2900.0,700.0,700.0],1.821723e-05],
[[2900.0,800.0,800.0],1.855554e-05],
[[2900.0,900.0,900.0],5.72395e-06],
[[2900.0,1000.0,1000.0],1.266213e-05],
[[2900.0,1100.0,1100.0],1.694729e-05],
[[2900.0,1200.0,1200.0],1.679126e-05],
[[2900.0,1300.0,1300.0],1.24166e-05],
[[2900.0,1400.0,1400.0],1.839764e-05],
[[2950.0,1470.0,1470.0],1.115885e-05],
[[3000.0,0,0],7.805639e-06],
[[3000.0,100.0,100.0],1.208248e-05],
[[3000.0,200.0,200.0],7.977128e-06],
[[3000.0,300.0,300.0],1.315129e-05],
[[3000.0,400.0,400.0],9.901384e-06],
[[3000.0,500.0,500.0],1.468048e-05],
[[3000.0,600.0,600.0],1.040825e-05],
[[3000.0,700.0,700.0],1.42799e-05],
[[3000.0,800.0,800.0],1.313286e-05],
[[3000.0,900.0,900.0],1.392718e-05],
[[3000.0,1000.0,1000.0],1.251366e-05],
[[3000.0,1100.0,1100.0],1.444446e-05],
[[3000.0,1200.0,1200.0],1.383929e-05],
[[3000.0,1300.0,1300.0],1.456973e-05],
[[3000.0,1400.0,1400.0],2.332744e-05]]
