txName: TRS1
constraint: {(PV > H0(1)), (H0(1) > MET(2),MET(3))}
condition: None
conditionDescription: None
figureUrl: https://cms-results.web.cern.ch/cms-results/public-results/publications/EXO-20-004/CMS-EXO-20-004_Figure_009-a.png
source: https://doi.org/10.5281/zenodo.13324003
validated: True
axesMap: [{0: 'x', 1: '1.0', 2: '1.0'}, {0: 'x', 1: 'y', 2: 'y'}]
dataMap: {0: (1, 'mass', GeV), 1: (2, 'mass', GeV), 2: (3, 'mass', GeV)}
finalState: ['MET', 'MET']
intermediateState: None
efficiencyMap: [[[100.0,1.0,1.0],1.934037e-05],
[[100.0,10.0,10.0],1.844582e-05],
[[150.0,1.0,1.0],3.57656e-05],
[[150.0,50.0,50.0],3.776498e-05],
[[200.0,1.0,1.0],5.960697e-05],
[[200.0,50.0,50.0],6.222166e-05],
[[200.0,100.0,100.0],0.0001098625],
[[250.0,1.0,1.0],8.676294e-05],
[[250.0,10.0,10.0],8.242151e-05],
[[250.0,50.0,50.0],8.801046e-05],
[[250.0,100.0,100.0],8.13002e-05],
[[300.0,1.0,1.0],0.0001047901],
[[300.0,50.0,50.0],0.0001129507],
[[300.0,100.0,100.0],0.0001136522],
[[350.0,1.0,1.0],0.0001193924],
[[350.0,50.0,50.0],0.0001216798],
[[350.0,100.0,100.0],0.0001237013],
[[350.0,150.0,150.0],0.0001195264],
[[400.0,1.0,1.0],0.0001629927],
[[400.0,50.0,50.0],0.0001476717],
[[400.0,100.0,100.0],0.0001445644],
[[400.0,150.0,150.0],0.0001457394],
[[450.0,1.0,1.0],0.0001851896],
[[450.0,50.0,50.0],0.0001861016],
[[450.0,100.0,100.0],0.0001936576],
[[450.0,150.0,150.0],0.0001938487],
[[450.0,200.0,200.0],0.0001780691],
[[500.0,1.0,1.0],0.0002493551],
[[500.0,10.0,10.0],0.0002566955],
[[500.0,50.0,50.0],0.0002466612],
[[500.0,100.0,100.0],0.0002748833],
[[500.0,150.0,150.0],0.0002822066],
[[500.0,200.0,200.0],0.0002469341],
[[550.0,1.0,1.0],0.0003075747],
[[550.0,50.0,50.0],0.0003336232],
[[550.0,100.0,100.0],0.0004497105],
[[550.0,150.0,150.0],0.0002952458],
[[550.0,200.0,200.0],0.0002967831],
[[550.0,250.0,250.0],0.0003462966],
[[600.0,1.0,1.0],0.0003784948],
[[600.0,50.0,50.0],0.0003627021],
[[600.0,100.0,100.0],0.0004059833],
[[600.0,150.0,150.0],0.0004544741],
[[600.0,200.0,200.0],0.0004114741],
[[600.0,250.0,250.0],0.000469874],
[[650.0,1.0,1.0],0.0004421042],
[[650.0,50.0,50.0],0.0004545065],
[[650.0,100.0,100.0],0.0004425486],
[[650.0,150.0,150.0],0.0004722331],
[[650.0,200.0,200.0],0.0004146941],
[[650.0,250.0,250.0],0.0004931739],
[[650.0,300.0,300.0],0.0006828154],
[[700.0,1.0,1.0],0.0004991019],
[[700.0,50.0,50.0],0.0005621088],
[[700.0,100.0,100.0],0.0005508224],
[[700.0,150.0,150.0],0.0005321452],
[[700.0,200.0,200.0],0.0005516528],
[[700.0,250.0,250.0],0.0007069166],
[[700.0,300.0,300.0],0.0005864857],
[[750.0,1.0,1.0],0.0007177469],
[[750.0,10.0,10.0],0.0006353925],
[[750.0,50.0,50.0],0.000695692],
[[750.0,100.0,100.0],0.0006148035],
[[750.0,150.0,150.0],0.0006469412],
[[750.0,200.0,200.0],0.0006651802],
[[750.0,250.0,250.0],0.0006997435],
[[750.0,300.0,300.0],0.0006951884],
[[750.0,350.0,350.0],0.0006774947],
[[800.0,1.0,1.0],0.0006237237],
[[800.0,150.0,150.0],0.0007190468],
[[800.0,200.0,200.0],0.0009859381],
[[800.0,250.0,250.0],0.0008897109],
[[800.0,300.0,300.0],0.0008910896],
[[800.0,350.0,350.0],0.0007803379],
[[850.0,1.0,1.0],0.0009539557],
[[850.0,150.0,150.0],0.0007801696],
[[850.0,200.0,200.0],0.0009658235],
[[850.0,250.0,250.0],0.001029944],
[[850.0,300.0,300.0],0.0008172385],
[[850.0,350.0,350.0],0.000903643],
[[850.0,400.0,400.0],0.00107428],
[[900.0,1.0,1.0],0.0009049402],
[[900.0,150.0,150.0],0.000841654],
[[900.0,200.0,200.0],0.0008779398],
[[900.0,250.0,250.0],0.0009741209],
[[900.0,300.0,300.0],0.001440597],
[[900.0,350.0,350.0],0.001120893],
[[900.0,400.0,400.0],0.001154142],
[[950.0,1.0,1.0],0.0009473374],
[[950.0,150.0,150.0],0.001010659],
[[950.0,200.0,200.0],0.001139402],
[[950.0,250.0,250.0],0.0009868315],
[[950.0,300.0,300.0],0.001059951],
[[950.0,350.0,350.0],0.001124916],
[[950.0,400.0,400.0],0.001178756],
[[950.0,450.0,450.0],0.001128456],
[[1000.0,1.0,1.0],0.001340903],
[[1000.0,10.0,10.0],0.001021978],
[[1000.0,50.0,50.0],0.001112031],
[[1000.0,100.0,100.0],0.001001856],
[[1000.0,150.0,150.0],0.001571297],
[[1000.0,200.0,200.0],0.001109485],
[[1000.0,250.0,250.0],0.001081002],
[[1000.0,300.0,300.0],0.00130097],
[[1000.0,350.0,350.0],0.0009995017],
[[1000.0,400.0,400.0],0.001145593],
[[1000.0,450.0,450.0],0.001262928],
[[1050.0,1.0,1.0],0.001268274],
[[1050.0,150.0,150.0],0.001395952],
[[1050.0,200.0,200.0],0.001540412],
[[1050.0,250.0,250.0],0.001429778],
[[1050.0,300.0,300.0],0.001321967],
[[1050.0,350.0,350.0],0.001292772],
[[1050.0,400.0,400.0],0.002537648],
[[1050.0,450.0,450.0],0.001442543],
[[1050.0,500.0,500.0],0.001377582],
[[1100.0,1.0,1.0],0.001134105],
[[1100.0,150.0,150.0],0.001194428],
[[1100.0,200.0,200.0],0.001201783],
[[1100.0,250.0,250.0],0.001272777],
[[1100.0,300.0,300.0],0.001127114],
[[1100.0,350.0,350.0],0.001950122],
[[1100.0,400.0,400.0],0.001466417],
[[1100.0,450.0,450.0],0.002316057],
[[1100.0,500.0,500.0],0.001588391],
[[1150.0,1.0,1.0],0.001312342],
[[1150.0,150.0,150.0],0.001314932],
[[1150.0,200.0,200.0],0.001366322],
[[1150.0,250.0,250.0],0.00133067],
[[1150.0,300.0,300.0],0.001717991],
[[1150.0,350.0,350.0],0.001261237],
[[1150.0,400.0,400.0],0.001783171],
[[1150.0,450.0,450.0],0.001401638],
[[1150.0,500.0,500.0],0.001845536],
[[1150.0,550.0,550.0],0.001569284],
[[1200.0,1.0,1.0],0.001129933],
[[1200.0,150.0,150.0],0.001208111],
[[1200.0,200.0,200.0],0.001237629],
[[1200.0,250.0,250.0],0.001477609],
[[1200.0,300.0,300.0],0.001642604],
[[1200.0,350.0,350.0],0.001857398],
[[1200.0,400.0,400.0],0.00169946],
[[1200.0,450.0,450.0],0.001455461],
[[1200.0,500.0,500.0],0.001630184],
[[1200.0,550.0,550.0],0.00180778],
[[1250.0,1.0,1.0],0.001251494],
[[1250.0,10.0,10.0],0.001446349],
[[1250.0,50.0,50.0],0.001201544],
[[1250.0,100.0,100.0],0.00131566],
[[1250.0,150.0,150.0],0.00140099],
[[1250.0,200.0,200.0],0.001487613],
[[1250.0,250.0,250.0],0.001431124],
[[1250.0,300.0,300.0],0.001678782],
[[1250.0,350.0,350.0],0.001606238],
[[1250.0,400.0,400.0],0.00185985],
[[1250.0,450.0,450.0],0.001750531],
[[1250.0,500.0,500.0],0.001468649],
[[1250.0,550.0,550.0],0.001838234],
[[1250.0,600.0,600.0],0.002254427],
[[1300.0,1.0,1.0],0.001289964],
[[1300.0,150.0,150.0],0.001553261],
[[1300.0,200.0,200.0],0.001566706],
[[1300.0,250.0,250.0],0.001392446],
[[1300.0,300.0,300.0],0.0020257],
[[1300.0,350.0,350.0],0.001944732],
[[1300.0,400.0,400.0],0.002236811],
[[1300.0,450.0,450.0],0.001421417],
[[1300.0,500.0,500.0],0.002069679],
[[1300.0,550.0,550.0],0.001806128],
[[1300.0,600.0,600.0],0.001885305],
[[1350.0,1.0,1.0],0.001410917],
[[1350.0,150.0,150.0],0.001601407],
[[1350.0,200.0,200.0],0.001683123],
[[1350.0,250.0,250.0],0.001632037],
[[1350.0,300.0,300.0],0.002065852],
[[1350.0,350.0,350.0],0.001798159],
[[1350.0,400.0,400.0],0.001892033],
[[1350.0,450.0,450.0],0.002055496],
[[1350.0,500.0,500.0],0.001790438],
[[1350.0,550.0,550.0],0.001829791],
[[1350.0,600.0,600.0],0.001992543],
[[1350.0,650.0,650.0],0.002228521],
[[1400.0,1.0,1.0],0.001575781],
[[1400.0,150.0,150.0],0.001425584],
[[1400.0,200.0,200.0],0.001616378],
[[1400.0,250.0,250.0],0.001708575],
[[1400.0,300.0,300.0],0.001569912],
[[1400.0,350.0,350.0],0.001918444],
[[1400.0,400.0,400.0],0.001675564],
[[1400.0,450.0,450.0],0.001813443],
[[1400.0,500.0,500.0],0.001853067],
[[1400.0,550.0,550.0],0.002465219],
[[1400.0,600.0,600.0],0.001776595],
[[1400.0,650.0,650.0],0.00173053],
[[1450.0,1.0,1.0],0.00140698],
[[1450.0,150.0,150.0],0.001634352],
[[1450.0,200.0,200.0],0.001647775],
[[1450.0,250.0,250.0],0.001588491],
[[1450.0,300.0,300.0],0.00218511],
[[1450.0,350.0,350.0],0.002352651],
[[1450.0,400.0,400.0],0.001956858],
[[1450.0,450.0,450.0],0.001841302],
[[1450.0,500.0,500.0],0.002037382],
[[1450.0,550.0,550.0],0.001886713],
[[1450.0,600.0,600.0],0.002196004],
[[1450.0,650.0,650.0],0.001855344],
[[1450.0,700.0,700.0],0.001855902],
[[1500.0,1.0,1.0],0.001282544],
[[1500.0,10.0,10.0],0.001385175],
[[1500.0,50.0,50.0],0.001502867],
[[1500.0,100.0,100.0],0.001442498],
[[1500.0,150.0,150.0],0.001670446],
[[1500.0,200.0,200.0],0.001925974],
[[1500.0,250.0,250.0],0.001613899],
[[1500.0,300.0,300.0],0.001780659],
[[1500.0,350.0,350.0],0.00182605],
[[1500.0,400.0,400.0],0.002135544],
[[1500.0,450.0,450.0],0.001916797],
[[1500.0,500.0,500.0],0.002327686],
[[1500.0,550.0,550.0],0.002067289],
[[1500.0,600.0,600.0],0.002029238],
[[1500.0,650.0,650.0],0.001940446],
[[1500.0,700.0,700.0],0.00205883],
[[1500.0,750.0,750.0],0.002816663],
[[1550.0,1.0,1.0],0.00180229],
[[1550.0,150.0,150.0],0.001474648],
[[1550.0,200.0,200.0],0.001702169],
[[1550.0,250.0,250.0],0.001806198],
[[1550.0,300.0,300.0],0.002098919],
[[1550.0,350.0,350.0],0.001675618],
[[1550.0,400.0,400.0],0.002074769],
[[1550.0,450.0,450.0],0.002058631],
[[1550.0,500.0,500.0],0.002093993],
[[1550.0,550.0,550.0],0.002289414],
[[1550.0,600.0,600.0],0.002055349],
[[1550.0,650.0,650.0],0.001939972],
[[1550.0,700.0,700.0],0.00220182],
[[1550.0,750.0,750.0],0.002505132],
[[1600.0,1.0,1.0],0.001431771],
[[1600.0,150.0,150.0],0.001659448],
[[1600.0,200.0,200.0],0.001685498],
[[1600.0,250.0,250.0],0.001904756],
[[1600.0,300.0,300.0],0.002015102],
[[1600.0,350.0,350.0],0.002378573],
[[1600.0,400.0,400.0],0.002332278],
[[1600.0,450.0,450.0],0.002016089],
[[1600.0,500.0,500.0],0.002271821],
[[1600.0,550.0,550.0],0.002521867],
[[1600.0,600.0,600.0],0.002148255],
[[1600.0,650.0,650.0],0.002019125],
[[1600.0,700.0,700.0],0.002412482],
[[1600.0,750.0,750.0],0.003073667],
[[1650.0,1.0,1.0],0.001492894],
[[1650.0,150.0,150.0],0.001637906],
[[1650.0,200.0,200.0],0.001863935],
[[1650.0,250.0,250.0],0.001996425],
[[1650.0,300.0,300.0],0.002396416],
[[1650.0,350.0,350.0],0.002240078],
[[1650.0,400.0,400.0],0.001898156],
[[1650.0,450.0,450.0],0.002235732],
[[1650.0,500.0,500.0],0.00232905],
[[1650.0,550.0,550.0],0.002101221],
[[1650.0,600.0,600.0],0.002077557],
[[1650.0,650.0,650.0],0.002596396],
[[1650.0,700.0,700.0],0.002405177],
[[1650.0,750.0,750.0],0.002130289],
[[1650.0,800.0,800.0],0.002886473],
[[1700.0,1.0,1.0],0.001258618],
[[1700.0,150.0,150.0],0.001603391],
[[1700.0,200.0,200.0],0.001843118],
[[1700.0,250.0,250.0],0.001772408],
[[1700.0,300.0,300.0],0.002139785],
[[1700.0,350.0,350.0],0.002340972],
[[1700.0,400.0,400.0],0.002084228],
[[1700.0,450.0,450.0],0.002321218],
[[1700.0,500.0,500.0],0.003009058],
[[1700.0,550.0,550.0],0.002232746],
[[1700.0,600.0,600.0],0.002454113],
[[1700.0,650.0,650.0],0.002003021],
[[1700.0,700.0,700.0],0.002395184],
[[1700.0,750.0,750.0],0.002441891],
[[1700.0,800.0,800.0],0.002258526],
[[1750.0,1.0,1.0],0.001422013],
[[1750.0,10.0,10.0],0.001486733],
[[1750.0,50.0,50.0],0.001360571],
[[1750.0,100.0,100.0],0.001355305],
[[1750.0,150.0,150.0],0.001845697],
[[1750.0,200.0,200.0],0.001724478],
[[1750.0,250.0,250.0],0.001982043],
[[1750.0,300.0,300.0],0.002052832],
[[1750.0,350.0,350.0],0.001883491],
[[1750.0,400.0,400.0],0.002165692],
[[1750.0,450.0,450.0],0.002192754],
[[1750.0,500.0,500.0],0.002279394],
[[1750.0,550.0,550.0],0.002517217],
[[1750.0,600.0,600.0],0.002330951],
[[1750.0,650.0,650.0],0.002302252],
[[1750.0,700.0,700.0],0.002415852],
[[1750.0,750.0,750.0],0.002443837],
[[1750.0,800.0,800.0],0.002547239],
[[1750.0,850.0,850.0],0.002523748],
[[1800.0,1.0,1.0],0.001325991],
[[1800.0,150.0,150.0],0.001626976],
[[1800.0,200.0,200.0],0.001714897],
[[1800.0,250.0,250.0],0.001935959],
[[1800.0,300.0,300.0],0.002331294],
[[1800.0,350.0,350.0],0.00233025],
[[1800.0,400.0,400.0],0.002524182],
[[1800.0,450.0,450.0],0.002127691],
[[1800.0,500.0,500.0],0.002283691],
[[1800.0,550.0,550.0],0.002737006],
[[1800.0,600.0,600.0],0.002385516],
[[1800.0,650.0,650.0],0.002672997],
[[1800.0,700.0,700.0],0.002008005],
[[1800.0,750.0,750.0],0.002334985],
[[1800.0,800.0,800.0],0.002615249],
[[1800.0,850.0,850.0],0.002674381],
[[1850.0,1.0,1.0],0.00137681],
[[1850.0,150.0,150.0],0.001619655],
[[1850.0,200.0,200.0],0.001883992],
[[1850.0,250.0,250.0],0.00206759],
[[1850.0,300.0,300.0],0.002071593],
[[1850.0,350.0,350.0],0.002389995],
[[1850.0,400.0,400.0],0.002480136],
[[1850.0,450.0,450.0],0.002193424],
[[1850.0,500.0,500.0],0.002130639],
[[1850.0,550.0,550.0],0.002172154],
[[1850.0,600.0,600.0],0.00275002],
[[1850.0,650.0,650.0],0.002301318],
[[1850.0,700.0,700.0],0.002513896],
[[1850.0,750.0,750.0],0.003166179],
[[1850.0,800.0,800.0],0.002351946],
[[1850.0,850.0,850.0],0.002427436],
[[1850.0,900.0,900.0],0.002413814],
[[1900.0,1.0,1.0],0.001506974],
[[1900.0,150.0,150.0],0.001547763],
[[1900.0,200.0,200.0],0.001872874],
[[1900.0,250.0,250.0],0.002046518],
[[1900.0,300.0,300.0],0.00219038],
[[1900.0,350.0,350.0],0.002097323],
[[1900.0,400.0,400.0],0.002221965],
[[1900.0,450.0,450.0],0.002425869],
[[1900.0,500.0,500.0],0.00246362],
[[1900.0,550.0,550.0],0.002544533],
[[1900.0,600.0,600.0],0.002492398],
[[1900.0,650.0,650.0],0.002472212],
[[1900.0,700.0,700.0],0.00274188],
[[1900.0,750.0,750.0],0.002807748],
[[1900.0,800.0,800.0],0.002291655],
[[1900.0,850.0,850.0],0.002822576],
[[1900.0,900.0,900.0],0.002425677],
[[1950.0,1.0,1.0],0.001348043],
[[1950.0,150.0,150.0],0.001797559],
[[1950.0,200.0,200.0],0.001842186],
[[1950.0,250.0,250.0],0.002002456],
[[1950.0,300.0,300.0],0.001987121],
[[1950.0,350.0,350.0],0.002076065],
[[1950.0,400.0,400.0],0.002087456],
[[1950.0,450.0,450.0],0.002527074],
[[1950.0,500.0,500.0],0.002269075],
[[1950.0,550.0,550.0],0.002547526],
[[1950.0,600.0,600.0],0.002323215],
[[1950.0,650.0,650.0],0.002822224],
[[1950.0,700.0,700.0],0.003309449],
[[1950.0,750.0,750.0],0.002741687],
[[1950.0,800.0,800.0],0.002420565],
[[1950.0,850.0,850.0],0.002161904],
[[1950.0,900.0,900.0],0.002544202],
[[1950.0,950.0,950.0],0.00254779],
[[2000.0,1.0,1.0],0.001234597],
[[2000.0,10.0,10.0],0.001346401],
[[2000.0,50.0,50.0],0.001266066],
[[2000.0,100.0,100.0],0.001590883],
[[2000.0,150.0,150.0],0.001656347],
[[2000.0,200.0,200.0],0.001781003],
[[2000.0,250.0,250.0],0.00222407],
[[2000.0,300.0,300.0],0.00209005],
[[2000.0,350.0,350.0],0.002449829],
[[2000.0,400.0,400.0],0.00248028],
[[2000.0,450.0,450.0],0.002283919],
[[2000.0,500.0,500.0],0.002488464],
[[2000.0,550.0,550.0],0.002568005],
[[2000.0,600.0,600.0],0.002468744],
[[2000.0,650.0,650.0],0.002582554],
[[2000.0,700.0,700.0],0.002766574],
[[2000.0,750.0,750.0],0.002716936],
[[2000.0,800.0,800.0],0.002801597],
[[2000.0,850.0,850.0],0.002623112],
[[2000.0,900.0,900.0],0.002447474],
[[2000.0,950.0,950.0],0.003309533],
[[2250.0,1.0,1.0],0.001340136],
[[2250.0,10.0,10.0],0.001271476],
[[2250.0,50.0,50.0],0.001205196],
[[2250.0,100.0,100.0],0.001304096],
[[2250.0,150.0,150.0],0.001428593],
[[2250.0,300.0,300.0],0.002112677],
[[2250.0,500.0,500.0],0.002852625],
[[2250.0,750.0,750.0],0.00305281],
[[2250.0,1000.0,1000.0],0.002808967],
[[2500.0,1.0,1.0],0.001095333],
[[2500.0,10.0,10.0],0.001136019],
[[2500.0,50.0,50.0],0.001097345],
[[2500.0,100.0,100.0],0.001375812],
[[2500.0,150.0,150.0],0.001577646],
[[2500.0,300.0,300.0],0.00213513],
[[2500.0,500.0,500.0],0.002671018],
[[2500.0,750.0,750.0],0.003210958],
[[2500.0,1000.0,1000.0],0.002731229],
[[2500.0,1200.0,1200.0],0.003345629],
[[2750.0,1.0,1.0],0.0008734582],
[[2750.0,10.0,10.0],0.0008987757],
[[2750.0,50.0,50.0],0.001129411],
[[2750.0,100.0,100.0],0.001007709],
[[2750.0,150.0,150.0],0.001438827],
[[2750.0,300.0,300.0],0.001960704],
[[2750.0,500.0,500.0],0.002831473],
[[2750.0,750.0,750.0],0.002819183],
[[2750.0,1000.0,1000.0],0.002876679],
[[2750.0,1200.0,1200.0],0.003176665],
[[3000.0,1.0,1.0],0.0007501964],
[[3000.0,10.0,10.0],0.0008312066],
[[3000.0,50.0,50.0],0.000992844],
[[3000.0,100.0,100.0],0.001083836],
[[3000.0,150.0,150.0],0.001176656],
[[3000.0,300.0,300.0],0.001997696],
[[3000.0,500.0,500.0],0.002525979],
[[3000.0,750.0,750.0],0.002998436],
[[3000.0,1000.0,1000.0],0.00311373],
[[3000.0,1200.0,1200.0],0.003345234],
[[3000.0,1400.0,1400.0],0.003400882]]
