txName: TRV1
constraint: {(PV > Zprime(1)), (Zprime(1) > MET(2),MET(3))}
condition: None
conditionDescription: None
figureUrl: https://cms-results.web.cern.ch/cms-results/public-results/publications/EXO-20-004/CMS-EXO-20-004_Figure_007-b.png
source: CMS
validated: True
axesMap: [{0: 'x', 1: 'y', 2: 'y'}]
dataMap: {0: (1, 'mass', GeV), 1: (2, 'mass', GeV), 2: (3, 'mass', GeV)}
finalState: ['MET', 'MET']
intermediateState: None
efficiencyMap: [[[50.0,1.0,1.0],3.545899e-07],
[[100.0,1.0,1.0],1.920841e-06],
[[100.0,10.0,10.0],2.386266e-06],
[[150.0,1.0,1.0],6.425983e-06],
[[150.0,75.0,75.0],8.887091e-06],
[[200.0,1.0,1.0],1.663134e-05],
[[200.0,75.0,75.0],1.673541e-05],
[[250.0,1.0,1.0],2.416454e-05],
[[250.0,10.0,10.0],2.479802e-05],
[[250.0,75.0,75.0],2.475356e-05],
[[300.0,1.0,1.0],4.742427e-05],
[[300.0,75.0,75.0],4.556373e-05],
[[350.0,1.0,1.0],5.941792e-05],
[[350.0,75.0,75.0],6.075589e-05],
[[350.0,150.0,150.0],7.083396e-05],
[[400.0,1.0,1.0],8.741195e-05],
[[400.0,75.0,75.0],8.464995e-05],
[[400.0,150.0,150.0],8.815526e-05],
[[450.0,1.0,1.0],0.0001170215],
[[450.0,75.0,75.0],0.0001128511],
[[450.0,150.0,150.0],0.000129579],
[[450.0,200.0,200.0],0.0001174107],
[[500.0,1.0,1.0],0.0001352563],
[[500.0,10.0,10.0],0.0001491322],
[[500.0,75.0,75.0],0.0001539036],
[[500.0,150.0,150.0],0.0001400663],
[[500.0,200.0,200.0],0.0001474458],
[[550.0,1.0,1.0],0.0001667643],
[[550.0,75.0,75.0],0.000172066],
[[550.0,150.0,150.0],0.0001823719],
[[550.0,200.0,200.0],0.0001899056],
[[550.0,250.0,250.0],0.0001956268],
[[600.0,1.0,1.0],0.0001888614],
[[600.0,75.0,75.0],0.0002049036],
[[600.0,150.0,150.0],0.0002102027],
[[600.0,200.0,200.0],0.0002122464],
[[600.0,250.0,250.0],0.0002311632],
[[650.0,1.0,1.0],0.000232003],
[[650.0,75.0,75.0],0.0002342216],
[[650.0,150.0,150.0],0.0002267475],
[[650.0,200.0,200.0],0.0002333993],
[[650.0,250.0,250.0],0.0002239546],
[[650.0,300.0,300.0],0.0002423739],
[[700.0,1.0,1.0],0.0002737016],
[[700.0,75.0,75.0],0.0002936697],
[[700.0,150.0,150.0],0.0002329607],
[[700.0,200.0,200.0],0.0002907046],
[[700.0,250.0,250.0],0.0002826216],
[[700.0,300.0,300.0],0.0002783033],
[[750.0,1.0,1.0],0.0003095351],
[[750.0,10.0,10.0],0.0003563954],
[[750.0,75.0,75.0],0.0003057421],
[[750.0,150.0,150.0],0.0002942644],
[[750.0,200.0,200.0],0.0003428375],
[[750.0,250.0,250.0],0.0003336588],
[[750.0,300.0,300.0],0.0003321123],
[[750.0,350.0,350.0],0.0002908978],
[[800.0,1.0,1.0],0.0003169904],
[[800.0,75.0,75.0],0.0003372115],
[[800.0,150.0,150.0],0.0003801123],
[[800.0,200.0,200.0],0.0003468358],
[[800.0,250.0,250.0],0.000332855],
[[800.0,300.0,300.0],0.0003340022],
[[800.0,350.0,350.0],0.0003329685],
[[850.0,1.0,1.0],0.0003702544],
[[850.0,75.0,75.0],0.0003218778],
[[850.0,150.0,150.0],0.0003474682],
[[850.0,200.0,200.0],0.0003713193],
[[850.0,250.0,250.0],0.0003998458],
[[850.0,300.0,300.0],0.0003508813],
[[850.0,350.0,350.0],0.0003534663],
[[850.0,400.0,400.0],0.0003169022],
[[900.0,1.0,1.0],0.0003913238],
[[900.0,75.0,75.0],0.0003858053],
[[900.0,150.0,150.0],0.0003978278],
[[900.0,200.0,200.0],0.000434623],
[[900.0,250.0,250.0],0.0003865056],
[[900.0,300.0,300.0],0.000476794],
[[900.0,350.0,350.0],0.0004298906],
[[900.0,400.0,400.0],0.0003674599],
[[950.0,1.0,1.0],0.0004401604],
[[950.0,75.0,75.0],0.0004562352],
[[950.0,150.0,150.0],0.0004324766],
[[950.0,200.0,200.0],0.0004081311],
[[950.0,250.0,250.0],0.0004161119],
[[950.0,300.0,300.0],0.0004196666],
[[950.0,350.0,350.0],0.0004335647],
[[950.0,400.0,400.0],0.0004444634],
[[950.0,450.0,450.0],0.0004698786],
[[1000.0,1.0,1.0],0.0004548819],
[[1000.0,10.0,10.0],0.0004046985],
[[1000.0,75.0,75.0],0.0004708595],
[[1000.0,150.0,150.0],0.0004284111],
[[1000.0,200.0,200.0],0.0004082003],
[[1000.0,250.0,250.0],0.0004535297],
[[1000.0,300.0,300.0],0.0004803465],
[[1000.0,350.0,350.0],0.0004413593],
[[1000.0,400.0,400.0],0.0004510562],
[[1000.0,450.0,450.0],0.0004526215],
[[1050.0,1.0,1.0],0.0005043832],
[[1050.0,75.0,75.0],0.0004484063],
[[1050.0,150.0,150.0],0.0005478715],
[[1050.0,200.0,200.0],0.0004599626],
[[1050.0,250.0,250.0],0.0004904697],
[[1050.0,300.0,300.0],0.0005003315],
[[1050.0,350.0,350.0],0.0005477991],
[[1050.0,400.0,400.0],0.00053833],
[[1050.0,450.0,450.0],0.0004921878],
[[1050.0,500.0,500.0],0.0004694728],
[[1100.0,1.0,1.0],0.0004732125],
[[1100.0,75.0,75.0],0.0004720643],
[[1100.0,150.0,150.0],0.0004804951],
[[1100.0,200.0,200.0],0.0005616708],
[[1100.0,250.0,250.0],0.0005461393],
[[1100.0,300.0,300.0],0.0005135144],
[[1100.0,350.0,350.0],0.0004560362],
[[1100.0,400.0,400.0],0.0005674009],
[[1100.0,450.0,450.0],0.000620301],
[[1100.0,500.0,500.0],0.0005092657],
[[1150.0,1.0,1.0],0.0004877868],
[[1150.0,75.0,75.0],0.0005330858],
[[1150.0,150.0,150.0],0.0004943047],
[[1150.0,200.0,200.0],0.0005169898],
[[1150.0,250.0,250.0],0.0005987006],
[[1150.0,300.0,300.0],0.0005746757],
[[1150.0,350.0,350.0],0.00058825],
[[1150.0,400.0,400.0],0.0005042106],
[[1150.0,450.0,450.0],0.000558961],
[[1150.0,500.0,500.0],0.00051143],
[[1150.0,550.0,550.0],0.0005468993],
[[1200.0,1.0,1.0],0.000496689],
[[1200.0,75.0,75.0],0.000521864],
[[1200.0,150.0,150.0],0.0005815048],
[[1200.0,200.0,200.0],0.0005726371],
[[1200.0,250.0,250.0],0.0005511047],
[[1200.0,300.0,300.0],0.0006125106],
[[1200.0,350.0,350.0],0.0005217024],
[[1200.0,400.0,400.0],0.0005356764],
[[1200.0,450.0,450.0],0.0006624681],
[[1200.0,500.0,500.0],0.0005298055],
[[1200.0,550.0,550.0],0.0005279931],
[[1250.0,1.0,1.0],0.0005623421],
[[1250.0,10.0,10.0],0.0005911132],
[[1250.0,75.0,75.0],0.0005514916],
[[1250.0,150.0,150.0],0.0005484308],
[[1250.0,200.0,200.0],0.0006158208],
[[1250.0,250.0,250.0],0.0005287558],
[[1250.0,300.0,300.0],0.0005878101],
[[1250.0,350.0,350.0],0.0005983196],
[[1250.0,400.0,400.0],0.0007125467],
[[1250.0,450.0,450.0],0.000636872],
[[1250.0,500.0,500.0],0.0005938601],
[[1250.0,550.0,550.0],0.0006234723],
[[1250.0,600.0,600.0],0.0005796833],
[[1300.0,1.0,1.0],0.0005757402],
[[1300.0,75.0,75.0],0.0005386648],
[[1300.0,150.0,150.0],0.0006102127],
[[1300.0,200.0,200.0],0.0005295646],
[[1300.0,250.0,250.0],0.0005465258],
[[1300.0,300.0,300.0],0.0006775087],
[[1300.0,350.0,350.0],0.0005956124],
[[1300.0,400.0,400.0],0.0006057177],
[[1300.0,450.0,450.0],0.000654966],
[[1300.0,500.0,500.0],0.0006760927],
[[1300.0,550.0,550.0],0.0006165307],
[[1300.0,600.0,600.0],0.0006079791],
[[1350.0,1.0,1.0],0.0005806972],
[[1350.0,75.0,75.0],0.0006268274],
[[1350.0,150.0,150.0],0.0006280134],
[[1350.0,200.0,200.0],0.0006375649],
[[1350.0,250.0,250.0],0.0005754583],
[[1350.0,300.0,300.0],0.0006011591],
[[1350.0,350.0,350.0],0.0006561224],
[[1350.0,400.0,400.0],0.0006257025],
[[1350.0,450.0,450.0],0.0006157597],
[[1350.0,500.0,500.0],0.0006326426],
[[1350.0,550.0,550.0],0.0006783046],
[[1350.0,600.0,600.0],0.0006389188],
[[1350.0,650.0,650.0],0.0007495788],
[[1400.0,1.0,1.0],0.0005794954],
[[1400.0,75.0,75.0],0.0006719123],
[[1400.0,150.0,150.0],0.0005926489],
[[1400.0,200.0,200.0],0.0006502083],
[[1400.0,250.0,250.0],0.0006395659],
[[1400.0,300.0,300.0],0.0006656509],
[[1400.0,350.0,350.0],0.0005958811],
[[1400.0,400.0,400.0],0.0006134419],
[[1400.0,450.0,450.0],0.000691535],
[[1400.0,500.0,500.0],0.0007949687],
[[1400.0,550.0,550.0],0.0007082658],
[[1400.0,600.0,600.0],0.0006663255],
[[1400.0,650.0,650.0],0.0006383936],
[[1450.0,1.0,1.0],0.0006489629],
[[1450.0,75.0,75.0],0.000640778],
[[1450.0,150.0,150.0],0.000677666],
[[1450.0,200.0,200.0],0.0007542675],
[[1450.0,250.0,250.0],0.0006691757],
[[1450.0,300.0,300.0],0.0006397443],
[[1450.0,350.0,350.0],0.0006672379],
[[1450.0,400.0,400.0],0.000577703],
[[1450.0,450.0,450.0],0.0006005584],
[[1450.0,500.0,500.0],0.0007046008],
[[1450.0,550.0,550.0],0.0006631585],
[[1450.0,600.0,600.0],0.0007072166],
[[1450.0,650.0,650.0],0.0006894654],
[[1450.0,700.0,700.0],0.0006430797],
[[1500.0,1.0,1.0],0.0005954919],
[[1500.0,10.0,10.0],0.0006574515],
[[1500.0,75.0,75.0],0.0006030155],
[[1500.0,150.0,150.0],0.0006118772],
[[1500.0,200.0,200.0],0.0006435922],
[[1500.0,250.0,250.0],0.000601526],
[[1500.0,300.0,300.0],0.0006622071],
[[1500.0,350.0,350.0],0.0007425129],
[[1500.0,400.0,400.0],0.0007449762],
[[1500.0,450.0,450.0],0.0006610093],
[[1500.0,500.0,500.0],0.000687862],
[[1500.0,550.0,550.0],0.0008206875],
[[1500.0,600.0,600.0],0.0008205446],
[[1500.0,650.0,650.0],0.0007278469],
[[1500.0,700.0,700.0],0.000725188],
[[1500.0,750.0,750.0],0.0007528876],
[[1550.0,1.0,1.0],0.0006749764],
[[1550.0,75.0,75.0],0.0006930045],
[[1550.0,150.0,150.0],0.0006425932],
[[1550.0,200.0,200.0],0.0006558131],
[[1550.0,250.0,250.0],0.0007171223],
[[1550.0,300.0,300.0],0.0007068073],
[[1550.0,350.0,350.0],0.0008092855],
[[1550.0,400.0,400.0],0.0006782317],
[[1550.0,450.0,450.0],0.0006807874],
[[1550.0,500.0,500.0],0.0007349782],
[[1550.0,550.0,550.0],0.0006837501],
[[1550.0,600.0,600.0],0.000747005],
[[1550.0,650.0,650.0],0.000644176],
[[1550.0,700.0,700.0],0.0007305952],
[[1550.0,750.0,750.0],0.0007223107],
[[1600.0,1.0,1.0],0.0006597922],
[[1600.0,75.0,75.0],0.0007617971],
[[1600.0,150.0,150.0],0.0007562322],
[[1600.0,200.0,200.0],0.000674577],
[[1600.0,250.0,250.0],0.0007008665],
[[1600.0,300.0,300.0],0.0008008677],
[[1600.0,350.0,350.0],0.0006894898],
[[1600.0,400.0,400.0],0.000632899],
[[1600.0,450.0,450.0],0.0007010278],
[[1600.0,500.0,500.0],0.0006970412],
[[1600.0,550.0,550.0],0.0007383102],
[[1600.0,600.0,600.0],0.0007523078],
[[1600.0,650.0,650.0],0.0007548142],
[[1600.0,700.0,700.0],0.0008194342],
[[1600.0,750.0,750.0],0.000722107],
[[1650.0,1.0,1.0],0.0006635598],
[[1650.0,75.0,75.0],0.0006512468],
[[1650.0,150.0,150.0],0.0006301839],
[[1650.0,200.0,200.0],0.0007329867],
[[1650.0,250.0,250.0],0.0007514575],
[[1650.0,300.0,300.0],0.0007134959],
[[1650.0,350.0,350.0],0.0006440942],
[[1650.0,400.0,400.0],0.0006750843],
[[1650.0,450.0,450.0],0.0007490535],
[[1650.0,500.0,500.0],0.0006771273],
[[1650.0,550.0,550.0],0.0007100087],
[[1650.0,600.0,600.0],0.0007342476],
[[1650.0,650.0,650.0],0.0008216957],
[[1650.0,700.0,700.0],0.0007289729],
[[1650.0,750.0,750.0],0.0007475225],
[[1650.0,800.0,800.0],0.0007699582],
[[1700.0,1.0,1.0],0.000699804],
[[1700.0,75.0,75.0],0.0006629303],
[[1700.0,150.0,150.0],0.0006733403],
[[1700.0,200.0,200.0],0.0006963973],
[[1700.0,250.0,250.0],0.0007358165],
[[1700.0,300.0,300.0],0.0007674013],
[[1700.0,350.0,350.0],0.0007746595],
[[1700.0,400.0,400.0],0.0007311477],
[[1700.0,450.0,450.0],0.000793397],
[[1700.0,500.0,500.0],0.0008069908],
[[1700.0,550.0,550.0],0.0007980667],
[[1700.0,600.0,600.0],0.0008404427],
[[1700.0,650.0,650.0],0.0007424178],
[[1700.0,700.0,700.0],0.0007782614],
[[1700.0,750.0,750.0],0.0007725473],
[[1700.0,800.0,800.0],0.0006771708],
[[1750.0,1.0,1.0],0.0007365822],
[[1750.0,10.0,10.0],0.0006651351],
[[1750.0,75.0,75.0],0.0007714544],
[[1750.0,150.0,150.0],0.0007234815],
[[1750.0,200.0,200.0],0.0007787806],
[[1750.0,250.0,250.0],0.0008505991],
[[1750.0,300.0,300.0],0.0007887049],
[[1750.0,350.0,350.0],0.0007071042],
[[1750.0,400.0,400.0],0.0007096451],
[[1750.0,450.0,450.0],0.0008064185],
[[1750.0,500.0,500.0],0.0007453159],
[[1750.0,550.0,550.0],0.0007640086],
[[1750.0,600.0,600.0],0.0007407779],
[[1750.0,650.0,650.0],0.0007954682],
[[1750.0,700.0,700.0],0.0007109266],
[[1750.0,750.0,750.0],0.0007595243],
[[1750.0,800.0,800.0],0.0006947288],
[[1750.0,850.0,850.0],0.0008749665],
[[1800.0,1.0,1.0],0.000760564],
[[1800.0,75.0,75.0],0.0007624222],
[[1800.0,150.0,150.0],0.0008614585],
[[1800.0,200.0,200.0],0.0007582448],
[[1800.0,250.0,250.0],0.0007325611],
[[1800.0,300.0,300.0],0.0007900902],
[[1800.0,350.0,350.0],0.0007996119],
[[1800.0,400.0,400.0],0.0007607785],
[[1800.0,450.0,450.0],0.0007775437],
[[1800.0,500.0,500.0],0.0007518644],
[[1800.0,550.0,550.0],0.0007995134],
[[1800.0,600.0,600.0],0.0007695692],
[[1800.0,650.0,650.0],0.0008924684],
[[1800.0,700.0,700.0],0.0007501959],
[[1800.0,750.0,750.0],0.0007627117],
[[1800.0,800.0,800.0],0.0007956693],
[[1800.0,850.0,850.0],0.000799595],
[[1850.0,1.0,1.0],0.0007251864],
[[1850.0,75.0,75.0],0.0007150199],
[[1850.0,150.0,150.0],0.0008266762],
[[1850.0,200.0,200.0],0.0007077824],
[[1850.0,250.0,250.0],0.0007696044],
[[1850.0,300.0,300.0],0.0008466226],
[[1850.0,350.0,350.0],0.0008249112],
[[1850.0,400.0,400.0],0.0008980927],
[[1850.0,450.0,450.0],0.0007097928],
[[1850.0,500.0,500.0],0.0007968129],
[[1850.0,550.0,550.0],0.0008181358],
[[1850.0,600.0,600.0],0.0008646346],
[[1850.0,650.0,650.0],0.0008693437],
[[1850.0,700.0,700.0],0.0008104717],
[[1850.0,750.0,750.0],0.000786966],
[[1850.0,800.0,800.0],0.0008518435],
[[1850.0,850.0,850.0],0.0007700905],
[[1850.0,900.0,900.0],0.0008781469],
[[1900.0,1.0,1.0],0.0007033653],
[[1900.0,75.0,75.0],0.0007524859],
[[1900.0,150.0,150.0],0.0007832748],
[[1900.0,200.0,200.0],0.000800915],
[[1900.0,250.0,250.0],0.0008796204],
[[1900.0,300.0,300.0],0.0008484756],
[[1900.0,350.0,350.0],0.0007819942],
[[1900.0,400.0,400.0],0.0008184939],
[[1900.0,450.0,450.0],0.0008781308],
[[1900.0,500.0,500.0],0.000823114],
[[1900.0,550.0,550.0],0.0007844299],
[[1900.0,600.0,600.0],0.0008347397],
[[1900.0,650.0,650.0],0.0007228026],
[[1900.0,700.0,700.0],0.0008055782],
[[1900.0,750.0,750.0],0.0009036039],
[[1900.0,800.0,800.0],0.0008365253],
[[1900.0,850.0,850.0],0.0008780715],
[[1900.0,900.0,900.0],0.0007033317],
[[1950.0,1.0,1.0],0.0007908041],
[[1950.0,75.0,75.0],0.000751454],
[[1950.0,150.0,150.0],0.0008065427],
[[1950.0,200.0,200.0],0.0008101711],
[[1950.0,250.0,250.0],0.000886099],
[[1950.0,300.0,300.0],0.0008106808],
[[1950.0,350.0,350.0],0.0008150755],
[[1950.0,400.0,400.0],0.0008351277],
[[1950.0,450.0,450.0],0.0008499004],
[[1950.0,500.0,500.0],0.0008310389],
[[1950.0,550.0,550.0],0.0007838855],
[[1950.0,600.0,600.0],0.0007778881],
[[1950.0,650.0,650.0],0.0007307975],
[[1950.0,700.0,700.0],0.0008819176],
[[1950.0,750.0,750.0],0.0009037978],
[[1950.0,800.0,800.0],0.0007795657],
[[1950.0,850.0,850.0],0.0008712358],
[[1950.0,900.0,900.0],0.0008772637],
[[1950.0,950.0,950.0],0.000932406],
[[2000.0,1.0,1.0],0.0008249428],
[[2000.0,75.0,75.0],0.0007722738],
[[2000.0,150.0,150.0],0.0008678832],
[[2000.0,200.0,200.0],0.0007905063],
[[2000.0,250.0,250.0],0.0008349945],
[[2000.0,300.0,300.0],0.0007312969],
[[2000.0,350.0,350.0],0.000844716],
[[2000.0,400.0,400.0],0.0008068148],
[[2000.0,450.0,450.0],0.0008771337],
[[2000.0,500.0,500.0],0.0008914409],
[[2000.0,550.0,550.0],0.00087938],
[[2000.0,600.0,600.0],0.0007651045],
[[2000.0,650.0,650.0],0.0007943898],
[[2000.0,700.0,700.0],0.0008570389],
[[2000.0,750.0,750.0],0.0009855351],
[[2000.0,800.0,800.0],0.0008305634],
[[2000.0,850.0,850.0],0.0009034936],
[[2000.0,900.0,900.0],0.0008572129],
[[2000.0,950.0,950.0],0.0008663292],
[[2250.0,1.0,1.0],0.0009049195],
[[2250.0,75.0,75.0],0.0008901202],
[[2250.0,150.0,150.0],0.0008643919],
[[2250.0,300.0,300.0],0.0008540539],
[[2250.0,500.0,500.0],0.000896157],
[[2250.0,750.0,750.0],0.0009426622],
[[2250.0,1000.0,1000.0],0.0009123583],
[[2500.0,1.0,1.0],0.0009010978],
[[2500.0,75.0,75.0],0.0008764005],
[[2500.0,150.0,150.0],0.0009181215],
[[2500.0,300.0,300.0],0.000841282],
[[2500.0,500.0,500.0],0.0008605232],
[[2500.0,750.0,750.0],0.0009370554],
[[2500.0,1000.0,1000.0],0.0009142801],
[[2500.0,1200.0,1200.0],0.0009870769],
[[2750.0,1.0,1.0],0.0009641124],
[[2750.0,75.0,75.0],0.0009628474],
[[2750.0,150.0,150.0],0.0008911294],
[[2750.0,300.0,300.0],0.0009249314],
[[2750.0,500.0,500.0],0.0008843434],
[[2750.0,750.0,750.0],0.0009634529],
[[2750.0,1000.0,1000.0],0.0009157382],
[[2750.0,1200.0,1200.0],0.001049535],
[[3000.0,1.0,1.0],0.000947829],
[[3000.0,75.0,75.0],0.0009245635],
[[3000.0,150.0,150.0],0.0009395835],
[[3000.0,300.0,300.0],0.0009440734],
[[3000.0,500.0,500.0],0.0009518109],
[[3000.0,750.0,750.0],0.0009511002],
[[3000.0,1000.0,1000.0],0.0009532037],
[[3000.0,1200.0,1200.0],0.001006016],
[[3000.0,1400.0,1400.0],0.000961268]]
