txName: TRS1
constraint: {(PV > H0(1)), (H0(1) > MET(2),MET(3))}
condition: None
conditionDescription: None
figureUrl: https://cms-results.web.cern.ch/cms-results/public-results/publications/EXO-20-004/CMS-EXO-20-004_Figure_009-a.png
source: https://doi.org/10.5281/zenodo.13324003
validated: True
axesMap: [{0: 'x', 1: '1.0', 2: '1.0'}, {0: 'x', 1: 'y', 2: 'y'}]
dataMap: {0: (1, 'mass', GeV), 1: (2, 'mass', GeV), 2: (3, 'mass', GeV)}
finalState: ['MET', 'MET']
intermediateState: None
efficiencyMap: [[[100.0,1.0,1.0],5.640352e-07],
[[100.0,10.0,10.0],4.456316e-07],
[[150.0,1.0,1.0],1.026605e-06],
[[150.0,50.0,50.0],1.065536e-06],
[[200.0,1.0,1.0],1.468005e-06],
[[200.0,50.0,50.0],1.827106e-06],
[[200.0,100.0,100.0],3.397219e-06],
[[250.0,1.0,1.0],1.897844e-06],
[[250.0,10.0,10.0],2.718562e-06],
[[250.0,50.0,50.0],2.115942e-06],
[[250.0,100.0,100.0],2.398896e-06],
[[300.0,1.0,1.0],2.605767e-06],
[[300.0,50.0,50.0],3.176754e-06],
[[300.0,100.0,100.0],3.157254e-06],
[[350.0,1.0,1.0],3.329651e-06],
[[350.0,50.0,50.0],3.307484e-06],
[[350.0,100.0,100.0],2.935132e-06],
[[350.0,150.0,150.0],2.496502e-06],
[[400.0,1.0,1.0],4.085802e-06],
[[400.0,50.0,50.0],3.824408e-06],
[[400.0,100.0,100.0],3.122223e-06],
[[400.0,150.0,150.0],4.73256e-06],
[[450.0,1.0,1.0],5.318039e-06],
[[450.0,50.0,50.0],5.390136e-06],
[[450.0,100.0,100.0],5.895989e-06],
[[450.0,150.0,150.0],4.141048e-06],
[[450.0,200.0,200.0],7.18796e-06],
[[500.0,1.0,1.0],7.53453e-06],
[[500.0,10.0,10.0],6.661359e-06],
[[500.0,50.0,50.0],8.024007e-06],
[[500.0,100.0,100.0],7.59218e-06],
[[500.0,150.0,150.0],7.937798e-06],
[[500.0,200.0,200.0],7.276615e-06],
[[550.0,1.0,1.0],9.898183e-06],
[[550.0,50.0,50.0],1.134266e-05],
[[550.0,100.0,100.0],1.078578e-05],
[[550.0,150.0,150.0],9.540393e-06],
[[550.0,200.0,200.0],1.059269e-05],
[[550.0,250.0,250.0],1.488225e-05],
[[600.0,1.0,1.0],1.541443e-05],
[[600.0,50.0,50.0],1.428339e-05],
[[600.0,100.0,100.0],1.403791e-05],
[[600.0,150.0,150.0],1.833282e-05],
[[600.0,200.0,200.0],1.358935e-05],
[[600.0,250.0,250.0],1.701173e-05],
[[650.0,1.0,1.0],2.147923e-05],
[[650.0,50.0,50.0],1.903967e-05],
[[650.0,100.0,100.0],2.213799e-05],
[[650.0,150.0,150.0],1.984017e-05],
[[650.0,200.0,200.0],1.983747e-05],
[[650.0,250.0,250.0],2.020545e-05],
[[650.0,300.0,300.0],2.272036e-05],
[[700.0,1.0,1.0],2.851149e-05],
[[700.0,50.0,50.0],2.803577e-05],
[[700.0,100.0,100.0],2.584e-05],
[[700.0,150.0,150.0],3.102179e-05],
[[700.0,200.0,200.0],2.465519e-05],
[[700.0,250.0,250.0],6.554125e-05],
[[700.0,300.0,300.0],2.95229e-05],
[[750.0,1.0,1.0],2.674358e-05],
[[750.0,10.0,10.0],2.780659e-05],
[[750.0,50.0,50.0],4.216294e-05],
[[750.0,100.0,100.0],3.069198e-05],
[[750.0,150.0,150.0],2.775364e-05],
[[750.0,200.0,200.0],3.312972e-05],
[[750.0,250.0,250.0],3.629745e-05],
[[750.0,300.0,300.0],3.460641e-05],
[[750.0,350.0,350.0],3.49918e-05],
[[800.0,1.0,1.0],3.425237e-05],
[[800.0,150.0,150.0],4.599705e-05],
[[800.0,200.0,200.0],4.7595e-05],
[[800.0,250.0,250.0],4.255034e-05],
[[800.0,300.0,300.0],5.533928e-05],
[[800.0,350.0,350.0],4.769414e-05],
[[850.0,1.0,1.0],4.189215e-05],
[[850.0,150.0,150.0],4.429111e-05],
[[850.0,200.0,200.0],4.669505e-05],
[[850.0,250.0,250.0],4.933081e-05],
[[850.0,300.0,300.0],4.324501e-05],
[[850.0,350.0,350.0],5.642122e-05],
[[850.0,400.0,400.0],6.487442e-05],
[[900.0,1.0,1.0],5.331172e-05],
[[900.0,150.0,150.0],6.744103e-05],
[[900.0,200.0,200.0],5.939849e-05],
[[900.0,250.0,250.0],5.287511e-05],
[[900.0,300.0,300.0],5.834594e-05],
[[900.0,350.0,350.0],5.809171e-05],
[[900.0,400.0,400.0],7.191326e-05],
[[950.0,1.0,1.0],5.678113e-05],
[[950.0,150.0,150.0],6.216651e-05],
[[950.0,200.0,200.0],7.588508e-05],
[[950.0,250.0,250.0],7.079398e-05],
[[950.0,300.0,300.0],6.645248e-05],
[[950.0,350.0,350.0],8.044773e-05],
[[950.0,400.0,400.0],7.64954e-05],
[[950.0,450.0,450.0],9.732949e-05],
[[1000.0,1.0,1.0],0.0001299814],
[[1000.0,10.0,10.0],7.485197e-05],
[[1000.0,50.0,50.0],6.491142e-05],
[[1000.0,100.0,100.0],7.076646e-05],
[[1000.0,150.0,150.0],7.900857e-05],
[[1000.0,200.0,200.0],8.340745e-05],
[[1000.0,250.0,250.0],8.72771e-05],
[[1000.0,300.0,300.0],8.992033e-05],
[[1000.0,350.0,350.0],8.391082e-05],
[[1000.0,400.0,400.0],8.220081e-05],
[[1000.0,450.0,450.0],0.0001062358],
[[1050.0,1.0,1.0],7.681682e-05],
[[1050.0,150.0,150.0],9.194071e-05],
[[1050.0,200.0,200.0],8.754312e-05],
[[1050.0,250.0,250.0],0.000104804],
[[1050.0,300.0,300.0],0.0001371648],
[[1050.0,350.0,350.0],9.580862e-05],
[[1050.0,400.0,400.0],0.0001207103],
[[1050.0,450.0,450.0],0.0001198052],
[[1050.0,500.0,500.0],0.000120287],
[[1100.0,1.0,1.0],9.140733e-05],
[[1100.0,150.0,150.0],0.000124645],
[[1100.0,200.0,200.0],0.0001127672],
[[1100.0,250.0,250.0],0.0001152576],
[[1100.0,300.0,300.0],0.0001027653],
[[1100.0,350.0,350.0],0.0001141992],
[[1100.0,400.0,400.0],0.000280759],
[[1100.0,450.0,450.0],0.0001229242],
[[1100.0,500.0,500.0],0.0001630059],
[[1150.0,1.0,1.0],0.0001058273],
[[1150.0,150.0,150.0],0.0001024689],
[[1150.0,200.0,200.0],0.0001140936],
[[1150.0,250.0,250.0],0.0001246117],
[[1150.0,300.0,300.0],0.000125999],
[[1150.0,350.0,350.0],0.00014118],
[[1150.0,400.0,400.0],0.000127888],
[[1150.0,450.0,450.0],0.0001554188],
[[1150.0,500.0,500.0],0.0001424043],
[[1150.0,550.0,550.0],0.0001588156],
[[1200.0,1.0,1.0],0.0001255612],
[[1200.0,150.0,150.0],0.0001657083],
[[1200.0,200.0,200.0],0.000118298],
[[1200.0,250.0,250.0],0.0001451439],
[[1200.0,300.0,300.0],0.000119117],
[[1200.0,350.0,350.0],0.0001348278],
[[1200.0,400.0,400.0],0.0001686519],
[[1200.0,450.0,450.0],0.0001579667],
[[1200.0,500.0,500.0],0.0001614795],
[[1200.0,550.0,550.0],0.0001977783],
[[1250.0,1.0,1.0],0.0001123565],
[[1250.0,10.0,10.0],0.0001069401],
[[1250.0,50.0,50.0],0.0001197076],
[[1250.0,100.0,100.0],0.0001249281],
[[1250.0,150.0,150.0],0.0001100518],
[[1250.0,200.0,200.0],0.0001237475],
[[1250.0,250.0,250.0],0.0001346058],
[[1250.0,300.0,300.0],0.0001603362],
[[1250.0,350.0,350.0],0.0001703516],
[[1250.0,400.0,400.0],0.0002410273],
[[1250.0,450.0,450.0],0.00017648],
[[1250.0,500.0,500.0],0.0001610556],
[[1250.0,550.0,550.0],0.0001569998],
[[1250.0,600.0,600.0],0.0001760933],
[[1300.0,1.0,1.0],0.0001227119],
[[1300.0,150.0,150.0],0.0001456901],
[[1300.0,200.0,200.0],0.0001549454],
[[1300.0,250.0,250.0],0.0001429579],
[[1300.0,300.0,300.0],0.0001494567],
[[1300.0,350.0,350.0],0.0001849799],
[[1300.0,400.0,400.0],0.0001834697],
[[1300.0,450.0,450.0],0.0001759008],
[[1300.0,500.0,500.0],0.0001879328],
[[1300.0,550.0,550.0],0.0001877832],
[[1300.0,600.0,600.0],0.0001944206],
[[1350.0,1.0,1.0],0.0001420512],
[[1350.0,150.0,150.0],0.0001677816],
[[1350.0,200.0,200.0],0.0001636591],
[[1350.0,250.0,250.0],0.0001709787],
[[1350.0,300.0,300.0],0.0001801349],
[[1350.0,350.0,350.0],0.0001517411],
[[1350.0,400.0,400.0],0.0002017829],
[[1350.0,450.0,450.0],0.0002501702],
[[1350.0,500.0,500.0],0.0003299273],
[[1350.0,550.0,550.0],0.0002403441],
[[1350.0,600.0,600.0],0.0004960305],
[[1350.0,650.0,650.0],0.0002579961],
[[1400.0,1.0,1.0],0.0001474843],
[[1400.0,150.0,150.0],0.0001648239],
[[1400.0,200.0,200.0],0.0002691534],
[[1400.0,250.0,250.0],0.0001987901],
[[1400.0,300.0,300.0],0.0001962006],
[[1400.0,350.0,350.0],0.0001961055],
[[1400.0,400.0,400.0],0.0002035121],
[[1400.0,450.0,450.0],0.0001924876],
[[1400.0,500.0,500.0],0.0002338028],
[[1400.0,550.0,550.0],0.0002318961],
[[1400.0,600.0,600.0],0.000227373],
[[1400.0,650.0,650.0],0.0002212193],
[[1450.0,1.0,1.0],0.0001552033],
[[1450.0,150.0,150.0],0.0001529502],
[[1450.0,200.0,200.0],0.0001513326],
[[1450.0,250.0,250.0],0.0001775902],
[[1450.0,300.0,300.0],0.0001909484],
[[1450.0,350.0,350.0],0.0002935998],
[[1450.0,400.0,400.0],0.000193968],
[[1450.0,450.0,450.0],0.0002186094],
[[1450.0,500.0,500.0],0.0002108841],
[[1450.0,550.0,550.0],0.0002732544],
[[1450.0,600.0,600.0],0.0002507375],
[[1450.0,650.0,650.0],0.0002876435],
[[1450.0,700.0,700.0],0.0002849857],
[[1500.0,1.0,1.0],0.0001593322],
[[1500.0,10.0,10.0],0.0001526851],
[[1500.0,50.0,50.0],0.0001688355],
[[1500.0,100.0,100.0],0.0001766495],
[[1500.0,150.0,150.0],0.0001715152],
[[1500.0,200.0,200.0],0.000328632],
[[1500.0,250.0,250.0],0.0002121845],
[[1500.0,300.0,300.0],0.0001952201],
[[1500.0,350.0,350.0],0.0002075396],
[[1500.0,400.0,400.0],0.0002235455],
[[1500.0,450.0,450.0],0.0002329619],
[[1500.0,500.0,500.0],0.0002452949],
[[1500.0,550.0,550.0],0.0002725976],
[[1500.0,600.0,600.0],0.0002712429],
[[1500.0,650.0,650.0],0.0003061669],
[[1500.0,700.0,700.0],0.000274512],
[[1500.0,750.0,750.0],0.0003271887],
[[1550.0,1.0,1.0],0.0001540975],
[[1550.0,150.0,150.0],0.0001854867],
[[1550.0,200.0,200.0],0.000200281],
[[1550.0,250.0,250.0],0.0002686534],
[[1550.0,300.0,300.0],0.0002142619],
[[1550.0,350.0,350.0],0.0002359701],
[[1550.0,400.0,400.0],0.0003900922],
[[1550.0,450.0,450.0],0.0002449504],
[[1550.0,500.0,500.0],0.0002469193],
[[1550.0,550.0,550.0],0.0002456832],
[[1550.0,600.0,600.0],0.0002713879],
[[1550.0,650.0,650.0],0.0002563715],
[[1550.0,700.0,700.0],0.0002661368],
[[1550.0,750.0,750.0],0.0002808257],
[[1600.0,1.0,1.0],0.0002717646],
[[1600.0,150.0,150.0],0.0001804054],
[[1600.0,200.0,200.0],0.0002191471],
[[1600.0,250.0,250.0],0.0002812145],
[[1600.0,300.0,300.0],0.0002884203],
[[1600.0,350.0,350.0],0.0006081019],
[[1600.0,400.0,400.0],0.0002427471],
[[1600.0,450.0,450.0],0.0002564443],
[[1600.0,500.0,500.0],0.0003064651],
[[1600.0,550.0,550.0],0.00025887],
[[1600.0,600.0,600.0],0.0002986455],
[[1600.0,650.0,650.0],0.0002760739],
[[1600.0,700.0,700.0],0.0003037701],
[[1600.0,750.0,750.0],0.0003050309],
[[1650.0,1.0,1.0],0.000173909],
[[1650.0,150.0,150.0],0.0001953408],
[[1650.0,200.0,200.0],0.0002022553],
[[1650.0,250.0,250.0],0.0002511018],
[[1650.0,300.0,300.0],0.0002847371],
[[1650.0,350.0,350.0],0.0002667127],
[[1650.0,400.0,400.0],0.0005444914],
[[1650.0,450.0,450.0],0.0004336691],
[[1650.0,500.0,500.0],0.0004347063],
[[1650.0,550.0,550.0],0.0003080854],
[[1650.0,600.0,600.0],0.0003198331],
[[1650.0,650.0,650.0],0.0003716779],
[[1650.0,700.0,700.0],0.0003564038],
[[1650.0,750.0,750.0],0.0003651212],
[[1650.0,800.0,800.0],0.0005802979],
[[1700.0,1.0,1.0],0.000225138],
[[1700.0,150.0,150.0],0.000245331],
[[1700.0,200.0,200.0],0.0002465797],
[[1700.0,250.0,250.0],0.0002780598],
[[1700.0,300.0,300.0],0.0003050529],
[[1700.0,350.0,350.0],0.0002473177],
[[1700.0,400.0,400.0],0.0003310126],
[[1700.0,450.0,450.0],0.0003369665],
[[1700.0,500.0,500.0],0.0004054234],
[[1700.0,550.0,550.0],0.0004973836],
[[1700.0,600.0,600.0],0.0003246582],
[[1700.0,650.0,650.0],0.0005504451],
[[1700.0,700.0,700.0],0.0005172992],
[[1700.0,750.0,750.0],0.0004406147],
[[1700.0,800.0,800.0],0.0002841243],
[[1750.0,1.0,1.0],0.0001856562],
[[1750.0,10.0,10.0],0.0001741074],
[[1750.0,50.0,50.0],0.0001932134],
[[1750.0,100.0,100.0],0.0002011254],
[[1750.0,150.0,150.0],0.0003035922],
[[1750.0,200.0,200.0],0.0002296164],
[[1750.0,250.0,250.0],0.0002841824],
[[1750.0,300.0,300.0],0.0004391251],
[[1750.0,350.0,350.0],0.0003221938],
[[1750.0,400.0,400.0],0.0003244458],
[[1750.0,450.0,450.0],0.0003138048],
[[1750.0,500.0,500.0],0.0003597431],
[[1750.0,550.0,550.0],0.0003495676],
[[1750.0,600.0,600.0],0.0003378311],
[[1750.0,650.0,650.0],0.0004083198],
[[1750.0,700.0,700.0],0.0003017745],
[[1750.0,750.0,750.0],0.0005137594],
[[1750.0,800.0,800.0],0.0003585149],
[[1750.0,850.0,850.0],0.0004674138],
[[1800.0,1.0,1.0],0.0001856033],
[[1800.0,150.0,150.0],0.0002413823],
[[1800.0,200.0,200.0],0.000240762],
[[1800.0,250.0,250.0],0.0003497542],
[[1800.0,300.0,300.0],0.0002976909],
[[1800.0,350.0,350.0],0.000279835],
[[1800.0,400.0,400.0],0.0003536525],
[[1800.0,450.0,450.0],0.0003778352],
[[1800.0,500.0,500.0],0.0003185413],
[[1800.0,550.0,550.0],0.0003240136],
[[1800.0,600.0,600.0],0.0003242327],
[[1800.0,650.0,650.0],0.0004896117],
[[1800.0,700.0,700.0],0.0003290684],
[[1800.0,750.0,750.0],0.0003654243],
[[1800.0,800.0,800.0],0.000373615],
[[1800.0,850.0,850.0],0.0004217455],
[[1850.0,1.0,1.0],0.0001629055],
[[1850.0,150.0,150.0],0.0002208751],
[[1850.0,200.0,200.0],0.0002371377],
[[1850.0,250.0,250.0],0.0002692027],
[[1850.0,300.0,300.0],0.0003160049],
[[1850.0,350.0,350.0],0.0002882046],
[[1850.0,400.0,400.0],0.0003262571],
[[1850.0,450.0,450.0],0.0004137956],
[[1850.0,500.0,500.0],0.0003501318],
[[1850.0,550.0,550.0],0.0003651669],
[[1850.0,600.0,600.0],0.0006153483],
[[1850.0,650.0,650.0],0.0003884198],
[[1850.0,700.0,700.0],0.0004260812],
[[1850.0,750.0,750.0],0.000372054],
[[1850.0,800.0,800.0],0.0004362359],
[[1850.0,850.0,850.0],0.0003511802],
[[1850.0,900.0,900.0],0.0003840965],
[[1900.0,1.0,1.0],0.0001639236],
[[1900.0,150.0,150.0],0.0004100493],
[[1900.0,200.0,200.0],0.0002895011],
[[1900.0,250.0,250.0],0.0002810863],
[[1900.0,300.0,300.0],0.0003188591],
[[1900.0,350.0,350.0],0.0007216364],
[[1900.0,400.0,400.0],0.0003577272],
[[1900.0,450.0,450.0],0.0003753978],
[[1900.0,500.0,500.0],0.0003494468],
[[1900.0,550.0,550.0],0.0003963583],
[[1900.0,600.0,600.0],0.0004605794],
[[1900.0,650.0,650.0],0.0004123882],
[[1900.0,700.0,700.0],0.000405179],
[[1900.0,750.0,750.0],0.0003706409],
[[1900.0,800.0,800.0],0.0004120053],
[[1900.0,850.0,850.0],0.0004936433],
[[1900.0,900.0,900.0],0.0004065446],
[[1950.0,1.0,1.0],0.0001496927],
[[1950.0,150.0,150.0],0.0004677674],
[[1950.0,200.0,200.0],0.0003210479],
[[1950.0,250.0,250.0],0.0002601839],
[[1950.0,300.0,300.0],0.0003379003],
[[1950.0,350.0,350.0],0.0003468906],
[[1950.0,400.0,400.0],0.0003351584],
[[1950.0,450.0,450.0],0.0004111641],
[[1950.0,500.0,500.0],0.0005046356],
[[1950.0,550.0,550.0],0.0004592001],
[[1950.0,600.0,600.0],0.0003856182],
[[1950.0,650.0,650.0],0.0004314091],
[[1950.0,700.0,700.0],0.0005334513],
[[1950.0,750.0,750.0],0.0004396631],
[[1950.0,800.0,800.0],0.0005611768],
[[1950.0,850.0,850.0],0.0004643989],
[[1950.0,900.0,900.0],0.0004647509],
[[1950.0,950.0,950.0],0.0004261569],
[[2000.0,1.0,1.0],0.0002038174],
[[2000.0,10.0,10.0],0.0002627503],
[[2000.0,50.0,50.0],0.0001886771],
[[2000.0,100.0,100.0],0.0001875873],
[[2000.0,150.0,150.0],0.0002647126],
[[2000.0,200.0,200.0],0.0003058106],
[[2000.0,250.0,250.0],0.0003246553],
[[2000.0,300.0,300.0],0.0003374765],
[[2000.0,350.0,350.0],0.0003744711],
[[2000.0,400.0,400.0],0.000472275],
[[2000.0,450.0,450.0],0.0003845064],
[[2000.0,500.0,500.0],0.0003461122],
[[2000.0,550.0,550.0],0.0003779377],
[[2000.0,600.0,600.0],0.0004028133],
[[2000.0,650.0,650.0],0.0004344],
[[2000.0,700.0,700.0],0.0004627009],
[[2000.0,750.0,750.0],0.0005099888],
[[2000.0,800.0,800.0],0.0005632614],
[[2000.0,850.0,850.0],0.0004512121],
[[2000.0,900.0,900.0],0.0005940512],
[[2000.0,950.0,950.0],0.0004694031],
[[2250.0,1.0,1.0],0.0001874864],
[[2250.0,10.0,10.0],0.0002197438],
[[2250.0,50.0,50.0],0.0001857926],
[[2250.0,100.0,100.0],0.0002113602],
[[2250.0,150.0,150.0],0.0002086597],
[[2250.0,300.0,300.0],0.0004219908],
[[2250.0,500.0,500.0],0.0004408567],
[[2250.0,750.0,750.0],0.0005325271],
[[2250.0,1000.0,1000.0],0.0005489256],
[[2500.0,1.0,1.0],0.000162632],
[[2500.0,10.0,10.0],0.0001512408],
[[2500.0,50.0,50.0],0.0001552061],
[[2500.0,100.0,100.0],0.0001770924],
[[2500.0,150.0,150.0],0.0002380454],
[[2500.0,300.0,300.0],0.0003524628],
[[2500.0,500.0,500.0],0.0004523066],
[[2500.0,750.0,750.0],0.0006951078],
[[2500.0,1000.0,1000.0],0.0005779606],
[[2500.0,1200.0,1200.0],0.0007661203],
[[2750.0,1.0,1.0],0.0001216482],
[[2750.0,10.0,10.0],0.0001335774],
[[2750.0,50.0,50.0],0.0001453512],
[[2750.0,100.0,100.0],0.0001493929],
[[2750.0,150.0,150.0],0.0002470886],
[[2750.0,300.0,300.0],0.0004399758],
[[2750.0,500.0,500.0],0.0005060768],
[[2750.0,750.0,750.0],0.0005611781],
[[2750.0,1000.0,1000.0],0.0006460229],
[[2750.0,1200.0,1200.0],0.000744052],
[[3000.0,1.0,1.0],9.642481e-05],
[[3000.0,10.0,10.0],0.0001148855],
[[3000.0,50.0,50.0],0.0001240569],
[[3000.0,100.0,100.0],0.0001309344],
[[3000.0,150.0,150.0],0.0001451613],
[[3000.0,300.0,300.0],0.0003721611],
[[3000.0,500.0,500.0],0.0005793197],
[[3000.0,750.0,750.0],0.000630062],
[[3000.0,1000.0,1000.0],0.0007097899],
[[3000.0,1200.0,1200.0],0.0006865213],
[[3000.0,1400.0,1400.0],0.0006720392]]
