txName: TRV1
constraint: {(PV > Zprime(1)), (Zprime(1) > MET(2),MET(3))}
condition: None
conditionDescription: None
figureUrl: https://cms-results.web.cern.ch/cms-results/public-results/publications/EXO-20-004/CMS-EXO-20-004_Figure_007-b.png
source: https://doi.org/10.5281/zenodo.13324003
validated: True
axesMap: [{0: 'x', 1: 'y', 2: 'y'}]
dataMap: {0: (1, 'mass', GeV), 1: (2, 'mass', GeV), 2: (3, 'mass', GeV)}
finalState: ['MET', 'MET']
intermediateState: None
efficiencyMap: [[[50.0,1.0,1.0],1.433283e-08],
[[100.0,1.0,1.0],3.149253e-08],
[[100.0,10.0,10.0],6.947534e-08],
[[150.0,1.0,1.0],2.017096e-07],
[[150.0,75.0,75.0],1.987362e-07],
[[200.0,1.0,1.0],5.269679e-07],
[[200.0,75.0,75.0],4.224559e-07],
[[250.0,1.0,1.0],7.52434e-07],
[[250.0,10.0,10.0],1.308675e-06],
[[250.0,75.0,75.0],1.050063e-06],
[[300.0,1.0,1.0],1.854794e-06],
[[300.0,75.0,75.0],1.223325e-06],
[[350.0,1.0,1.0],2.554575e-06],
[[350.0,75.0,75.0],4.349959e-06],
[[350.0,150.0,150.0],3.345291e-06],
[[400.0,1.0,1.0],4.679209e-06],
[[400.0,75.0,75.0],5.267935e-06],
[[400.0,150.0,150.0],3.894872e-06],
[[450.0,1.0,1.0],6.862285e-06],
[[450.0,75.0,75.0],6.78635e-06],
[[450.0,150.0,150.0],7.789655e-06],
[[450.0,200.0,200.0],6.647564e-06],
[[500.0,1.0,1.0],8.356861e-06],
[[500.0,10.0,10.0],8.506741e-06],
[[500.0,75.0,75.0],1.055658e-05],
[[500.0,150.0,150.0],9.706649e-06],
[[500.0,200.0,200.0],7.929276e-06],
[[550.0,1.0,1.0],1.211923e-05],
[[550.0,75.0,75.0],1.181403e-05],
[[550.0,150.0,150.0],1.15388e-05],
[[550.0,200.0,200.0],1.289828e-05],
[[550.0,250.0,250.0],1.339768e-05],
[[600.0,1.0,1.0],1.383345e-05],
[[600.0,75.0,75.0],1.437857e-05],
[[600.0,150.0,150.0],1.396277e-05],
[[600.0,200.0,200.0],1.788697e-05],
[[600.0,250.0,250.0],1.645527e-05],
[[650.0,1.0,1.0],1.568769e-05],
[[650.0,75.0,75.0],1.454604e-05],
[[650.0,150.0,150.0],1.655484e-05],
[[650.0,200.0,200.0],1.620506e-05],
[[650.0,250.0,250.0],1.996454e-05],
[[650.0,300.0,300.0],1.751665e-05],
[[700.0,1.0,1.0],1.832557e-05],
[[700.0,75.0,75.0],1.59444e-05],
[[700.0,150.0,150.0],1.961874e-05],
[[700.0,200.0,200.0],2.073843e-05],
[[700.0,250.0,250.0],1.928184e-05],
[[700.0,300.0,300.0],2.612902e-05],
[[750.0,1.0,1.0],2.185005e-05],
[[750.0,10.0,10.0],2.355327e-05],
[[750.0,75.0,75.0],2.622685e-05],
[[750.0,150.0,150.0],2.708082e-05],
[[750.0,200.0,200.0],2.473908e-05],
[[750.0,250.0,250.0],2.920441e-05],
[[750.0,300.0,300.0],2.731259e-05],
[[750.0,350.0,350.0],2.64177e-05],
[[800.0,1.0,1.0],2.686307e-05],
[[800.0,75.0,75.0],2.79357e-05],
[[800.0,150.0,150.0],2.030944e-05],
[[800.0,200.0,200.0],2.67871e-05],
[[800.0,250.0,250.0],2.353777e-05],
[[800.0,300.0,300.0],3.318229e-05],
[[800.0,350.0,350.0],2.776884e-05],
[[850.0,1.0,1.0],2.604065e-05],
[[850.0,75.0,75.0],2.970253e-05],
[[850.0,150.0,150.0],3.053086e-05],
[[850.0,200.0,200.0],3.542166e-05],
[[850.0,250.0,250.0],2.88138e-05],
[[850.0,300.0,300.0],3.527126e-05],
[[850.0,350.0,350.0],4.059544e-05],
[[850.0,400.0,400.0],3.08949e-05],
[[900.0,1.0,1.0],3.342738e-05],
[[900.0,75.0,75.0],3.355321e-05],
[[900.0,150.0,150.0],3.653663e-05],
[[900.0,200.0,200.0],3.286264e-05],
[[900.0,250.0,250.0],3.121275e-05],
[[900.0,300.0,300.0],4.300685e-05],
[[900.0,350.0,350.0],3.437351e-05],
[[900.0,400.0,400.0],4.364374e-05],
[[950.0,1.0,1.0],3.718955e-05],
[[950.0,75.0,75.0],4.439725e-05],
[[950.0,150.0,150.0],4.148389e-05],
[[950.0,200.0,200.0],3.970211e-05],
[[950.0,250.0,250.0],4.195277e-05],
[[950.0,300.0,300.0],4.027738e-05],
[[950.0,350.0,350.0],3.993446e-05],
[[950.0,400.0,400.0],4.041035e-05],
[[950.0,450.0,450.0],4.175761e-05],
[[1000.0,1.0,1.0],4.178895e-05],
[[1000.0,10.0,10.0],4.006078e-05],
[[1000.0,75.0,75.0],4.260364e-05],
[[1000.0,150.0,150.0],4.511374e-05],
[[1000.0,200.0,200.0],4.696847e-05],
[[1000.0,250.0,250.0],4.043082e-05],
[[1000.0,300.0,300.0],4.069241e-05],
[[1000.0,350.0,350.0],5.196343e-05],
[[1000.0,400.0,400.0],4.038805e-05],
[[1000.0,450.0,450.0],4.542338e-05],
[[1050.0,1.0,1.0],5.24558e-05],
[[1050.0,75.0,75.0],4.355335e-05],
[[1050.0,150.0,150.0],3.524259e-05],
[[1050.0,200.0,200.0],4.732596e-05],
[[1050.0,250.0,250.0],4.539497e-05],
[[1050.0,300.0,300.0],4.728886e-05],
[[1050.0,350.0,350.0],4.56183e-05],
[[1050.0,400.0,400.0],5.491665e-05],
[[1050.0,450.0,450.0],4.602385e-05],
[[1050.0,500.0,500.0],7.999135e-05],
[[1100.0,1.0,1.0],5.179835e-05],
[[1100.0,75.0,75.0],5.875897e-05],
[[1100.0,150.0,150.0],5.092449e-05],
[[1100.0,200.0,200.0],8.270032e-05],
[[1100.0,250.0,250.0],4.950588e-05],
[[1100.0,300.0,300.0],7.478099e-05],
[[1100.0,350.0,350.0],8.487399e-05],
[[1100.0,400.0,400.0],5.676564e-05],
[[1100.0,450.0,450.0],4.889468e-05],
[[1100.0,500.0,500.0],6.127158e-05],
[[1150.0,1.0,1.0],5.609095e-05],
[[1150.0,75.0,75.0],5.772106e-05],
[[1150.0,150.0,150.0],4.378106e-05],
[[1150.0,200.0,200.0],5.328111e-05],
[[1150.0,250.0,250.0],5.531342e-05],
[[1150.0,300.0,300.0],5.497944e-05],
[[1150.0,350.0,350.0],5.869115e-05],
[[1150.0,400.0,400.0],6.593765e-05],
[[1150.0,450.0,450.0],4.741159e-05],
[[1150.0,500.0,500.0],5.699874e-05],
[[1150.0,550.0,550.0],6.523286e-05],
[[1200.0,1.0,1.0],5.362924e-05],
[[1200.0,75.0,75.0],5.481237e-05],
[[1200.0,150.0,150.0],5.728627e-05],
[[1200.0,200.0,200.0],6.756263e-05],
[[1200.0,250.0,250.0],7.02498e-05],
[[1200.0,300.0,300.0],5.856042e-05],
[[1200.0,350.0,350.0],5.933184e-05],
[[1200.0,400.0,400.0],6.160758e-05],
[[1200.0,450.0,450.0],6.137846e-05],
[[1200.0,500.0,500.0],6.304399e-05],
[[1200.0,550.0,550.0],6.332531e-05],
[[1250.0,1.0,1.0],6.529556e-05],
[[1250.0,10.0,10.0],7.065113e-05],
[[1250.0,75.0,75.0],6.413794e-05],
[[1250.0,150.0,150.0],6.143624e-05],
[[1250.0,200.0,200.0],5.768506e-05],
[[1250.0,250.0,250.0],5.91786e-05],
[[1250.0,300.0,300.0],6.307936e-05],
[[1250.0,350.0,350.0],6.438245e-05],
[[1250.0,400.0,400.0],6.581689e-05],
[[1250.0,450.0,450.0],6.886364e-05],
[[1250.0,500.0,500.0],6.704934e-05],
[[1250.0,550.0,550.0],6.148331e-05],
[[1250.0,600.0,600.0],7.513378e-05],
[[1300.0,1.0,1.0],5.962205e-05],
[[1300.0,75.0,75.0],7.774898e-05],
[[1300.0,150.0,150.0],7.907194e-05],
[[1300.0,200.0,200.0],6.861992e-05],
[[1300.0,250.0,250.0],7.246089e-05],
[[1300.0,300.0,300.0],6.299769e-05],
[[1300.0,350.0,350.0],6.931508e-05],
[[1300.0,400.0,400.0],8.338478e-05],
[[1300.0,450.0,450.0],9.430461e-05],
[[1300.0,500.0,500.0],7.540969e-05],
[[1300.0,550.0,550.0],7.960328e-05],
[[1300.0,600.0,600.0],6.694563e-05],
[[1350.0,1.0,1.0],6.967681e-05],
[[1350.0,75.0,75.0],7.710002e-05],
[[1350.0,150.0,150.0],7.797988e-05],
[[1350.0,200.0,200.0],7.644842e-05],
[[1350.0,250.0,250.0],8.024018e-05],
[[1350.0,300.0,300.0],7.750657e-05],
[[1350.0,350.0,350.0],6.649702e-05],
[[1350.0,400.0,400.0],5.851596e-05],
[[1350.0,450.0,450.0],0.0001111817],
[[1350.0,500.0,500.0],9.279206e-05],
[[1350.0,550.0,550.0],7.199284e-05],
[[1350.0,600.0,600.0],8.294701e-05],
[[1350.0,650.0,650.0],0.0001079383],
[[1400.0,1.0,1.0],8.021742e-05],
[[1400.0,75.0,75.0],7.492123e-05],
[[1400.0,150.0,150.0],7.45885e-05],
[[1400.0,200.0,200.0],7.652088e-05],
[[1400.0,250.0,250.0],7.241899e-05],
[[1400.0,300.0,300.0],8.462545e-05],
[[1400.0,350.0,350.0],7.507791e-05],
[[1400.0,400.0,400.0],7.76347e-05],
[[1400.0,450.0,450.0],8.358991e-05],
[[1400.0,500.0,500.0],8.081466e-05],
[[1400.0,550.0,550.0],6.95354e-05],
[[1400.0,600.0,600.0],8.644027e-05],
[[1400.0,650.0,650.0],6.759128e-05],
[[1450.0,1.0,1.0],8.084999e-05],
[[1450.0,75.0,75.0],7.199436e-05],
[[1450.0,150.0,150.0],7.023598e-05],
[[1450.0,200.0,200.0],8.093823e-05],
[[1450.0,250.0,250.0],8.430315e-05],
[[1450.0,300.0,300.0],8.882903e-05],
[[1450.0,350.0,350.0],9.750426e-05],
[[1450.0,400.0,400.0],0.0001178483],
[[1450.0,450.0,450.0],8.201041e-05],
[[1450.0,500.0,500.0],7.610607e-05],
[[1450.0,550.0,550.0],9.613306e-05],
[[1450.0,600.0,600.0],9.878441e-05],
[[1450.0,650.0,650.0],8.02669e-05],
[[1450.0,700.0,700.0],0.0001296373],
[[1500.0,1.0,1.0],8.233624e-05],
[[1500.0,10.0,10.0],8.16297e-05],
[[1500.0,75.0,75.0],7.727703e-05],
[[1500.0,150.0,150.0],0.0001066862],
[[1500.0,200.0,200.0],8.658196e-05],
[[1500.0,250.0,250.0],9.037174e-05],
[[1500.0,300.0,300.0],0.0001006852],
[[1500.0,350.0,350.0],8.428873e-05],
[[1500.0,400.0,400.0],0.0001142971],
[[1500.0,450.0,450.0],8.877457e-05],
[[1500.0,500.0,500.0],9.112805e-05],
[[1500.0,550.0,550.0],7.362734e-05],
[[1500.0,600.0,600.0],9.460984e-05],
[[1500.0,650.0,650.0],9.645281e-05],
[[1500.0,700.0,700.0],9.726911e-05],
[[1500.0,750.0,750.0],0.0001062727],
[[1550.0,1.0,1.0],8.651107e-05],
[[1550.0,75.0,75.0],9.100042e-05],
[[1550.0,150.0,150.0],9.415664e-05],
[[1550.0,200.0,200.0],0.0001045808],
[[1550.0,250.0,250.0],9.320869e-05],
[[1550.0,300.0,300.0],8.563803e-05],
[[1550.0,350.0,350.0],0.0001117465],
[[1550.0,400.0,400.0],9.201631e-05],
[[1550.0,450.0,450.0],0.0001090497],
[[1550.0,500.0,500.0],9.671621e-05],
[[1550.0,550.0,550.0],0.000152317],
[[1550.0,600.0,600.0],0.000131776],
[[1550.0,650.0,650.0],0.0001328337],
[[1550.0,700.0,700.0],8.855775e-05],
[[1550.0,750.0,750.0],0.0001112642],
[[1600.0,1.0,1.0],9.008956e-05],
[[1600.0,75.0,75.0],8.710432e-05],
[[1600.0,150.0,150.0],9.587368e-05],
[[1600.0,200.0,200.0],0.0001147239],
[[1600.0,250.0,250.0],9.702651e-05],
[[1600.0,300.0,300.0],8.995366e-05],
[[1600.0,350.0,350.0],0.0001060721],
[[1600.0,400.0,400.0],0.0001297159],
[[1600.0,450.0,450.0],0.0001001877],
[[1600.0,500.0,500.0],0.0001055667],
[[1600.0,550.0,550.0],9.00808e-05],
[[1600.0,600.0,600.0],0.0001219692],
[[1600.0,650.0,650.0],0.0001292508],
[[1600.0,700.0,700.0],0.000104749],
[[1600.0,750.0,750.0],0.0001352153],
[[1650.0,1.0,1.0],8.287306e-05],
[[1650.0,75.0,75.0],9.334733e-05],
[[1650.0,150.0,150.0],9.793569e-05],
[[1650.0,200.0,200.0],0.0001083773],
[[1650.0,250.0,250.0],0.0001218819],
[[1650.0,300.0,300.0],0.0001058508],
[[1650.0,350.0,350.0],0.0001018145],
[[1650.0,400.0,400.0],0.0001059986],
[[1650.0,450.0,450.0],0.0001140438],
[[1650.0,500.0,500.0],0.0001540745],
[[1650.0,550.0,550.0],9.230064e-05],
[[1650.0,600.0,600.0],0.0001122083],
[[1650.0,650.0,650.0],0.0001020686],
[[1650.0,700.0,700.0],0.0001134257],
[[1650.0,750.0,750.0],0.0001191672],
[[1650.0,800.0,800.0],0.0001247511],
[[1700.0,1.0,1.0],9.30361e-05],
[[1700.0,75.0,75.0],0.0001000992],
[[1700.0,150.0,150.0],0.0001010463],
[[1700.0,200.0,200.0],0.0001174866],
[[1700.0,250.0,250.0],8.946426e-05],
[[1700.0,300.0,300.0],0.000110555],
[[1700.0,350.0,350.0],0.0001121648],
[[1700.0,400.0,400.0],0.000116003],
[[1700.0,450.0,450.0],0.0001155019],
[[1700.0,500.0,500.0],0.0001090228],
[[1700.0,550.0,550.0],0.0001389949],
[[1700.0,600.0,600.0],0.0001197034],
[[1700.0,650.0,650.0],0.0001126247],
[[1700.0,700.0,700.0],8.604722e-05],
[[1700.0,750.0,750.0],9.799199e-05],
[[1700.0,800.0,800.0],0.0001169354],
[[1750.0,1.0,1.0],9.815154e-05],
[[1750.0,10.0,10.0],0.0001001616],
[[1750.0,75.0,75.0],0.0001007598],
[[1750.0,150.0,150.0],9.045709e-05],
[[1750.0,200.0,200.0],0.0001112903],
[[1750.0,250.0,250.0],0.0001160408],
[[1750.0,300.0,300.0],0.0001098319],
[[1750.0,350.0,350.0],0.0001241773],
[[1750.0,400.0,400.0],0.0001176966],
[[1750.0,450.0,450.0],8.959871e-05],
[[1750.0,500.0,500.0],0.00013414],
[[1750.0,550.0,550.0],0.0001097885],
[[1750.0,600.0,600.0],9.769732e-05],
[[1750.0,650.0,650.0],0.0001276842],
[[1750.0,700.0,700.0],0.0001295591],
[[1750.0,750.0,750.0],0.0001192307],
[[1750.0,800.0,800.0],0.0001028625],
[[1750.0,850.0,850.0],0.0001038114],
[[1800.0,1.0,1.0],0.0001099781],
[[1800.0,75.0,75.0],9.147656e-05],
[[1800.0,150.0,150.0],0.0001008136],
[[1800.0,200.0,200.0],0.000103232],
[[1800.0,250.0,250.0],0.0001025973],
[[1800.0,300.0,300.0],9.565227e-05],
[[1800.0,350.0,350.0],0.0001001062],
[[1800.0,400.0,400.0],0.0001264842],
[[1800.0,450.0,450.0],0.0001313668],
[[1800.0,500.0,500.0],0.0001132756],
[[1800.0,550.0,550.0],0.0001167926],
[[1800.0,600.0,600.0],0.0001067463],
[[1800.0,650.0,650.0],0.0001054016],
[[1800.0,700.0,700.0],0.0001273113],
[[1800.0,750.0,750.0],0.0001227368],
[[1800.0,800.0,800.0],0.0001044139],
[[1800.0,850.0,850.0],0.0001031031],
[[1850.0,1.0,1.0],0.0001157808],
[[1850.0,75.0,75.0],0.0001036851],
[[1850.0,150.0,150.0],9.857297e-05],
[[1850.0,200.0,200.0],0.0001177073],
[[1850.0,250.0,250.0],0.0001212202],
[[1850.0,300.0,300.0],0.000143578],
[[1850.0,350.0,350.0],0.0001097017],
[[1850.0,400.0,400.0],0.0001229629],
[[1850.0,450.0,450.0],0.000103636],
[[1850.0,500.0,500.0],0.0001310882],
[[1850.0,550.0,550.0],0.0001217639],
[[1850.0,600.0,600.0],0.0001140314],
[[1850.0,650.0,650.0],0.0001017113],
[[1850.0,700.0,700.0],0.0001118947],
[[1850.0,750.0,750.0],0.0001146765],
[[1850.0,800.0,800.0],0.0001313698],
[[1850.0,850.0,850.0],0.0001223162],
[[1850.0,900.0,900.0],0.0001308667],
[[1900.0,1.0,1.0],0.0001148327],
[[1900.0,75.0,75.0],0.0001104616],
[[1900.0,150.0,150.0],0.0001087375],
[[1900.0,200.0,200.0],0.000111577],
[[1900.0,250.0,250.0],0.0001141856],
[[1900.0,300.0,300.0],0.0001332017],
[[1900.0,350.0,350.0],0.0001080935],
[[1900.0,400.0,400.0],0.0001182196],
[[1900.0,450.0,450.0],0.0001201607],
[[1900.0,500.0,500.0],0.0001110088],
[[1900.0,550.0,550.0],0.0001187941],
[[1900.0,600.0,600.0],0.000135543],
[[1900.0,650.0,650.0],9.999125e-05],
[[1900.0,700.0,700.0],0.0001356902],
[[1900.0,750.0,750.0],0.000112868],
[[1900.0,800.0,800.0],0.0001217599],
[[1900.0,850.0,850.0],0.0001207019],
[[1900.0,900.0,900.0],0.0001109009],
[[1950.0,1.0,1.0],0.000123631],
[[1950.0,75.0,75.0],0.0001132569],
[[1950.0,150.0,150.0],0.0001059828],
[[1950.0,200.0,200.0],0.0001163614],
[[1950.0,250.0,250.0],0.0001328423],
[[1950.0,300.0,300.0],0.0001116581],
[[1950.0,350.0,350.0],0.0001441928],
[[1950.0,400.0,400.0],0.0001132194],
[[1950.0,450.0,450.0],0.0001313126],
[[1950.0,500.0,500.0],0.0001431126],
[[1950.0,550.0,550.0],0.0001108144],
[[1950.0,600.0,600.0],0.0001241936],
[[1950.0,650.0,650.0],0.0001246806],
[[1950.0,700.0,700.0],0.0001168524],
[[1950.0,750.0,750.0],0.0001163899],
[[1950.0,800.0,800.0],0.0001280895],
[[1950.0,850.0,850.0],0.0001201154],
[[1950.0,900.0,900.0],0.0001192225],
[[1950.0,950.0,950.0],0.0001364235],
[[2000.0,1.0,1.0],0.000143496],
[[2000.0,75.0,75.0],0.0001231783],
[[2000.0,150.0,150.0],0.0001363218],
[[2000.0,200.0,200.0],0.0001275885],
[[2000.0,250.0,250.0],0.0001206555],
[[2000.0,300.0,300.0],0.00013768],
[[2000.0,350.0,350.0],0.0001208479],
[[2000.0,400.0,400.0],0.0001275547],
[[2000.0,450.0,450.0],0.0001325047],
[[2000.0,500.0,500.0],0.0001267438],
[[2000.0,550.0,550.0],0.0001465237],
[[2000.0,600.0,600.0],0.0001104789],
[[2000.0,650.0,650.0],0.0001353369],
[[2000.0,700.0,700.0],0.0001488908],
[[2000.0,750.0,750.0],0.0001423364],
[[2000.0,800.0,800.0],0.00012174],
[[2000.0,850.0,850.0],0.0001392603],
[[2000.0,900.0,900.0],0.0001287356],
[[2000.0,950.0,950.0],0.000121693],
[[2250.0,1.0,1.0],0.0001355398],
[[2250.0,75.0,75.0],0.0001490575],
[[2250.0,150.0,150.0],0.0001366877],
[[2250.0,300.0,300.0],0.0001426195],
[[2250.0,500.0,500.0],0.0001238362],
[[2250.0,750.0,750.0],0.0001435473],
[[2250.0,1000.0,1000.0],0.0001590957],
[[2500.0,1.0,1.0],0.0001402881],
[[2500.0,75.0,75.0],0.0001478602],
[[2500.0,150.0,150.0],0.0001579881],
[[2500.0,300.0,300.0],0.0001490231],
[[2500.0,500.0,500.0],0.0001396275],
[[2500.0,750.0,750.0],0.0001455784],
[[2500.0,1000.0,1000.0],0.0001480963],
[[2500.0,1200.0,1200.0],0.0001788199],
[[2750.0,1.0,1.0],0.0001549328],
[[2750.0,75.0,75.0],0.0001433719],
[[2750.0,150.0,150.0],0.0001823518],
[[2750.0,300.0,300.0],0.0001486563],
[[2750.0,500.0,500.0],0.0001627406],
[[2750.0,750.0,750.0],0.0001705981],
[[2750.0,1000.0,1000.0],0.0001588607],
[[2750.0,1200.0,1200.0],0.0001654563],
[[3000.0,1.0,1.0],0.0001610072],
[[3000.0,75.0,75.0],0.0001662114],
[[3000.0,150.0,150.0],0.0001607656],
[[3000.0,300.0,300.0],0.00013366],
[[3000.0,500.0,500.0],0.0001382865],
[[3000.0,750.0,750.0],0.0001563403],
[[3000.0,1000.0,1000.0],0.0001743712],
[[3000.0,1200.0,1200.0],0.0001546927],
[[3000.0,1400.0,1400.0],0.0001823136]]
