txName: TRS1
constraint: {(PV > H0(1)), (H0(1) > MET(2),MET(3))}
condition: None
conditionDescription: None
figureUrl: https://cms-results.web.cern.ch/cms-results/public-results/publications/EXO-20-004/CMS-EXO-20-004_Figure_009-a.png
source: CMS
validated: True
axesMap: [{0: 'x', 1: '1.0', 2: '1.0'}, {0: 'x', 1: 'y', 2: 'y'}]
dataMap: {0: (1, 'mass', GeV), 1: (2, 'mass', GeV), 2: (3, 'mass', GeV)}
finalState: ['MET', 'MET']
intermediateState: None
efficiencyMap: [[[100.0,1.0,1.0],9.463582e-08],
[[100.0,10.0,10.0],6.463196e-08],
[[150.0,1.0,1.0],2.52857e-07],
[[150.0,50.0,50.0],1.980877e-07],
[[200.0,1.0,1.0],4.864225e-07],
[[200.0,50.0,50.0],3.511284e-07],
[[200.0,100.0,100.0],8.26925e-07],
[[250.0,1.0,1.0],4.041251e-07],
[[250.0,10.0,10.0],5.709201e-07],
[[250.0,50.0,50.0],4.050907e-07],
[[250.0,100.0,100.0],3.298216e-07],
[[300.0,1.0,1.0],6.797982e-07],
[[300.0,50.0,50.0],7.019889e-07],
[[300.0,100.0,100.0],9.828819e-07],
[[350.0,1.0,1.0],6.020659e-07],
[[350.0,50.0,50.0],6.849146e-07],
[[350.0,100.0,100.0],4.748821e-07],
[[350.0,150.0,150.0],5.073231e-07],
[[400.0,1.0,1.0],9.00803e-07],
[[400.0,50.0,50.0],5.119253e-07],
[[400.0,100.0,100.0],1.14884e-06],
[[400.0,150.0,150.0],5.235952e-07],
[[450.0,1.0,1.0],1.055607e-06],
[[450.0,50.0,50.0],1.06104e-06],
[[450.0,100.0,100.0],1.032763e-06],
[[450.0,150.0,150.0],8.895855e-07],
[[450.0,200.0,200.0],1.203612e-06],
[[500.0,1.0,1.0],1.465193e-06],
[[500.0,10.0,10.0],1.375368e-06],
[[500.0,50.0,50.0],1.458457e-06],
[[500.0,100.0,100.0],1.465284e-06],
[[500.0,150.0,150.0],1.614649e-06],
[[500.0,200.0,200.0],1.481473e-06],
[[550.0,1.0,1.0],2.101235e-06],
[[550.0,50.0,50.0],2.076533e-06],
[[550.0,100.0,100.0],2.065381e-06],
[[550.0,150.0,150.0],2.652681e-06],
[[550.0,200.0,200.0],2.081854e-06],
[[550.0,250.0,250.0],2.482676e-06],
[[600.0,1.0,1.0],3.277463e-06],
[[600.0,50.0,50.0],3.581094e-06],
[[600.0,100.0,100.0],3.840368e-06],
[[600.0,150.0,150.0],3.21953e-06],
[[600.0,200.0,200.0],3.498862e-06],
[[600.0,250.0,250.0],2.714591e-06],
[[650.0,1.0,1.0],3.930301e-06],
[[650.0,50.0,50.0],5.221406e-06],
[[650.0,100.0,100.0],4.707062e-06],
[[650.0,150.0,150.0],3.285843e-06],
[[650.0,200.0,200.0],4.07746e-06],
[[650.0,250.0,250.0],4.94991e-06],
[[650.0,300.0,300.0],6.422325e-06],
[[700.0,1.0,1.0],5.640703e-06],
[[700.0,50.0,50.0],5.696221e-06],
[[700.0,100.0,100.0],4.638216e-06],
[[700.0,150.0,150.0],5.789421e-06],
[[700.0,200.0,200.0],5.377625e-06],
[[700.0,250.0,250.0],5.742961e-06],
[[700.0,300.0,300.0],6.715175e-06],
[[750.0,1.0,1.0],7.51164e-06],
[[750.0,10.0,10.0],6.755522e-06],
[[750.0,50.0,50.0],7.406948e-06],
[[750.0,100.0,100.0],8.383043e-06],
[[750.0,150.0,150.0],7.661179e-06],
[[750.0,200.0,200.0],9.320216e-06],
[[750.0,250.0,250.0],8.335114e-06],
[[750.0,300.0,300.0],8.729392e-06],
[[750.0,350.0,350.0],1.262872e-05],
[[800.0,1.0,1.0],9.560722e-06],
[[800.0,150.0,150.0],9.134903e-06],
[[800.0,200.0,200.0],1.004651e-05],
[[800.0,250.0,250.0],1.099204e-05],
[[800.0,300.0,300.0],9.416685e-06],
[[800.0,350.0,350.0],1.320172e-05],
[[850.0,1.0,1.0],1.067226e-05],
[[850.0,150.0,150.0],1.225033e-05],
[[850.0,200.0,200.0],1.203733e-05],
[[850.0,250.0,250.0],1.253145e-05],
[[850.0,300.0,300.0],1.304575e-05],
[[850.0,350.0,350.0],1.447508e-05],
[[850.0,400.0,400.0],1.782483e-05],
[[900.0,1.0,1.0],1.64587e-05],
[[900.0,150.0,150.0],1.717565e-05],
[[900.0,200.0,200.0],1.367808e-05],
[[900.0,250.0,250.0],1.924117e-05],
[[900.0,300.0,300.0],1.884124e-05],
[[900.0,350.0,350.0],1.966307e-05],
[[900.0,400.0,400.0],1.966977e-05],
[[950.0,1.0,1.0],1.851071e-05],
[[950.0,150.0,150.0],1.92643e-05],
[[950.0,200.0,200.0],2.168826e-05],
[[950.0,250.0,250.0],2.196708e-05],
[[950.0,300.0,300.0],2.089228e-05],
[[950.0,350.0,350.0],2.211154e-05],
[[950.0,400.0,400.0],2.258162e-05],
[[950.0,450.0,450.0],3.651677e-05],
[[1000.0,1.0,1.0],2.441915e-05],
[[1000.0,10.0,10.0],1.980491e-05],
[[1000.0,50.0,50.0],2.166472e-05],
[[1000.0,100.0,100.0],2.426881e-05],
[[1000.0,150.0,150.0],2.440862e-05],
[[1000.0,200.0,200.0],2.561571e-05],
[[1000.0,250.0,250.0],2.86569e-05],
[[1000.0,300.0,300.0],2.613894e-05],
[[1000.0,350.0,350.0],2.459273e-05],
[[1000.0,400.0,400.0],2.70142e-05],
[[1000.0,450.0,450.0],2.885936e-05],
[[1050.0,1.0,1.0],3.036031e-05],
[[1050.0,150.0,150.0],3.154929e-05],
[[1050.0,200.0,200.0],3.375876e-05],
[[1050.0,250.0,250.0],2.976047e-05],
[[1050.0,300.0,300.0],3.281269e-05],
[[1050.0,350.0,350.0],3.670453e-05],
[[1050.0,400.0,400.0],3.48797e-05],
[[1050.0,450.0,450.0],3.517084e-05],
[[1050.0,500.0,500.0],5.018659e-05],
[[1100.0,1.0,1.0],3.239332e-05],
[[1100.0,150.0,150.0],3.484582e-05],
[[1100.0,200.0,200.0],3.456663e-05],
[[1100.0,250.0,250.0],3.946471e-05],
[[1100.0,300.0,300.0],3.236944e-05],
[[1100.0,350.0,350.0],3.442928e-05],
[[1100.0,400.0,400.0],3.964918e-05],
[[1100.0,450.0,450.0],4.219135e-05],
[[1100.0,500.0,500.0],4.5934e-05],
[[1150.0,1.0,1.0],3.450759e-05],
[[1150.0,150.0,150.0],3.707348e-05],
[[1150.0,200.0,200.0],3.893794e-05],
[[1150.0,250.0,250.0],5.193151e-05],
[[1150.0,300.0,300.0],4.783102e-05],
[[1150.0,350.0,350.0],4.121167e-05],
[[1150.0,400.0,400.0],4.722285e-05],
[[1150.0,450.0,450.0],4.906242e-05],
[[1150.0,500.0,500.0],4.893025e-05],
[[1150.0,550.0,550.0],6.748829e-05],
[[1200.0,1.0,1.0],3.900571e-05],
[[1200.0,150.0,150.0],4.845219e-05],
[[1200.0,200.0,200.0],4.880011e-05],
[[1200.0,250.0,250.0],4.872059e-05],
[[1200.0,300.0,300.0],5.611007e-05],
[[1200.0,350.0,350.0],5.08539e-05],
[[1200.0,400.0,400.0],6.251773e-05],
[[1200.0,450.0,450.0],5.368793e-05],
[[1200.0,500.0,500.0],5.854479e-05],
[[1200.0,550.0,550.0],6.280864e-05],
[[1250.0,1.0,1.0],4.52823e-05],
[[1250.0,10.0,10.0],4.336732e-05],
[[1250.0,50.0,50.0],5.166544e-05],
[[1250.0,100.0,100.0],4.928688e-05],
[[1250.0,150.0,150.0],4.960031e-05],
[[1250.0,200.0,200.0],5.058241e-05],
[[1250.0,250.0,250.0],5.724875e-05],
[[1250.0,300.0,300.0],6.177594e-05],
[[1250.0,350.0,350.0],6.282114e-05],
[[1250.0,400.0,400.0],6.718766e-05],
[[1250.0,450.0,450.0],6.256639e-05],
[[1250.0,500.0,500.0],7.156187e-05],
[[1250.0,550.0,550.0],7.675604e-05],
[[1250.0,600.0,600.0],7.956886e-05],
[[1300.0,1.0,1.0],5.325151e-05],
[[1300.0,150.0,150.0],6.088357e-05],
[[1300.0,200.0,200.0],6.519604e-05],
[[1300.0,250.0,250.0],6.102933e-05],
[[1300.0,300.0,300.0],6.831857e-05],
[[1300.0,350.0,350.0],6.589983e-05],
[[1300.0,400.0,400.0],8.204141e-05],
[[1300.0,450.0,450.0],6.696141e-05],
[[1300.0,500.0,500.0],7.790715e-05],
[[1300.0,550.0,550.0],8.186723e-05],
[[1300.0,600.0,600.0],8.512566e-05],
[[1350.0,1.0,1.0],5.803397e-05],
[[1350.0,150.0,150.0],6.554227e-05],
[[1350.0,200.0,200.0],6.799604e-05],
[[1350.0,250.0,250.0],7.646377e-05],
[[1350.0,300.0,300.0],7.286635e-05],
[[1350.0,350.0,350.0],0.0001115697],
[[1350.0,400.0,400.0],7.672217e-05],
[[1350.0,450.0,450.0],8.398174e-05],
[[1350.0,500.0,500.0],8.115645e-05],
[[1350.0,550.0,550.0],9.571704e-05],
[[1350.0,600.0,600.0],0.0001045777],
[[1350.0,650.0,650.0],0.0001020956],
[[1400.0,1.0,1.0],5.804221e-05],
[[1400.0,150.0,150.0],7.28234e-05],
[[1400.0,200.0,200.0],7.294554e-05],
[[1400.0,250.0,250.0],8.252288e-05],
[[1400.0,300.0,300.0],7.963819e-05],
[[1400.0,350.0,350.0],8.911691e-05],
[[1400.0,400.0,400.0],9.018058e-05],
[[1400.0,450.0,450.0],8.685022e-05],
[[1400.0,500.0,500.0],0.0001010949],
[[1400.0,550.0,550.0],0.0001018524],
[[1400.0,600.0,600.0],0.0001077564],
[[1400.0,650.0,650.0],0.000145973],
[[1450.0,1.0,1.0],6.512257e-05],
[[1450.0,150.0,150.0],6.970552e-05],
[[1450.0,200.0,200.0],8.140782e-05],
[[1450.0,250.0,250.0],9.239501e-05],
[[1450.0,300.0,300.0],9.256e-05],
[[1450.0,350.0,350.0],9.950563e-05],
[[1450.0,400.0,400.0],9.796525e-05],
[[1450.0,450.0,450.0],0.0001174074],
[[1450.0,500.0,500.0],0.0001101081],
[[1450.0,550.0,550.0],0.0001065221],
[[1450.0,600.0,600.0],0.0001102337],
[[1450.0,650.0,650.0],0.000120403],
[[1450.0,700.0,700.0],0.0001430879],
[[1500.0,1.0,1.0],7.275038e-05],
[[1500.0,10.0,10.0],6.730743e-05],
[[1500.0,50.0,50.0],7.560734e-05],
[[1500.0,100.0,100.0],8.16219e-05],
[[1500.0,150.0,150.0],8.473975e-05],
[[1500.0,200.0,200.0],9.399068e-05],
[[1500.0,250.0,250.0],9.459277e-05],
[[1500.0,300.0,300.0],0.0001148842],
[[1500.0,350.0,350.0],0.0001080833],
[[1500.0,400.0,400.0],0.0001151453],
[[1500.0,450.0,450.0],0.0001097523],
[[1500.0,500.0,500.0],0.0001197717],
[[1500.0,550.0,550.0],0.0001296581],
[[1500.0,600.0,600.0],0.0001216317],
[[1500.0,650.0,650.0],0.0001565411],
[[1500.0,700.0,700.0],0.0001432533],
[[1500.0,750.0,750.0],0.0001801896],
[[1550.0,1.0,1.0],7.147055e-05],
[[1550.0,150.0,150.0],8.963788e-05],
[[1550.0,200.0,200.0],9.922883e-05],
[[1550.0,250.0,250.0],0.0001063507],
[[1550.0,300.0,300.0],0.0001147021],
[[1550.0,350.0,350.0],0.0001206249],
[[1550.0,400.0,400.0],0.0001239765],
[[1550.0,450.0,450.0],0.0001357138],
[[1550.0,500.0,500.0],0.0001381746],
[[1550.0,550.0,550.0],0.0001584368],
[[1550.0,600.0,600.0],0.0001696073],
[[1550.0,650.0,650.0],0.0001534638],
[[1550.0,700.0,700.0],0.0001447662],
[[1550.0,750.0,750.0],0.000161268],
[[1600.0,1.0,1.0],7.599504e-05],
[[1600.0,150.0,150.0],9.933604e-05],
[[1600.0,200.0,200.0],0.0001168168],
[[1600.0,250.0,250.0],0.0001220647],
[[1600.0,300.0,300.0],0.0001183614],
[[1600.0,350.0,350.0],0.0001334922],
[[1600.0,400.0,400.0],0.0001464716],
[[1600.0,450.0,450.0],0.0001497255],
[[1600.0,500.0,500.0],0.0001532727],
[[1600.0,550.0,550.0],0.0001420722],
[[1600.0,600.0,600.0],0.0001572076],
[[1600.0,650.0,650.0],0.0001583381],
[[1600.0,700.0,700.0],0.0001787175],
[[1600.0,750.0,750.0],0.0001754991],
[[1650.0,1.0,1.0],0.0001023798],
[[1650.0,150.0,150.0],0.0001066014],
[[1650.0,200.0,200.0],0.0001153095],
[[1650.0,250.0,250.0],0.0001261517],
[[1650.0,300.0,300.0],0.0001421512],
[[1650.0,350.0,350.0],0.0001452353],
[[1650.0,400.0,400.0],0.0001911218],
[[1650.0,450.0,450.0],0.0001552639],
[[1650.0,500.0,500.0],0.0001405634],
[[1650.0,550.0,550.0],0.0001586253],
[[1650.0,600.0,600.0],0.0001645502],
[[1650.0,650.0,650.0],0.0001804896],
[[1650.0,700.0,700.0],0.0001945915],
[[1650.0,750.0,750.0],0.000191189],
[[1650.0,800.0,800.0],0.0001889877],
[[1700.0,1.0,1.0],9.7065e-05],
[[1700.0,150.0,150.0],0.000107577],
[[1700.0,200.0,200.0],0.0001286893],
[[1700.0,250.0,250.0],0.0001344874],
[[1700.0,300.0,300.0],0.0001318125],
[[1700.0,350.0,350.0],0.0001607556],
[[1700.0,400.0,400.0],0.0001574153],
[[1700.0,450.0,450.0],0.0001687726],
[[1700.0,500.0,500.0],0.0001753198],
[[1700.0,550.0,550.0],0.0001755253],
[[1700.0,600.0,600.0],0.0001799135],
[[1700.0,650.0,650.0],0.0001856543],
[[1700.0,700.0,700.0],0.0001957989],
[[1700.0,750.0,750.0],0.0001853286],
[[1700.0,800.0,800.0],0.000220055],
[[1750.0,1.0,1.0],9.086357e-05],
[[1750.0,10.0,10.0],9.291873e-05],
[[1750.0,50.0,50.0],0.0001019253],
[[1750.0,100.0,100.0],0.0001000996],
[[1750.0,150.0,150.0],0.0001294894],
[[1750.0,200.0,200.0],0.0001447758],
[[1750.0,250.0,250.0],0.0001639227],
[[1750.0,300.0,300.0],0.0001549198],
[[1750.0,350.0,350.0],0.0002198616],
[[1750.0,400.0,400.0],0.0001600493],
[[1750.0,450.0,450.0],0.0001711755],
[[1750.0,500.0,500.0],0.0002275333],
[[1750.0,550.0,550.0],0.0001779093],
[[1750.0,600.0,600.0],0.0001843677],
[[1750.0,650.0,650.0],0.0002137411],
[[1750.0,700.0,700.0],0.0002202829],
[[1750.0,750.0,750.0],0.0002236987],
[[1750.0,800.0,800.0],0.0002006004],
[[1750.0,850.0,850.0],0.000263377],
[[1800.0,1.0,1.0],9.291044e-05],
[[1800.0,150.0,150.0],0.0001213691],
[[1800.0,200.0,200.0],0.0001648008],
[[1800.0,250.0,250.0],0.0004459438],
[[1800.0,300.0,300.0],0.0001711845],
[[1800.0,350.0,350.0],0.0002257712],
[[1800.0,400.0,400.0],0.0001931475],
[[1800.0,450.0,450.0],0.000197858],
[[1800.0,500.0,500.0],0.0002108777],
[[1800.0,550.0,550.0],0.0001995717],
[[1800.0,600.0,600.0],0.0002418734],
[[1800.0,650.0,650.0],0.0002177325],
[[1800.0,700.0,700.0],0.0002285197],
[[1800.0,750.0,750.0],0.0002404804],
[[1800.0,800.0,800.0],0.0004268335],
[[1800.0,850.0,850.0],0.0002525036],
[[1850.0,1.0,1.0],0.0001121169],
[[1850.0,150.0,150.0],0.0001365558],
[[1850.0,200.0,200.0],0.0001550661],
[[1850.0,250.0,250.0],0.0001604326],
[[1850.0,300.0,300.0],0.000178727],
[[1850.0,350.0,350.0],0.0001919012],
[[1850.0,400.0,400.0],0.000275828],
[[1850.0,450.0,450.0],0.0002076384],
[[1850.0,500.0,500.0],0.0002458861],
[[1850.0,550.0,550.0],0.0002309931],
[[1850.0,600.0,600.0],0.0002246175],
[[1850.0,650.0,650.0],0.0002200382],
[[1850.0,700.0,700.0],0.000226238],
[[1850.0,750.0,750.0],0.0002650777],
[[1850.0,800.0,800.0],0.0002485536],
[[1850.0,850.0,850.0],0.0002484358],
[[1850.0,900.0,900.0],0.0003574226],
[[1900.0,1.0,1.0],0.0001494169],
[[1900.0,150.0,150.0],0.0001265206],
[[1900.0,200.0,200.0],0.00015347],
[[1900.0,250.0,250.0],0.0002192111],
[[1900.0,300.0,300.0],0.0001725276],
[[1900.0,350.0,350.0],0.0001957286],
[[1900.0,400.0,400.0],0.0002083092],
[[1900.0,450.0,450.0],0.0002215144],
[[1900.0,500.0,500.0],0.0002065061],
[[1900.0,550.0,550.0],0.0002226403],
[[1900.0,600.0,600.0],0.0002155671],
[[1900.0,650.0,650.0],0.0002755259],
[[1900.0,700.0,700.0],0.0002393119],
[[1900.0,750.0,750.0],0.0002516766],
[[1900.0,800.0,800.0],0.0002526051],
[[1900.0,850.0,850.0],0.0002834001],
[[1900.0,900.0,900.0],0.0002869142],
[[1950.0,1.0,1.0],0.0001195869],
[[1950.0,150.0,150.0],0.0001473371],
[[1950.0,200.0,200.0],0.0001500889],
[[1950.0,250.0,250.0],0.0001981165],
[[1950.0,300.0,300.0],0.0001962971],
[[1950.0,350.0,350.0],0.0002419377],
[[1950.0,400.0,400.0],0.0002210891],
[[1950.0,450.0,450.0],0.0002251104],
[[1950.0,500.0,500.0],0.0002534068],
[[1950.0,550.0,550.0],0.0002407798],
[[1950.0,600.0,600.0],0.0003905769],
[[1950.0,650.0,650.0],0.0002517526],
[[1950.0,700.0,700.0],0.0003361473],
[[1950.0,750.0,750.0],0.0003078087],
[[1950.0,800.0,800.0],0.0002599047],
[[1950.0,850.0,850.0],0.0003421265],
[[1950.0,900.0,900.0],0.0004273943],
[[1950.0,950.0,950.0],0.0003370844],
[[2000.0,1.0,1.0],0.0001335649],
[[2000.0,10.0,10.0],0.0001104341],
[[2000.0,50.0,50.0],0.0001076355],
[[2000.0,100.0,100.0],0.0001563413],
[[2000.0,150.0,150.0],0.0001383125],
[[2000.0,200.0,200.0],0.0001787084],
[[2000.0,250.0,250.0],0.0001968271],
[[2000.0,300.0,300.0],0.0002111154],
[[2000.0,350.0,350.0],0.0002311851],
[[2000.0,400.0,400.0],0.000231441],
[[2000.0,450.0,450.0],0.000256598],
[[2000.0,500.0,500.0],0.0002630941],
[[2000.0,550.0,550.0],0.000309799],
[[2000.0,600.0,600.0],0.0002797256],
[[2000.0,650.0,650.0],0.0002877271],
[[2000.0,700.0,700.0],0.000292724],
[[2000.0,750.0,750.0],0.0003009583],
[[2000.0,800.0,800.0],0.0004253548],
[[2000.0,850.0,850.0],0.0003126317],
[[2000.0,900.0,900.0],0.0003185637],
[[2000.0,950.0,950.0],0.0003255739],
[[2250.0,1.0,1.0],0.0001614936],
[[2250.0,10.0,10.0],0.0001284396],
[[2250.0,50.0,50.0],0.0001499698],
[[2250.0,100.0,100.0],0.0001313072],
[[2250.0,150.0,150.0],0.0001534486],
[[2250.0,300.0,300.0],0.0002577077],
[[2250.0,500.0,500.0],0.000324384],
[[2250.0,750.0,750.0],0.0003649559],
[[2250.0,1000.0,1000.0],0.0004128333],
[[2500.0,1.0,1.0],0.0001676036],
[[2500.0,10.0,10.0],0.0001372957],
[[2500.0,50.0,50.0],0.0001414755],
[[2500.0,100.0,100.0],0.0001365223],
[[2500.0,150.0,150.0],0.0001712852],
[[2500.0,300.0,300.0],0.0002962344],
[[2500.0,500.0,500.0],0.0004137836],
[[2500.0,750.0,750.0],0.0005017594],
[[2500.0,1000.0,1000.0],0.0004623685],
[[2500.0,1200.0,1200.0],0.0005397805],
[[2750.0,1.0,1.0],0.0001062538],
[[2750.0,10.0,10.0],0.0001349413],
[[2750.0,50.0,50.0],0.0001125186],
[[2750.0,100.0,100.0],0.0001203245],
[[2750.0,150.0,150.0],0.0001629341],
[[2750.0,300.0,300.0],0.0002779481],
[[2750.0,500.0,500.0],0.0004379905],
[[2750.0,750.0,750.0],0.0005929389],
[[2750.0,1000.0,1000.0],0.0006213876],
[[2750.0,1200.0,1200.0],0.0006563273],
[[3000.0,1.0,1.0],8.708074e-05],
[[3000.0,10.0,10.0],8.728241e-05],
[[3000.0,50.0,50.0],9.365325e-05],
[[3000.0,100.0,100.0],0.0001178483],
[[3000.0,150.0,150.0],0.0001388591],
[[3000.0,300.0,300.0],0.000319662],
[[3000.0,500.0,500.0],0.0004344457],
[[3000.0,750.0,750.0],0.0006396162],
[[3000.0,1000.0,1000.0],0.000623587],
[[3000.0,1200.0,1200.0],0.0006490422],
[[3000.0,1400.0,1400.0],0.0006974731]]
