txName: TRV1
constraint: {(PV > Zprime(1)), (Zprime(1) > MET(2),MET(3))}
condition: None
conditionDescription: None
figureUrl: https://cms-results.web.cern.ch/cms-results/public-results/publications/EXO-20-004/CMS-EXO-20-004_Figure_007-b.png
source: https://doi.org/10.5281/zenodo.13324003
validated: True
axesMap: [{0: 'x', 1: 'y', 2: 'y'}]
dataMap: {0: (1, 'mass', GeV), 1: (2, 'mass', GeV), 2: (3, 'mass', GeV)}
finalState: ['MET', 'MET']
intermediateState: None
efficiencyMap: [[[50.0,1.0,1.0],1.955715e-09],
[[100.0,1.0,1.0],2.294255e-08],
[[100.0,10.0,10.0],2.490824e-08],
[[150.0,1.0,1.0],4.671276e-08],
[[150.0,75.0,75.0],3.799124e-08],
[[200.0,1.0,1.0],1.904253e-07],
[[200.0,75.0,75.0],2.136463e-07],
[[250.0,1.0,1.0],3.104218e-07],
[[250.0,10.0,10.0],1.870428e-07],
[[250.0,75.0,75.0],3.13732e-07],
[[300.0,1.0,1.0],3.382388e-07],
[[300.0,75.0,75.0],9.129798e-07],
[[350.0,1.0,1.0],1.234632e-06],
[[350.0,75.0,75.0],1.055088e-06],
[[350.0,150.0,150.0],1.155824e-06],
[[400.0,1.0,1.0],1.655293e-06],
[[400.0,75.0,75.0],1.525796e-06],
[[400.0,150.0,150.0],1.491372e-06],
[[450.0,1.0,1.0],2.580521e-06],
[[450.0,75.0,75.0],1.728081e-06],
[[450.0,150.0,150.0],2.280094e-06],
[[450.0,200.0,200.0],2.024755e-06],
[[500.0,1.0,1.0],3.061132e-06],
[[500.0,10.0,10.0],2.500199e-06],
[[500.0,75.0,75.0],3.603413e-06],
[[500.0,150.0,150.0],3.88536e-06],
[[500.0,200.0,200.0],3.017961e-06],
[[550.0,1.0,1.0],3.341786e-06],
[[550.0,75.0,75.0],3.694633e-06],
[[550.0,150.0,150.0],2.967128e-06],
[[550.0,200.0,200.0],4.612912e-06],
[[550.0,250.0,250.0],4.625693e-06],
[[600.0,1.0,1.0],4.555323e-06],
[[600.0,75.0,75.0],4.859662e-06],
[[600.0,150.0,150.0],4.957188e-06],
[[600.0,200.0,200.0],4.846635e-06],
[[600.0,250.0,250.0],7.290783e-06],
[[650.0,1.0,1.0],7.277882e-06],
[[650.0,75.0,75.0],7.34355e-06],
[[650.0,150.0,150.0],7.787455e-06],
[[650.0,200.0,200.0],6.176264e-06],
[[650.0,250.0,250.0],7.844462e-06],
[[650.0,300.0,300.0],6.409592e-06],
[[700.0,1.0,1.0],8.983964e-06],
[[700.0,75.0,75.0],8.96465e-06],
[[700.0,150.0,150.0],8.922888e-06],
[[700.0,200.0,200.0],9.945559e-06],
[[700.0,250.0,250.0],8.655571e-06],
[[700.0,300.0,300.0],8.581154e-06],
[[750.0,1.0,1.0],8.107051e-06],
[[750.0,10.0,10.0],1.171252e-05],
[[750.0,75.0,75.0],1.057212e-05],
[[750.0,150.0,150.0],1.124478e-05],
[[750.0,200.0,200.0],9.427121e-06],
[[750.0,250.0,250.0],1.101119e-05],
[[750.0,300.0,300.0],1.031369e-05],
[[750.0,350.0,350.0],1.337668e-05],
[[800.0,1.0,1.0],1.064735e-05],
[[800.0,75.0,75.0],1.213555e-05],
[[800.0,150.0,150.0],1.245945e-05],
[[800.0,200.0,200.0],1.317487e-05],
[[800.0,250.0,250.0],1.306152e-05],
[[800.0,300.0,300.0],1.328797e-05],
[[800.0,350.0,350.0],1.237404e-05],
[[850.0,1.0,1.0],1.422316e-05],
[[850.0,75.0,75.0],1.199992e-05],
[[850.0,150.0,150.0],1.387714e-05],
[[850.0,200.0,200.0],1.640611e-05],
[[850.0,250.0,250.0],1.59018e-05],
[[850.0,300.0,300.0],1.318198e-05],
[[850.0,350.0,350.0],1.79456e-05],
[[850.0,400.0,400.0],1.541804e-05],
[[900.0,1.0,1.0],1.82023e-05],
[[900.0,75.0,75.0],1.683548e-05],
[[900.0,150.0,150.0],1.461057e-05],
[[900.0,200.0,200.0],1.562415e-05],
[[900.0,250.0,250.0],1.932473e-05],
[[900.0,300.0,300.0],1.710702e-05],
[[900.0,350.0,350.0],1.626562e-05],
[[900.0,400.0,400.0],1.91149e-05],
[[950.0,1.0,1.0],1.761107e-05],
[[950.0,75.0,75.0],1.88047e-05],
[[950.0,150.0,150.0],1.799283e-05],
[[950.0,200.0,200.0],1.893697e-05],
[[950.0,250.0,250.0],2.253027e-05],
[[950.0,300.0,300.0],1.924378e-05],
[[950.0,350.0,350.0],2.24967e-05],
[[950.0,400.0,400.0],1.817539e-05],
[[950.0,450.0,450.0],2.266542e-05],
[[1000.0,1.0,1.0],2.058247e-05],
[[1000.0,10.0,10.0],2.128884e-05],
[[1000.0,75.0,75.0],1.886413e-05],
[[1000.0,150.0,150.0],2.444582e-05],
[[1000.0,200.0,200.0],2.012232e-05],
[[1000.0,250.0,250.0],2.159627e-05],
[[1000.0,300.0,300.0],2.003713e-05],
[[1000.0,350.0,350.0],2.497948e-05],
[[1000.0,400.0,400.0],2.476072e-05],
[[1000.0,450.0,450.0],2.42357e-05],
[[1050.0,1.0,1.0],2.214876e-05],
[[1050.0,75.0,75.0],2.64337e-05],
[[1050.0,150.0,150.0],2.556322e-05],
[[1050.0,200.0,200.0],2.453594e-05],
[[1050.0,250.0,250.0],2.25891e-05],
[[1050.0,300.0,300.0],2.421867e-05],
[[1050.0,350.0,350.0],2.25269e-05],
[[1050.0,400.0,400.0],3.092282e-05],
[[1050.0,450.0,450.0],3.050137e-05],
[[1050.0,500.0,500.0],3.54662e-05],
[[1100.0,1.0,1.0],2.614279e-05],
[[1100.0,75.0,75.0],2.857248e-05],
[[1100.0,150.0,150.0],2.945799e-05],
[[1100.0,200.0,200.0],2.500959e-05],
[[1100.0,250.0,250.0],2.389981e-05],
[[1100.0,300.0,300.0],3.02375e-05],
[[1100.0,350.0,350.0],2.889534e-05],
[[1100.0,400.0,400.0],2.666301e-05],
[[1100.0,450.0,450.0],2.940509e-05],
[[1100.0,500.0,500.0],2.987941e-05],
[[1150.0,1.0,1.0],2.980557e-05],
[[1150.0,75.0,75.0],2.815555e-05],
[[1150.0,150.0,150.0],2.664203e-05],
[[1150.0,200.0,200.0],3.518759e-05],
[[1150.0,250.0,250.0],3.14579e-05],
[[1150.0,300.0,300.0],3.092241e-05],
[[1150.0,350.0,350.0],3.323204e-05],
[[1150.0,400.0,400.0],3.457571e-05],
[[1150.0,450.0,450.0],2.950773e-05],
[[1150.0,500.0,500.0],3.736953e-05],
[[1150.0,550.0,550.0],3.573682e-05],
[[1200.0,1.0,1.0],3.3799e-05],
[[1200.0,75.0,75.0],3.348944e-05],
[[1200.0,150.0,150.0],3.369771e-05],
[[1200.0,200.0,200.0],3.368808e-05],
[[1200.0,250.0,250.0],3.498548e-05],
[[1200.0,300.0,300.0],3.068884e-05],
[[1200.0,350.0,350.0],3.196915e-05],
[[1200.0,400.0,400.0],3.464434e-05],
[[1200.0,450.0,450.0],3.583922e-05],
[[1200.0,500.0,500.0],3.70883e-05],
[[1200.0,550.0,550.0],3.398605e-05],
[[1250.0,1.0,1.0],3.814583e-05],
[[1250.0,10.0,10.0],3.333143e-05],
[[1250.0,75.0,75.0],3.72186e-05],
[[1250.0,150.0,150.0],3.610963e-05],
[[1250.0,200.0,200.0],3.990167e-05],
[[1250.0,250.0,250.0],4.095135e-05],
[[1250.0,300.0,300.0],4.049565e-05],
[[1250.0,350.0,350.0],4.125545e-05],
[[1250.0,400.0,400.0],3.814929e-05],
[[1250.0,450.0,450.0],3.958497e-05],
[[1250.0,500.0,500.0],3.578095e-05],
[[1250.0,550.0,550.0],4.132961e-05],
[[1250.0,600.0,600.0],4.811147e-05],
[[1300.0,1.0,1.0],3.931445e-05],
[[1300.0,75.0,75.0],3.618234e-05],
[[1300.0,150.0,150.0],3.978701e-05],
[[1300.0,200.0,200.0],3.770782e-05],
[[1300.0,250.0,250.0],4.604695e-05],
[[1300.0,300.0,300.0],4.063974e-05],
[[1300.0,350.0,350.0],4.367546e-05],
[[1300.0,400.0,400.0],3.772009e-05],
[[1300.0,450.0,450.0],4.881487e-05],
[[1300.0,500.0,500.0],4.013991e-05],
[[1300.0,550.0,550.0],4.518022e-05],
[[1300.0,600.0,600.0],4.494197e-05],
[[1350.0,1.0,1.0],4.43992e-05],
[[1350.0,75.0,75.0],4.212394e-05],
[[1350.0,150.0,150.0],4.438382e-05],
[[1350.0,200.0,200.0],4.778213e-05],
[[1350.0,250.0,250.0],5.300877e-05],
[[1350.0,300.0,300.0],4.781898e-05],
[[1350.0,350.0,350.0],4.190196e-05],
[[1350.0,400.0,400.0],4.485565e-05],
[[1350.0,450.0,450.0],4.347905e-05],
[[1350.0,500.0,500.0],4.226276e-05],
[[1350.0,550.0,550.0],4.532763e-05],
[[1350.0,600.0,600.0],4.733074e-05],
[[1350.0,650.0,650.0],5.436192e-05],
[[1400.0,1.0,1.0],4.516364e-05],
[[1400.0,75.0,75.0],4.457236e-05],
[[1400.0,150.0,150.0],4.527463e-05],
[[1400.0,200.0,200.0],4.398505e-05],
[[1400.0,250.0,250.0],4.895561e-05],
[[1400.0,300.0,300.0],4.881382e-05],
[[1400.0,350.0,350.0],4.913558e-05],
[[1400.0,400.0,400.0],5.024972e-05],
[[1400.0,450.0,450.0],5.190115e-05],
[[1400.0,500.0,500.0],4.919189e-05],
[[1400.0,550.0,550.0],5.137763e-05],
[[1400.0,600.0,600.0],5.126243e-05],
[[1400.0,650.0,650.0],5.187997e-05],
[[1450.0,1.0,1.0],4.926235e-05],
[[1450.0,75.0,75.0],4.628346e-05],
[[1450.0,150.0,150.0],4.888943e-05],
[[1450.0,200.0,200.0],4.660374e-05],
[[1450.0,250.0,250.0],5.078865e-05],
[[1450.0,300.0,300.0],5.643481e-05],
[[1450.0,350.0,350.0],5.199885e-05],
[[1450.0,400.0,400.0],4.985664e-05],
[[1450.0,450.0,450.0],5.209289e-05],
[[1450.0,500.0,500.0],6.491085e-05],
[[1450.0,550.0,550.0],5.540942e-05],
[[1450.0,600.0,600.0],5.243856e-05],
[[1450.0,650.0,650.0],5.568416e-05],
[[1450.0,700.0,700.0],5.983698e-05],
[[1500.0,1.0,1.0],4.853715e-05],
[[1500.0,10.0,10.0],5.235763e-05],
[[1500.0,75.0,75.0],5.21227e-05],
[[1500.0,150.0,150.0],5.199476e-05],
[[1500.0,200.0,200.0],6.311609e-05],
[[1500.0,250.0,250.0],5.863449e-05],
[[1500.0,300.0,300.0],5.915984e-05],
[[1500.0,350.0,350.0],5.194124e-05],
[[1500.0,400.0,400.0],5.666437e-05],
[[1500.0,450.0,450.0],5.600518e-05],
[[1500.0,500.0,500.0],5.511464e-05],
[[1500.0,550.0,550.0],5.395992e-05],
[[1500.0,600.0,600.0],6.211902e-05],
[[1500.0,650.0,650.0],6.077554e-05],
[[1500.0,700.0,700.0],5.65366e-05],
[[1500.0,750.0,750.0],6.68457e-05],
[[1550.0,1.0,1.0],5.231127e-05],
[[1550.0,75.0,75.0],5.324983e-05],
[[1550.0,150.0,150.0],5.807103e-05],
[[1550.0,200.0,200.0],5.802387e-05],
[[1550.0,250.0,250.0],5.791234e-05],
[[1550.0,300.0,300.0],5.386792e-05],
[[1550.0,350.0,350.0],5.278216e-05],
[[1550.0,400.0,400.0],6.240234e-05],
[[1550.0,450.0,450.0],5.801925e-05],
[[1550.0,500.0,500.0],6.102506e-05],
[[1550.0,550.0,550.0],6.387894e-05],
[[1550.0,600.0,600.0],5.70215e-05],
[[1550.0,650.0,650.0],6.4229e-05],
[[1550.0,700.0,700.0],6.390883e-05],
[[1550.0,750.0,750.0],6.141136e-05],
[[1600.0,1.0,1.0],5.994298e-05],
[[1600.0,75.0,75.0],5.443405e-05],
[[1600.0,150.0,150.0],5.742408e-05],
[[1600.0,200.0,200.0],5.998475e-05],
[[1600.0,250.0,250.0],6.438909e-05],
[[1600.0,300.0,300.0],6.334148e-05],
[[1600.0,350.0,350.0],5.858579e-05],
[[1600.0,400.0,400.0],6.005728e-05],
[[1600.0,450.0,450.0],6.683365e-05],
[[1600.0,500.0,500.0],5.810836e-05],
[[1600.0,550.0,550.0],6.000235e-05],
[[1600.0,600.0,600.0],6.336333e-05],
[[1600.0,650.0,650.0],7.4881e-05],
[[1600.0,700.0,700.0],6.459148e-05],
[[1600.0,750.0,750.0],6.435246e-05],
[[1650.0,1.0,1.0],6.414906e-05],
[[1650.0,75.0,75.0],5.927469e-05],
[[1650.0,150.0,150.0],6.572805e-05],
[[1650.0,200.0,200.0],8.098765e-05],
[[1650.0,250.0,250.0],7.237666e-05],
[[1650.0,300.0,300.0],6.787743e-05],
[[1650.0,350.0,350.0],6.305332e-05],
[[1650.0,400.0,400.0],6.918022e-05],
[[1650.0,450.0,450.0],6.91112e-05],
[[1650.0,500.0,500.0],7.265722e-05],
[[1650.0,550.0,550.0],6.507701e-05],
[[1650.0,600.0,600.0],6.97569e-05],
[[1650.0,650.0,650.0],7.029748e-05],
[[1650.0,700.0,700.0],7.975727e-05],
[[1650.0,750.0,750.0],6.962231e-05],
[[1650.0,800.0,800.0],7.08008e-05],
[[1700.0,1.0,1.0],6.133888e-05],
[[1700.0,75.0,75.0],6.832828e-05],
[[1700.0,150.0,150.0],6.203381e-05],
[[1700.0,200.0,200.0],7.507835e-05],
[[1700.0,250.0,250.0],7.582023e-05],
[[1700.0,300.0,300.0],7.03057e-05],
[[1700.0,350.0,350.0],6.806094e-05],
[[1700.0,400.0,400.0],5.804288e-05],
[[1700.0,450.0,450.0],6.795735e-05],
[[1700.0,500.0,500.0],7.465128e-05],
[[1700.0,550.0,550.0],7.104769e-05],
[[1700.0,600.0,600.0],6.618318e-05],
[[1700.0,650.0,650.0],7.476974e-05],
[[1700.0,700.0,700.0],8.10601e-05],
[[1700.0,750.0,750.0],7.296234e-05],
[[1700.0,800.0,800.0],7.30396e-05],
[[1750.0,1.0,1.0],6.602425e-05],
[[1750.0,10.0,10.0],6.859293e-05],
[[1750.0,75.0,75.0],7.090887e-05],
[[1750.0,150.0,150.0],6.595739e-05],
[[1750.0,200.0,200.0],6.946269e-05],
[[1750.0,250.0,250.0],6.2809e-05],
[[1750.0,300.0,300.0],7.352336e-05],
[[1750.0,350.0,350.0],7.89171e-05],
[[1750.0,400.0,400.0],6.480352e-05],
[[1750.0,450.0,450.0],7.408223e-05],
[[1750.0,500.0,500.0],8.111878e-05],
[[1750.0,550.0,550.0],7.463944e-05],
[[1750.0,600.0,600.0],7.209534e-05],
[[1750.0,650.0,650.0],7.05824e-05],
[[1750.0,700.0,700.0],8.131584e-05],
[[1750.0,750.0,750.0],8.204992e-05],
[[1750.0,800.0,800.0],7.631247e-05],
[[1750.0,850.0,850.0],9.317862e-05],
[[1800.0,1.0,1.0],6.70306e-05],
[[1800.0,75.0,75.0],7.156082e-05],
[[1800.0,150.0,150.0],7.157926e-05],
[[1800.0,200.0,200.0],7.985258e-05],
[[1800.0,250.0,250.0],0.0001070683],
[[1800.0,300.0,300.0],8.456812e-05],
[[1800.0,350.0,350.0],7.543673e-05],
[[1800.0,400.0,400.0],7.03852e-05],
[[1800.0,450.0,450.0],8.250389e-05],
[[1800.0,500.0,500.0],7.51769e-05],
[[1800.0,550.0,550.0],7.60672e-05],
[[1800.0,600.0,600.0],7.797092e-05],
[[1800.0,650.0,650.0],7.884701e-05],
[[1800.0,700.0,700.0],7.700624e-05],
[[1800.0,750.0,750.0],7.86534e-05],
[[1800.0,800.0,800.0],7.483737e-05],
[[1800.0,850.0,850.0],8.150221e-05],
[[1850.0,1.0,1.0],6.769861e-05],
[[1850.0,75.0,75.0],8.195618e-05],
[[1850.0,150.0,150.0],7.355032e-05],
[[1850.0,200.0,200.0],8.065622e-05],
[[1850.0,250.0,250.0],7.98924e-05],
[[1850.0,300.0,300.0],7.168975e-05],
[[1850.0,350.0,350.0],7.43221e-05],
[[1850.0,400.0,400.0],0.0001000086],
[[1850.0,450.0,450.0],7.905523e-05],
[[1850.0,500.0,500.0],7.516427e-05],
[[1850.0,550.0,550.0],7.987348e-05],
[[1850.0,600.0,600.0],0.0001076682],
[[1850.0,650.0,650.0],8.363747e-05],
[[1850.0,700.0,700.0],9.203946e-05],
[[1850.0,750.0,750.0],0.0001134116],
[[1850.0,800.0,800.0],7.859726e-05],
[[1850.0,850.0,850.0],8.02945e-05],
[[1850.0,900.0,900.0],8.502069e-05],
[[1900.0,1.0,1.0],7.52369e-05],
[[1900.0,75.0,75.0],7.917389e-05],
[[1900.0,150.0,150.0],7.810665e-05],
[[1900.0,200.0,200.0],7.831266e-05],
[[1900.0,250.0,250.0],7.338283e-05],
[[1900.0,300.0,300.0],9.721125e-05],
[[1900.0,350.0,350.0],9.237164e-05],
[[1900.0,400.0,400.0],7.837813e-05],
[[1900.0,450.0,450.0],8.674401e-05],
[[1900.0,500.0,500.0],8.158247e-05],
[[1900.0,550.0,550.0],9.472318e-05],
[[1900.0,600.0,600.0],8.857207e-05],
[[1900.0,650.0,650.0],9.528086e-05],
[[1900.0,700.0,700.0],8.081162e-05],
[[1900.0,750.0,750.0],8.854034e-05],
[[1900.0,800.0,800.0],0.000115961],
[[1900.0,850.0,850.0],8.426837e-05],
[[1900.0,900.0,900.0],8.951228e-05],
[[1950.0,1.0,1.0],7.284483e-05],
[[1950.0,75.0,75.0],7.725337e-05],
[[1950.0,150.0,150.0],9.216248e-05],
[[1950.0,200.0,200.0],7.880573e-05],
[[1950.0,250.0,250.0],8.524857e-05],
[[1950.0,300.0,300.0],8.587323e-05],
[[1950.0,350.0,350.0],9.980307e-05],
[[1950.0,400.0,400.0],8.302302e-05],
[[1950.0,450.0,450.0],8.271749e-05],
[[1950.0,500.0,500.0],0.0001062743],
[[1950.0,550.0,550.0],8.988797e-05],
[[1950.0,600.0,600.0],9.025843e-05],
[[1950.0,650.0,650.0],7.862611e-05],
[[1950.0,700.0,700.0],9.074191e-05],
[[1950.0,750.0,750.0],9.231373e-05],
[[1950.0,800.0,800.0],7.963044e-05],
[[1950.0,850.0,850.0],9.455052e-05],
[[1950.0,900.0,900.0],8.333931e-05],
[[1950.0,950.0,950.0],9.725079e-05],
[[2000.0,1.0,1.0],8.61914e-05],
[[2000.0,75.0,75.0],8.819287e-05],
[[2000.0,150.0,150.0],0.0001177841],
[[2000.0,200.0,200.0],7.317345e-05],
[[2000.0,250.0,250.0],9.17843e-05],
[[2000.0,300.0,300.0],0.0001009878],
[[2000.0,350.0,350.0],9.232384e-05],
[[2000.0,400.0,400.0],8.137247e-05],
[[2000.0,450.0,450.0],0.0001022615],
[[2000.0,500.0,500.0],9.565955e-05],
[[2000.0,550.0,550.0],8.826867e-05],
[[2000.0,600.0,600.0],9.103864e-05],
[[2000.0,650.0,650.0],8.88906e-05],
[[2000.0,700.0,700.0],9.144241e-05],
[[2000.0,750.0,750.0],9.397919e-05],
[[2000.0,800.0,800.0],7.664495e-05],
[[2000.0,850.0,850.0],9.408191e-05],
[[2000.0,900.0,900.0],9.551486e-05],
[[2000.0,950.0,950.0],9.706402e-05],
[[2250.0,1.0,1.0],0.0001032223],
[[2250.0,75.0,75.0],0.0001329581],
[[2250.0,150.0,150.0],0.0001035792],
[[2250.0,300.0,300.0],9.975925e-05],
[[2250.0,500.0,500.0],0.0001166967],
[[2250.0,750.0,750.0],0.0001247946],
[[2250.0,1000.0,1000.0],0.0001286914],
[[2500.0,1.0,1.0],0.0001191938],
[[2500.0,75.0,75.0],0.0001261335],
[[2500.0,150.0,150.0],0.0001095554],
[[2500.0,300.0,300.0],0.0001137616],
[[2500.0,500.0,500.0],0.0001082913],
[[2500.0,750.0,750.0],0.0001066363],
[[2500.0,1000.0,1000.0],0.0001099837],
[[2500.0,1200.0,1200.0],0.0001175647],
[[2750.0,1.0,1.0],0.0001134616],
[[2750.0,75.0,75.0],0.0001190811],
[[2750.0,150.0,150.0],0.0001372137],
[[2750.0,300.0,300.0],0.0001004709],
[[2750.0,500.0,500.0],0.0001204645],
[[2750.0,750.0,750.0],0.0001233207],
[[2750.0,1000.0,1000.0],0.0001099339],
[[2750.0,1200.0,1200.0],0.0001235239],
[[3000.0,1.0,1.0],0.000107487],
[[3000.0,75.0,75.0],9.845847e-05],
[[3000.0,150.0,150.0],0.0001003366],
[[3000.0,300.0,300.0],9.790399e-05],
[[3000.0,500.0,500.0],0.0001110494],
[[3000.0,750.0,750.0],0.0001113197],
[[3000.0,1000.0,1000.0],0.0001154403],
[[3000.0,1200.0,1200.0],0.0001048321],
[[3000.0,1400.0,1400.0],0.0001188341]]
