txName: TRV1
constraint: {(PV > Zprime(1)), (Zprime(1) > MET(2),MET(3))}
condition: None
conditionDescription: None
figureUrl: None
source: Recast by CM2
validated: True
axesMap: [{0: 'x', 1: 'y', 2: 'y'}]
dataMap: {0: (1, 'mass', GeV), 1: (2, 'mass', GeV), 2: (3, 'mass', GeV)}
finalState: ['MET', 'MET']
intermediateState: None
efficiencyMap: [[[50.0,0,0],0.0],
[[50.0,1.0,1.0],0],
[[50.0,10.0,10.0],0],
[[50.0,20.0,20.0],0],
[[100.0,0,0],0],
[[100.0,1.0,1.0],0],
[[100.0,10.0,10.0],0],
[[150.0,0,0],0],
[[150.0,1.0,1.0],0],
[[150.0,10.0,10.0],0],
[[150.0,50.0,50.0],0],
[[150.0,70.0,70.0],0],
[[200.0,0,0],0],
[[200.0,1.0,1.0],0],
[[200.0,10.0,10.0],0],
[[200.0,50.0,50.0],0],
[[200.0,75.0,75.0],0],
[[250.0,0,0],3.670522e-06],
[[250.0,1.0,1.0],0],
[[250.0,10.0,10.0],0],
[[250.0,50.0,50.0],0],
[[250.0,75.0,75.0],0],
[[250.0,100.0,100.0],0],
[[250.0,120.0,120.0],0],
[[300.0,0,0],0],
[[300.0,1.0,1.0],0],
[[300.0,10.0,10.0],0],
[[300.0,50.0,50.0],4.389892e-06],
[[300.0,75.0,75.0],0],
[[300.0,100.0,100.0],0],
[[350.0,0,0],2.09016e-06],
[[350.0,1.0,1.0],2.510236e-06],
[[350.0,10.0,10.0],2.286689e-06],
[[350.0,50.0,50.0],1.900798e-06],
[[350.0,75.0,75.0],2.474027e-06],
[[350.0,100.0,100.0],2.271799e-06],
[[350.0,150.0,150.0],2.560215e-06],
[[350.0,170.0,170.0],2.560627e-06],
[[400.0,0,0],2.90857e-06],
[[400.0,1.0,1.0],3.625908e-06],
[[400.0,10.0,10.0],3.715747e-06],
[[400.0,50.0,50.0],3.578636e-06],
[[400.0,75.0,75.0],3.47157e-06],
[[400.0,100.0,100.0],3.721972e-06],
[[400.0,150.0,150.0],4.143183e-06],
[[450.0,0,0],4.721439e-06],
[[450.0,1.0,1.0],5.754434e-06],
[[450.0,10.0,10.0],5.151247e-06],
[[450.0,50.0,50.0],4.785383e-06],
[[450.0,75.0,75.0],4.395833e-06],
[[450.0,100.0,100.0],4.766498e-06],
[[450.0,150.0,150.0],6.196004e-06],
[[450.0,200.0,200.0],5.907016e-06],
[[450.0,220.0,220.0],5.9428e-06],
[[500.0,0,0],6.729473e-06],
[[500.0,1.0,1.0],7.810891e-06],
[[500.0,10.0,10.0],7.221781e-06],
[[500.0,50.0,50.0],7.458518e-06],
[[500.0,75.0,75.0],7.641761e-06],
[[500.0,100.0,100.0],7.811209e-06],
[[500.0,150.0,150.0],7.494111e-06],
[[500.0,200.0,200.0],6.903015e-06],
[[550.0,1.0,1.0],9.594104e-06],
[[550.0,10.0,10.0],1.04556e-05],
[[550.0,75.0,75.0],9.712413e-06],
[[550.0,150.0,150.0],1.032431e-05],
[[550.0,200.0,200.0],1.057013e-05],
[[550.0,250.0,250.0],1.080281e-05],
[[550.0,270.0,270.0],1.173665e-05],
[[600.0,0,0],1.338914e-05],
[[600.0,1.0,1.0],1.326876e-05],
[[600.0,10.0,10.0],1.348717e-05],
[[600.0,50.0,50.0],1.323064e-05],
[[600.0,75.0,75.0],1.200508e-05],
[[600.0,100.0,100.0],1.236967e-05],
[[600.0,150.0,150.0],1.238123e-05],
[[600.0,200.0,200.0],1.311549e-05],
[[600.0,250.0,250.0],1.444305e-05],
[[600.0,295.0,295.0],1.477085e-05],
[[650.0,1.0,1.0],1.573887e-05],
[[650.0,10.0,10.0],1.59334e-05],
[[650.0,75.0,75.0],1.703526e-05],
[[650.0,150.0,150.0],1.653097e-05],
[[650.0,200.0,200.0],1.720499e-05],
[[650.0,250.0,250.0],1.809724e-05],
[[650.0,300.0,300.0],1.965191e-05],
[[650.0,320.0,320.0],2.139391e-05],
[[700.0,0,0],1.880065e-05],
[[700.0,1.0,1.0],2.082048e-05],
[[700.0,10.0,10.0],2.037246e-05],
[[700.0,50.0,50.0],1.83632e-05],
[[700.0,75.0,75.0],2.152769e-05],
[[700.0,100.0,100.0],1.013289e-05],
[[700.0,150.0,150.0],2.289725e-05],
[[700.0,200.0,200.0],2.113488e-05],
[[700.0,250.0,250.0],1.910664e-05],
[[700.0,300.0,300.0],2.321958e-05],
[[750.0,1.0,1.0],2.517437e-05],
[[750.0,10.0,10.0],2.435655e-05],
[[750.0,75.0,75.0],2.68488e-05],
[[750.0,150.0,150.0],2.612547e-05],
[[750.0,200.0,200.0],2.652887e-05],
[[750.0,250.0,250.0],2.526667e-05],
[[750.0,300.0,300.0],3.280096e-05],
[[750.0,350.0,350.0],2.861724e-05],
[[750.0,370.0,370.0],3.046463e-05],
[[800.0,0,0],2.915353e-05],
[[800.0,1.0,1.0],3.04177e-05],
[[800.0,10.0,10.0],2.894172e-05],
[[800.0,50.0,50.0],3.055845e-05],
[[800.0,75.0,75.0],3.278084e-05],
[[800.0,100.0,100.0],2.932611e-05],
[[800.0,150.0,150.0],3.29427e-05],
[[800.0,200.0,200.0],2.986169e-05],
[[800.0,250.0,250.0],3.023176e-05],
[[800.0,300.0,300.0],3.356381e-05],
[[800.0,350.0,350.0],3.407151e-05],
[[850.0,1.0,1.0],3.502551e-05],
[[850.0,10.0,10.0],3.559759e-05],
[[850.0,75.0,75.0],3.655017e-05],
[[850.0,150.0,150.0],3.865874e-05],
[[850.0,200.0,200.0],4.10002e-05],
[[850.0,250.0,250.0],3.802884e-05],
[[850.0,300.0,300.0],3.895992e-05],
[[850.0,350.0,350.0],3.709806e-05],
[[850.0,400.0,400.0],4.034024e-05],
[[850.0,420.0,420.0],4.439966e-05],
[[900.0,0,0],4.11385e-05],
[[900.0,1.0,1.0],4.414263e-05],
[[900.0,10.0,10.0],4.224495e-05],
[[900.0,50.0,50.0],4.255134e-05],
[[900.0,75.0,75.0],4.396719e-05],
[[900.0,100.0,100.0],4.336485e-05],
[[900.0,150.0,150.0],4.117898e-05],
[[900.0,200.0,200.0],4.473682e-05],
[[900.0,250.0,250.0],4.784297e-05],
[[900.0,300.0,300.0],4.246433e-05],
[[900.0,350.0,350.0],4.58185e-05],
[[900.0,400.0,400.0],4.746867e-05],
[[950.0,1.0,1.0],4.990509e-05],
[[950.0,10.0,10.0],4.664574e-05],
[[950.0,75.0,75.0],4.973155e-05],
[[950.0,150.0,150.0],5.041374e-05],
[[950.0,200.0,200.0],5.081824e-05],
[[950.0,250.0,250.0],5.090055e-05],
[[950.0,300.0,300.0],5.368349e-05],
[[950.0,350.0,350.0],5.362718e-05],
[[950.0,400.0,400.0],5.348946e-05],
[[950.0,450.0,450.0],5.538477e-05],
[[950.0,470.0,470.0],5.871108e-05],
[[1000.0,0,0],5.517298e-05],
[[1000.0,50.0,50.0],5.677035e-05],
[[1000.0,100.0,100.0],5.683498e-05],
[[1000.0,150.0,150.0],5.146093e-05],
[[1000.0,200.0,200.0],5.715497e-05],
[[1000.0,250.0,250.0],5.735965e-05],
[[1000.0,300.0,300.0],5.956779e-05],
[[1000.0,350.0,350.0],6.333981e-05],
[[1000.0,400.0,400.0],6.131242e-05],
[[1000.0,450.0,450.0],6.27403e-05],
[[1050.0,520.0,520.0],7.829244e-05],
[[1100.0,0,0],6.94692e-05],
[[1100.0,100.0,100.0],7.443795e-05],
[[1100.0,200.0,200.0],7.543188e-05],
[[1100.0,300.0,300.0],7.565363e-05],
[[1100.0,400.0,400.0],7.792835e-05],
[[1100.0,500.0,500.0],8.0112e-05],
[[1150.0,570.0,570.0],9.829442e-05],
[[1200.0,0,0],8.474496e-05],
[[1200.0,100.0,100.0],9.002762e-05],
[[1200.0,200.0,200.0],8.840857e-05],
[[1200.0,300.0,300.0],9.364194e-05],
[[1200.0,400.0,400.0],9.73021e-05],
[[1200.0,500.0,500.0],0.0001019215],
[[1250.0,620.0,620.0],0.0001146655],
[[1300.0,0,0],0.0001076957],
[[1300.0,100.0,100.0],0.000115449],
[[1300.0,200.0,200.0],0.0001034616],
[[1300.0,300.0,300.0],0.0001131129],
[[1300.0,400.0,400.0],0.000119212],
[[1300.0,500.0,500.0],0.0001173928],
[[1300.0,600.0,600.0],0.000117207],
[[1350.0,670.0,670.0],0.0001389147],
[[1400.0,0,0],0.0001248954],
[[1400.0,100.0,100.0],0.0001265441],
[[1400.0,200.0,200.0],0.0001386317],
[[1400.0,300.0,300.0],0.0001280993],
[[1400.0,400.0,400.0],0.0001353495],
[[1400.0,500.0,500.0],0.0001322618],
[[1400.0,600.0,600.0],0.0001409961],
[[1450.0,720.0,720.0],0.0001707318],
[[1500.0,0,0],0.0001451118],
[[1500.0,100.0,100.0],0.0001460743],
[[1500.0,200.0,200.0],0.0001447232],
[[1500.0,300.0,300.0],0.0001568436],
[[1500.0,400.0,400.0],0.0001512824],
[[1500.0,500.0,500.0],0.0001584818],
[[1500.0,600.0,600.0],0.0001604559],
[[1500.0,700.0,700.0],0.0001680574],
[[1550.0,770.0,770.0],0.0001967752],
[[1600.0,0,0],0.000165003],
[[1600.0,100.0,100.0],0.0001769148],
[[1600.0,200.0,200.0],0.0001718339],
[[1600.0,300.0,300.0],0.0001732965],
[[1600.0,400.0,400.0],0.00017113],
[[1600.0,500.0,500.0],0.0001803453],
[[1600.0,600.0,600.0],0.0001852741],
[[1600.0,700.0,700.0],0.0001842722],
[[1650.0,820.0,820.0],0.000209443],
[[1700.0,0,0],0.0002025343],
[[1700.0,100.0,100.0],0.0001893303],
[[1700.0,200.0,200.0],0.0001899282],
[[1700.0,300.0,300.0],0.0001917038],
[[1700.0,400.0,400.0],0.0002023019],
[[1700.0,500.0,500.0],0.0001992965],
[[1700.0,600.0,600.0],0.0001987152],
[[1700.0,700.0,700.0],0.0002264133],
[[1700.0,800.0,800.0],0.0002317045],
[[1750.0,870.0,870.0],0.0002316423],
[[1800.0,0,0],0.0001974564],
[[1800.0,100.0,100.0],0.0002108861],
[[1800.0,200.0,200.0],0.0002130589],
[[1800.0,300.0,300.0],0.0002231608],
[[1800.0,400.0,400.0],0.0002224163],
[[1800.0,500.0,500.0],0.000215093],
[[1800.0,600.0,600.0],0.0002313226],
[[1800.0,700.0,700.0],0.0002290354],
[[1800.0,800.0,800.0],0.0002378968],
[[1850.0,920.0,920.0],0.0002674295],
[[1900.0,0,0],0.0002280666],
[[1900.0,100.0,100.0],0.0002217718],
[[1900.0,200.0,200.0],0.0002346301],
[[1900.0,300.0,300.0],0.0002350186],
[[1900.0,400.0,400.0],0.0002505643],
[[1900.0,500.0,500.0],0.0002511314],
[[1900.0,600.0,600.0],0.0002316824],
[[1900.0,700.0,700.0],0.0002578966],
[[1900.0,800.0,800.0],0.0002666793],
[[1900.0,900.0,900.0],0.0002792036],
[[1950.0,970.0,970.0],0.0002982214],
[[2000.0,0,0],0.0002568014],
[[2000.0,100.0,100.0],0.0002411963],
[[2000.0,200.0,200.0],0.0002821094],
[[2000.0,300.0,300.0],0.0002709132],
[[2000.0,400.0,400.0],0.0002673785],
[[2000.0,500.0,500.0],0.0002749234],
[[2000.0,600.0,600.0],0.0002643427],
[[2000.0,700.0,700.0],0.0002815821],
[[2000.0,800.0,800.0],0.0003098334],
[[2000.0,900.0,900.0],0.0003075306],
[[2050.0,1020.0,1020.0],0.0003288775],
[[2100.0,0,0],0.0002765704],
[[2100.0,100.0,100.0],0.0002544021],
[[2100.0,200.0,200.0],0.0002838532],
[[2100.0,300.0,300.0],0.0002819098],
[[2100.0,400.0,400.0],0.000281466],
[[2100.0,500.0,500.0],0.0003195375],
[[2100.0,600.0,600.0],0.0003014255],
[[2100.0,700.0,700.0],0.0003051603],
[[2100.0,800.0,800.0],0.0003177422],
[[2100.0,900.0,900.0],0.0003206667],
[[2100.0,1000.0,1000.0],0.0003100176],
[[2150.0,1070.0,1070.0],0.0003684326],
[[2200.0,0,0],0.0002729698],
[[2200.0,100.0,100.0],0.0002909675],
[[2200.0,200.0,200.0],0.0002965586],
[[2200.0,300.0,300.0],0.0003092709],
[[2200.0,400.0,400.0],0.0003084407],
[[2200.0,500.0,500.0],0.0003212114],
[[2200.0,600.0,600.0],0.0003015909],
[[2200.0,700.0,700.0],0.0003405441],
[[2200.0,800.0,800.0],0.0003259046],
[[2200.0,900.0,900.0],0.0003941503],
[[2200.0,1000.0,1000.0],0.000314685],
[[2250.0,1120.0,1120.0],0.0003774546],
[[2300.0,0,0],0.0002832649],
[[2300.0,100.0,100.0],0.0003028551],
[[2300.0,200.0,200.0],0.0003007829],
[[2300.0,300.0,300.0],0.0003129699],
[[2300.0,400.0,400.0],0.0003308128],
[[2300.0,500.0,500.0],0.0003517592],
[[2300.0,600.0,600.0],0.0003342846],
[[2300.0,700.0,700.0],0.0003614995],
[[2300.0,800.0,800.0],0.0003307281],
[[2300.0,900.0,900.0],0.0003609218],
[[2300.0,1000.0,1000.0],0.0003735711],
[[2300.0,1100.0,1100.0],0.0003528237],
[[2350.0,1170.0,1170.0],0.000417557],
[[2400.0,0,0],0.0002922418],
[[2400.0,100.0,100.0],0.0003087361],
[[2400.0,200.0,200.0],0.0003261388],
[[2400.0,300.0,300.0],0.0003670803],
[[2400.0,400.0,400.0],0.0003369933],
[[2400.0,500.0,500.0],0.0003527016],
[[2400.0,600.0,600.0],0.0003443688],
[[2400.0,700.0,700.0],0.000362965],
[[2400.0,800.0,800.0],0.0003783593],
[[2400.0,900.0,900.0],0.0003907011],
[[2400.0,1000.0,1000.0],0.0003626232],
[[2400.0,1100.0,1100.0],0.0003776855],
[[2450.0,1220.0,1220.0],0.0004029066],
[[2500.0,0,0],0.0003094936],
[[2500.0,100.0,100.0],0.0003505157],
[[2500.0,200.0,200.0],0.000347242],
[[2500.0,300.0,300.0],0.0003553445],
[[2500.0,400.0,400.0],0.0003539197],
[[2500.0,500.0,500.0],0.0003725901],
[[2500.0,600.0,600.0],0.0003783478],
[[2500.0,700.0,700.0],0.0003783877],
[[2500.0,800.0,800.0],0.0003965368],
[[2500.0,900.0,900.0],0.0003890376],
[[2500.0,1000.0,1000.0],0.0003983652],
[[2500.0,1100.0,1100.0],0.0003956789],
[[2500.0,1200.0,1200.0],0.0004199707],
[[2550.0,1270.0,1270.0],0.0004175476],
[[2600.0,0,0],0.0003187205],
[[2600.0,100.0,100.0],0.0003565112],
[[2600.0,200.0,200.0],0.0003480426],
[[2600.0,300.0,300.0],0.0003779507],
[[2600.0,400.0,400.0],0.0004389209],
[[2600.0,500.0,500.0],0.0004116407],
[[2600.0,600.0,600.0],0.000383364],
[[2600.0,700.0,700.0],0.0003997548],
[[2600.0,800.0,800.0],0.0004081313],
[[2600.0,900.0,900.0],0.0004232497],
[[2600.0,1000.0,1000.0],0.0004037126],
[[2600.0,1100.0,1100.0],0.0004232856],
[[2600.0,1200.0,1200.0],0.0004219893],
[[2650.0,1320.0,1320.0],0.0004566346],
[[2700.0,0,0],0.0003608551],
[[2700.0,100.0,100.0],0.0003589792],
[[2700.0,200.0,200.0],0.0003778182],
[[2700.0,300.0,300.0],0.0003775378],
[[2700.0,400.0,400.0],0.0003945545],
[[2700.0,500.0,500.0],0.0003886891],
[[2700.0,600.0,600.0],0.0003811625],
[[2700.0,700.0,700.0],0.0003979158],
[[2700.0,800.0,800.0],0.0003983775],
[[2700.0,900.0,900.0],0.0004306786],
[[2700.0,1000.0,1000.0],0.0004563804],
[[2700.0,1100.0,1100.0],0.0004383432],
[[2700.0,1200.0,1200.0],0.00043009],
[[2700.0,1300.0,1300.0],0.0004214623],
[[2750.0,1370.0,1370.0],0.000473277],
[[2800.0,0,0],0.0003300077],
[[2800.0,100.0,100.0],0.0003637074],
[[2800.0,200.0,200.0],0.0003924868],
[[2800.0,300.0,300.0],0.0003789796],
[[2800.0,400.0,400.0],0.0004255888],
[[2800.0,500.0,500.0],0.000418975],
[[2800.0,600.0,600.0],0.0004254071],
[[2800.0,700.0,700.0],0.0004277072],
[[2800.0,800.0,800.0],0.0004591463],
[[2800.0,900.0,900.0],0.0004205883],
[[2800.0,1000.0,1000.0],0.000451314],
[[2800.0,1100.0,1100.0],0.000443957],
[[2800.0,1200.0,1200.0],0.0004440138],
[[2800.0,1300.0,1300.0],0.0004521643],
[[2850.0,1420.0,1420.0],0.0004480644],
[[2900.0,0,0],0.0003467888],
[[2900.0,100.0,100.0],0.0003839646],
[[2900.0,200.0,200.0],0.0003755929],
[[2900.0,300.0,300.0],0.0004019975],
[[2900.0,400.0,400.0],0.0004047382],
[[2900.0,500.0,500.0],0.000780581],
[[2900.0,600.0,600.0],0.0004449221],
[[2900.0,700.0,700.0],0.0004606601],
[[2900.0,800.0,800.0],0.0004291085],
[[2900.0,900.0,900.0],0.000207999],
[[2900.0,1000.0,1000.0],0.0004597558],
[[2900.0,1100.0,1100.0],0.0004559725],
[[2900.0,1200.0,1200.0],0.0004681591],
[[2900.0,1300.0,1300.0],0.0004845344],
[[2900.0,1400.0,1400.0],0.0004669075],
[[2950.0,1470.0,1470.0],0.0004754645],
[[3000.0,0,0],0.0003550583],
[[3000.0,100.0,100.0],0.0003640767],
[[3000.0,200.0,200.0],0.0004111448],
[[3000.0,300.0,300.0],0.000438547],
[[3000.0,400.0,400.0],0.0004282563],
[[3000.0,500.0,500.0],0.0004559646],
[[3000.0,600.0,600.0],0.0004301226],
[[3000.0,700.0,700.0],0.000444242],
[[3000.0,800.0,800.0],0.0005011688],
[[3000.0,900.0,900.0],0.0004747634],
[[3000.0,1000.0,1000.0],0.0004723288],
[[3000.0,1100.0,1100.0],0.0004829619],
[[3000.0,1200.0,1200.0],0.0004581797],
[[3000.0,1300.0,1300.0],0.0004972667],
[[3000.0,1400.0,1400.0],0.0004572286]]
