txName: TRS1
constraint: {(PV > H0(1)), (H0(1) > MET(2),MET(3))}
condition: None
conditionDescription: None
figureUrl: https://cms-results.web.cern.ch/cms-results/public-results/publications/EXO-20-004/CMS-EXO-20-004_Figure_009-a.png
source: CMS
validated: True
axesMap: [{0: 'x', 1: '1.0', 2: '1.0'}, {0: 'x', 1: 'y', 2: 'y'}]
dataMap: {0: (1, 'mass', GeV), 1: (2, 'mass', GeV), 2: (3, 'mass', GeV)}
finalState: ['MET', 'MET']
intermediateState: None
efficiencyMap: [[[100.0,1.0,1.0],4.935292e-05],
[[100.0,10.0,10.0],4.755646e-05],
[[150.0,1.0,1.0],9.332319e-05],
[[150.0,50.0,50.0],0.0001129382],
[[200.0,1.0,1.0],0.0001393341],
[[200.0,50.0,50.0],0.0001595924],
[[200.0,100.0,100.0],0.0002533523],
[[250.0,1.0,1.0],0.0002237709],
[[250.0,10.0,10.0],0.0002019549],
[[250.0,50.0,50.0],0.0002151847],
[[250.0,100.0,100.0],0.0002332506],
[[300.0,1.0,1.0],0.0002585264],
[[300.0,50.0,50.0],0.0002761213],
[[300.0,100.0,100.0],0.0002739198],
[[350.0,1.0,1.0],0.0002926478],
[[350.0,50.0,50.0],0.0002975508],
[[350.0,100.0,100.0],0.0003025422],
[[350.0,150.0,150.0],0.0003738426],
[[400.0,1.0,1.0],0.0003876399],
[[400.0,50.0,50.0],0.0003174408],
[[400.0,100.0,100.0],0.0003661175],
[[400.0,150.0,150.0],0.0003283397],
[[450.0,1.0,1.0],0.0004480916],
[[450.0,50.0,50.0],0.0004734029],
[[450.0,100.0,100.0],0.0004721718],
[[450.0,150.0,150.0],0.0004554026],
[[450.0,200.0,200.0],0.0004441767],
[[500.0,1.0,1.0],0.0005954559],
[[500.0,10.0,10.0],0.0006145522],
[[500.0,50.0,50.0],0.0005092935],
[[500.0,100.0,100.0],0.000587559],
[[500.0,150.0,150.0],0.000616897],
[[500.0,200.0,200.0],0.0005417099],
[[550.0,1.0,1.0],0.0005948783],
[[550.0,50.0,50.0],0.0006485855],
[[550.0,100.0,100.0],0.0006891497],
[[550.0,150.0,150.0],0.0006468814],
[[550.0,200.0,200.0],0.0006998461],
[[550.0,250.0,250.0],0.0006915905],
[[600.0,1.0,1.0],0.001072805],
[[600.0,50.0,50.0],0.0008958026],
[[600.0,100.0,100.0],0.0008065729],
[[600.0,150.0,150.0],0.0006984815],
[[600.0,200.0,200.0],0.0008371988],
[[600.0,250.0,250.0],0.0009190807],
[[650.0,1.0,1.0],0.0008405438],
[[650.0,50.0,50.0],0.0008764725],
[[650.0,100.0,100.0],0.001089059],
[[650.0,150.0,150.0],0.0009674648],
[[650.0,200.0,200.0],0.0009409448],
[[650.0,250.0,250.0],0.0008643432],
[[650.0,300.0,300.0],0.001440953],
[[700.0,1.0,1.0],0.00104655],
[[700.0,50.0,50.0],0.0009602788],
[[700.0,100.0,100.0],0.001093099],
[[700.0,150.0,150.0],0.001109459],
[[700.0,200.0,200.0],0.001206172],
[[700.0,250.0,250.0],0.001313637],
[[700.0,300.0,300.0],0.001012857],
[[750.0,1.0,1.0],0.001265438],
[[750.0,10.0,10.0],0.0012474],
[[750.0,50.0,50.0],0.001085141],
[[750.0,100.0,100.0],0.00141234],
[[750.0,150.0,150.0],0.001136136],
[[750.0,200.0,200.0],0.001276811],
[[750.0,250.0,250.0],0.001143846],
[[750.0,300.0,300.0],0.001184606],
[[750.0,350.0,350.0],0.002191692],
[[800.0,1.0,1.0],0.001140859],
[[800.0,150.0,150.0],0.001184638],
[[800.0,200.0,200.0],0.001288281],
[[800.0,250.0,250.0],0.001271553],
[[800.0,300.0,300.0],0.001522634],
[[800.0,350.0,350.0],0.001348374],
[[850.0,1.0,1.0],0.001223635],
[[850.0,150.0,150.0],0.001309586],
[[850.0,200.0,200.0],0.001524968],
[[850.0,250.0,250.0],0.001288384],
[[850.0,300.0,300.0],0.002353814],
[[850.0,350.0,350.0],0.001482556],
[[850.0,400.0,400.0],0.001839549],
[[900.0,1.0,1.0],0.00124055],
[[900.0,150.0,150.0],0.001612346],
[[900.0,200.0,200.0],0.001555549],
[[900.0,250.0,250.0],0.001564871],
[[900.0,300.0,300.0],0.001771641],
[[900.0,350.0,350.0],0.00174964],
[[900.0,400.0,400.0],0.001648753],
[[950.0,1.0,1.0],0.001300501],
[[950.0,150.0,150.0],0.001538271],
[[950.0,200.0,200.0],0.001667127],
[[950.0,250.0,250.0],0.002111923],
[[950.0,300.0,300.0],0.001770847],
[[950.0,350.0,350.0],0.001574742],
[[950.0,400.0,400.0],0.00150699],
[[950.0,450.0,450.0],0.001627168],
[[1000.0,1.0,1.0],0.001353402],
[[1000.0,10.0,10.0],0.001523126],
[[1000.0,50.0,50.0],0.001483902],
[[1000.0,100.0,100.0],0.001654809],
[[1000.0,150.0,150.0],0.001597547],
[[1000.0,200.0,200.0],0.001763689],
[[1000.0,250.0,250.0],0.001693485],
[[1000.0,300.0,300.0],0.001624544],
[[1000.0,350.0,350.0],0.002007327],
[[1000.0,400.0,400.0],0.001598307],
[[1000.0,450.0,450.0],0.00224567],
[[1050.0,1.0,1.0],0.001652327],
[[1050.0,150.0,150.0],0.002318434],
[[1050.0,200.0,200.0],0.001996337],
[[1050.0,250.0,250.0],0.002539083],
[[1050.0,300.0,300.0],0.001784961],
[[1050.0,350.0,350.0],0.001881643],
[[1050.0,400.0,400.0],0.002039092],
[[1050.0,450.0,450.0],0.002511998],
[[1050.0,500.0,500.0],0.001982992],
[[1100.0,1.0,1.0],0.001760109],
[[1100.0,150.0,150.0],0.001575988],
[[1100.0,200.0,200.0],0.001831691],
[[1100.0,250.0,250.0],0.002046569],
[[1100.0,300.0,300.0],0.001835477],
[[1100.0,350.0,350.0],0.001612962],
[[1100.0,400.0,400.0],0.002456913],
[[1100.0,450.0,450.0],0.003114193],
[[1100.0,500.0,500.0],0.002176634],
[[1150.0,1.0,1.0],0.001741801],
[[1150.0,150.0,150.0],0.001796149],
[[1150.0,200.0,200.0],0.001822542],
[[1150.0,250.0,250.0],0.002679138],
[[1150.0,300.0,300.0],0.001867879],
[[1150.0,350.0,350.0],0.002245429],
[[1150.0,400.0,400.0],0.00203145],
[[1150.0,450.0,450.0],0.002428216],
[[1150.0,500.0,500.0],0.002488695],
[[1150.0,550.0,550.0],0.002020651],
[[1200.0,1.0,1.0],0.001859026],
[[1200.0,150.0,150.0],0.001843657],
[[1200.0,200.0,200.0],0.001853915],
[[1200.0,250.0,250.0],0.0025466],
[[1200.0,300.0,300.0],0.002155578],
[[1200.0,350.0,350.0],0.00215311],
[[1200.0,400.0,400.0],0.002073697],
[[1200.0,450.0,450.0],0.002165912],
[[1200.0,500.0,500.0],0.002248877],
[[1200.0,550.0,550.0],0.002597745],
[[1250.0,1.0,1.0],0.002274512],
[[1250.0,10.0,10.0],0.001834847],
[[1250.0,50.0,50.0],0.001679634],
[[1250.0,100.0,100.0],0.002085433],
[[1250.0,150.0,150.0],0.002368788],
[[1250.0,200.0,200.0],0.001982149],
[[1250.0,250.0,250.0],0.002058669],
[[1250.0,300.0,300.0],0.002066373],
[[1250.0,350.0,350.0],0.002220908],
[[1250.0,400.0,400.0],0.002197462],
[[1250.0,450.0,450.0],0.002538188],
[[1250.0,500.0,500.0],0.002772706],
[[1250.0,550.0,550.0],0.002634794],
[[1250.0,600.0,600.0],0.002516719],
[[1300.0,1.0,1.0],0.001989883],
[[1300.0,150.0,150.0],0.002340827],
[[1300.0,200.0,200.0],0.002097191],
[[1300.0,250.0,250.0],0.002167842],
[[1300.0,300.0,300.0],0.002212433],
[[1300.0,350.0,350.0],0.002459348],
[[1300.0,400.0,400.0],0.00245287],
[[1300.0,450.0,450.0],0.002033452],
[[1300.0,500.0,500.0],0.002615983],
[[1300.0,550.0,550.0],0.002753827],
[[1300.0,600.0,600.0],0.00268998],
[[1350.0,1.0,1.0],0.0021753],
[[1350.0,150.0,150.0],0.001904156],
[[1350.0,200.0,200.0],0.002285057],
[[1350.0,250.0,250.0],0.001995844],
[[1350.0,300.0,300.0],0.002211323],
[[1350.0,350.0,350.0],0.002143611],
[[1350.0,400.0,400.0],0.002351904],
[[1350.0,450.0,450.0],0.002129257],
[[1350.0,500.0,500.0],0.002588785],
[[1350.0,550.0,550.0],0.002321898],
[[1350.0,600.0,600.0],0.002647434],
[[1350.0,650.0,650.0],0.002472206],
[[1400.0,1.0,1.0],0.001840261],
[[1400.0,150.0,150.0],0.001902959],
[[1400.0,200.0,200.0],0.002410311],
[[1400.0,250.0,250.0],0.002580676],
[[1400.0,300.0,300.0],0.002321458],
[[1400.0,350.0,350.0],0.002229987],
[[1400.0,400.0,400.0],0.002090362],
[[1400.0,450.0,450.0],0.003124724],
[[1400.0,500.0,500.0],0.003164941],
[[1400.0,550.0,550.0],0.002337764],
[[1400.0,600.0,600.0],0.002422995],
[[1400.0,650.0,650.0],0.002674866],
[[1450.0,1.0,1.0],0.002039306],
[[1450.0,150.0,150.0],0.001949961],
[[1450.0,200.0,200.0],0.002052449],
[[1450.0,250.0,250.0],0.002116978],
[[1450.0,300.0,300.0],0.002739187],
[[1450.0,350.0,350.0],0.002861946],
[[1450.0,400.0,400.0],0.002558737],
[[1450.0,450.0,450.0],0.00254208],
[[1450.0,500.0,500.0],0.002245654],
[[1450.0,550.0,550.0],0.002480219],
[[1450.0,600.0,600.0],0.002219905],
[[1450.0,650.0,650.0],0.002290724],
[[1450.0,700.0,700.0],0.002760221],
[[1500.0,1.0,1.0],0.001659917],
[[1500.0,10.0,10.0],0.001963385],
[[1500.0,50.0,50.0],0.001837801],
[[1500.0,100.0,100.0],0.001933483],
[[1500.0,150.0,150.0],0.002216783],
[[1500.0,200.0,200.0],0.002387745],
[[1500.0,250.0,250.0],0.002624511],
[[1500.0,300.0,300.0],0.002241485],
[[1500.0,350.0,350.0],0.002788138],
[[1500.0,400.0,400.0],0.002767024],
[[1500.0,450.0,450.0],0.002897699],
[[1500.0,500.0,500.0],0.002648116],
[[1500.0,550.0,550.0],0.002505325],
[[1500.0,600.0,600.0],0.002748503],
[[1500.0,650.0,650.0],0.002801941],
[[1500.0,700.0,700.0],0.00296386],
[[1500.0,750.0,750.0],0.002930487],
[[1550.0,1.0,1.0],0.002006959],
[[1550.0,150.0,150.0],0.002153012],
[[1550.0,200.0,200.0],0.00229623],
[[1550.0,250.0,250.0],0.002493273],
[[1550.0,300.0,300.0],0.002498003],
[[1550.0,350.0,350.0],0.003113743],
[[1550.0,400.0,400.0],0.002534726],
[[1550.0,450.0,450.0],0.00263094],
[[1550.0,500.0,500.0],0.002726881],
[[1550.0,550.0,550.0],0.00290007],
[[1550.0,600.0,600.0],0.002800449],
[[1550.0,650.0,650.0],0.002877515],
[[1550.0,700.0,700.0],0.002715856],
[[1550.0,750.0,750.0],0.002647829],
[[1600.0,1.0,1.0],0.001858867],
[[1600.0,150.0,150.0],0.002611263],
[[1600.0,200.0,200.0],0.002710983],
[[1600.0,250.0,250.0],0.002407814],
[[1600.0,300.0,300.0],0.002892615],
[[1600.0,350.0,350.0],0.002859746],
[[1600.0,400.0,400.0],0.00309119],
[[1600.0,450.0,450.0],0.002552514],
[[1600.0,500.0,500.0],0.002566079],
[[1600.0,550.0,550.0],0.002863269],
[[1600.0,600.0,600.0],0.003091393],
[[1600.0,650.0,650.0],0.002756147],
[[1600.0,700.0,700.0],0.002588759],
[[1600.0,750.0,750.0],0.002556287],
[[1650.0,1.0,1.0],0.001956187],
[[1650.0,150.0,150.0],0.002289549],
[[1650.0,200.0,200.0],0.002206233],
[[1650.0,250.0,250.0],0.002592674],
[[1650.0,300.0,300.0],0.00276426],
[[1650.0,350.0,350.0],0.002294856],
[[1650.0,400.0,400.0],0.002611486],
[[1650.0,450.0,450.0],0.003212647],
[[1650.0,500.0,500.0],0.00284762],
[[1650.0,550.0,550.0],0.002496977],
[[1650.0,600.0,600.0],0.002851978],
[[1650.0,650.0,650.0],0.002959414],
[[1650.0,700.0,700.0],0.002862935],
[[1650.0,750.0,750.0],0.003466737],
[[1650.0,800.0,800.0],0.002930597],
[[1700.0,1.0,1.0],0.00186732],
[[1700.0,150.0,150.0],0.002252972],
[[1700.0,200.0,200.0],0.002368939],
[[1700.0,250.0,250.0],0.002561269],
[[1700.0,300.0,300.0],0.002993529],
[[1700.0,350.0,350.0],0.003117454],
[[1700.0,400.0,400.0],0.002942493],
[[1700.0,450.0,450.0],0.00282912],
[[1700.0,500.0,500.0],0.002372058],
[[1700.0,550.0,550.0],0.002556101],
[[1700.0,600.0,600.0],0.002548366],
[[1700.0,650.0,650.0],0.00314345],
[[1700.0,700.0,700.0],0.002866693],
[[1700.0,750.0,750.0],0.002538271],
[[1700.0,800.0,800.0],0.00300839],
[[1750.0,1.0,1.0],0.002017537],
[[1750.0,10.0,10.0],0.001816535],
[[1750.0,50.0,50.0],0.001864187],
[[1750.0,100.0,100.0],0.001927299],
[[1750.0,150.0,150.0],0.002221027],
[[1750.0,200.0,200.0],0.002286163],
[[1750.0,250.0,250.0],0.002719014],
[[1750.0,300.0,300.0],0.002948015],
[[1750.0,350.0,350.0],0.002990518],
[[1750.0,400.0,400.0],0.002206877],
[[1750.0,450.0,450.0],0.00251226],
[[1750.0,500.0,500.0],0.002934254],
[[1750.0,550.0,550.0],0.002546451],
[[1750.0,600.0,600.0],0.002925218],
[[1750.0,650.0,650.0],0.002809445],
[[1750.0,700.0,700.0],0.003087607],
[[1750.0,750.0,750.0],0.002571178],
[[1750.0,800.0,800.0],0.003243139],
[[1750.0,850.0,850.0],0.003256531],
[[1800.0,1.0,1.0],0.001770626],
[[1800.0,150.0,150.0],0.002061382],
[[1800.0,200.0,200.0],0.002570503],
[[1800.0,250.0,250.0],0.002760209],
[[1800.0,300.0,300.0],0.002841994],
[[1800.0,350.0,350.0],0.002722677],
[[1800.0,400.0,400.0],0.002951886],
[[1800.0,450.0,450.0],0.002823539],
[[1800.0,500.0,500.0],0.003164703],
[[1800.0,550.0,550.0],0.002890894],
[[1800.0,600.0,600.0],0.003352197],
[[1800.0,650.0,650.0],0.002795553],
[[1800.0,700.0,700.0],0.003455257],
[[1800.0,750.0,750.0],0.003051907],
[[1800.0,800.0,800.0],0.002477968],
[[1800.0,850.0,850.0],0.002724564],
[[1850.0,1.0,1.0],0.0017582],
[[1850.0,150.0,150.0],0.00243999],
[[1850.0,200.0,200.0],0.00214416],
[[1850.0,250.0,250.0],0.002721481],
[[1850.0,300.0,300.0],0.002700065],
[[1850.0,350.0,350.0],0.002887035],
[[1850.0,400.0,400.0],0.002739678],
[[1850.0,450.0,450.0],0.002871318],
[[1850.0,500.0,500.0],0.002659971],
[[1850.0,550.0,550.0],0.002873063],
[[1850.0,600.0,600.0],0.002972995],
[[1850.0,650.0,650.0],0.003357655],
[[1850.0,700.0,700.0],0.002667025],
[[1850.0,750.0,750.0],0.003592136],
[[1850.0,800.0,800.0],0.003621634],
[[1850.0,850.0,850.0],0.002933392],
[[1850.0,900.0,900.0],0.003117095],
[[1900.0,1.0,1.0],0.001968803],
[[1900.0,150.0,150.0],0.002499452],
[[1900.0,200.0,200.0],0.002543342],
[[1900.0,250.0,250.0],0.002453064],
[[1900.0,300.0,300.0],0.002668925],
[[1900.0,350.0,350.0],0.002649923],
[[1900.0,400.0,400.0],0.002654053],
[[1900.0,450.0,450.0],0.002772894],
[[1900.0,500.0,500.0],0.003267329],
[[1900.0,550.0,550.0],0.002900452],
[[1900.0,600.0,600.0],0.003195758],
[[1900.0,650.0,650.0],0.002669539],
[[1900.0,700.0,700.0],0.003049584],
[[1900.0,750.0,750.0],0.002678096],
[[1900.0,800.0,800.0],0.003207228],
[[1900.0,850.0,850.0],0.003367662],
[[1900.0,900.0,900.0],0.00251758],
[[1950.0,1.0,1.0],0.00159503],
[[1950.0,150.0,150.0],0.002202713],
[[1950.0,200.0,200.0],0.002595644],
[[1950.0,250.0,250.0],0.002385037],
[[1950.0,300.0,300.0],0.002997509],
[[1950.0,350.0,350.0],0.002646577],
[[1950.0,400.0,400.0],0.002512228],
[[1950.0,450.0,450.0],0.002979536],
[[1950.0,500.0,500.0],0.002769038],
[[1950.0,550.0,550.0],0.002653474],
[[1950.0,600.0,600.0],0.002867195],
[[1950.0,650.0,650.0],0.003215967],
[[1950.0,700.0,700.0],0.002896662],
[[1950.0,750.0,750.0],0.002826328],
[[1950.0,800.0,800.0],0.003102303],
[[1950.0,850.0,850.0],0.00343649],
[[1950.0,900.0,900.0],0.002849741],
[[1950.0,950.0,950.0],0.003056658],
[[2000.0,1.0,1.0],0.00180974],
[[2000.0,10.0,10.0],0.001683085],
[[2000.0,50.0,50.0],0.001784992],
[[2000.0,100.0,100.0],0.001906383],
[[2000.0,150.0,150.0],0.002252817],
[[2000.0,200.0,200.0],0.002338465],
[[2000.0,250.0,250.0],0.003005943],
[[2000.0,300.0,300.0],0.00251936],
[[2000.0,350.0,350.0],0.002819592],
[[2000.0,400.0,400.0],0.002649933],
[[2000.0,450.0,450.0],0.003321411],
[[2000.0,500.0,500.0],0.002986617],
[[2000.0,550.0,550.0],0.003396643],
[[2000.0,600.0,600.0],0.003665077],
[[2000.0,650.0,650.0],0.003789577],
[[2000.0,700.0,700.0],0.003243832],
[[2000.0,750.0,750.0],0.002690794],
[[2000.0,800.0,800.0],0.003372616],
[[2000.0,850.0,850.0],0.003719967],
[[2000.0,900.0,900.0],0.003420264],
[[2000.0,950.0,950.0],0.002712553],
[[2250.0,1.0,1.0],0.001586367],
[[2250.0,10.0,10.0],0.001563021],
[[2250.0,50.0,50.0],0.001660615],
[[2250.0,100.0,100.0],0.001825987],
[[2250.0,150.0,150.0],0.002215439],
[[2250.0,300.0,300.0],0.002650593],
[[2250.0,500.0,500.0],0.003049965],
[[2250.0,750.0,750.0],0.002780176],
[[2250.0,1000.0,1000.0],0.003446742],
[[2500.0,1.0,1.0],0.001433563],
[[2500.0,10.0,10.0],0.001446534],
[[2500.0,50.0,50.0],0.00144586],
[[2500.0,100.0,100.0],0.001758967],
[[2500.0,150.0,150.0],0.001727792],
[[2500.0,300.0,300.0],0.002745224],
[[2500.0,500.0,500.0],0.003094098],
[[2500.0,750.0,750.0],0.00318822],
[[2500.0,1000.0,1000.0],0.003601907],
[[2500.0,1200.0,1200.0],0.003390115],
[[2750.0,1.0,1.0],0.001648783],
[[2750.0,10.0,10.0],0.001325928],
[[2750.0,50.0,50.0],0.001502826],
[[2750.0,100.0,100.0],0.001668814],
[[2750.0,150.0,150.0],0.001797986],
[[2750.0,300.0,300.0],0.002453607],
[[2750.0,500.0,500.0],0.002850054],
[[2750.0,750.0,750.0],0.003372314],
[[2750.0,1000.0,1000.0],0.003328933],
[[2750.0,1200.0,1200.0],0.00394378],
[[3000.0,1.0,1.0],0.001199831],
[[3000.0,10.0,10.0],0.001321219],
[[3000.0,50.0,50.0],0.001624065],
[[3000.0,100.0,100.0],0.001593241],
[[3000.0,150.0,150.0],0.001741961],
[[3000.0,300.0,300.0],0.002802894],
[[3000.0,500.0,500.0],0.003414438],
[[3000.0,750.0,750.0],0.003216757],
[[3000.0,1000.0,1000.0],0.003688435],
[[3000.0,1200.0,1200.0],0.003555057],
[[3000.0,1400.0,1400.0],0.003826586]]
