txName: TRV1
constraint: {(PV > Zprime(1)), (Zprime(1) > MET(2),MET(3))}
condition: None
conditionDescription: None
figureUrl: https://cms-results.web.cern.ch/cms-results/public-results/publications/EXO-20-004/CMS-EXO-20-004_Figure_007-b.png
source: CMS
validated: True
axesMap: [{0: 'x', 1: 'y', 2: 'y'}]
dataMap: {0: (1, 'mass', GeV), 1: (2, 'mass', GeV), 2: (3, 'mass', GeV)}
finalState: ['MET', 'MET']
intermediateState: None
efficiencyMap: [[[50.0,1.0,1.0],8.451441e-07],
[[100.0,1.0,1.0],5.929542e-06],
[[100.0,10.0,10.0],5.824448e-06],
[[150.0,1.0,1.0],1.297801e-05],
[[150.0,75.0,75.0],2.168256e-05],
[[200.0,1.0,1.0],3.641411e-05],
[[200.0,75.0,75.0],3.431821e-05],
[[250.0,1.0,1.0],6.557026e-05],
[[250.0,10.0,10.0],6.332971e-05],
[[250.0,75.0,75.0],6.655577e-05],
[[300.0,1.0,1.0],0.0001013876],
[[300.0,75.0,75.0],9.600521e-05],
[[350.0,1.0,1.0],0.0001314947],
[[350.0,75.0,75.0],0.0001411058],
[[350.0,150.0,150.0],0.0001414809],
[[400.0,1.0,1.0],0.0001600089],
[[400.0,75.0,75.0],0.0001737216],
[[400.0,150.0,150.0],0.000202569],
[[450.0,1.0,1.0],0.0002202664],
[[450.0,75.0,75.0],0.0002071915],
[[450.0,150.0,150.0],0.0002184967],
[[450.0,200.0,200.0],0.0002257614],
[[500.0,1.0,1.0],0.0002714173],
[[500.0,10.0,10.0],0.0002852424],
[[500.0,75.0,75.0],0.0002834449],
[[500.0,150.0,150.0],0.0002876804],
[[500.0,200.0,200.0],0.0003017812],
[[550.0,1.0,1.0],0.0002861467],
[[550.0,75.0,75.0],0.0002792785],
[[550.0,150.0,150.0],0.0003259403],
[[550.0,200.0,200.0],0.0003269108],
[[550.0,250.0,250.0],0.0003249185],
[[600.0,1.0,1.0],0.0003493624],
[[600.0,75.0,75.0],0.000355354],
[[600.0,150.0,150.0],0.0003511705],
[[600.0,200.0,200.0],0.0004378189],
[[600.0,250.0,250.0],0.0003476665],
[[650.0,1.0,1.0],0.0004010129],
[[650.0,75.0,75.0],0.0004323953],
[[650.0,150.0,150.0],0.0003735663],
[[650.0,200.0,200.0],0.0004121928],
[[650.0,250.0,250.0],0.0004456667],
[[650.0,300.0,300.0],0.0004477147],
[[700.0,1.0,1.0],0.0004681737],
[[700.0,75.0,75.0],0.0004294997],
[[700.0,150.0,150.0],0.0003910871],
[[700.0,200.0,200.0],0.0004382354],
[[700.0,250.0,250.0],0.000501405],
[[700.0,300.0,300.0],0.0004653667],
[[750.0,1.0,1.0],0.0004370749],
[[750.0,10.0,10.0],0.0004849406],
[[750.0,75.0,75.0],0.0004557739],
[[750.0,150.0,150.0],0.0004854729],
[[750.0,200.0,200.0],0.0006064017],
[[750.0,250.0,250.0],0.0004528341],
[[750.0,300.0,300.0],0.0005263264],
[[750.0,350.0,350.0],0.0005947178],
[[800.0,1.0,1.0],0.0005520357],
[[800.0,75.0,75.0],0.0005883418],
[[800.0,150.0,150.0],0.0005067805],
[[800.0,200.0,200.0],0.0005497937],
[[800.0,250.0,250.0],0.0005429009],
[[800.0,300.0,300.0],0.0005446933],
[[800.0,350.0,350.0],0.0006339239],
[[850.0,1.0,1.0],0.0005222518],
[[850.0,75.0,75.0],0.0005782431],
[[850.0,150.0,150.0],0.0006736637],
[[850.0,200.0,200.0],0.0005974112],
[[850.0,250.0,250.0],0.0005054123],
[[850.0,300.0,300.0],0.0005773294],
[[850.0,350.0,350.0],0.000589134],
[[850.0,400.0,400.0],0.000544014],
[[900.0,1.0,1.0],0.0005764976],
[[900.0,75.0,75.0],0.0007030028],
[[900.0,150.0,150.0],0.0005515544],
[[900.0,200.0,200.0],0.000587048],
[[900.0,250.0,250.0],0.000652114],
[[900.0,300.0,300.0],0.0006274171],
[[900.0,350.0,350.0],0.0005972154],
[[900.0,400.0,400.0],0.000661413],
[[950.0,1.0,1.0],0.0006168455],
[[950.0,75.0,75.0],0.0006645643],
[[950.0,150.0,150.0],0.0005738334],
[[950.0,200.0,200.0],0.000640863],
[[950.0,250.0,250.0],0.0007999782],
[[950.0,300.0,300.0],0.000683451],
[[950.0,350.0,350.0],0.0006420297],
[[950.0,400.0,400.0],0.0007111395],
[[950.0,450.0,450.0],0.0007430151],
[[1000.0,1.0,1.0],0.0006705967],
[[1000.0,10.0,10.0],0.0006330621],
[[1000.0,75.0,75.0],0.0006287852],
[[1000.0,150.0,150.0],0.0006618597],
[[1000.0,200.0,200.0],0.0006232973],
[[1000.0,250.0,250.0],0.0006692521],
[[1000.0,300.0,300.0],0.0007358386],
[[1000.0,350.0,350.0],0.0006652788],
[[1000.0,400.0,400.0],0.0006890889],
[[1000.0,450.0,450.0],0.0006900614],
[[1050.0,1.0,1.0],0.0006244043],
[[1050.0,75.0,75.0],0.0007132433],
[[1050.0,150.0,150.0],0.0006983278],
[[1050.0,200.0,200.0],0.0007175779],
[[1050.0,250.0,250.0],0.0007404279],
[[1050.0,300.0,300.0],0.0007527835],
[[1050.0,350.0,350.0],0.00073043],
[[1050.0,400.0,400.0],0.0007203275],
[[1050.0,450.0,450.0],0.0007053008],
[[1050.0,500.0,500.0],0.0008044338],
[[1100.0,1.0,1.0],0.0007514069],
[[1100.0,75.0,75.0],0.0006803627],
[[1100.0,150.0,150.0],0.0006738835],
[[1100.0,200.0,200.0],0.0007344997],
[[1100.0,250.0,250.0],0.000690894],
[[1100.0,300.0,300.0],0.0006924969],
[[1100.0,350.0,350.0],0.0007132782],
[[1100.0,400.0,400.0],0.000737671],
[[1100.0,450.0,450.0],0.0007477886],
[[1100.0,500.0,500.0],0.0007420706],
[[1150.0,1.0,1.0],0.0007336213],
[[1150.0,75.0,75.0],0.0007307641],
[[1150.0,150.0,150.0],0.0007888154],
[[1150.0,200.0,200.0],0.0007257059],
[[1150.0,250.0,250.0],0.0008969853],
[[1150.0,300.0,300.0],0.0007906874],
[[1150.0,350.0,350.0],0.0008038031],
[[1150.0,400.0,400.0],0.0007627548],
[[1150.0,450.0,450.0],0.0008426815],
[[1150.0,500.0,500.0],0.0007405727],
[[1150.0,550.0,550.0],0.0007152727],
[[1200.0,1.0,1.0],0.0007896509],
[[1200.0,75.0,75.0],0.0007614215],
[[1200.0,150.0,150.0],0.0008490078],
[[1200.0,200.0,200.0],0.0009146897],
[[1200.0,250.0,250.0],0.0008329949],
[[1200.0,300.0,300.0],0.0008065086],
[[1200.0,350.0,350.0],0.0007845786],
[[1200.0,400.0,400.0],0.0008656071],
[[1200.0,450.0,450.0],0.0007813616],
[[1200.0,500.0,500.0],0.000829939],
[[1200.0,550.0,550.0],0.0008449887],
[[1250.0,1.0,1.0],0.000720266],
[[1250.0,10.0,10.0],0.000760575],
[[1250.0,75.0,75.0],0.0007893567],
[[1250.0,150.0,150.0],0.0007712061],
[[1250.0,200.0,200.0],0.0007976241],
[[1250.0,250.0,250.0],0.0008589931],
[[1250.0,300.0,300.0],0.0008606189],
[[1250.0,350.0,350.0],0.0008453894],
[[1250.0,400.0,400.0],0.0008363916],
[[1250.0,450.0,450.0],0.0008699774],
[[1250.0,500.0,500.0],0.0008641262],
[[1250.0,550.0,550.0],0.0008832282],
[[1250.0,600.0,600.0],0.0008864777],
[[1300.0,1.0,1.0],0.0007424114],
[[1300.0,75.0,75.0],0.0008204997],
[[1300.0,150.0,150.0],0.0007655454],
[[1300.0,200.0,200.0],0.0008377571],
[[1300.0,250.0,250.0],0.0007879677],
[[1300.0,300.0,300.0],0.0008173399],
[[1300.0,350.0,350.0],0.00087212],
[[1300.0,400.0,400.0],0.001002489],
[[1300.0,450.0,450.0],0.000929265],
[[1300.0,500.0,500.0],0.0008782393],
[[1300.0,550.0,550.0],0.0008214084],
[[1300.0,600.0,600.0],0.0009544736],
[[1350.0,1.0,1.0],0.0008312739],
[[1350.0,75.0,75.0],0.0007805085],
[[1350.0,150.0,150.0],0.0007972856],
[[1350.0,200.0,200.0],0.0008936946],
[[1350.0,250.0,250.0],0.0009707216],
[[1350.0,300.0,300.0],0.0009919038],
[[1350.0,350.0,350.0],0.0009246539],
[[1350.0,400.0,400.0],0.0008753861],
[[1350.0,450.0,450.0],0.0009770825],
[[1350.0,500.0,500.0],0.0007542812],
[[1350.0,550.0,550.0],0.0009481605],
[[1350.0,600.0,600.0],0.0009315617],
[[1350.0,650.0,650.0],0.0008858402],
[[1400.0,1.0,1.0],0.0008478684],
[[1400.0,75.0,75.0],0.0008105111],
[[1400.0,150.0,150.0],0.0009491757],
[[1400.0,200.0,200.0],0.000877917],
[[1400.0,250.0,250.0],0.0009069913],
[[1400.0,300.0,300.0],0.000911677],
[[1400.0,350.0,350.0],0.0007929259],
[[1400.0,400.0,400.0],0.0009729772],
[[1400.0,450.0,450.0],0.0009052206],
[[1400.0,500.0,500.0],0.0009632446],
[[1400.0,550.0,550.0],0.0009402804],
[[1400.0,600.0,600.0],0.0008684421],
[[1400.0,650.0,650.0],0.0008368454],
[[1450.0,1.0,1.0],0.0008126625],
[[1450.0,75.0,75.0],0.0008374144],
[[1450.0,150.0,150.0],0.0008095677],
[[1450.0,200.0,200.0],0.0009627489],
[[1450.0,250.0,250.0],0.0009983828],
[[1450.0,300.0,300.0],0.0009711331],
[[1450.0,350.0,350.0],0.0009798701],
[[1450.0,400.0,400.0],0.0008729567],
[[1450.0,450.0,450.0],0.0008559886],
[[1450.0,500.0,500.0],0.0009867416],
[[1450.0,550.0,550.0],0.000884813],
[[1450.0,600.0,600.0],0.0008481617],
[[1450.0,650.0,650.0],0.0009222545],
[[1450.0,700.0,700.0],0.0009023729],
[[1500.0,1.0,1.0],0.0007764775],
[[1500.0,10.0,10.0],0.0008577609],
[[1500.0,75.0,75.0],0.0008638582],
[[1500.0,150.0,150.0],0.000841065],
[[1500.0,200.0,200.0],0.0009643255],
[[1500.0,250.0,250.0],0.001013701],
[[1500.0,300.0,300.0],0.0008935536],
[[1500.0,350.0,350.0],0.0009245497],
[[1500.0,400.0,400.0],0.000983426],
[[1500.0,450.0,450.0],0.001025394],
[[1500.0,500.0,500.0],0.00093614],
[[1500.0,550.0,550.0],0.001204],
[[1500.0,600.0,600.0],0.0008628241],
[[1500.0,650.0,650.0],0.000864126],
[[1500.0,700.0,700.0],0.001003914],
[[1500.0,750.0,750.0],0.001104219],
[[1550.0,1.0,1.0],0.0008480295],
[[1550.0,75.0,75.0],0.0008368648],
[[1550.0,150.0,150.0],0.001019045],
[[1550.0,200.0,200.0],0.0009171782],
[[1550.0,250.0,250.0],0.0009257042],
[[1550.0,300.0,300.0],0.0009483939],
[[1550.0,350.0,350.0],0.0009119418],
[[1550.0,400.0,400.0],0.0009652548],
[[1550.0,450.0,450.0],0.0009465035],
[[1550.0,500.0,500.0],0.0009502354],
[[1550.0,550.0,550.0],0.001005177],
[[1550.0,600.0,600.0],0.0009994285],
[[1550.0,650.0,650.0],0.001050277],
[[1550.0,700.0,700.0],0.0008992503],
[[1550.0,750.0,750.0],0.0009602433],
[[1600.0,1.0,1.0],0.000949276],
[[1600.0,75.0,75.0],0.0008686791],
[[1600.0,150.0,150.0],0.001089186],
[[1600.0,200.0,200.0],0.0009843777],
[[1600.0,250.0,250.0],0.0009380507],
[[1600.0,300.0,300.0],0.0009169051],
[[1600.0,350.0,350.0],0.001000704],
[[1600.0,400.0,400.0],0.001011399],
[[1600.0,450.0,450.0],0.0009110196],
[[1600.0,500.0,500.0],0.0008749106],
[[1600.0,550.0,550.0],0.001016198],
[[1600.0,600.0,600.0],0.001022959],
[[1600.0,650.0,650.0],0.001052658],
[[1600.0,700.0,700.0],0.0009660274],
[[1600.0,750.0,750.0],0.0009794237],
[[1650.0,1.0,1.0],0.0009533576],
[[1650.0,75.0,75.0],0.0008708821],
[[1650.0,150.0,150.0],0.0009137371],
[[1650.0,200.0,200.0],0.0009487764],
[[1650.0,250.0,250.0],0.001065545],
[[1650.0,300.0,300.0],0.00105186],
[[1650.0,350.0,350.0],0.001121868],
[[1650.0,400.0,400.0],0.0009462788],
[[1650.0,450.0,450.0],0.001009362],
[[1650.0,500.0,500.0],0.000960298],
[[1650.0,550.0,550.0],0.0009222148],
[[1650.0,600.0,600.0],0.0009178577],
[[1650.0,650.0,650.0],0.001051663],
[[1650.0,700.0,700.0],0.001034643],
[[1650.0,750.0,750.0],0.001055536],
[[1650.0,800.0,800.0],0.00109827],
[[1700.0,1.0,1.0],0.001050021],
[[1700.0,75.0,75.0],0.0009397751],
[[1700.0,150.0,150.0],0.0009021764],
[[1700.0,200.0,200.0],0.0008994142],
[[1700.0,250.0,250.0],0.0009940206],
[[1700.0,300.0,300.0],0.0008754601],
[[1700.0,350.0,350.0],0.0009734359],
[[1700.0,400.0,400.0],0.001043602],
[[1700.0,450.0,450.0],0.001089643],
[[1700.0,500.0,500.0],0.001008241],
[[1700.0,550.0,550.0],0.0009955357],
[[1700.0,600.0,600.0],0.0009661295],
[[1700.0,650.0,650.0],0.001051908],
[[1700.0,700.0,700.0],0.0009817894],
[[1700.0,750.0,750.0],0.0009994044],
[[1700.0,800.0,800.0],0.0009303295],
[[1750.0,1.0,1.0],0.0009213588],
[[1750.0,10.0,10.0],0.001051234],
[[1750.0,75.0,75.0],0.0009204198],
[[1750.0,150.0,150.0],0.0009697315],
[[1750.0,200.0,200.0],0.0009324711],
[[1750.0,250.0,250.0],0.001019283],
[[1750.0,300.0,300.0],0.001029844],
[[1750.0,350.0,350.0],0.001028319],
[[1750.0,400.0,400.0],0.00100252],
[[1750.0,450.0,450.0],0.0009242813],
[[1750.0,500.0,500.0],0.00103567],
[[1750.0,550.0,550.0],0.001005781],
[[1750.0,600.0,600.0],0.001007829],
[[1750.0,650.0,650.0],0.001019587],
[[1750.0,700.0,700.0],0.001105632],
[[1750.0,750.0,750.0],0.001024943],
[[1750.0,800.0,800.0],0.001156209],
[[1750.0,850.0,850.0],0.001050238],
[[1800.0,1.0,1.0],0.0009614141],
[[1800.0,75.0,75.0],0.0009410827],
[[1800.0,150.0,150.0],0.0009634014],
[[1800.0,200.0,200.0],0.001016693],
[[1800.0,250.0,250.0],0.001130422],
[[1800.0,300.0,300.0],0.0009142954],
[[1800.0,350.0,350.0],0.001110225],
[[1800.0,400.0,400.0],0.0009745854],
[[1800.0,450.0,450.0],0.0009974899],
[[1800.0,500.0,500.0],0.001191601],
[[1800.0,550.0,550.0],0.001076434],
[[1800.0,600.0,600.0],0.001043796],
[[1800.0,650.0,650.0],0.001047002],
[[1800.0,700.0,700.0],0.001110287],
[[1800.0,750.0,750.0],0.001069361],
[[1800.0,800.0,800.0],0.001084035],
[[1800.0,850.0,850.0],0.001145324],
[[1850.0,1.0,1.0],0.0009649666],
[[1850.0,75.0,75.0],0.0009923529],
[[1850.0,150.0,150.0],0.001026782],
[[1850.0,200.0,200.0],0.001053942],
[[1850.0,250.0,250.0],0.001098614],
[[1850.0,300.0,300.0],0.001006793],
[[1850.0,350.0,350.0],0.0009771956],
[[1850.0,400.0,400.0],0.001219104],
[[1850.0,450.0,450.0],0.000947829],
[[1850.0,500.0,500.0],0.001119814],
[[1850.0,550.0,550.0],0.001152395],
[[1850.0,600.0,600.0],0.001094926],
[[1850.0,650.0,650.0],0.0009961255],
[[1850.0,700.0,700.0],0.001045764],
[[1850.0,750.0,750.0],0.001103459],
[[1850.0,800.0,800.0],0.001068881],
[[1850.0,850.0,850.0],0.001075594],
[[1850.0,900.0,900.0],0.001054928],
[[1900.0,1.0,1.0],0.000910645],
[[1900.0,75.0,75.0],0.0009627516],
[[1900.0,150.0,150.0],0.0009218388],
[[1900.0,200.0,200.0],0.00104301],
[[1900.0,250.0,250.0],0.001033371],
[[1900.0,300.0,300.0],0.0009872651],
[[1900.0,350.0,350.0],0.001107687],
[[1900.0,400.0,400.0],0.00102237],
[[1900.0,450.0,450.0],0.001118756],
[[1900.0,500.0,500.0],0.001043532],
[[1900.0,550.0,550.0],0.001221158],
[[1900.0,600.0,600.0],0.00104454],
[[1900.0,650.0,650.0],0.001122978],
[[1900.0,700.0,700.0],0.001252857],
[[1900.0,750.0,750.0],0.00108618],
[[1900.0,800.0,800.0],0.00109044],
[[1900.0,850.0,850.0],0.001053888],
[[1900.0,900.0,900.0],0.001083056],
[[1950.0,1.0,1.0],0.00102394],
[[1950.0,75.0,75.0],0.0009646621],
[[1950.0,150.0,150.0],0.0009975931],
[[1950.0,200.0,200.0],0.000989361],
[[1950.0,250.0,250.0],0.001010056],
[[1950.0,300.0,300.0],0.000983077],
[[1950.0,350.0,350.0],0.001045332],
[[1950.0,400.0,400.0],0.001081638],
[[1950.0,450.0,450.0],0.001165555],
[[1950.0,500.0,500.0],0.001086076],
[[1950.0,550.0,550.0],0.0009956856],
[[1950.0,600.0,600.0],0.001043343],
[[1950.0,650.0,650.0],0.001160074],
[[1950.0,700.0,700.0],0.001167127],
[[1950.0,750.0,750.0],0.00108129],
[[1950.0,800.0,800.0],0.001056623],
[[1950.0,850.0,850.0],0.001065004],
[[1950.0,900.0,900.0],0.001065268],
[[1950.0,950.0,950.0],0.001100621],
[[2000.0,1.0,1.0],0.001063022],
[[2000.0,75.0,75.0],0.001101969],
[[2000.0,150.0,150.0],0.001146461],
[[2000.0,200.0,200.0],0.0009899229],
[[2000.0,250.0,250.0],0.001002082],
[[2000.0,300.0,300.0],0.001033516],
[[2000.0,350.0,350.0],0.001186111],
[[2000.0,400.0,400.0],0.00107103],
[[2000.0,450.0,450.0],0.001091196],
[[2000.0,500.0,500.0],0.001142351],
[[2000.0,550.0,550.0],0.001169933],
[[2000.0,600.0,600.0],0.001090833],
[[2000.0,650.0,650.0],0.001130894],
[[2000.0,700.0,700.0],0.001047931],
[[2000.0,750.0,750.0],0.001070676],
[[2000.0,800.0,800.0],0.001247651],
[[2000.0,850.0,850.0],0.001061646],
[[2000.0,900.0,900.0],0.001133214],
[[2000.0,950.0,950.0],0.00111498],
[[2250.0,1.0,1.0],0.00113695],
[[2250.0,75.0,75.0],0.001098556],
[[2250.0,150.0,150.0],0.001083507],
[[2250.0,300.0,300.0],0.00112102],
[[2250.0,500.0,500.0],0.001167955],
[[2250.0,750.0,750.0],0.001055923],
[[2250.0,1000.0,1000.0],0.001181466],
[[2500.0,1.0,1.0],0.001124388],
[[2500.0,75.0,75.0],0.001201036],
[[2500.0,150.0,150.0],0.001089898],
[[2500.0,300.0,300.0],0.00110772],
[[2500.0,500.0,500.0],0.001136771],
[[2500.0,750.0,750.0],0.001296151],
[[2500.0,1000.0,1000.0],0.001299598],
[[2500.0,1200.0,1200.0],0.001274703],
[[2750.0,1.0,1.0],0.001127298],
[[2750.0,75.0,75.0],0.001207166],
[[2750.0,150.0,150.0],0.001158806],
[[2750.0,300.0,300.0],0.001141609],
[[2750.0,500.0,500.0],0.001319248],
[[2750.0,750.0,750.0],0.001198127],
[[2750.0,1000.0,1000.0],0.001183824],
[[2750.0,1200.0,1200.0],0.001280947],
[[3000.0,1.0,1.0],0.001148913],
[[3000.0,75.0,75.0],0.001218324],
[[3000.0,150.0,150.0],0.00123439],
[[3000.0,300.0,300.0],0.001077146],
[[3000.0,500.0,500.0],0.001124993],
[[3000.0,750.0,750.0],0.001346076],
[[3000.0,1000.0,1000.0],0.001237003],
[[3000.0,1200.0,1200.0],0.001288351],
[[3000.0,1400.0,1400.0],0.0012558]]
