txName: TRV1
constraint: {(PV > Zprime(1)), (Zprime(1) > MET(2),MET(3))}
condition: None
conditionDescription: None
figureUrl: None
source: Recast by CM2
validated: True
axesMap: [{0: 'x', 1: 'y', 2: 'y'}]
dataMap: {0: (1, 'mass', GeV), 1: (2, 'mass', GeV), 2: (3, 'mass', GeV)}
finalState: ['MET', 'MET']
intermediateState: None
efficiencyMap: [[[50.0,0,0],0],
[[50.0,1.0,1.0],0],
[[50.0,10.0,10.0],0],
[[50.0,20.0,20.0],0],
[[100.0,0,0],0],
[[100.0,1.0,1.0],0],
[[100.0,10.0,10.0],0],
[[150.0,0,0],0],
[[150.0,1.0,1.0],0],
[[150.0,10.0,10.0],0],
[[150.0,50.0,50.0],0],
[[150.0,70.0,70.0],0],
[[200.0,0,0],0],
[[200.0,1.0,1.0],0],
[[200.0,10.0,10.0],0],
[[200.0,50.0,50.0],0],
[[200.0,75.0,75.0],0],
[[250.0,0,0],3.72871e-06],
[[250.0,1.0,1.0],0],
[[250.0,10.0,10.0],0],
[[250.0,50.0,50.0],0],
[[250.0,75.0,75.0],0],
[[250.0,100.0,100.0],0],
[[250.0,120.0,120.0],0],
[[300.0,0,0],1.808031e-06],
[[300.0,1.0,1.0],0],
[[300.0,10.0,10.0],2.067415e-06],
[[300.0,50.0,50.0],4.188903e-06],
[[300.0,75.0,75.0],0],
[[300.0,100.0,100.0],2.744643e-06],
[[350.0,0,0],2.734676e-06],
[[350.0,1.0,1.0],2.853729e-06],
[[350.0,10.0,10.0],2.030638e-06],
[[350.0,50.0,50.0],2.708622e-06],
[[350.0,75.0,75.0],3.911035e-06],
[[350.0,100.0,100.0],2.842103e-06],
[[350.0,150.0,150.0],3.612848e-06],
[[350.0,170.0,170.0],3.254913e-06],
[[400.0,0,0],4.110178e-06],
[[400.0,1.0,1.0],3.032694e-06],
[[400.0,10.0,10.0],4.033e-06],
[[400.0,50.0,50.0],5.03503e-06],
[[400.0,75.0,75.0],5.106956e-06],
[[400.0,100.0,100.0],2.693065e-06],
[[400.0,150.0,150.0],3.728756e-06],
[[450.0,0,0],4.491766e-06],
[[450.0,1.0,1.0],5.38896e-06],
[[450.0,10.0,10.0],5.225491e-06],
[[450.0,50.0,50.0],5.50342e-06],
[[450.0,75.0,75.0],5.848582e-06],
[[450.0,100.0,100.0],7.218159e-06],
[[450.0,150.0,150.0],6.429275e-06],
[[450.0,200.0,200.0],8.299038e-06],
[[450.0,220.0,220.0],5.644903e-06],
[[500.0,0,0],8.732898e-06],
[[500.0,1.0,1.0],5.915066e-06],
[[500.0,10.0,10.0],8.62668e-06],
[[500.0,50.0,50.0],7.594504e-06],
[[500.0,75.0,75.0],9.442709e-06],
[[500.0,100.0,100.0],6.990324e-06],
[[500.0,150.0,150.0],9.445146e-06],
[[500.0,200.0,200.0],5.675258e-06],
[[550.0,1.0,1.0],1.021741e-05],
[[550.0,10.0,10.0],1.361099e-05],
[[550.0,75.0,75.0],1.086204e-05],
[[550.0,150.0,150.0],1.463225e-05],
[[550.0,200.0,200.0],1.073398e-05],
[[550.0,250.0,250.0],9.660013e-06],
[[550.0,270.0,270.0],1.088315e-05],
[[600.0,0,0],9.045877e-06],
[[600.0,1.0,1.0],1.403885e-05],
[[600.0,10.0,10.0],1.616788e-05],
[[600.0,50.0,50.0],1.497418e-05],
[[600.0,75.0,75.0],1.77419e-05],
[[600.0,100.0,100.0],1.601291e-05],
[[600.0,150.0,150.0],1.118067e-05],
[[600.0,200.0,200.0],1.536039e-05],
[[600.0,250.0,250.0],1.654854e-05],
[[600.0,295.0,295.0],1.547602e-05],
[[650.0,1.0,1.0],1.483547e-05],
[[650.0,10.0,10.0],1.957822e-05],
[[650.0,75.0,75.0],1.800599e-05],
[[650.0,150.0,150.0],2.05315e-05],
[[650.0,200.0,200.0],1.904884e-05],
[[650.0,250.0,250.0],1.478566e-05],
[[650.0,300.0,300.0],1.677906e-05],
[[650.0,320.0,320.0],2.216123e-05],
[[700.0,0,0],1.951019e-05],
[[700.0,1.0,1.0],2.168736e-05],
[[700.0,10.0,10.0],2.857453e-05],
[[700.0,50.0,50.0],1.675604e-05],
[[700.0,75.0,75.0],2.04657e-05],
[[700.0,100.0,100.0],7.69701e-06],
[[700.0,150.0,150.0],2.748388e-05],
[[700.0,200.0,200.0],2.266283e-05],
[[700.0,250.0,250.0],2.582003e-05],
[[700.0,300.0,300.0],2.273668e-05],
[[750.0,1.0,1.0],2.41717e-05],
[[750.0,10.0,10.0],2.191971e-05],
[[750.0,75.0,75.0],2.474922e-05],
[[750.0,150.0,150.0],3.012275e-05],
[[750.0,200.0,200.0],2.486183e-05],
[[750.0,250.0,250.0],2.988351e-05],
[[750.0,300.0,300.0],3.59735e-05],
[[750.0,350.0,350.0],2.588777e-05],
[[750.0,370.0,370.0],2.779286e-05],
[[800.0,0,0],2.871827e-05],
[[800.0,1.0,1.0],3.248827e-05],
[[800.0,10.0,10.0],2.782986e-05],
[[800.0,50.0,50.0],3.820871e-05],
[[800.0,75.0,75.0],2.588828e-05],
[[800.0,100.0,100.0],2.923609e-05],
[[800.0,150.0,150.0],2.949155e-05],
[[800.0,200.0,200.0],3.33767e-05],
[[800.0,250.0,250.0],3.583888e-05],
[[800.0,300.0,300.0],3.22507e-05],
[[800.0,350.0,350.0],2.277029e-05],
[[850.0,1.0,1.0],2.832822e-05],
[[850.0,10.0,10.0],3.702064e-05],
[[850.0,75.0,75.0],3.377049e-05],
[[850.0,150.0,150.0],4.123316e-05],
[[850.0,200.0,200.0],5.14367e-05],
[[850.0,250.0,250.0],3.267063e-05],
[[850.0,300.0,300.0],3.393472e-05],
[[850.0,350.0,350.0],3.913613e-05],
[[850.0,400.0,400.0],4.702517e-05],
[[850.0,420.0,420.0],4.669797e-05],
[[900.0,0,0],3.377706e-05],
[[900.0,1.0,1.0],3.226427e-05],
[[900.0,10.0,10.0],3.697291e-05],
[[900.0,50.0,50.0],3.857027e-05],
[[900.0,75.0,75.0],3.923449e-05],
[[900.0,100.0,100.0],3.700284e-05],
[[900.0,150.0,150.0],3.636654e-05],
[[900.0,200.0,200.0],3.852836e-05],
[[900.0,250.0,250.0],5.435256e-05],
[[900.0,300.0,300.0],5.507206e-05],
[[900.0,350.0,350.0],3.72039e-05],
[[900.0,400.0,400.0],5.576247e-05],
[[950.0,1.0,1.0],4.16103e-05],
[[950.0,10.0,10.0],3.844642e-05],
[[950.0,75.0,75.0],3.983133e-05],
[[950.0,150.0,150.0],4.514733e-05],
[[950.0,200.0,200.0],5.00656e-05],
[[950.0,250.0,250.0],4.097537e-05],
[[950.0,300.0,300.0],4.348885e-05],
[[950.0,350.0,350.0],4.250306e-05],
[[950.0,400.0,400.0],4.742521e-05],
[[950.0,450.0,450.0],5.601435e-05],
[[950.0,470.0,470.0],5.548602e-05],
[[1000.0,0,0],4.809847e-05],
[[1000.0,50.0,50.0],4.063623e-05],
[[1000.0,100.0,100.0],4.268961e-05],
[[1000.0,150.0,150.0],3.512454e-05],
[[1000.0,200.0,200.0],5.237184e-05],
[[1000.0,250.0,250.0],5.125049e-05],
[[1000.0,300.0,300.0],5.014824e-05],
[[1000.0,350.0,350.0],6.400679e-05],
[[1000.0,400.0,400.0],5.539183e-05],
[[1000.0,450.0,450.0],5.038379e-05],
[[1050.0,520.0,520.0],6.122124e-05],
[[1100.0,0,0],6.004704e-05],
[[1100.0,100.0,100.0],5.939964e-05],
[[1100.0,200.0,200.0],5.678826e-05],
[[1100.0,300.0,300.0],6.384837e-05],
[[1100.0,400.0,400.0],6.04063e-05],
[[1100.0,500.0,500.0],6.192929e-05],
[[1150.0,570.0,570.0],9.910127e-05],
[[1200.0,0,0],8.740311e-05],
[[1200.0,100.0,100.0],7.257121e-05],
[[1200.0,200.0,200.0],6.38049e-05],
[[1200.0,300.0,300.0],7.696212e-05],
[[1200.0,400.0,400.0],6.919378e-05],
[[1200.0,500.0,500.0],9.255793e-05],
[[1250.0,620.0,620.0],9.868327e-05],
[[1300.0,0,0],0.0001022643],
[[1300.0,100.0,100.0],7.891325e-05],
[[1300.0,200.0,200.0],9.439701e-05],
[[1300.0,300.0,300.0],9.378441e-05],
[[1300.0,400.0,400.0],9.429744e-05],
[[1300.0,500.0,500.0],9.965307e-05],
[[1300.0,600.0,600.0],8.106717e-05],
[[1350.0,670.0,670.0],0.0001072848],
[[1400.0,0,0],8.035754e-05],
[[1400.0,100.0,100.0],9.747242e-05],
[[1400.0,200.0,200.0],9.363247e-05],
[[1400.0,300.0,300.0],9.958013e-05],
[[1400.0,400.0,400.0],9.167172e-05],
[[1400.0,500.0,500.0],0.0001042092],
[[1400.0,600.0,600.0],0.0001086594],
[[1450.0,720.0,720.0],0.0001205321],
[[1500.0,0,0],0.0001190558],
[[1500.0,100.0,100.0],0.0001026591],
[[1500.0,200.0,200.0],0.000101176],
[[1500.0,300.0,300.0],8.733658e-05],
[[1500.0,400.0,400.0],0.0001054298],
[[1500.0,500.0,500.0],0.0001026889],
[[1500.0,600.0,600.0],0.000105147],
[[1500.0,700.0,700.0],0.0001204363],
[[1550.0,770.0,770.0],0.0001100264],
[[1600.0,0,0],0.0001087768],
[[1600.0,100.0,100.0],0.0001272508],
[[1600.0,200.0,200.0],0.0001028287],
[[1600.0,300.0,300.0],0.000118834],
[[1600.0,400.0,400.0],0.000112202],
[[1600.0,500.0,500.0],0.0001351463],
[[1600.0,600.0,600.0],0.0001195529],
[[1600.0,700.0,700.0],0.0001388866],
[[1650.0,820.0,820.0],0.0001569234],
[[1700.0,0,0],0.0001198768],
[[1700.0,100.0,100.0],0.0001112494],
[[1700.0,200.0,200.0],0.0001325381],
[[1700.0,300.0,300.0],0.0001387898],
[[1700.0,400.0,400.0],0.0001601389],
[[1700.0,500.0,500.0],0.0001188149],
[[1700.0,600.0,600.0],0.0001257053],
[[1700.0,700.0,700.0],0.0001678068],
[[1700.0,800.0,800.0],0.0001326559],
[[1750.0,870.0,870.0],0.0001775824],
[[1800.0,0,0],0.0001388261],
[[1800.0,100.0,100.0],0.000167755],
[[1800.0,200.0,200.0],0.0001447185],
[[1800.0,300.0,300.0],0.0001388856],
[[1800.0,400.0,400.0],0.0001374969],
[[1800.0,500.0,500.0],0.0001460084],
[[1800.0,600.0,600.0],0.000127975],
[[1800.0,700.0,700.0],0.0001373263],
[[1800.0,800.0,800.0],0.0001442301],
[[1850.0,920.0,920.0],0.0001506745],
[[1900.0,0,0],0.0001422582],
[[1900.0,100.0,100.0],0.0001201911],
[[1900.0,200.0,200.0],0.0001176985],
[[1900.0,300.0,300.0],0.000146376],
[[1900.0,400.0,400.0],0.0001564302],
[[1900.0,500.0,500.0],0.0001650318],
[[1900.0,600.0,600.0],0.0001522336],
[[1900.0,700.0,700.0],0.0001867551],
[[1900.0,800.0,800.0],0.000159108],
[[1900.0,900.0,900.0],0.0001490118],
[[1950.0,970.0,970.0],0.0001688975],
[[2000.0,0,0],0.0001660686],
[[2000.0,100.0,100.0],0.000154082],
[[2000.0,200.0,200.0],0.0001609997],
[[2000.0,300.0,300.0],0.0001452992],
[[2000.0,400.0,400.0],0.0001729357],
[[2000.0,500.0,500.0],0.0001663677],
[[2000.0,600.0,600.0],0.0001617395],
[[2000.0,700.0,700.0],0.0001868524],
[[2000.0,800.0,800.0],0.0001594839],
[[2000.0,900.0,900.0],0.0001494256],
[[2050.0,1020.0,1020.0],0.0001772041],
[[2100.0,0,0],0.0001435501],
[[2100.0,100.0,100.0],0.0001573256],
[[2100.0,200.0,200.0],0.0001701971],
[[2100.0,300.0,300.0],0.0001665706],
[[2100.0,400.0,400.0],0.0001843615],
[[2100.0,500.0,500.0],0.0001678065],
[[2100.0,600.0,600.0],0.0002015708],
[[2100.0,700.0,700.0],0.0002004584],
[[2100.0,800.0,800.0],0.0001693419],
[[2100.0,900.0,900.0],0.0001687298],
[[2100.0,1000.0,1000.0],0.0001904025],
[[2150.0,1070.0,1070.0],0.0001856609],
[[2200.0,0,0],0.0001685354],
[[2200.0,100.0,100.0],0.0001929709],
[[2200.0,200.0,200.0],0.0001750953],
[[2200.0,300.0,300.0],0.0001799591],
[[2200.0,400.0,400.0],0.0002205344],
[[2200.0,500.0,500.0],0.0001808964],
[[2200.0,600.0,600.0],0.000185056],
[[2200.0,700.0,700.0],0.0001947365],
[[2200.0,800.0,800.0],0.0001902247],
[[2200.0,900.0,900.0],0.0001719461],
[[2200.0,1000.0,1000.0],0.0002130815],
[[2250.0,1120.0,1120.0],0.000210147],
[[2300.0,0,0],0.0001689229],
[[2300.0,100.0,100.0],0.0001782185],
[[2300.0,200.0,200.0],0.000185121],
[[2300.0,300.0,300.0],0.0002055397],
[[2300.0,400.0,400.0],0.00017638],
[[2300.0,500.0,500.0],0.0002002412],
[[2300.0,600.0,600.0],0.0002134608],
[[2300.0,700.0,700.0],0.0001940605],
[[2300.0,800.0,800.0],0.0001992639],
[[2300.0,900.0,900.0],0.0001939581],
[[2300.0,1000.0,1000.0],0.0002234942],
[[2300.0,1100.0,1100.0],0.000202671],
[[2350.0,1170.0,1170.0],0.0002467796],
[[2400.0,0,0],0.0001719057],
[[2400.0,100.0,100.0],0.0001981499],
[[2400.0,200.0,200.0],0.0001863936],
[[2400.0,300.0,300.0],0.0001914512],
[[2400.0,400.0,400.0],0.0002216221],
[[2400.0,500.0,500.0],0.0001914811],
[[2400.0,600.0,600.0],0.0002011876],
[[2400.0,700.0,700.0],0.0002032251],
[[2400.0,800.0,800.0],0.000214124],
[[2400.0,900.0,900.0],0.0002253401],
[[2400.0,1000.0,1000.0],0.0002215199],
[[2400.0,1100.0,1100.0],0.0002164378],
[[2450.0,1220.0,1220.0],0.0002308991],
[[2500.0,0,0],0.0001879442],
[[2500.0,100.0,100.0],0.0001809043],
[[2500.0,200.0,200.0],0.0002369863],
[[2500.0,300.0,300.0],0.0002039259],
[[2500.0,400.0,400.0],0.0001999355],
[[2500.0,500.0,500.0],0.0001931771],
[[2500.0,600.0,600.0],0.0002094541],
[[2500.0,700.0,700.0],0.000244875],
[[2500.0,800.0,800.0],0.0002112061],
[[2500.0,900.0,900.0],0.0002251053],
[[2500.0,1000.0,1000.0],0.0002340361],
[[2500.0,1100.0,1100.0],0.0002235101],
[[2500.0,1200.0,1200.0],0.0002335716],
[[2550.0,1270.0,1270.0],0.000270468],
[[2600.0,0,0],0.000185259],
[[2600.0,100.0,100.0],0.0002071773],
[[2600.0,200.0,200.0],0.000194147],
[[2600.0,300.0,300.0],0.0001962111],
[[2600.0,400.0,400.0],0.0002237544],
[[2600.0,500.0,500.0],0.0002111399],
[[2600.0,600.0,600.0],0.0002135496],
[[2600.0,700.0,700.0],0.0002378262],
[[2600.0,800.0,800.0],0.0002151372],
[[2600.0,900.0,900.0],0.000198752],
[[2600.0,1000.0,1000.0],0.0002563856],
[[2600.0,1100.0,1100.0],0.0002557181],
[[2600.0,1200.0,1200.0],0.00023843],
[[2650.0,1320.0,1320.0],0.0002276479],
[[2700.0,0,0],0.0002160293],
[[2700.0,100.0,100.0],0.0001988824],
[[2700.0,200.0,200.0],0.0002285305],
[[2700.0,300.0,300.0],0.0002149629],
[[2700.0,400.0,400.0],0.0002210969],
[[2700.0,500.0,500.0],0.0002230486],
[[2700.0,600.0,600.0],0.0002043484],
[[2700.0,700.0,700.0],0.0002335386],
[[2700.0,800.0,800.0],0.0002232171],
[[2700.0,900.0,900.0],0.0002189553],
[[2700.0,1000.0,1000.0],0.0002492328],
[[2700.0,1100.0,1100.0],0.0002307043],
[[2700.0,1200.0,1200.0],0.000203635],
[[2700.0,1300.0,1300.0],0.0002277856],
[[2750.0,1370.0,1370.0],0.0002556275],
[[2800.0,0,0],0.0001835777],
[[2800.0,100.0,100.0],0.0001983554],
[[2800.0,200.0,200.0],0.0002239412],
[[2800.0,300.0,300.0],0.0002140978],
[[2800.0,400.0,400.0],0.0002433754],
[[2800.0,500.0,500.0],0.0002226567],
[[2800.0,600.0,600.0],0.0002502693],
[[2800.0,700.0,700.0],0.000226369],
[[2800.0,800.0,800.0],0.000243336],
[[2800.0,900.0,900.0],0.0002386829],
[[2800.0,1000.0,1000.0],0.0002539437],
[[2800.0,1100.0,1100.0],0.0002448997],
[[2800.0,1200.0,1200.0],0.0002406841],
[[2800.0,1300.0,1300.0],0.0002448451],
[[2850.0,1420.0,1420.0],0.0002456026],
[[2900.0,0,0],0.0001930201],
[[2900.0,100.0,100.0],0.00020987],
[[2900.0,200.0,200.0],0.0002272657],
[[2900.0,300.0,300.0],0.000213444],
[[2900.0,400.0,400.0],0.0002299825],
[[2900.0,500.0,500.0],0.000419401],
[[2900.0,600.0,600.0],0.0002279246],
[[2900.0,700.0,700.0],0.0002517986],
[[2900.0,800.0,800.0],0.0002711924],
[[2900.0,900.0,900.0],0.0001185396],
[[2900.0,1000.0,1000.0],0.000260745],
[[2900.0,1100.0,1100.0],0.0002636073],
[[2900.0,1200.0,1200.0],0.000249563],
[[2900.0,1300.0,1300.0],0.0002457338],
[[2900.0,1400.0,1400.0],0.0002687665],
[[2950.0,1470.0,1470.0],0.0002436743],
[[3000.0,0,0],0.0001907774],
[[3000.0,100.0,100.0],0.0002141737],
[[3000.0,200.0,200.0],0.0002396317],
[[3000.0,300.0,300.0],0.0002416454],
[[3000.0,400.0,400.0],0.000220242],
[[3000.0,500.0,500.0],0.0002457901],
[[3000.0,600.0,600.0],0.000230132],
[[3000.0,700.0,700.0],0.000250732],
[[3000.0,800.0,800.0],0.0002622741],
[[3000.0,900.0,900.0],0.0002461353],
[[3000.0,1000.0,1000.0],0.0002570139],
[[3000.0,1100.0,1100.0],0.0002814535],
[[3000.0,1200.0,1200.0],0.0002585068],
[[3000.0,1300.0,1300.0],0.0002518956],
[[3000.0,1400.0,1400.0],0.0002401671]]
