txName: TRS1
constraint: {(PV > H0(1)), (H0(1) > MET(2),MET(3))}
condition: None
conditionDescription: None
figureUrl: https://cms-results.web.cern.ch/cms-results/public-results/publications/EXO-20-004/CMS-EXO-20-004_Figure_009-a.png
source: CMS
validated: True
axesMap: [{0: 'x', 1: '1.0', 2: '1.0'}, {0: 'x', 1: 'y', 2: 'y'}]
dataMap: {0: (1, 'mass', GeV), 1: (2, 'mass', GeV), 2: (3, 'mass', GeV)}
finalState: ['MET', 'MET']
intermediateState: None
efficiencyMap: [[[100.0,1.0,1.0],6.231694e-08],
[[100.0,10.0,10.0],7.317445e-08],
[[150.0,1.0,1.0],1.482056e-07],
[[150.0,50.0,50.0],2.601573e-07],
[[200.0,1.0,1.0],1.849796e-07],
[[200.0,50.0,50.0],3.73767e-07],
[[200.0,100.0,100.0],8.115932e-07],
[[250.0,1.0,1.0],3.861688e-07],
[[250.0,10.0,10.0],4.072758e-07],
[[250.0,50.0,50.0],4.788771e-07],
[[250.0,100.0,100.0],3.644243e-07],
[[300.0,1.0,1.0],3.589803e-07],
[[300.0,50.0,50.0],5.243673e-07],
[[300.0,100.0,100.0],4.500158e-07],
[[350.0,1.0,1.0],4.956615e-07],
[[350.0,50.0,50.0],6.399441e-07],
[[350.0,100.0,100.0],5.330897e-07],
[[350.0,150.0,150.0],3.349307e-07],
[[400.0,1.0,1.0],6.73477e-07],
[[400.0,50.0,50.0],6.394019e-07],
[[400.0,100.0,100.0],6.333788e-07],
[[400.0,150.0,150.0],8.806246e-07],
[[450.0,1.0,1.0],1.175298e-06],
[[450.0,50.0,50.0],8.827796e-07],
[[450.0,100.0,100.0],1.074424e-06],
[[450.0,150.0,150.0],1.177941e-06],
[[450.0,200.0,200.0],6.415013e-07],
[[500.0,1.0,1.0],1.51099e-06],
[[500.0,10.0,10.0],1.051649e-06],
[[500.0,50.0,50.0],1.336543e-06],
[[500.0,100.0,100.0],1.26797e-06],
[[500.0,150.0,150.0],1.721058e-06],
[[500.0,200.0,200.0],1.633192e-06],
[[550.0,1.0,1.0],1.981036e-06],
[[550.0,50.0,50.0],1.868764e-06],
[[550.0,100.0,100.0],1.777821e-06],
[[550.0,150.0,150.0],2.191732e-06],
[[550.0,200.0,200.0],1.879552e-06],
[[550.0,250.0,250.0],2.720428e-06],
[[600.0,1.0,1.0],2.992644e-06],
[[600.0,50.0,50.0],3.077082e-06],
[[600.0,100.0,100.0],3.007276e-06],
[[600.0,150.0,150.0],2.424922e-06],
[[600.0,200.0,200.0],2.806564e-06],
[[600.0,250.0,250.0],3.364188e-06],
[[650.0,1.0,1.0],3.019836e-06],
[[650.0,50.0,50.0],3.378255e-06],
[[650.0,100.0,100.0],4.589323e-06],
[[650.0,150.0,150.0],3.625777e-06],
[[650.0,200.0,200.0],3.842487e-06],
[[650.0,250.0,250.0],4.931507e-06],
[[650.0,300.0,300.0],5.096943e-06],
[[700.0,1.0,1.0],3.671885e-06],
[[700.0,50.0,50.0],5.381351e-06],
[[700.0,100.0,100.0],5.107316e-06],
[[700.0,150.0,150.0],5.128528e-06],
[[700.0,200.0,200.0],5.546522e-06],
[[700.0,250.0,250.0],5.748723e-06],
[[700.0,300.0,300.0],5.760885e-06],
[[750.0,1.0,1.0],7.027503e-06],
[[750.0,10.0,10.0],6.655119e-06],
[[750.0,50.0,50.0],6.097593e-06],
[[750.0,100.0,100.0],6.348143e-06],
[[750.0,150.0,150.0],7.252221e-06],
[[750.0,200.0,200.0],8.304318e-06],
[[750.0,250.0,250.0],7.149624e-06],
[[750.0,300.0,300.0],7.890911e-06],
[[750.0,350.0,350.0],9.924121e-06],
[[800.0,1.0,1.0],7.637881e-06],
[[800.0,150.0,150.0],9.956332e-06],
[[800.0,200.0,200.0],8.497245e-06],
[[800.0,250.0,250.0],9.551579e-06],
[[800.0,300.0,300.0],8.683038e-06],
[[800.0,350.0,350.0],9.25401e-06],
[[850.0,1.0,1.0],9.756206e-06],
[[850.0,150.0,150.0],1.033597e-05],
[[850.0,200.0,200.0],1.01949e-05],
[[850.0,250.0,250.0],1.219041e-05],
[[850.0,300.0,300.0],9.778474e-06],
[[850.0,350.0,350.0],1.269408e-05],
[[850.0,400.0,400.0],1.320414e-05],
[[900.0,1.0,1.0],1.056221e-05],
[[900.0,150.0,150.0],1.312643e-05],
[[900.0,200.0,200.0],1.334992e-05],
[[900.0,250.0,250.0],1.418371e-05],
[[900.0,300.0,300.0],1.346276e-05],
[[900.0,350.0,350.0],1.358328e-05],
[[900.0,400.0,400.0],1.85889e-05],
[[950.0,1.0,1.0],1.362776e-05],
[[950.0,150.0,150.0],1.357439e-05],
[[950.0,200.0,200.0],1.614498e-05],
[[950.0,250.0,250.0],1.298699e-05],
[[950.0,300.0,300.0],1.623677e-05],
[[950.0,350.0,350.0],1.887278e-05],
[[950.0,400.0,400.0],1.561633e-05],
[[950.0,450.0,450.0],2.364487e-05],
[[1000.0,1.0,1.0],1.644508e-05],
[[1000.0,10.0,10.0],1.807648e-05],
[[1000.0,50.0,50.0],2.029673e-05],
[[1000.0,100.0,100.0],1.705179e-05],
[[1000.0,150.0,150.0],1.597142e-05],
[[1000.0,200.0,200.0],1.910657e-05],
[[1000.0,250.0,250.0],2.007013e-05],
[[1000.0,300.0,300.0],1.792351e-05],
[[1000.0,350.0,350.0],1.958317e-05],
[[1000.0,400.0,400.0],2.373278e-05],
[[1000.0,450.0,450.0],2.665887e-05],
[[1050.0,1.0,1.0],2.009925e-05],
[[1050.0,150.0,150.0],2.133018e-05],
[[1050.0,200.0,200.0],2.066495e-05],
[[1050.0,250.0,250.0],1.731885e-05],
[[1050.0,300.0,300.0],2.379489e-05],
[[1050.0,350.0,350.0],2.918914e-05],
[[1050.0,400.0,400.0],2.593125e-05],
[[1050.0,450.0,450.0],2.563079e-05],
[[1050.0,500.0,500.0],3.482604e-05],
[[1100.0,1.0,1.0],2.47678e-05],
[[1100.0,150.0,150.0],2.507672e-05],
[[1100.0,200.0,200.0],2.542647e-05],
[[1100.0,250.0,250.0],2.881522e-05],
[[1100.0,300.0,300.0],2.444677e-05],
[[1100.0,350.0,350.0],3.169063e-05],
[[1100.0,400.0,400.0],3.43034e-05],
[[1100.0,450.0,450.0],2.784368e-05],
[[1100.0,500.0,500.0],3.660012e-05],
[[1150.0,1.0,1.0],2.193244e-05],
[[1150.0,150.0,150.0],2.916246e-05],
[[1150.0,200.0,200.0],2.877939e-05],
[[1150.0,250.0,250.0],3.32018e-05],
[[1150.0,300.0,300.0],3.163576e-05],
[[1150.0,350.0,350.0],3.07523e-05],
[[1150.0,400.0,400.0],3.432316e-05],
[[1150.0,450.0,450.0],3.469429e-05],
[[1150.0,500.0,500.0],7.624453e-05],
[[1150.0,550.0,550.0],3.630366e-05],
[[1200.0,1.0,1.0],3.155213e-05],
[[1200.0,150.0,150.0],3.13002e-05],
[[1200.0,200.0,200.0],3.672131e-05],
[[1200.0,250.0,250.0],3.397166e-05],
[[1200.0,300.0,300.0],3.50313e-05],
[[1200.0,350.0,350.0],3.873829e-05],
[[1200.0,400.0,400.0],3.585538e-05],
[[1200.0,450.0,450.0],4.093735e-05],
[[1200.0,500.0,500.0],4.048146e-05],
[[1200.0,550.0,550.0],4.508627e-05],
[[1250.0,1.0,1.0],2.575719e-05],
[[1250.0,10.0,10.0],3.584396e-05],
[[1250.0,50.0,50.0],3.600448e-05],
[[1250.0,100.0,100.0],3.32167e-05],
[[1250.0,150.0,150.0],3.716303e-05],
[[1250.0,200.0,200.0],4.160358e-05],
[[1250.0,250.0,250.0],3.961501e-05],
[[1250.0,300.0,300.0],4.002136e-05],
[[1250.0,350.0,350.0],4.497826e-05],
[[1250.0,400.0,400.0],4.094677e-05],
[[1250.0,450.0,450.0],4.936513e-05],
[[1250.0,500.0,500.0],4.732703e-05],
[[1250.0,550.0,550.0],5.195504e-05],
[[1250.0,600.0,600.0],5.954149e-05],
[[1300.0,1.0,1.0],3.190212e-05],
[[1300.0,150.0,150.0],4.382216e-05],
[[1300.0,200.0,200.0],3.985362e-05],
[[1300.0,250.0,250.0],4.733258e-05],
[[1300.0,300.0,300.0],5.38276e-05],
[[1300.0,350.0,350.0],4.702401e-05],
[[1300.0,400.0,400.0],4.589589e-05],
[[1300.0,450.0,450.0],4.877365e-05],
[[1300.0,500.0,500.0],5.283354e-05],
[[1300.0,550.0,550.0],4.633917e-05],
[[1300.0,600.0,600.0],5.616731e-05],
[[1350.0,1.0,1.0],3.930446e-05],
[[1350.0,150.0,150.0],4.579141e-05],
[[1350.0,200.0,200.0],5.503367e-05],
[[1350.0,250.0,250.0],5.164308e-05],
[[1350.0,300.0,300.0],5.731733e-05],
[[1350.0,350.0,350.0],5.428652e-05],
[[1350.0,400.0,400.0],6.12106e-05],
[[1350.0,450.0,450.0],6.371433e-05],
[[1350.0,500.0,500.0],9.828041e-05],
[[1350.0,550.0,550.0],5.12388e-05],
[[1350.0,600.0,600.0],5.590721e-05],
[[1350.0,650.0,650.0],7.537968e-05],
[[1400.0,1.0,1.0],4.379799e-05],
[[1400.0,150.0,150.0],4.588845e-05],
[[1400.0,200.0,200.0],5.682424e-05],
[[1400.0,250.0,250.0],4.77762e-05],
[[1400.0,300.0,300.0],4.790335e-05],
[[1400.0,350.0,350.0],5.580825e-05],
[[1400.0,400.0,400.0],7.659255e-05],
[[1400.0,450.0,450.0],6.109006e-05],
[[1400.0,500.0,500.0],8.291163e-05],
[[1400.0,550.0,550.0],6.70617e-05],
[[1400.0,600.0,600.0],0.0001851274],
[[1400.0,650.0,650.0],6.917198e-05],
[[1450.0,1.0,1.0],4.29436e-05],
[[1450.0,150.0,150.0],5.120857e-05],
[[1450.0,200.0,200.0],5.336543e-05],
[[1450.0,250.0,250.0],6.100552e-05],
[[1450.0,300.0,300.0],6.916822e-05],
[[1450.0,350.0,350.0],6.643443e-05],
[[1450.0,400.0,400.0],7.1355e-05],
[[1450.0,450.0,450.0],7.108357e-05],
[[1450.0,500.0,500.0],5.280661e-05],
[[1450.0,550.0,550.0],9.234072e-05],
[[1450.0,600.0,600.0],8.049684e-05],
[[1450.0,650.0,650.0],7.812101e-05],
[[1450.0,700.0,700.0],7.984645e-05],
[[1500.0,1.0,1.0],4.610272e-05],
[[1500.0,10.0,10.0],5.180317e-05],
[[1500.0,50.0,50.0],4.880109e-05],
[[1500.0,100.0,100.0],6.372387e-05],
[[1500.0,150.0,150.0],4.834671e-05],
[[1500.0,200.0,200.0],5.827253e-05],
[[1500.0,250.0,250.0],7.766926e-05],
[[1500.0,300.0,300.0],7.496112e-05],
[[1500.0,350.0,350.0],6.032456e-05],
[[1500.0,400.0,400.0],6.19518e-05],
[[1500.0,450.0,450.0],6.276898e-05],
[[1500.0,500.0,500.0],7.88614e-05],
[[1500.0,550.0,550.0],8.252382e-05],
[[1500.0,600.0,600.0],9.091793e-05],
[[1500.0,650.0,650.0],8.955973e-05],
[[1500.0,700.0,700.0],0.0001013673],
[[1500.0,750.0,750.0],0.0001106336],
[[1550.0,1.0,1.0],4.914519e-05],
[[1550.0,150.0,150.0],5.290807e-05],
[[1550.0,200.0,200.0],8.41422e-05],
[[1550.0,250.0,250.0],9.070925e-05],
[[1550.0,300.0,300.0],6.577641e-05],
[[1550.0,350.0,350.0],7.089905e-05],
[[1550.0,400.0,400.0],7.913026e-05],
[[1550.0,450.0,450.0],7.36205e-05],
[[1550.0,500.0,500.0],7.664962e-05],
[[1550.0,550.0,550.0],7.76882e-05],
[[1550.0,600.0,600.0],7.471409e-05],
[[1550.0,650.0,650.0],7.939192e-05],
[[1550.0,700.0,700.0],0.000108936],
[[1550.0,750.0,750.0],9.24634e-05],
[[1600.0,1.0,1.0],5.601675e-05],
[[1600.0,150.0,150.0],6.636059e-05],
[[1600.0,200.0,200.0],6.214208e-05],
[[1600.0,250.0,250.0],7.412278e-05],
[[1600.0,300.0,300.0],7.337542e-05],
[[1600.0,350.0,350.0],8.135131e-05],
[[1600.0,400.0,400.0],0.0001870389],
[[1600.0,450.0,450.0],8.009841e-05],
[[1600.0,500.0,500.0],0.0001062203],
[[1600.0,550.0,550.0],9.115443e-05],
[[1600.0,600.0,600.0],9.567031e-05],
[[1600.0,650.0,650.0],9.976155e-05],
[[1600.0,700.0,700.0],0.0001112309],
[[1600.0,750.0,750.0],0.0001021727],
[[1650.0,1.0,1.0],6.32501e-05],
[[1650.0,150.0,150.0],6.571016e-05],
[[1650.0,200.0,200.0],7.031808e-05],
[[1650.0,250.0,250.0],9.030851e-05],
[[1650.0,300.0,300.0],9.572206e-05],
[[1650.0,350.0,350.0],9.21077e-05],
[[1650.0,400.0,400.0],0.0001037832],
[[1650.0,450.0,450.0],8.470595e-05],
[[1650.0,500.0,500.0],8.913672e-05],
[[1650.0,550.0,550.0],0.0001000798],
[[1650.0,600.0,600.0],9.64771e-05],
[[1650.0,650.0,650.0],9.07333e-05],
[[1650.0,700.0,700.0],0.0001140125],
[[1650.0,750.0,750.0],0.0001038698],
[[1650.0,800.0,800.0],0.00011141],
[[1700.0,1.0,1.0],4.793178e-05],
[[1700.0,150.0,150.0],6.840125e-05],
[[1700.0,200.0,200.0],0.0001106048],
[[1700.0,250.0,250.0],8.442297e-05],
[[1700.0,300.0,300.0],8.572215e-05],
[[1700.0,350.0,350.0],9.479063e-05],
[[1700.0,400.0,400.0],0.0001117867],
[[1700.0,450.0,450.0],0.0001072967],
[[1700.0,500.0,500.0],0.0001020856],
[[1700.0,550.0,550.0],0.0002212758],
[[1700.0,600.0,600.0],0.0001080646],
[[1700.0,650.0,650.0],0.0001096261],
[[1700.0,700.0,700.0],0.0001077517],
[[1700.0,750.0,750.0],0.0001536057],
[[1700.0,800.0,800.0],0.000121253],
[[1750.0,1.0,1.0],5.057306e-05],
[[1750.0,10.0,10.0],5.876103e-05],
[[1750.0,50.0,50.0],6.113858e-05],
[[1750.0,100.0,100.0],6.716919e-05],
[[1750.0,150.0,150.0],7.537494e-05],
[[1750.0,200.0,200.0],8.535737e-05],
[[1750.0,250.0,250.0],7.622866e-05],
[[1750.0,300.0,300.0],0.0001028824],
[[1750.0,350.0,350.0],0.0001018297],
[[1750.0,400.0,400.0],0.0001218538],
[[1750.0,450.0,450.0],0.0001122287],
[[1750.0,500.0,500.0],0.0001016832],
[[1750.0,550.0,550.0],0.0001003894],
[[1750.0,600.0,600.0],0.0001540132],
[[1750.0,650.0,650.0],0.0001144113],
[[1750.0,700.0,700.0],0.0001324725],
[[1750.0,750.0,750.0],0.0001480288],
[[1750.0,800.0,800.0],0.0001369689],
[[1750.0,850.0,850.0],0.0001442489],
[[1800.0,1.0,1.0],6.010058e-05],
[[1800.0,150.0,150.0],8.125175e-05],
[[1800.0,200.0,200.0],7.692828e-05],
[[1800.0,250.0,250.0],8.476675e-05],
[[1800.0,300.0,300.0],9.825694e-05],
[[1800.0,350.0,350.0],0.0001092669],
[[1800.0,400.0,400.0],0.0001090451],
[[1800.0,450.0,450.0],0.0001118182],
[[1800.0,500.0,500.0],0.0001367908],
[[1800.0,550.0,550.0],0.000134124],
[[1800.0,600.0,600.0],0.0001045557],
[[1800.0,650.0,650.0],0.0001537394],
[[1800.0,700.0,700.0],0.0001329807],
[[1800.0,750.0,750.0],0.0001282058],
[[1800.0,800.0,800.0],0.0001415726],
[[1800.0,850.0,850.0],0.0001977563],
[[1850.0,1.0,1.0],5.925544e-05],
[[1850.0,150.0,150.0],8.218519e-05],
[[1850.0,200.0,200.0],9.828177e-05],
[[1850.0,250.0,250.0],0.00010559],
[[1850.0,300.0,300.0],0.0001789048],
[[1850.0,350.0,350.0],0.0001130591],
[[1850.0,400.0,400.0],0.0001159919],
[[1850.0,450.0,450.0],0.0001545476],
[[1850.0,500.0,500.0],0.0001205725],
[[1850.0,550.0,550.0],0.0001239399],
[[1850.0,600.0,600.0],0.0002514039],
[[1850.0,650.0,650.0],0.0001240362],
[[1850.0,700.0,700.0],0.0001401686],
[[1850.0,750.0,750.0],0.0001389849],
[[1850.0,800.0,800.0],0.0002123959],
[[1850.0,850.0,850.0],0.0001201473],
[[1850.0,900.0,900.0],0.0001638086],
[[1900.0,1.0,1.0],9.256037e-05],
[[1900.0,150.0,150.0],0.0001421577],
[[1900.0,200.0,200.0],7.651607e-05],
[[1900.0,250.0,250.0],0.0001044985],
[[1900.0,300.0,300.0],0.0001069395],
[[1900.0,350.0,350.0],0.0001265092],
[[1900.0,400.0,400.0],0.0001241788],
[[1900.0,450.0,450.0],0.0002366601],
[[1900.0,500.0,500.0],0.0001341226],
[[1900.0,550.0,550.0],0.0001286287],
[[1900.0,600.0,600.0],0.0001265499],
[[1900.0,650.0,650.0],0.0001259769],
[[1900.0,700.0,700.0],0.0001493039],
[[1900.0,750.0,750.0],0.0001427527],
[[1900.0,800.0,800.0],0.0001567708],
[[1900.0,850.0,850.0],0.000188084],
[[1900.0,900.0,900.0],0.0001825289],
[[1950.0,1.0,1.0],5.660913e-05],
[[1950.0,150.0,150.0],0.0001102768],
[[1950.0,200.0,200.0],9.853759e-05],
[[1950.0,250.0,250.0],0.0001203265],
[[1950.0,300.0,300.0],0.0001195402],
[[1950.0,350.0,350.0],0.0001281003],
[[1950.0,400.0,400.0],0.0001041773],
[[1950.0,450.0,450.0],0.0002786564],
[[1950.0,500.0,500.0],0.0001260703],
[[1950.0,550.0,550.0],0.0001224768],
[[1950.0,600.0,600.0],0.0001541702],
[[1950.0,650.0,650.0],0.0001582848],
[[1950.0,700.0,700.0],0.0001490737],
[[1950.0,750.0,750.0],0.0001704418],
[[1950.0,800.0,800.0],0.0001421743],
[[1950.0,850.0,850.0],0.0001967809],
[[1950.0,900.0,900.0],0.0001719243],
[[1950.0,950.0,950.0],0.0001861682],
[[2000.0,1.0,1.0],7.240465e-05],
[[2000.0,10.0,10.0],6.769705e-05],
[[2000.0,50.0,50.0],6.224578e-05],
[[2000.0,100.0,100.0],7.022277e-05],
[[2000.0,150.0,150.0],9.035502e-05],
[[2000.0,200.0,200.0],0.0001234854],
[[2000.0,250.0,250.0],0.0001023149],
[[2000.0,300.0,300.0],0.0001213434],
[[2000.0,350.0,350.0],0.0001186726],
[[2000.0,400.0,400.0],0.0003284895],
[[2000.0,450.0,450.0],0.0001722241],
[[2000.0,500.0,500.0],0.0001531365],
[[2000.0,550.0,550.0],0.0001415799],
[[2000.0,600.0,600.0],0.0001687205],
[[2000.0,650.0,650.0],0.000155492],
[[2000.0,700.0,700.0],0.0001639485],
[[2000.0,750.0,750.0],0.0001828846],
[[2000.0,800.0,800.0],0.0002015194],
[[2000.0,850.0,850.0],0.0001550576],
[[2000.0,900.0,900.0],0.0002450785],
[[2000.0,950.0,950.0],0.0001774183],
[[2250.0,1.0,1.0],6.79663e-05],
[[2250.0,10.0,10.0],7.112055e-05],
[[2250.0,50.0,50.0],6.990863e-05],
[[2250.0,100.0,100.0],8.416887e-05],
[[2250.0,150.0,150.0],0.000101752],
[[2250.0,300.0,300.0],0.0001304278],
[[2250.0,500.0,500.0],0.0002682629],
[[2250.0,750.0,750.0],0.0002244824],
[[2250.0,1000.0,1000.0],0.0002203484],
[[2500.0,1.0,1.0],5.152873e-05],
[[2500.0,10.0,10.0],6.097384e-05],
[[2500.0,50.0,50.0],6.383155e-05],
[[2500.0,100.0,100.0],6.965528e-05],
[[2500.0,150.0,150.0],7.975019e-05],
[[2500.0,300.0,300.0],0.0001190774],
[[2500.0,500.0,500.0],0.0002659292],
[[2500.0,750.0,750.0],0.0002190837],
[[2500.0,1000.0,1000.0],0.0002483487],
[[2500.0,1200.0,1200.0],0.0002892961],
[[2750.0,1.0,1.0],5.684363e-05],
[[2750.0,10.0,10.0],6.075492e-05],
[[2750.0,50.0,50.0],5.113678e-05],
[[2750.0,100.0,100.0],5.921569e-05],
[[2750.0,150.0,150.0],0.0001006998],
[[2750.0,300.0,300.0],0.0001536782],
[[2750.0,500.0,500.0],0.0002006267],
[[2750.0,750.0,750.0],0.0002837827],
[[2750.0,1000.0,1000.0],0.0002671806],
[[2750.0,1200.0,1200.0],0.0003357323],
[[3000.0,1.0,1.0],4.806634e-05],
[[3000.0,10.0,10.0],4.154461e-05],
[[3000.0,50.0,50.0],4.478284e-05],
[[3000.0,100.0,100.0],6.11141e-05],
[[3000.0,150.0,150.0],6.302098e-05],
[[3000.0,300.0,300.0],0.0001570523],
[[3000.0,500.0,500.0],0.0002363673],
[[3000.0,750.0,750.0],0.000254165],
[[3000.0,1000.0,1000.0],0.0003018759],
[[3000.0,1200.0,1200.0],0.0003353326],
[[3000.0,1400.0,1400.0],0.0003392092]]
