txName: TRV1
constraint: {(PV > Zprime(1)), (Zprime(1) > MET(2),MET(3))}
condition: None
conditionDescription: None
figureUrl: https://cms-results.web.cern.ch/cms-results/public-results/publications/EXO-20-004/CMS-EXO-20-004_Figure_007-b.png
source: https://doi.org/10.5281/zenodo.13324003
validated: True
axesMap: [{0: 'x', 1: 'y', 2: 'y'}]
dataMap: {0: (1, 'mass', GeV), 1: (2, 'mass', GeV), 2: (3, 'mass', GeV)}
finalState: ['MET', 'MET']
intermediateState: None
efficiencyMap: [[[50.0,1.0,1.0],0.0],
[[100.0,1.0,1.0],1.214366e-08],
[[100.0,10.0,10.0],0.0],
[[150.0,1.0,1.0],4.244536e-08],
[[150.0,75.0,75.0],6.336496e-08],
[[200.0,1.0,1.0],1.109705e-07],
[[200.0,75.0,75.0],1.914091e-07],
[[250.0,1.0,1.0],2.802991e-07],
[[250.0,10.0,10.0],2.191076e-07],
[[250.0,75.0,75.0],3.042521e-07],
[[300.0,1.0,1.0],6.874461e-07],
[[300.0,75.0,75.0],3.768972e-07],
[[350.0,1.0,1.0],3.568617e-07],
[[350.0,75.0,75.0],7.996902e-07],
[[350.0,150.0,150.0],9.439689e-07],
[[400.0,1.0,1.0],9.540112e-07],
[[400.0,75.0,75.0],9.729199e-07],
[[400.0,150.0,150.0],1.49216e-06],
[[450.0,1.0,1.0],1.586723e-06],
[[450.0,75.0,75.0],1.710429e-06],
[[450.0,150.0,150.0],8.122108e-07],
[[450.0,200.0,200.0],1.599847e-06],
[[500.0,1.0,1.0],3.005656e-06],
[[500.0,10.0,10.0],1.734447e-06],
[[500.0,75.0,75.0],1.763658e-06],
[[500.0,150.0,150.0],1.87388e-06],
[[500.0,200.0,200.0],2.148623e-06],
[[550.0,1.0,1.0],2.536795e-06],
[[550.0,75.0,75.0],3.562835e-06],
[[550.0,150.0,150.0],3.094123e-06],
[[550.0,200.0,200.0],2.038192e-06],
[[550.0,250.0,250.0],3.141996e-06],
[[600.0,1.0,1.0],3.613235e-06],
[[600.0,75.0,75.0],3.459584e-06],
[[600.0,150.0,150.0],3.441279e-06],
[[600.0,200.0,200.0],3.612853e-06],
[[600.0,250.0,250.0],3.281436e-06],
[[650.0,1.0,1.0],4.865867e-06],
[[650.0,75.0,75.0],4.154483e-06],
[[650.0,150.0,150.0],4.69709e-06],
[[650.0,200.0,200.0],3.571895e-06],
[[650.0,250.0,250.0],5.704495e-06],
[[650.0,300.0,300.0],6.147695e-06],
[[700.0,1.0,1.0],6.024725e-06],
[[700.0,75.0,75.0],4.724217e-06],
[[700.0,150.0,150.0],5.405544e-06],
[[700.0,200.0,200.0],5.098689e-06],
[[700.0,250.0,250.0],6.321236e-06],
[[700.0,300.0,300.0],6.202043e-06],
[[750.0,1.0,1.0],7.837302e-06],
[[750.0,10.0,10.0],7.089341e-06],
[[750.0,75.0,75.0],7.709854e-06],
[[750.0,150.0,150.0],6.86677e-06],
[[750.0,200.0,200.0],8.212938e-06],
[[750.0,250.0,250.0],5.558576e-06],
[[750.0,300.0,300.0],5.866907e-06],
[[750.0,350.0,350.0],5.723207e-06],
[[800.0,1.0,1.0],6.767361e-06],
[[800.0,75.0,75.0],6.930692e-06],
[[800.0,150.0,150.0],7.538849e-06],
[[800.0,200.0,200.0],7.218764e-06],
[[800.0,250.0,250.0],8.229743e-06],
[[800.0,300.0,300.0],6.795021e-06],
[[800.0,350.0,350.0],7.792637e-06],
[[850.0,1.0,1.0],9.207167e-06],
[[850.0,75.0,75.0],8.747246e-06],
[[850.0,150.0,150.0],7.251094e-06],
[[850.0,200.0,200.0],8.513531e-06],
[[850.0,250.0,250.0],1.132505e-05],
[[850.0,300.0,300.0],1.787984e-05],
[[850.0,350.0,350.0],1.068075e-05],
[[850.0,400.0,400.0],7.993052e-06],
[[900.0,1.0,1.0],9.598735e-06],
[[900.0,75.0,75.0],1.112657e-05],
[[900.0,150.0,150.0],1.058116e-05],
[[900.0,200.0,200.0],1.030437e-05],
[[900.0,250.0,250.0],1.051132e-05],
[[900.0,300.0,300.0],1.12063e-05],
[[900.0,350.0,350.0],1.241371e-05],
[[900.0,400.0,400.0],1.239817e-05],
[[950.0,1.0,1.0],1.326829e-05],
[[950.0,75.0,75.0],1.111499e-05],
[[950.0,150.0,150.0],1.240759e-05],
[[950.0,200.0,200.0],1.391044e-05],
[[950.0,250.0,250.0],1.432822e-05],
[[950.0,300.0,300.0],1.573878e-05],
[[950.0,350.0,350.0],1.44885e-05],
[[950.0,400.0,400.0],1.065726e-05],
[[950.0,450.0,450.0],1.35535e-05],
[[1000.0,1.0,1.0],1.258989e-05],
[[1000.0,10.0,10.0],1.466877e-05],
[[1000.0,75.0,75.0],9.856812e-06],
[[1000.0,150.0,150.0],1.340507e-05],
[[1000.0,200.0,200.0],1.405434e-05],
[[1000.0,250.0,250.0],1.406783e-05],
[[1000.0,300.0,300.0],1.394463e-05],
[[1000.0,350.0,350.0],1.274061e-05],
[[1000.0,400.0,400.0],1.467335e-05],
[[1000.0,450.0,450.0],1.631628e-05],
[[1050.0,1.0,1.0],1.409977e-05],
[[1050.0,75.0,75.0],1.630155e-05],
[[1050.0,150.0,150.0],1.758386e-05],
[[1050.0,200.0,200.0],1.495461e-05],
[[1050.0,250.0,250.0],1.407912e-05],
[[1050.0,300.0,300.0],1.376938e-05],
[[1050.0,350.0,350.0],1.719075e-05],
[[1050.0,400.0,400.0],1.543878e-05],
[[1050.0,450.0,450.0],1.680543e-05],
[[1050.0,500.0,500.0],1.782652e-05],
[[1100.0,1.0,1.0],1.868189e-05],
[[1100.0,75.0,75.0],1.844411e-05],
[[1100.0,150.0,150.0],1.808068e-05],
[[1100.0,200.0,200.0],1.613875e-05],
[[1100.0,250.0,250.0],1.490127e-05],
[[1100.0,300.0,300.0],1.488166e-05],
[[1100.0,350.0,350.0],1.457396e-05],
[[1100.0,400.0,400.0],1.754206e-05],
[[1100.0,450.0,450.0],1.819848e-05],
[[1100.0,500.0,500.0],1.883201e-05],
[[1150.0,1.0,1.0],1.772755e-05],
[[1150.0,75.0,75.0],1.47068e-05],
[[1150.0,150.0,150.0],1.581229e-05],
[[1150.0,200.0,200.0],1.585053e-05],
[[1150.0,250.0,250.0],1.966748e-05],
[[1150.0,300.0,300.0],1.747678e-05],
[[1150.0,350.0,350.0],1.627138e-05],
[[1150.0,400.0,400.0],1.799151e-05],
[[1150.0,450.0,450.0],2.260837e-05],
[[1150.0,500.0,500.0],1.903255e-05],
[[1150.0,550.0,550.0],2.149348e-05],
[[1200.0,1.0,1.0],2.397696e-05],
[[1200.0,75.0,75.0],2.248184e-05],
[[1200.0,150.0,150.0],2.02885e-05],
[[1200.0,200.0,200.0],1.663267e-05],
[[1200.0,250.0,250.0],2.191017e-05],
[[1200.0,300.0,300.0],2.260156e-05],
[[1200.0,350.0,350.0],2.50396e-05],
[[1200.0,400.0,400.0],2.385425e-05],
[[1200.0,450.0,450.0],2.188351e-05],
[[1200.0,500.0,500.0],2.450188e-05],
[[1200.0,550.0,550.0],2.341086e-05],
[[1250.0,1.0,1.0],1.984555e-05],
[[1250.0,10.0,10.0],2.121102e-05],
[[1250.0,75.0,75.0],1.909779e-05],
[[1250.0,150.0,150.0],2.526246e-05],
[[1250.0,200.0,200.0],2.506309e-05],
[[1250.0,250.0,250.0],1.851316e-05],
[[1250.0,300.0,300.0],2.121143e-05],
[[1250.0,350.0,350.0],2.063201e-05],
[[1250.0,400.0,400.0],1.947066e-05],
[[1250.0,450.0,450.0],2.186406e-05],
[[1250.0,500.0,500.0],2.316078e-05],
[[1250.0,550.0,550.0],2.097705e-05],
[[1250.0,600.0,600.0],2.492418e-05],
[[1300.0,1.0,1.0],2.358554e-05],
[[1300.0,75.0,75.0],2.267713e-05],
[[1300.0,150.0,150.0],2.203516e-05],
[[1300.0,200.0,200.0],2.646274e-05],
[[1300.0,250.0,250.0],2.843105e-05],
[[1300.0,300.0,300.0],2.403376e-05],
[[1300.0,350.0,350.0],2.466751e-05],
[[1300.0,400.0,400.0],2.95772e-05],
[[1300.0,450.0,450.0],2.491569e-05],
[[1300.0,500.0,500.0],2.107282e-05],
[[1300.0,550.0,550.0],2.346907e-05],
[[1300.0,600.0,600.0],3.52374e-05],
[[1350.0,1.0,1.0],2.54057e-05],
[[1350.0,75.0,75.0],2.269407e-05],
[[1350.0,150.0,150.0],2.476512e-05],
[[1350.0,200.0,200.0],2.80186e-05],
[[1350.0,250.0,250.0],2.518842e-05],
[[1350.0,300.0,300.0],2.601471e-05],
[[1350.0,350.0,350.0],2.441108e-05],
[[1350.0,400.0,400.0],2.270967e-05],
[[1350.0,450.0,450.0],2.815232e-05],
[[1350.0,500.0,500.0],2.490123e-05],
[[1350.0,550.0,550.0],2.889983e-05],
[[1350.0,600.0,600.0],2.71684e-05],
[[1350.0,650.0,650.0],2.394482e-05],
[[1400.0,1.0,1.0],2.892419e-05],
[[1400.0,75.0,75.0],2.979281e-05],
[[1400.0,150.0,150.0],2.930422e-05],
[[1400.0,200.0,200.0],2.3069e-05],
[[1400.0,250.0,250.0],3.490799e-05],
[[1400.0,300.0,300.0],2.407527e-05],
[[1400.0,350.0,350.0],2.785943e-05],
[[1400.0,400.0,400.0],2.985622e-05],
[[1400.0,450.0,450.0],2.78355e-05],
[[1400.0,500.0,500.0],2.584159e-05],
[[1400.0,550.0,550.0],3.143453e-05],
[[1400.0,600.0,600.0],3.163046e-05],
[[1400.0,650.0,650.0],3.047748e-05],
[[1450.0,1.0,1.0],2.779041e-05],
[[1450.0,75.0,75.0],2.563709e-05],
[[1450.0,150.0,150.0],3.384128e-05],
[[1450.0,200.0,200.0],2.222245e-05],
[[1450.0,250.0,250.0],2.760686e-05],
[[1450.0,300.0,300.0],2.852813e-05],
[[1450.0,350.0,350.0],2.877248e-05],
[[1450.0,400.0,400.0],2.873527e-05],
[[1450.0,450.0,450.0],2.891889e-05],
[[1450.0,500.0,500.0],2.92553e-05],
[[1450.0,550.0,550.0],3.398233e-05],
[[1450.0,600.0,600.0],2.706144e-05],
[[1450.0,650.0,650.0],3.632351e-05],
[[1450.0,700.0,700.0],3.136598e-05],
[[1500.0,1.0,1.0],3.024078e-05],
[[1500.0,10.0,10.0],2.408533e-05],
[[1500.0,75.0,75.0],2.845343e-05],
[[1500.0,150.0,150.0],3.176899e-05],
[[1500.0,200.0,200.0],3.406805e-05],
[[1500.0,250.0,250.0],3.443316e-05],
[[1500.0,300.0,300.0],2.982931e-05],
[[1500.0,350.0,350.0],3.793571e-05],
[[1500.0,400.0,400.0],2.847223e-05],
[[1500.0,450.0,450.0],3.314643e-05],
[[1500.0,500.0,500.0],3.156505e-05],
[[1500.0,550.0,550.0],2.987821e-05],
[[1500.0,600.0,600.0],4.088577e-05],
[[1500.0,650.0,650.0],2.954459e-05],
[[1500.0,700.0,700.0],3.140063e-05],
[[1500.0,750.0,750.0],4.38999e-05],
[[1550.0,1.0,1.0],2.987612e-05],
[[1550.0,75.0,75.0],3.486107e-05],
[[1550.0,150.0,150.0],3.176684e-05],
[[1550.0,200.0,200.0],3.125552e-05],
[[1550.0,250.0,250.0],2.938721e-05],
[[1550.0,300.0,300.0],3.017283e-05],
[[1550.0,350.0,350.0],3.595817e-05],
[[1550.0,400.0,400.0],3.165484e-05],
[[1550.0,450.0,450.0],3.402186e-05],
[[1550.0,500.0,500.0],2.430406e-05],
[[1550.0,550.0,550.0],3.645473e-05],
[[1550.0,600.0,600.0],3.53008e-05],
[[1550.0,650.0,650.0],3.160224e-05],
[[1550.0,700.0,700.0],4.231722e-05],
[[1550.0,750.0,750.0],3.111951e-05],
[[1600.0,1.0,1.0],3.311957e-05],
[[1600.0,75.0,75.0],3.165654e-05],
[[1600.0,150.0,150.0],3.595111e-05],
[[1600.0,200.0,200.0],3.266127e-05],
[[1600.0,250.0,250.0],2.959005e-05],
[[1600.0,300.0,300.0],3.888615e-05],
[[1600.0,350.0,350.0],4.273402e-05],
[[1600.0,400.0,400.0],3.865177e-05],
[[1600.0,450.0,450.0],2.944103e-05],
[[1600.0,500.0,500.0],3.282476e-05],
[[1600.0,550.0,550.0],2.870593e-05],
[[1600.0,600.0,600.0],4.444176e-05],
[[1600.0,650.0,650.0],3.123666e-05],
[[1600.0,700.0,700.0],4.274467e-05],
[[1600.0,750.0,750.0],3.523134e-05],
[[1650.0,1.0,1.0],3.682952e-05],
[[1650.0,75.0,75.0],3.925934e-05],
[[1650.0,150.0,150.0],3.021493e-05],
[[1650.0,200.0,200.0],3.632334e-05],
[[1650.0,250.0,250.0],2.981485e-05],
[[1650.0,300.0,300.0],3.656515e-05],
[[1650.0,350.0,350.0],4.817653e-05],
[[1650.0,400.0,400.0],3.315365e-05],
[[1650.0,450.0,450.0],3.502349e-05],
[[1650.0,500.0,500.0],3.33494e-05],
[[1650.0,550.0,550.0],3.158723e-05],
[[1650.0,600.0,600.0],3.668692e-05],
[[1650.0,650.0,650.0],4.17357e-05],
[[1650.0,700.0,700.0],4.609421e-05],
[[1650.0,750.0,750.0],3.730522e-05],
[[1650.0,800.0,800.0],4.192122e-05],
[[1700.0,1.0,1.0],3.497587e-05],
[[1700.0,75.0,75.0],3.766406e-05],
[[1700.0,150.0,150.0],3.361727e-05],
[[1700.0,200.0,200.0],3.284878e-05],
[[1700.0,250.0,250.0],4.191644e-05],
[[1700.0,300.0,300.0],4.219588e-05],
[[1700.0,350.0,350.0],3.986117e-05],
[[1700.0,400.0,400.0],3.851182e-05],
[[1700.0,450.0,450.0],3.692538e-05],
[[1700.0,500.0,500.0],3.53149e-05],
[[1700.0,550.0,550.0],3.971925e-05],
[[1700.0,600.0,600.0],3.411565e-05],
[[1700.0,650.0,650.0],3.883336e-05],
[[1700.0,700.0,700.0],4.374526e-05],
[[1700.0,750.0,750.0],3.717191e-05],
[[1700.0,800.0,800.0],4.719262e-05],
[[1750.0,1.0,1.0],3.856257e-05],
[[1750.0,10.0,10.0],3.801227e-05],
[[1750.0,75.0,75.0],3.69771e-05],
[[1750.0,150.0,150.0],3.882895e-05],
[[1750.0,200.0,200.0],3.521613e-05],
[[1750.0,250.0,250.0],4.580689e-05],
[[1750.0,300.0,300.0],3.659094e-05],
[[1750.0,350.0,350.0],3.896711e-05],
[[1750.0,400.0,400.0],3.591245e-05],
[[1750.0,450.0,450.0],4.03116e-05],
[[1750.0,500.0,500.0],3.812251e-05],
[[1750.0,550.0,550.0],4.076425e-05],
[[1750.0,600.0,600.0],4.303241e-05],
[[1750.0,650.0,650.0],4.68772e-05],
[[1750.0,700.0,700.0],4.485904e-05],
[[1750.0,750.0,750.0],5.261228e-05],
[[1750.0,800.0,800.0],4.285668e-05],
[[1750.0,850.0,850.0],3.975345e-05],
[[1800.0,1.0,1.0],3.871801e-05],
[[1800.0,75.0,75.0],3.508449e-05],
[[1800.0,150.0,150.0],4.063383e-05],
[[1800.0,200.0,200.0],4.248842e-05],
[[1800.0,250.0,250.0],4.09601e-05],
[[1800.0,300.0,300.0],4.741807e-05],
[[1800.0,350.0,350.0],4.059095e-05],
[[1800.0,400.0,400.0],4.288975e-05],
[[1800.0,450.0,450.0],4.21396e-05],
[[1800.0,500.0,500.0],4.836245e-05],
[[1800.0,550.0,550.0],4.835391e-05],
[[1800.0,600.0,600.0],3.99964e-05],
[[1800.0,650.0,650.0],5.600572e-05],
[[1800.0,700.0,700.0],4.750311e-05],
[[1800.0,750.0,750.0],5.077947e-05],
[[1800.0,800.0,800.0],4.12596e-05],
[[1800.0,850.0,850.0],5.43349e-05],
[[1850.0,1.0,1.0],3.825417e-05],
[[1850.0,75.0,75.0],6.281178e-05],
[[1850.0,150.0,150.0],4.905079e-05],
[[1850.0,200.0,200.0],4.315954e-05],
[[1850.0,250.0,250.0],3.804931e-05],
[[1850.0,300.0,300.0],5.434665e-05],
[[1850.0,350.0,350.0],4.524124e-05],
[[1850.0,400.0,400.0],3.935228e-05],
[[1850.0,450.0,450.0],4.549325e-05],
[[1850.0,500.0,500.0],4.640916e-05],
[[1850.0,550.0,550.0],3.986132e-05],
[[1850.0,600.0,600.0],4.218936e-05],
[[1850.0,650.0,650.0],4.252997e-05],
[[1850.0,700.0,700.0],6.601583e-05],
[[1850.0,750.0,750.0],4.435344e-05],
[[1850.0,800.0,800.0],3.76191e-05],
[[1850.0,850.0,850.0],4.479573e-05],
[[1850.0,900.0,900.0],5.43841e-05],
[[1900.0,1.0,1.0],4.134047e-05],
[[1900.0,75.0,75.0],3.914672e-05],
[[1900.0,150.0,150.0],4.509171e-05],
[[1900.0,200.0,200.0],4.265489e-05],
[[1900.0,250.0,250.0],4.774061e-05],
[[1900.0,300.0,300.0],4.825792e-05],
[[1900.0,350.0,350.0],4.260254e-05],
[[1900.0,400.0,400.0],4.415173e-05],
[[1900.0,450.0,450.0],3.706798e-05],
[[1900.0,500.0,500.0],6.813409e-05],
[[1900.0,550.0,550.0],5.10082e-05],
[[1900.0,600.0,600.0],4.844396e-05],
[[1900.0,650.0,650.0],5.74626e-05],
[[1900.0,700.0,700.0],5.063643e-05],
[[1900.0,750.0,750.0],4.84535e-05],
[[1900.0,800.0,800.0],4.774022e-05],
[[1900.0,850.0,850.0],5.050904e-05],
[[1900.0,900.0,900.0],7.962224e-05],
[[1950.0,1.0,1.0],4.027936e-05],
[[1950.0,75.0,75.0],4.131482e-05],
[[1950.0,150.0,150.0],4.026172e-05],
[[1950.0,200.0,200.0],4.854421e-05],
[[1950.0,250.0,250.0],4.039541e-05],
[[1950.0,300.0,300.0],4.319915e-05],
[[1950.0,350.0,350.0],6.181649e-05],
[[1950.0,400.0,400.0],4.55395e-05],
[[1950.0,450.0,450.0],6.581291e-05],
[[1950.0,500.0,500.0],5.188254e-05],
[[1950.0,550.0,550.0],4.57712e-05],
[[1950.0,600.0,600.0],4.838766e-05],
[[1950.0,650.0,650.0],5.247564e-05],
[[1950.0,700.0,700.0],3.974743e-05],
[[1950.0,750.0,750.0],5.407118e-05],
[[1950.0,800.0,800.0],4.533566e-05],
[[1950.0,850.0,850.0],6.176608e-05],
[[1950.0,900.0,900.0],4.264883e-05],
[[1950.0,950.0,950.0],5.197532e-05],
[[2000.0,1.0,1.0],5.303508e-05],
[[2000.0,75.0,75.0],5.023392e-05],
[[2000.0,150.0,150.0],5.161663e-05],
[[2000.0,200.0,200.0],4.872507e-05],
[[2000.0,250.0,250.0],4.140943e-05],
[[2000.0,300.0,300.0],3.929986e-05],
[[2000.0,350.0,350.0],4.681109e-05],
[[2000.0,400.0,400.0],4.66887e-05],
[[2000.0,450.0,450.0],4.425551e-05],
[[2000.0,500.0,500.0],6.365051e-05],
[[2000.0,550.0,550.0],5.032478e-05],
[[2000.0,600.0,600.0],4.618692e-05],
[[2000.0,650.0,650.0],4.992578e-05],
[[2000.0,700.0,700.0],5.611941e-05],
[[2000.0,750.0,750.0],4.192459e-05],
[[2000.0,800.0,800.0],5.045431e-05],
[[2000.0,850.0,850.0],5.102829e-05],
[[2000.0,900.0,900.0],5.370397e-05],
[[2000.0,950.0,950.0],5.177922e-05],
[[2250.0,1.0,1.0],5.340058e-05],
[[2250.0,75.0,75.0],5.863572e-05],
[[2250.0,150.0,150.0],5.942553e-05],
[[2250.0,300.0,300.0],4.675284e-05],
[[2250.0,500.0,500.0],5.510388e-05],
[[2250.0,750.0,750.0],5.918251e-05],
[[2250.0,1000.0,1000.0],6.249572e-05],
[[2500.0,1.0,1.0],5.879313e-05],
[[2500.0,75.0,75.0],5.955576e-05],
[[2500.0,150.0,150.0],6.915374e-05],
[[2500.0,300.0,300.0],6.26873e-05],
[[2500.0,500.0,500.0],6.581617e-05],
[[2500.0,750.0,750.0],6.332542e-05],
[[2500.0,1000.0,1000.0],6.684413e-05],
[[2500.0,1200.0,1200.0],6.135346e-05],
[[2750.0,1.0,1.0],6.236976e-05],
[[2750.0,75.0,75.0],5.784995e-05],
[[2750.0,150.0,150.0],7.602948e-05],
[[2750.0,300.0,300.0],6.760697e-05],
[[2750.0,500.0,500.0],6.259157e-05],
[[2750.0,750.0,750.0],7.269912e-05],
[[2750.0,1000.0,1000.0],7.014251e-05],
[[2750.0,1200.0,1200.0],6.995618e-05],
[[3000.0,1.0,1.0],5.314309e-05],
[[3000.0,75.0,75.0],6.561027e-05],
[[3000.0,150.0,150.0],6.797382e-05],
[[3000.0,300.0,300.0],5.181656e-05],
[[3000.0,500.0,500.0],6.242382e-05],
[[3000.0,750.0,750.0],7.257671e-05],
[[3000.0,1000.0,1000.0],5.099071e-05],
[[3000.0,1200.0,1200.0],7.966207e-05],
[[3000.0,1400.0,1400.0],6.071755e-05]]
