txName: T6ttWW
constraint: {(PV > anyBSM(1), anyBSM(4)), (anyBSM(1) > t,anyBSM(2)), (anyBSM(4) > t,anyBSM(5)), (anyBSM(2) > W,MET(3)), (anyBSM(5) > W,MET(6))}
condition: None
conditionDescription: None
figureUrl: https://atlas.web.cern.ch/Atlas/GROUPS/PHYSICS/PAPERS/SUSY-2018-09/figaux_03c.png
source: ATLAS
validated: True
axesMap: [{0: 'x', 1: 'y+100.', 2: 'y', 3: 'x', 4: 'y+100.', 5: 'y'}]
dataMap: {0: (1, 'mass', GeV), 1: (2, 'mass', GeV), 2: (3, 'mass', GeV), 3: (4, 'mass', GeV), 4: (5, 'mass', GeV), 5: (6, 'mass', GeV)}
finalState: ['MET', 'MET']
intermediateState: None
upperLimits: [[[600.0,150.0,50.0,600.0,150.0,50.0],1.185200E+02*fb],
[[600.0,250.0,150.0,600.0,250.0,150.0],8.604300E+01*fb],
[[600.0,300.0,200.0,600.0,300.0,200.0],9.631900E+01*fb],
[[600.0,350.0,250.0,600.0,350.0,250.0],1.382400E+02*fb],
[[600.0,390.0,290.0,600.0,390.0,290.0],1.336600E+02*fb],
[[600.0,425.0,325.0,600.0,425.0,325.0],2.375200E+02*fb],
[[650.0,200.0,100.0,650.0,200.0,100.0],6.312500E+01*fb],
[[650.0,300.0,200.0,650.0,300.0,200.0],7.504700E+01*fb],
[[650.0,350.0,250.0,650.0,350.0,250.0],8.889100E+01*fb],
[[650.0,400.0,300.0,650.0,400.0,300.0],1.238200E+02*fb],
[[650.0,440.0,340.0,650.0,440.0,340.0],1.350300E+02*fb],
[[650.0,475.0,375.0,650.0,475.0,375.0],2.088100E+02*fb],
[[700.0,150.0,50.0,700.0,150.0,50.0],6.496700E+01*fb],
[[700.0,250.0,150.0,700.0,250.0,150.0],4.712500E+01*fb],
[[700.0,350.0,250.0,700.0,350.0,250.0],6.356900E+01*fb],
[[700.0,400.0,300.0,700.0,400.0,300.0],7.823500E+01*fb],
[[700.0,450.0,350.0,700.0,450.0,350.0],8.974300E+01*fb],
[[700.0,490.0,390.0,700.0,490.0,390.0],1.070300E+02*fb],
[[700.0,525.0,425.0,700.0,525.0,425.0],1.427500E+02*fb],
[[750.0,200.0,100.0,750.0,200.0,100.0],4.512600E+01*fb],
[[750.0,300.0,200.0,750.0,300.0,200.0],4.368700E+01*fb],
[[750.0,400.0,300.0,750.0,400.0,300.0],5.540100E+01*fb],
[[750.0,450.0,350.0,750.0,450.0,350.0],6.434800E+01*fb],
[[750.0,500.0,400.0,750.0,500.0,400.0],8.128700E+01*fb],
[[750.0,540.0,440.0,750.0,540.0,440.0],1.091500E+02*fb],
[[750.0,575.0,475.0,750.0,575.0,475.0],1.262500E+02*fb],
[[800.0,150.0,50.0,800.0,150.0,50.0],3.751200E+01*fb],
[[800.0,250.0,150.0,800.0,250.0,150.0],3.563400E+01*fb],
[[800.0,350.0,250.0,800.0,350.0,250.0],3.697700E+01*fb],
[[800.0,450.0,350.0,800.0,450.0,350.0],4.625000E+01*fb],
[[800.0,500.0,400.0,800.0,500.0,400.0],5.618100E+01*fb],
[[800.0,550.0,450.0,800.0,550.0,450.0],7.766900E+01*fb],
[[800.0,590.0,490.0,800.0,590.0,490.0],1.047800E+02*fb],
[[800.0,625.0,525.0,800.0,625.0,525.0],1.272400E+02*fb],
[[850.0,200.0,100.0,850.0,200.0,100.0],3.342900E+01*fb],
[[850.0,300.0,200.0,850.0,300.0,200.0],3.075300E+01*fb],
[[850.0,400.0,300.0,850.0,400.0,300.0],3.386000E+01*fb],
[[850.0,500.0,400.0,850.0,500.0,400.0],4.551200E+01*fb],
[[850.0,550.0,450.0,850.0,550.0,450.0],5.481100E+01*fb],
[[850.0,600.0,500.0,850.0,600.0,500.0],7.481600E+01*fb],
[[850.0,640.0,540.0,850.0,640.0,540.0],8.356300E+01*fb],
[[850.0,675.0,575.0,850.0,675.0,575.0],9.991600E+01*fb],
[[900.0,150.0,50.0,900.0,150.0,50.0],2.530900E+01*fb],
[[900.0,250.0,150.0,900.0,250.0,150.0],2.855100E+01*fb],
[[900.0,350.0,250.0,900.0,350.0,250.0],2.713800E+01*fb],
[[900.0,450.0,350.0,900.0,450.0,350.0],3.160200E+01*fb],
[[900.0,550.0,450.0,900.0,550.0,450.0],4.401200E+01*fb],
[[900.0,600.0,500.0,900.0,600.0,500.0],5.030600E+01*fb],
[[900.0,650.0,550.0,900.0,650.0,550.0],6.454300E+01*fb],
[[900.0,690.0,590.0,900.0,690.0,590.0],8.890800E+01*fb],
[[950.0,200.0,100.0,950.0,200.0,100.0],2.118900E+01*fb],
[[950.0,300.0,200.0,950.0,300.0,200.0],2.403800E+01*fb],
[[950.0,400.0,300.0,950.0,400.0,300.0],2.453900E+01*fb],
[[950.0,500.0,400.0,950.0,500.0,400.0],2.855600E+01*fb],
[[950.0,600.0,500.0,950.0,600.0,500.0],3.809700E+01*fb],
[[950.0,700.0,600.0,950.0,700.0,600.0],5.596900E+01*fb],
[[1000.0,150.0,50.0,1000.0,150.0,50.0],2.030200E+01*fb],
[[1000.0,250.0,150.0,1000.0,250.0,150.0],2.037600E+01*fb],
[[1000.0,350.0,250.0,1000.0,350.0,250.0],2.109500E+01*fb],
[[1000.0,450.0,350.0,1000.0,450.0,350.0],2.362200E+01*fb],
[[1000.0,650.0,550.0,1000.0,650.0,550.0],3.603300E+01*fb],
[[1000.0,700.0,600.0,1000.0,700.0,600.0],4.752700E+01*fb]]
