txName: TRV1
constraint: {(PV > Zprime(1)), (Zprime(1) > MET(2),MET(3))}
condition: None
conditionDescription: None
figureUrl: None
source: Recast by CM2
validated: True
axesMap: [{0: 'x', 1: 'y', 2: 'y'}]
dataMap: {0: (1, 'mass', GeV), 1: (2, 'mass', GeV), 2: (3, 'mass', GeV)}
finalState: ['MET', 'MET']
intermediateState: None
efficiencyMap: [[[50.0,0,0],0.0],
[[50.0,1.0,1.0],0],
[[50.0,10.0,10.0],0],
[[50.0,20.0,20.0],0],
[[100.0,0,0],0],
[[100.0,1.0,1.0],0],
[[100.0,10.0,10.0],0],
[[150.0,0,0],0],
[[150.0,1.0,1.0],0],
[[150.0,10.0,10.0],0],
[[150.0,50.0,50.0],0],
[[150.0,70.0,70.0],0],
[[200.0,0,0],0],
[[200.0,1.0,1.0],0],
[[200.0,10.0,10.0],0],
[[200.0,50.0,50.0],0],
[[200.0,75.0,75.0],0],
[[250.0,0,0],4.852332e-06],
[[250.0,1.0,1.0],0],
[[250.0,10.0,10.0],0],
[[250.0,50.0,50.0],0],
[[250.0,75.0,75.0],0],
[[250.0,100.0,100.0],0],
[[250.0,120.0,120.0],1.89608e-06],
[[300.0,0,0],2.558666e-06],
[[300.0,1.0,1.0],1.868507e-06],
[[300.0,10.0,10.0],2.03493e-06],
[[300.0,50.0,50.0],7.687003e-06],
[[300.0,75.0,75.0],1.781015e-06],
[[300.0,100.0,100.0],2.20612e-06],
[[350.0,0,0],3.276916e-06],
[[350.0,1.0,1.0],3.663965e-06],
[[350.0,10.0,10.0],3.379122e-06],
[[350.0,50.0,50.0],3.456971e-06],
[[350.0,75.0,75.0],3.852345e-06],
[[350.0,100.0,100.0],3.291561e-06],
[[350.0,150.0,150.0],3.631981e-06],
[[350.0,170.0,170.0],4.200764e-06],
[[400.0,0,0],5.766158e-06],
[[400.0,1.0,1.0],5.130115e-06],
[[400.0,10.0,10.0],5.298957e-06],
[[400.0,50.0,50.0],4.990547e-06],
[[400.0,75.0,75.0],5.618184e-06],
[[400.0,100.0,100.0],6.349781e-06],
[[400.0,150.0,150.0],5.573083e-06],
[[450.0,0,0],7.387623e-06],
[[450.0,1.0,1.0],8.902428e-06],
[[450.0,10.0,10.0],8.443049e-06],
[[450.0,50.0,50.0],7.011994e-06],
[[450.0,75.0,75.0],7.645687e-06],
[[450.0,100.0,100.0],7.727366e-06],
[[450.0,150.0,150.0],7.687938e-06],
[[450.0,200.0,200.0],8.583638e-06],
[[450.0,220.0,220.0],8.279278e-06],
[[500.0,0,0],1.196387e-05],
[[500.0,1.0,1.0],1.085246e-05],
[[500.0,10.0,10.0],9.981737e-06],
[[500.0,50.0,50.0],9.87802e-06],
[[500.0,75.0,75.0],1.198834e-05],
[[500.0,100.0,100.0],1.107875e-05],
[[500.0,150.0,150.0],1.148091e-05],
[[500.0,200.0,200.0],1.068473e-05],
[[550.0,1.0,1.0],1.286466e-05],
[[550.0,10.0,10.0],1.497054e-05],
[[550.0,75.0,75.0],1.519508e-05],
[[550.0,150.0,150.0],1.667031e-05],
[[550.0,200.0,200.0],1.472375e-05],
[[550.0,250.0,250.0],1.359923e-05],
[[550.0,270.0,270.0],1.489086e-05],
[[600.0,0,0],1.571412e-05],
[[600.0,1.0,1.0],1.877022e-05],
[[600.0,10.0,10.0],1.887239e-05],
[[600.0,50.0,50.0],1.982137e-05],
[[600.0,75.0,75.0],1.925364e-05],
[[600.0,100.0,100.0],1.755842e-05],
[[600.0,150.0,150.0],1.802724e-05],
[[600.0,200.0,200.0],2.125157e-05],
[[600.0,250.0,250.0],2.002503e-05],
[[600.0,295.0,295.0],2.075955e-05],
[[650.0,1.0,1.0],2.350827e-05],
[[650.0,10.0,10.0],2.278031e-05],
[[650.0,75.0,75.0],2.24222e-05],
[[650.0,150.0,150.0],1.886998e-05],
[[650.0,200.0,200.0],2.405362e-05],
[[650.0,250.0,250.0],2.387329e-05],
[[650.0,300.0,300.0],2.732613e-05],
[[650.0,320.0,320.0],2.55548e-05],
[[700.0,0,0],2.612668e-05],
[[700.0,1.0,1.0],2.328022e-05],
[[700.0,10.0,10.0],2.432139e-05],
[[700.0,50.0,50.0],2.675863e-05],
[[700.0,75.0,75.0],2.551228e-05],
[[700.0,100.0,100.0],1.236339e-05],
[[700.0,150.0,150.0],2.91924e-05],
[[700.0,200.0,200.0],2.763826e-05],
[[700.0,250.0,250.0],2.879209e-05],
[[700.0,300.0,300.0],2.802009e-05],
[[750.0,1.0,1.0],3.086341e-05],
[[750.0,10.0,10.0],2.91847e-05],
[[750.0,75.0,75.0],3.194551e-05],
[[750.0,150.0,150.0],3.402777e-05],
[[750.0,200.0,200.0],3.298765e-05],
[[750.0,250.0,250.0],3.42055e-05],
[[750.0,300.0,300.0],3.567408e-05],
[[750.0,350.0,350.0],3.374044e-05],
[[750.0,370.0,370.0],4.085959e-05],
[[800.0,0,0],4.195281e-05],
[[800.0,1.0,1.0],3.655018e-05],
[[800.0,10.0,10.0],4.192767e-05],
[[800.0,50.0,50.0],3.870692e-05],
[[800.0,75.0,75.0],3.603318e-05],
[[800.0,100.0,100.0],3.82931e-05],
[[800.0,150.0,150.0],4.068478e-05],
[[800.0,200.0,200.0],4.021706e-05],
[[800.0,250.0,250.0],3.807155e-05],
[[800.0,300.0,300.0],4.167016e-05],
[[800.0,350.0,350.0],3.990201e-05],
[[850.0,1.0,1.0],4.541545e-05],
[[850.0,10.0,10.0],4.779574e-05],
[[850.0,75.0,75.0],4.103226e-05],
[[850.0,150.0,150.0],4.702257e-05],
[[850.0,200.0,200.0],4.844743e-05],
[[850.0,250.0,250.0],4.081334e-05],
[[850.0,300.0,300.0],4.750952e-05],
[[850.0,350.0,350.0],5.120334e-05],
[[850.0,400.0,400.0],5.016066e-05],
[[850.0,420.0,420.0],5.071341e-05],
[[900.0,0,0],4.999524e-05],
[[900.0,1.0,1.0],4.724338e-05],
[[900.0,10.0,10.0],5.263051e-05],
[[900.0,50.0,50.0],5.208772e-05],
[[900.0,75.0,75.0],4.936354e-05],
[[900.0,100.0,100.0],5.122337e-05],
[[900.0,150.0,150.0],5.224774e-05],
[[900.0,200.0,200.0],5.4204e-05],
[[900.0,250.0,250.0],4.633075e-05],
[[900.0,300.0,300.0],5.248503e-05],
[[900.0,350.0,350.0],5.578581e-05],
[[900.0,400.0,400.0],5.941124e-05],
[[950.0,1.0,1.0],5.756138e-05],
[[950.0,10.0,10.0],5.470942e-05],
[[950.0,75.0,75.0],5.882278e-05],
[[950.0,150.0,150.0],5.397428e-05],
[[950.0,200.0,200.0],5.791758e-05],
[[950.0,250.0,250.0],6.045249e-05],
[[950.0,300.0,300.0],6.246386e-05],
[[950.0,350.0,350.0],6.017384e-05],
[[950.0,400.0,400.0],6.060086e-05],
[[950.0,450.0,450.0],7.689776e-05],
[[950.0,470.0,470.0],6.620617e-05],
[[1000.0,0,0],6.914146e-05],
[[1000.0,50.0,50.0],6.723608e-05],
[[1000.0,100.0,100.0],5.810529e-05],
[[1000.0,150.0,150.0],6.601716e-05],
[[1000.0,200.0,200.0],6.535897e-05],
[[1000.0,250.0,250.0],6.790479e-05],
[[1000.0,300.0,300.0],6.763232e-05],
[[1000.0,350.0,350.0],6.995974e-05],
[[1000.0,400.0,400.0],7.134698e-05],
[[1000.0,450.0,450.0],7.0818e-05],
[[1050.0,520.0,520.0],8.223085e-05],
[[1100.0,0,0],7.390126e-05],
[[1100.0,100.0,100.0],7.950912e-05],
[[1100.0,200.0,200.0],7.705894e-05],
[[1100.0,300.0,300.0],8.096834e-05],
[[1100.0,400.0,400.0],8.908621e-05],
[[1100.0,500.0,500.0],9.452374e-05],
[[1150.0,570.0,570.0],0.0001041742],
[[1200.0,0,0],8.668156e-05],
[[1200.0,100.0,100.0],9.174255e-05],
[[1200.0,200.0,200.0],9.673534e-05],
[[1200.0,300.0,300.0],9.82108e-05],
[[1200.0,400.0,400.0],0.0001021237],
[[1200.0,500.0,500.0],0.0001003349],
[[1250.0,620.0,620.0],0.0001184898],
[[1300.0,0,0],0.0001163402],
[[1300.0,100.0,100.0],0.0001166632],
[[1300.0,200.0,200.0],0.0001098756],
[[1300.0,300.0,300.0],0.0001199182],
[[1300.0,400.0,400.0],0.0001122194],
[[1300.0,500.0,500.0],0.0001154541],
[[1300.0,600.0,600.0],0.0001299472],
[[1350.0,670.0,670.0],0.000152576],
[[1400.0,0,0],0.0001242876],
[[1400.0,100.0,100.0],0.0001296678],
[[1400.0,200.0,200.0],0.0001327817],
[[1400.0,300.0,300.0],0.000138875],
[[1400.0,400.0,400.0],0.0001337025],
[[1400.0,500.0,500.0],0.0001332423],
[[1400.0,600.0,600.0],0.0001375936],
[[1450.0,720.0,720.0],0.0001448632],
[[1500.0,0,0],0.0001453703],
[[1500.0,100.0,100.0],0.0001472013],
[[1500.0,200.0,200.0],0.0001561861],
[[1500.0,300.0,300.0],0.0001602477],
[[1500.0,400.0,400.0],0.0001517188],
[[1500.0,500.0,500.0],0.0001493651],
[[1500.0,600.0,600.0],0.0001518353],
[[1500.0,700.0,700.0],0.0001750888],
[[1550.0,770.0,770.0],0.0001741869],
[[1600.0,0,0],0.0001557815],
[[1600.0,100.0,100.0],0.0001761443],
[[1600.0,200.0,200.0],0.0001625381],
[[1600.0,300.0,300.0],0.000156494],
[[1600.0,400.0,400.0],0.0001738278],
[[1600.0,500.0,500.0],0.0001706173],
[[1600.0,600.0,600.0],0.0001866203],
[[1600.0,700.0,700.0],0.0001785106],
[[1650.0,820.0,820.0],0.0002039442],
[[1700.0,0,0],0.0001684374],
[[1700.0,100.0,100.0],0.0001762112],
[[1700.0,200.0,200.0],0.000185231],
[[1700.0,300.0,300.0],0.0001966632],
[[1700.0,400.0,400.0],0.0001995538],
[[1700.0,500.0,500.0],0.0002055702],
[[1700.0,600.0,600.0],0.0001881271],
[[1700.0,700.0,700.0],0.0002102709],
[[1700.0,800.0,800.0],0.0001939427],
[[1750.0,870.0,870.0],0.0002139442],
[[1800.0,0,0],0.0001685377],
[[1800.0,100.0,100.0],0.0001908726],
[[1800.0,200.0,200.0],0.0002154757],
[[1800.0,300.0,300.0],0.0001956537],
[[1800.0,400.0,400.0],0.0002062307],
[[1800.0,500.0,500.0],0.0002083409],
[[1800.0,600.0,600.0],0.0002030889],
[[1800.0,700.0,700.0],0.0002171099],
[[1800.0,800.0,800.0],0.0002201482],
[[1850.0,920.0,920.0],0.0002553638],
[[1900.0,0,0],0.0002121737],
[[1900.0,100.0,100.0],0.0002181869],
[[1900.0,200.0,200.0],0.0002251566],
[[1900.0,300.0,300.0],0.000201422],
[[1900.0,400.0,400.0],0.0002149125],
[[1900.0,500.0,500.0],0.0002212849],
[[1900.0,600.0,600.0],0.0002225922],
[[1900.0,700.0,700.0],0.0002395755],
[[1900.0,800.0,800.0],0.0002392792],
[[1900.0,900.0,900.0],0.0002452785],
[[1950.0,970.0,970.0],0.0002678711],
[[2000.0,0,0],0.0002254986],
[[2000.0,100.0,100.0],0.000216438],
[[2000.0,200.0,200.0],0.0002233686],
[[2000.0,300.0,300.0],0.0002227176],
[[2000.0,400.0,400.0],0.0002442765],
[[2000.0,500.0,500.0],0.0002468542],
[[2000.0,600.0,600.0],0.0002547958],
[[2000.0,700.0,700.0],0.0002590604],
[[2000.0,800.0,800.0],0.0002449533],
[[2000.0,900.0,900.0],0.0002577718],
[[2050.0,1020.0,1020.0],0.0002809009],
[[2100.0,0,0],0.0002081532],
[[2100.0,100.0,100.0],0.0002514017],
[[2100.0,200.0,200.0],0.0002588143],
[[2100.0,300.0,300.0],0.0002504422],
[[2100.0,400.0,400.0],0.0002551932],
[[2100.0,500.0,500.0],0.0002457413],
[[2100.0,600.0,600.0],0.0002552978],
[[2100.0,700.0,700.0],0.0002660881],
[[2100.0,800.0,800.0],0.00028122],
[[2100.0,900.0,900.0],0.0002575713],
[[2100.0,1000.0,1000.0],0.0002841477],
[[2150.0,1070.0,1070.0],0.0003192],
[[2200.0,0,0],0.0002498383],
[[2200.0,100.0,100.0],0.0002444593],
[[2200.0,200.0,200.0],0.0002455192],
[[2200.0,300.0,300.0],0.0002362862],
[[2200.0,400.0,400.0],0.0002603742],
[[2200.0,500.0,500.0],0.000272686],
[[2200.0,600.0,600.0],0.000266911],
[[2200.0,700.0,700.0],0.0002622826],
[[2200.0,800.0,800.0],0.0003003632],
[[2200.0,900.0,900.0],0.0002742157],
[[2200.0,1000.0,1000.0],0.0002825368],
[[2250.0,1120.0,1120.0],0.0002927488],
[[2300.0,0,0],0.0002525834],
[[2300.0,100.0,100.0],0.000260693],
[[2300.0,200.0,200.0],0.0002552314],
[[2300.0,300.0,300.0],0.000266758],
[[2300.0,400.0,400.0],0.0002740542],
[[2300.0,500.0,500.0],0.0002759712],
[[2300.0,600.0,600.0],0.0002933386],
[[2300.0,700.0,700.0],0.0002862405],
[[2300.0,800.0,800.0],0.0002921753],
[[2300.0,900.0,900.0],0.000272277],
[[2300.0,1000.0,1000.0],0.0002870619],
[[2300.0,1100.0,1100.0],0.0002965101],
[[2350.0,1170.0,1170.0],0.0003015136],
[[2400.0,0,0],0.0002619534],
[[2400.0,100.0,100.0],0.0002547491],
[[2400.0,200.0,200.0],0.0002905519],
[[2400.0,300.0,300.0],0.0002986483],
[[2400.0,400.0,400.0],0.000312955],
[[2400.0,500.0,500.0],0.0003025582],
[[2400.0,600.0,600.0],0.0002953479],
[[2400.0,700.0,700.0],0.0002836497],
[[2400.0,800.0,800.0],0.0003061115],
[[2400.0,900.0,900.0],0.0003281438],
[[2400.0,1000.0,1000.0],0.0003036718],
[[2400.0,1100.0,1100.0],0.0003168111],
[[2450.0,1220.0,1220.0],0.0003273091],
[[2500.0,0,0],0.0002788021],
[[2500.0,100.0,100.0],0.0002695362],
[[2500.0,200.0,200.0],0.0002837319],
[[2500.0,300.0,300.0],0.0002843468],
[[2500.0,400.0,400.0],0.0002949284],
[[2500.0,500.0,500.0],0.000306507],
[[2500.0,600.0,600.0],0.0003236368],
[[2500.0,700.0,700.0],0.0003158248],
[[2500.0,800.0,800.0],0.0002985483],
[[2500.0,900.0,900.0],0.000340632],
[[2500.0,1000.0,1000.0],0.0003298117],
[[2500.0,1100.0,1100.0],0.000328439],
[[2500.0,1200.0,1200.0],0.0003378715],
[[2550.0,1270.0,1270.0],0.0003463144],
[[2600.0,0,0],0.0002670507],
[[2600.0,100.0,100.0],0.0002838896],
[[2600.0,200.0,200.0],0.0002905595],
[[2600.0,300.0,300.0],0.0002870111],
[[2600.0,400.0,400.0],0.000314235],
[[2600.0,500.0,500.0],0.0003262527],
[[2600.0,600.0,600.0],0.0002985718],
[[2600.0,700.0,700.0],0.0003149115],
[[2600.0,800.0,800.0],0.0003072618],
[[2600.0,900.0,900.0],0.0003190284],
[[2600.0,1000.0,1000.0],0.0003173285],
[[2600.0,1100.0,1100.0],0.0003467412],
[[2600.0,1200.0,1200.0],0.0003541504],
[[2650.0,1320.0,1320.0],0.0003475454],
[[2700.0,0,0],0.0002745411],
[[2700.0,100.0,100.0],0.0002940084],
[[2700.0,200.0,200.0],0.0003161456],
[[2700.0,300.0,300.0],0.0002964458],
[[2700.0,400.0,400.0],0.0003189154],
[[2700.0,500.0,500.0],0.0003305039],
[[2700.0,600.0,600.0],0.0003392512],
[[2700.0,700.0,700.0],0.0003442015],
[[2700.0,800.0,800.0],0.0003213392],
[[2700.0,900.0,900.0],0.0003418136],
[[2700.0,1000.0,1000.0],0.0003357239],
[[2700.0,1100.0,1100.0],0.0003240409],
[[2700.0,1200.0,1200.0],0.0003791225],
[[2700.0,1300.0,1300.0],0.000371133],
[[2750.0,1370.0,1370.0],0.0003817582],
[[2800.0,0,0],0.0002723512],
[[2800.0,100.0,100.0],0.0002953911],
[[2800.0,200.0,200.0],0.0002978942],
[[2800.0,300.0,300.0],0.000349603],
[[2800.0,400.0,400.0],0.0003176766],
[[2800.0,500.0,500.0],0.0003540267],
[[2800.0,600.0,600.0],0.0003484741],
[[2800.0,700.0,700.0],0.0003517842],
[[2800.0,800.0,800.0],0.0003723009],
[[2800.0,900.0,900.0],0.000375705],
[[2800.0,1000.0,1000.0],0.00034396],
[[2800.0,1100.0,1100.0],0.0003470651],
[[2800.0,1200.0,1200.0],0.0003360168],
[[2800.0,1300.0,1300.0],0.0003642518],
[[2850.0,1420.0,1420.0],0.0003494253],
[[2900.0,0,0],0.0002808013],
[[2900.0,100.0,100.0],0.0002955308],
[[2900.0,200.0,200.0],0.0003009222],
[[2900.0,300.0,300.0],0.0003455347],
[[2900.0,400.0,400.0],0.0003733747],
[[2900.0,500.0,500.0],0.0005945713],
[[2900.0,600.0,600.0],0.0003432153],
[[2900.0,700.0,700.0],0.0003659471],
[[2900.0,800.0,800.0],0.0003519535],
[[2900.0,900.0,900.0],0.0001608569],
[[2900.0,1000.0,1000.0],0.0003523623],
[[2900.0,1100.0,1100.0],0.0003670511],
[[2900.0,1200.0,1200.0],0.0003643993],
[[2900.0,1300.0,1300.0],0.0003555771],
[[2900.0,1400.0,1400.0],0.0003587388],
[[2950.0,1470.0,1470.0],0.0003644177],
[[3000.0,0,0],0.0002929844],
[[3000.0,100.0,100.0],0.0003093224],
[[3000.0,200.0,200.0],0.0003071367],
[[3000.0,300.0,300.0],0.0003364743],
[[3000.0,400.0,400.0],0.0003510843],
[[3000.0,500.0,500.0],0.0003259697],
[[3000.0,600.0,600.0],0.0003425557],
[[3000.0,700.0,700.0],0.0003429404],
[[3000.0,800.0,800.0],0.0003647774],
[[3000.0,900.0,900.0],0.0003881195],
[[3000.0,1000.0,1000.0],0.0003545918],
[[3000.0,1100.0,1100.0],0.0003714348],
[[3000.0,1200.0,1200.0],0.0003680511],
[[3000.0,1300.0,1300.0],0.0003793077],
[[3000.0,1400.0,1400.0],0.0003916428]]
