txName: TRV1
constraint: {(PV > Zprime(1)), (Zprime(1) > MET(2),MET(3))}
condition: None
conditionDescription: None
figureUrl: None
source: Recast by CM2
validated: True
axesMap: [{0: 'x', 1: 'y', 2: 'y'}]
dataMap: {0: (1, 'mass', GeV), 1: (2, 'mass', GeV), 2: (3, 'mass', GeV)}
finalState: ['MET', 'MET']
intermediateState: None
efficiencyMap: [[[50.0,0,0],0],
[[50.0,1.0,1.0],0],
[[50.0,10.0,10.0],0],
[[50.0,20.0,20.0],0],
[[100.0,0,0],0],
[[100.0,1.0,1.0],0],
[[100.0,10.0,10.0],0],
[[150.0,0,0],0],
[[150.0,1.0,1.0],0],
[[150.0,10.0,10.0],0],
[[150.0,50.0,50.0],0],
[[150.0,70.0,70.0],0],
[[200.0,0,0],0],
[[200.0,1.0,1.0],0],
[[200.0,10.0,10.0],0],
[[200.0,50.0,50.0],0],
[[200.0,75.0,75.0],0],
[[250.0,0,0],1.500279e-05],
[[250.0,1.0,1.0],2.864762e-06],
[[250.0,10.0,10.0],3.300501e-06],
[[250.0,50.0,50.0],3.136465e-06],
[[250.0,75.0,75.0],3.106585e-06],
[[250.0,100.0,100.0],3.837876e-06],
[[250.0,120.0,120.0],3.691202e-06],
[[300.0,0,0],6.542464e-06],
[[300.0,1.0,1.0],5.227553e-06],
[[300.0,10.0,10.0],6.215077e-06],
[[300.0,50.0,50.0],1.78856e-05],
[[300.0,75.0,75.0],5.185015e-06],
[[300.0,100.0,100.0],5.092827e-06],
[[350.0,0,0],9.63235e-06],
[[350.0,1.0,1.0],1.054341e-05],
[[350.0,10.0,10.0],9.820582e-06],
[[350.0,50.0,50.0],9.343411e-06],
[[350.0,75.0,75.0],1.013259e-05],
[[350.0,100.0,100.0],9.445491e-06],
[[350.0,150.0,150.0],9.383264e-06],
[[350.0,170.0,170.0],1.16005e-05],
[[400.0,0,0],1.399281e-05],
[[400.0,1.0,1.0],1.354464e-05],
[[400.0,10.0,10.0],1.633012e-05],
[[400.0,50.0,50.0],1.403839e-05],
[[400.0,75.0,75.0],1.47499e-05],
[[400.0,100.0,100.0],1.603498e-05],
[[400.0,150.0,150.0],1.54908e-05],
[[450.0,0,0],2.003606e-05],
[[450.0,1.0,1.0],2.386183e-05],
[[450.0,10.0,10.0],2.10829e-05],
[[450.0,50.0,50.0],1.904078e-05],
[[450.0,75.0,75.0],2.090874e-05],
[[450.0,100.0,100.0],1.963878e-05],
[[450.0,150.0,150.0],2.154237e-05],
[[450.0,200.0,200.0],2.29235e-05],
[[450.0,220.0,220.0],2.448133e-05],
[[500.0,0,0],3.121519e-05],
[[500.0,1.0,1.0],2.911303e-05],
[[500.0,10.0,10.0],2.974795e-05],
[[500.0,50.0,50.0],2.766373e-05],
[[500.0,75.0,75.0],3.092297e-05],
[[500.0,100.0,100.0],2.87164e-05],
[[500.0,150.0,150.0],2.769542e-05],
[[500.0,200.0,200.0],2.906487e-05],
[[550.0,1.0,1.0],3.809603e-05],
[[550.0,10.0,10.0],3.676195e-05],
[[550.0,75.0,75.0],3.693424e-05],
[[550.0,150.0,150.0],3.907981e-05],
[[550.0,200.0,200.0],4.172975e-05],
[[550.0,250.0,250.0],4.212477e-05],
[[550.0,270.0,270.0],4.416072e-05],
[[600.0,0,0],4.6906e-05],
[[600.0,1.0,1.0],4.724084e-05],
[[600.0,10.0,10.0],4.782453e-05],
[[600.0,50.0,50.0],4.733138e-05],
[[600.0,75.0,75.0],5.050285e-05],
[[600.0,100.0,100.0],4.70802e-05],
[[600.0,150.0,150.0],5.101624e-05],
[[600.0,200.0,200.0],5.142907e-05],
[[600.0,250.0,250.0],5.300706e-05],
[[600.0,295.0,295.0],5.638486e-05],
[[650.0,1.0,1.0],6.012298e-05],
[[650.0,10.0,10.0],6.211936e-05],
[[650.0,75.0,75.0],6.447736e-05],
[[650.0,150.0,150.0],6.000227e-05],
[[650.0,200.0,200.0],5.945359e-05],
[[650.0,250.0,250.0],6.816501e-05],
[[650.0,300.0,300.0],6.957276e-05],
[[650.0,320.0,320.0],7.286441e-05],
[[700.0,0,0],7.01958e-05],
[[700.0,1.0,1.0],6.985353e-05],
[[700.0,10.0,10.0],6.939412e-05],
[[700.0,50.0,50.0],7.279078e-05],
[[700.0,75.0,75.0],7.040781e-05],
[[700.0,100.0,100.0],3.345781e-05],
[[700.0,150.0,150.0],7.40953e-05],
[[700.0,200.0,200.0],7.695158e-05],
[[700.0,250.0,250.0],7.861621e-05],
[[700.0,300.0,300.0],7.730666e-05],
[[750.0,1.0,1.0],8.898768e-05],
[[750.0,10.0,10.0],8.848884e-05],
[[750.0,75.0,75.0],8.472748e-05],
[[750.0,150.0,150.0],9.20901e-05],
[[750.0,200.0,200.0],9.34443e-05],
[[750.0,250.0,250.0],9.14001e-05],
[[750.0,300.0,300.0],9.399878e-05],
[[750.0,350.0,350.0],9.703166e-05],
[[750.0,370.0,370.0],0.0001067258],
[[800.0,0,0],0.0001050787],
[[800.0,1.0,1.0],0.0001032279],
[[800.0,10.0,10.0],0.0001044946],
[[800.0,50.0,50.0],9.987124e-05],
[[800.0,75.0,75.0],0.0001085968],
[[800.0,100.0,100.0],0.0001050869],
[[800.0,150.0,150.0],0.0001071334],
[[800.0,200.0,200.0],0.0001073069],
[[800.0,250.0,250.0],0.0001038672],
[[800.0,300.0,300.0],0.0001110086],
[[800.0,350.0,350.0],0.0001165755],
[[850.0,1.0,1.0],0.000120468],
[[850.0,10.0,10.0],0.0001240144],
[[850.0,75.0,75.0],0.0001151649],
[[850.0,150.0,150.0],0.0001235535],
[[850.0,200.0,200.0],0.0001268401],
[[850.0,250.0,250.0],0.0001226318],
[[850.0,300.0,300.0],0.000124079],
[[850.0,350.0,350.0],0.0001325427],
[[850.0,400.0,400.0],0.0001325286],
[[850.0,420.0,420.0],0.0001437054],
[[900.0,0,0],0.0001415127],
[[900.0,1.0,1.0],0.0001382422],
[[900.0,10.0,10.0],0.0001445297],
[[900.0,50.0,50.0],0.0001689392],
[[900.0,75.0,75.0],0.0001342615],
[[900.0,100.0,100.0],0.0001328732],
[[900.0,150.0,150.0],0.0001414863],
[[900.0,200.0,200.0],0.0001409545],
[[900.0,250.0,250.0],0.0001335585],
[[900.0,300.0,300.0],0.0001602294],
[[900.0,350.0,350.0],0.000149576],
[[900.0,400.0,400.0],0.0001484661],
[[950.0,1.0,1.0],0.0001512652],
[[950.0,10.0,10.0],0.0001514807],
[[950.0,75.0,75.0],0.0001595513],
[[950.0,150.0,150.0],0.0001480235],
[[950.0,200.0,200.0],0.0001665103],
[[950.0,250.0,250.0],0.0001621019],
[[950.0,300.0,300.0],0.0001659623],
[[950.0,350.0,350.0],0.0001719257],
[[950.0,400.0,400.0],0.0001710158],
[[950.0,450.0,450.0],0.0001866929],
[[950.0,470.0,470.0],0.0001805446],
[[1000.0,0,0],0.0001777018],
[[1000.0,50.0,50.0],0.0001808041],
[[1000.0,100.0,100.0],0.0001727181],
[[1000.0,150.0,150.0],0.0001692208],
[[1000.0,200.0,200.0],0.0001789574],
[[1000.0,250.0,250.0],0.0001827088],
[[1000.0,300.0,300.0],0.0001778553],
[[1000.0,350.0,350.0],0.0001895638],
[[1000.0,400.0,400.0],0.0001925205],
[[1000.0,450.0,450.0],0.0001933167],
[[1050.0,520.0,520.0],0.0002360701],
[[1100.0,0,0],0.0002056509],
[[1100.0,100.0,100.0],0.0002129954],
[[1100.0,200.0,200.0],0.0002141241],
[[1100.0,300.0,300.0],0.0002207338],
[[1100.0,400.0,400.0],0.0002404336],
[[1100.0,500.0,500.0],0.0002486627],
[[1150.0,570.0,570.0],0.0002821168],
[[1200.0,0,0],0.0002482549],
[[1200.0,100.0,100.0],0.0002546685],
[[1200.0,200.0,200.0],0.0002664288],
[[1200.0,300.0,300.0],0.0002684001],
[[1200.0,400.0,400.0],0.0002748032],
[[1200.0,500.0,500.0],0.0002784012],
[[1250.0,620.0,620.0],0.0003549429],
[[1300.0,0,0],0.0003092289],
[[1300.0,100.0,100.0],0.0003051243],
[[1300.0,200.0,200.0],0.0002964202],
[[1300.0,300.0,300.0],0.0003265089],
[[1300.0,400.0,400.0],0.0003061454],
[[1300.0,500.0,500.0],0.0003223811],
[[1300.0,600.0,600.0],0.0003412207],
[[1350.0,670.0,670.0],0.0003951282],
[[1400.0,0,0],0.0003428631],
[[1400.0,100.0,100.0],0.0003532737],
[[1400.0,200.0,200.0],0.0003819799],
[[1400.0,300.0,300.0],0.0003695855],
[[1400.0,400.0,400.0],0.000362715],
[[1400.0,500.0,500.0],0.00037986],
[[1400.0,600.0,600.0],0.0003811275],
[[1450.0,720.0,720.0],0.0004238523],
[[1500.0,0,0],0.0004129099],
[[1500.0,100.0,100.0],0.0004041725],
[[1500.0,200.0,200.0],0.0004197905],
[[1500.0,300.0,300.0],0.0004163757],
[[1500.0,400.0,400.0],0.0004168721],
[[1500.0,500.0,500.0],0.0004155273],
[[1500.0,600.0,600.0],0.0004409186],
[[1500.0,700.0,700.0],0.0004580437],
[[1550.0,770.0,770.0],0.0005253513],
[[1600.0,0,0],0.000452447],
[[1600.0,100.0,100.0],0.0004748637],
[[1600.0,200.0,200.0],0.000454231],
[[1600.0,300.0,300.0],0.0004866877],
[[1600.0,400.0,400.0],0.0004784952],
[[1600.0,500.0,500.0],0.0004860578],
[[1600.0,600.0,600.0],0.0005072788],
[[1600.0,700.0,700.0],0.0004821839],
[[1650.0,820.0,820.0],0.0005595321],
[[1700.0,0,0],0.0004651651],
[[1700.0,100.0,100.0],0.0004897439],
[[1700.0,200.0,200.0],0.0005245914],
[[1700.0,300.0,300.0],0.0005285148],
[[1700.0,400.0,400.0],0.0005411586],
[[1700.0,500.0,500.0],0.000533968],
[[1700.0,600.0,600.0],0.0005420705],
[[1700.0,700.0,700.0],0.0005403116],
[[1700.0,800.0,800.0],0.0005695488],
[[1750.0,870.0,870.0],0.0006186129],
[[1800.0,0,0],0.0004887516],
[[1800.0,100.0,100.0],0.000545517],
[[1800.0,200.0,200.0],0.0005906027],
[[1800.0,300.0,300.0],0.0005527062],
[[1800.0,400.0,400.0],0.0005884054],
[[1800.0,500.0,500.0],0.0006037428],
[[1800.0,600.0,600.0],0.0005851523],
[[1800.0,700.0,700.0],0.0006086656],
[[1800.0,800.0,800.0],0.0006543416],
[[1850.0,920.0,920.0],0.0006933739],
[[1900.0,0,0],0.0005741448],
[[1900.0,100.0,100.0],0.000580406],
[[1900.0,200.0,200.0],0.0005964856],
[[1900.0,300.0,300.0],0.0006007129],
[[1900.0,400.0,400.0],0.000632129],
[[1900.0,500.0,500.0],0.0006288355],
[[1900.0,600.0,600.0],0.0006468781],
[[1900.0,700.0,700.0],0.0006505262],
[[1900.0,800.0,800.0],0.0006856514],
[[1900.0,900.0,900.0],0.0006950951],
[[1950.0,970.0,970.0],0.0007309337],
[[2000.0,0,0],0.0006054599],
[[2000.0,100.0,100.0],0.000617048],
[[2000.0,200.0,200.0],0.0006443613],
[[2000.0,300.0,300.0],0.0006523149],
[[2000.0,400.0,400.0],0.0006725781],
[[2000.0,500.0,500.0],0.0006584988],
[[2000.0,600.0,600.0],0.0006821808],
[[2000.0,700.0,700.0],0.0006747622],
[[2000.0,800.0,800.0],0.0006853999],
[[2000.0,900.0,900.0],0.0007200873],
[[2050.0,1020.0,1020.0],0.0007407553],
[[2100.0,0,0],0.0006141829],
[[2100.0,100.0,100.0],0.000704033],
[[2100.0,200.0,200.0],0.0007261133],
[[2100.0,300.0,300.0],0.0007038009],
[[2100.0,400.0,400.0],0.0007069383],
[[2100.0,500.0,500.0],0.0007111587],
[[2100.0,600.0,600.0],0.0007308162],
[[2100.0,700.0,700.0],0.0007612743],
[[2100.0,800.0,800.0],0.0007706503],
[[2100.0,900.0,900.0],0.0007220528],
[[2100.0,1000.0,1000.0],0.0007963716],
[[2150.0,1070.0,1070.0],0.0008231791],
[[2200.0,0,0],0.0006616265],
[[2200.0,100.0,100.0],0.0006868247],
[[2200.0,200.0,200.0],0.0007470042],
[[2200.0,300.0,300.0],0.0007069354],
[[2200.0,400.0,400.0],0.0007310835],
[[2200.0,500.0,500.0],0.00078349],
[[2200.0,600.0,600.0],0.0007644482],
[[2200.0,700.0,700.0],0.0007519159],
[[2200.0,800.0,800.0],0.0007728381],
[[2200.0,900.0,900.0],0.000783046],
[[2200.0,1000.0,1000.0],0.0008405067],
[[2250.0,1120.0,1120.0],0.0008591251],
[[2300.0,0,0],0.000695539],
[[2300.0,100.0,100.0],0.0007254319],
[[2300.0,200.0,200.0],0.0007341892],
[[2300.0,300.0,300.0],0.0007886227],
[[2300.0,400.0,400.0],0.0007731498],
[[2300.0,500.0,500.0],0.0008129541],
[[2300.0,600.0,600.0],0.0007930588],
[[2300.0,700.0,700.0],0.000808329],
[[2300.0,800.0,800.0],0.0008080743],
[[2300.0,900.0,900.0],0.0007865583],
[[2300.0,1000.0,1000.0],0.0008553897],
[[2300.0,1100.0,1100.0],0.0008846885],
[[2350.0,1170.0,1170.0],0.0008561429],
[[2400.0,0,0],0.0007055587],
[[2400.0,100.0,100.0],0.0007190768],
[[2400.0,200.0,200.0],0.0007837819],
[[2400.0,300.0,300.0],0.0008265826],
[[2400.0,400.0,400.0],0.0008277215],
[[2400.0,500.0,500.0],0.0008230301],
[[2400.0,600.0,600.0],0.0008734398],
[[2400.0,700.0,700.0],0.000855616],
[[2400.0,800.0,800.0],0.0008576273],
[[2400.0,900.0,900.0],0.0009040544],
[[2400.0,1000.0,1000.0],0.0008446526],
[[2400.0,1100.0,1100.0],0.00084821],
[[2450.0,1220.0,1220.0],0.000945279],
[[2500.0,0,0],0.0007438753],
[[2500.0,100.0,100.0],0.0007718978],
[[2500.0,200.0,200.0],0.0007607508],
[[2500.0,300.0,300.0],0.0008034072],
[[2500.0,400.0,400.0],0.0008384444],
[[2500.0,500.0,500.0],0.0008601267],
[[2500.0,600.0,600.0],0.0009026325],
[[2500.0,700.0,700.0],0.0008651851],
[[2500.0,800.0,800.0],0.0008510822],
[[2500.0,900.0,900.0],0.0008967274],
[[2500.0,1000.0,1000.0],0.0009280684],
[[2500.0,1100.0,1100.0],0.0009080091],
[[2500.0,1200.0,1200.0],0.0008919112],
[[2550.0,1270.0,1270.0],0.0009319454],
[[2600.0,0,0],0.0007694742],
[[2600.0,100.0,100.0],0.0007968967],
[[2600.0,200.0,200.0],0.0008265511],
[[2600.0,300.0,300.0],0.0009009659],
[[2600.0,400.0,400.0],0.000859845],
[[2600.0,500.0,500.0],0.0009007342],
[[2600.0,600.0,600.0],0.0008783233],
[[2600.0,700.0,700.0],0.0008910478],
[[2600.0,800.0,800.0],0.0009326551],
[[2600.0,900.0,900.0],0.0008788124],
[[2600.0,1000.0,1000.0],0.0009309326],
[[2600.0,1100.0,1100.0],0.0009229875],
[[2600.0,1200.0,1200.0],0.0009888074],
[[2650.0,1320.0,1320.0],0.0009567621],
[[2700.0,0,0],0.0007503113],
[[2700.0,100.0,100.0],0.0008148277],
[[2700.0,200.0,200.0],0.0008212573],
[[2700.0,300.0,300.0],0.0008663188],
[[2700.0,400.0,400.0],0.0008924088],
[[2700.0,500.0,500.0],0.0009218435],
[[2700.0,600.0,600.0],0.0009254608],
[[2700.0,700.0,700.0],0.0009643042],
[[2700.0,800.0,800.0],0.000899534],
[[2700.0,900.0,900.0],0.0009282606],
[[2700.0,1000.0,1000.0],0.0009482753],
[[2700.0,1100.0,1100.0],0.0009369196],
[[2700.0,1200.0,1200.0],0.0009773933],
[[2700.0,1300.0,1300.0],0.001015699],
[[2750.0,1370.0,1370.0],0.001050577],
[[2800.0,0,0],0.0007525141],
[[2800.0,100.0,100.0],0.0008290087],
[[2800.0,200.0,200.0],0.0008558233],
[[2800.0,300.0,300.0],0.0009473451],
[[2800.0,400.0,400.0],0.0008673452],
[[2800.0,500.0,500.0],0.0009755493],
[[2800.0,600.0,600.0],0.0009515739],
[[2800.0,700.0,700.0],0.0009659663],
[[2800.0,800.0,800.0],0.0009933322],
[[2800.0,900.0,900.0],0.001007704],
[[2800.0,1000.0,1000.0],0.0009862774],
[[2800.0,1100.0,1100.0],0.0009975037],
[[2800.0,1200.0,1200.0],0.0009906949],
[[2800.0,1300.0,1300.0],0.001053213],
[[2850.0,1420.0,1420.0],0.001032255],
[[2900.0,0,0],0.0007933871],
[[2900.0,100.0,100.0],0.0008124229],
[[2900.0,200.0,200.0],0.0008330818],
[[2900.0,300.0,300.0],0.0009225413],
[[2900.0,400.0,400.0],0.0009741365],
[[2900.0,500.0,500.0],0.001672429],
[[2900.0,600.0,600.0],0.0009584216],
[[2900.0,700.0,700.0],0.0009900743],
[[2900.0,800.0,800.0],0.0009922374],
[[2900.0,900.0,900.0],0.0004560925],
[[2900.0,1000.0,1000.0],0.001014743],
[[2900.0,1100.0,1100.0],0.001016669],
[[2900.0,1200.0,1200.0],0.001009708],
[[2900.0,1300.0,1300.0],0.00102994],
[[2900.0,1400.0,1400.0],0.001065006],
[[2950.0,1470.0,1470.0],0.001041495],
[[3000.0,0,0],0.0008310046],
[[3000.0,100.0,100.0],0.0008389299],
[[3000.0,200.0,200.0],0.0008545666],
[[3000.0,300.0,300.0],0.0009441912],
[[3000.0,400.0,400.0],0.0009765767],
[[3000.0,500.0,500.0],0.0009358206],
[[3000.0,600.0,600.0],0.0009808215],
[[3000.0,700.0,700.0],0.001003385],
[[3000.0,800.0,800.0],0.0009683941],
[[3000.0,900.0,900.0],0.001002086],
[[3000.0,1000.0,1000.0],0.001045882],
[[3000.0,1100.0,1100.0],0.001021176],
[[3000.0,1200.0,1200.0],0.001009316],
[[3000.0,1300.0,1300.0],0.001014861],
[[3000.0,1400.0,1400.0],0.001049302]]
