txName: TRS1
constraint: {(PV > H0(1)), (H0(1) > MET(2),MET(3))}
condition: None
conditionDescription: None
figureUrl: https://cms-results.web.cern.ch/cms-results/public-results/publications/EXO-20-004/CMS-EXO-20-004_Figure_009-a.png
source: https://doi.org/10.5281/zenodo.13324003
validated: True
axesMap: [{0: 'x', 1: '1.0', 2: '1.0'}, {0: 'x', 1: 'y', 2: 'y'}]
dataMap: {0: (1, 'mass', GeV), 1: (2, 'mass', GeV), 2: (3, 'mass', GeV)}
finalState: ['MET', 'MET']
intermediateState: None
efficiencyMap: [[[100.0,10.0,10.0],1.427541e-07],
[[150.0,1.0,1.0],3.009079e-07],
[[150.0,50.0,50.0],2.606481e-07],
[[200.0,1.0,1.0],6.917964e-07],
[[200.0,50.0,50.0],5.045373e-07],
[[200.0,100.0,100.0],1.43695e-06],
[[250.0,1.0,1.0],6.816458e-07],
[[250.0,10.0,10.0],6.758888e-07],
[[250.0,50.0,50.0],6.012238e-07],
[[250.0,100.0,100.0],7.756135e-07],
[[300.0,1.0,1.0],1.017998e-06],
[[300.0,50.0,50.0],9.534048e-07],
[[300.0,100.0,100.0],1.064094e-06],
[[350.0,1.0,1.0],1.152084e-06],
[[350.0,50.0,50.0],9.888898e-07],
[[350.0,100.0,100.0],1.070265e-06],
[[350.0,150.0,150.0],8.767683e-07],
[[400.0,1.0,1.0],1.177914e-06],
[[400.0,50.0,50.0],8.463671e-07],
[[400.0,100.0,100.0],1.000256e-06],
[[400.0,150.0,150.0],9.952071e-07],
[[450.0,1.0,1.0],1.653589e-06],
[[450.0,50.0,50.0],1.582244e-06],
[[450.0,100.0,100.0],1.459708e-06],
[[450.0,150.0,150.0],1.54673e-06],
[[450.0,200.0,200.0],2.079811e-06],
[[500.0,1.0,1.0],2.638232e-06],
[[500.0,10.0,10.0],2.155624e-06],
[[500.0,50.0,50.0],2.502403e-06],
[[500.0,100.0,100.0],2.198355e-06],
[[500.0,150.0,150.0],2.527664e-06],
[[500.0,200.0,200.0],2.15688e-06],
[[550.0,1.0,1.0],3.833519e-06],
[[550.0,50.0,50.0],3.5508e-06],
[[550.0,100.0,100.0],3.137161e-06],
[[550.0,150.0,150.0],3.791585e-06],
[[550.0,200.0,200.0],3.39739e-06],
[[550.0,250.0,250.0],4.621345e-06],
[[600.0,1.0,1.0],4.937733e-06],
[[600.0,50.0,50.0],4.583373e-06],
[[600.0,100.0,100.0],5.000988e-06],
[[600.0,150.0,150.0],5.538671e-06],
[[600.0,200.0,200.0],4.976898e-06],
[[600.0,250.0,250.0],5.071932e-06],
[[650.0,1.0,1.0],7.698e-06],
[[650.0,50.0,50.0],7.275367e-06],
[[650.0,100.0,100.0],6.496426e-06],
[[650.0,150.0,150.0],5.988678e-06],
[[650.0,200.0,200.0],7.901212e-06],
[[650.0,250.0,250.0],7.152673e-06],
[[650.0,300.0,300.0],9.335836e-06],
[[700.0,1.0,1.0],8.326318e-06],
[[700.0,50.0,50.0],8.745084e-06],
[[700.0,100.0,100.0],9.541045e-06],
[[700.0,150.0,150.0],1.061037e-05],
[[700.0,200.0,200.0],1.032463e-05],
[[700.0,250.0,250.0],9.094513e-06],
[[700.0,300.0,300.0],1.121747e-05],
[[750.0,1.0,1.0],1.059883e-05],
[[750.0,10.0,10.0],1.25174e-05],
[[750.0,50.0,50.0],1.267539e-05],
[[750.0,100.0,100.0],1.190878e-05],
[[750.0,150.0,150.0],1.235e-05],
[[750.0,200.0,200.0],1.2814e-05],
[[750.0,250.0,250.0],1.32443e-05],
[[750.0,300.0,300.0],1.783675e-05],
[[750.0,350.0,350.0],2.694441e-05],
[[800.0,1.0,1.0],1.604315e-05],
[[800.0,150.0,150.0],1.868471e-05],
[[800.0,200.0,200.0],1.684826e-05],
[[800.0,250.0,250.0],1.869193e-05],
[[800.0,300.0,300.0],1.953038e-05],
[[800.0,350.0,350.0],2.068714e-05],
[[850.0,1.0,1.0],1.821367e-05],
[[850.0,150.0,150.0],2.236138e-05],
[[850.0,200.0,200.0],2.390409e-05],
[[850.0,250.0,250.0],1.924448e-05],
[[850.0,300.0,300.0],2.211312e-05],
[[850.0,350.0,350.0],2.341693e-05],
[[850.0,400.0,400.0],2.961698e-05],
[[900.0,1.0,1.0],2.289442e-05],
[[900.0,150.0,150.0],2.59794e-05],
[[900.0,200.0,200.0],2.253971e-05],
[[900.0,250.0,250.0],2.725025e-05],
[[900.0,300.0,300.0],2.858782e-05],
[[900.0,350.0,350.0],2.980192e-05],
[[900.0,400.0,400.0],3.506442e-05],
[[950.0,1.0,1.0],3.036605e-05],
[[950.0,150.0,150.0],3.099543e-05],
[[950.0,200.0,200.0],3.247703e-05],
[[950.0,250.0,250.0],2.979697e-05],
[[950.0,300.0,300.0],3.745689e-05],
[[950.0,350.0,350.0],4.096226e-05],
[[950.0,400.0,400.0],4.022737e-05],
[[950.0,450.0,450.0],4.842202e-05],
[[1000.0,1.0,1.0],3.675486e-05],
[[1000.0,10.0,10.0],3.572145e-05],
[[1000.0,50.0,50.0],3.590008e-05],
[[1000.0,100.0,100.0],3.330317e-05],
[[1000.0,150.0,150.0],3.666592e-05],
[[1000.0,200.0,200.0],4.42372e-05],
[[1000.0,250.0,250.0],3.860411e-05],
[[1000.0,300.0,300.0],4.572208e-05],
[[1000.0,350.0,350.0],4.374985e-05],
[[1000.0,400.0,400.0],5.964228e-05],
[[1000.0,450.0,450.0],4.310154e-05],
[[1050.0,1.0,1.0],3.974039e-05],
[[1050.0,150.0,150.0],4.95265e-05],
[[1050.0,200.0,200.0],4.438123e-05],
[[1050.0,250.0,250.0],5.640187e-05],
[[1050.0,300.0,300.0],5.243157e-05],
[[1050.0,350.0,350.0],5.738247e-05],
[[1050.0,400.0,400.0],6.195939e-05],
[[1050.0,450.0,450.0],6.524354e-05],
[[1050.0,500.0,500.0],7.231422e-05],
[[1100.0,1.0,1.0],4.241837e-05],
[[1100.0,150.0,150.0],5.499007e-05],
[[1100.0,200.0,200.0],5.408936e-05],
[[1100.0,250.0,250.0],5.541062e-05],
[[1100.0,300.0,300.0],5.839581e-05],
[[1100.0,350.0,350.0],6.500151e-05],
[[1100.0,400.0,400.0],6.157459e-05],
[[1100.0,450.0,450.0],6.857362e-05],
[[1100.0,500.0,500.0],7.389589e-05],
[[1150.0,1.0,1.0],5.66394e-05],
[[1150.0,150.0,150.0],6.137742e-05],
[[1150.0,200.0,200.0],6.844839e-05],
[[1150.0,250.0,250.0],7.321289e-05],
[[1150.0,300.0,300.0],6.428148e-05],
[[1150.0,350.0,350.0],7.392789e-05],
[[1150.0,400.0,400.0],8.157754e-05],
[[1150.0,450.0,450.0],6.847973e-05],
[[1150.0,500.0,500.0],7.83885e-05],
[[1150.0,550.0,550.0],0.0001035952],
[[1200.0,1.0,1.0],6.258736e-05],
[[1200.0,150.0,150.0],7.365563e-05],
[[1200.0,200.0,200.0],7.65745e-05],
[[1200.0,250.0,250.0],8.320703e-05],
[[1200.0,300.0,300.0],7.548248e-05],
[[1200.0,350.0,350.0],8.807165e-05],
[[1200.0,400.0,400.0],9.149473e-05],
[[1200.0,450.0,450.0],9.639422e-05],
[[1200.0,500.0,500.0],9.198894e-05],
[[1200.0,550.0,550.0],9.696712e-05],
[[1250.0,1.0,1.0],7.266277e-05],
[[1250.0,10.0,10.0],7.412327e-05],
[[1250.0,50.0,50.0],6.766798e-05],
[[1250.0,100.0,100.0],7.327431e-05],
[[1250.0,150.0,150.0],8.208123e-05],
[[1250.0,200.0,200.0],7.689347e-05],
[[1250.0,250.0,250.0],9.49382e-05],
[[1250.0,300.0,300.0],9.319457e-05],
[[1250.0,350.0,350.0],0.0001048477],
[[1250.0,400.0,400.0],9.365392e-05],
[[1250.0,450.0,450.0],8.845424e-05],
[[1250.0,500.0,500.0],0.0001150213],
[[1250.0,550.0,550.0],0.0001237178],
[[1250.0,600.0,600.0],0.0001389655],
[[1300.0,1.0,1.0],8.545032e-05],
[[1300.0,150.0,150.0],9.437508e-05],
[[1300.0,200.0,200.0],9.992955e-05],
[[1300.0,250.0,250.0],0.0001047658],
[[1300.0,300.0,300.0],0.0001113375],
[[1300.0,350.0,350.0],0.00011921],
[[1300.0,400.0,400.0],0.0001195847],
[[1300.0,450.0,450.0],0.0001180204],
[[1300.0,500.0,500.0],0.0001174673],
[[1300.0,550.0,550.0],0.0001446194],
[[1300.0,600.0,600.0],0.000123922],
[[1350.0,1.0,1.0],8.497772e-05],
[[1350.0,150.0,150.0],0.0001045146],
[[1350.0,200.0,200.0],0.0001091762],
[[1350.0,250.0,250.0],0.0001161825],
[[1350.0,300.0,300.0],0.0001253558],
[[1350.0,350.0,350.0],0.0001259267],
[[1350.0,400.0,400.0],0.0001269476],
[[1350.0,450.0,450.0],0.0001310634],
[[1350.0,500.0,500.0],0.0001279135],
[[1350.0,550.0,550.0],0.0001482382],
[[1350.0,600.0,600.0],0.0001444476],
[[1350.0,650.0,650.0],0.0001780083],
[[1400.0,1.0,1.0],0.0001029409],
[[1400.0,150.0,150.0],0.0001030099],
[[1400.0,200.0,200.0],0.0001235564],
[[1400.0,250.0,250.0],0.0001190028],
[[1400.0,300.0,300.0],0.0001388719],
[[1400.0,350.0,350.0],0.0001392496],
[[1400.0,400.0,400.0],0.0001391212],
[[1400.0,450.0,450.0],0.0001425579],
[[1400.0,500.0,500.0],0.0001633346],
[[1400.0,550.0,550.0],0.0001492952],
[[1400.0,600.0,600.0],0.0001601534],
[[1400.0,650.0,650.0],0.0001794062],
[[1450.0,1.0,1.0],9.954675e-05],
[[1450.0,150.0,150.0],0.000123923],
[[1450.0,200.0,200.0],0.0001339115],
[[1450.0,250.0,250.0],0.0001343024],
[[1450.0,300.0,300.0],0.0001592446],
[[1450.0,350.0,350.0],0.0001701597],
[[1450.0,400.0,400.0],0.0001656557],
[[1450.0,450.0,450.0],0.0001654979],
[[1450.0,500.0,500.0],0.0001799379],
[[1450.0,550.0,550.0],0.0001787569],
[[1450.0,600.0,600.0],0.0001877394],
[[1450.0,650.0,650.0],0.0001853607],
[[1450.0,700.0,700.0],0.0002339232],
[[1500.0,1.0,1.0],0.0001207288],
[[1500.0,10.0,10.0],0.0001142686],
[[1500.0,50.0,50.0],0.0001137428],
[[1500.0,100.0,100.0],0.000117113],
[[1500.0,150.0,150.0],0.0001410679],
[[1500.0,200.0,200.0],0.0001573916],
[[1500.0,250.0,250.0],0.0001613805],
[[1500.0,300.0,300.0],0.0001657519],
[[1500.0,350.0,350.0],0.0001726243],
[[1500.0,400.0,400.0],0.0002330995],
[[1500.0,450.0,450.0],0.0001821811],
[[1500.0,500.0,500.0],0.000194982],
[[1500.0,550.0,550.0],0.0001840159],
[[1500.0,600.0,600.0],0.0002474007],
[[1500.0,650.0,650.0],0.0002023169],
[[1500.0,700.0,700.0],0.0002450611],
[[1500.0,750.0,750.0],0.0003051907],
[[1550.0,1.0,1.0],0.0001250491],
[[1550.0,150.0,150.0],0.0001413081],
[[1550.0,200.0,200.0],0.000161462],
[[1550.0,250.0,250.0],0.0001616239],
[[1550.0,300.0,300.0],0.0001793389],
[[1550.0,350.0,350.0],0.0001888187],
[[1550.0,400.0,400.0],0.0002053477],
[[1550.0,450.0,450.0],0.0002275044],
[[1550.0,500.0,500.0],0.0002039282],
[[1550.0,550.0,550.0],0.0002183105],
[[1550.0,600.0,600.0],0.0002288522],
[[1550.0,650.0,650.0],0.0002310205],
[[1550.0,700.0,700.0],0.0002336364],
[[1550.0,750.0,750.0],0.0002900176],
[[1600.0,1.0,1.0],0.0001383244],
[[1600.0,150.0,150.0],0.0001595227],
[[1600.0,200.0,200.0],0.0001698471],
[[1600.0,250.0,250.0],0.0001944549],
[[1600.0,300.0,300.0],0.0002009576],
[[1600.0,350.0,350.0],0.0002123779],
[[1600.0,400.0,400.0],0.0002146547],
[[1600.0,450.0,450.0],0.0002193414],
[[1600.0,500.0,500.0],0.0002353456],
[[1600.0,550.0,550.0],0.000242753],
[[1600.0,600.0,600.0],0.0002271515],
[[1600.0,650.0,650.0],0.0002437534],
[[1600.0,700.0,700.0],0.0002471219],
[[1600.0,750.0,750.0],0.0003272772],
[[1650.0,1.0,1.0],0.0001616384],
[[1650.0,150.0,150.0],0.0001987353],
[[1650.0,200.0,200.0],0.0001848625],
[[1650.0,250.0,250.0],0.0001870802],
[[1650.0,300.0,300.0],0.0002179831],
[[1650.0,350.0,350.0],0.0002297046],
[[1650.0,400.0,400.0],0.0002244304],
[[1650.0,450.0,450.0],0.0002323874],
[[1650.0,500.0,500.0],0.0002525449],
[[1650.0,550.0,550.0],0.0002475342],
[[1650.0,600.0,600.0],0.0002722703],
[[1650.0,650.0,650.0],0.0002725293],
[[1650.0,700.0,700.0],0.0002924593],
[[1650.0,750.0,750.0],0.0003285081],
[[1650.0,800.0,800.0],0.0003430485],
[[1700.0,1.0,1.0],0.0002120626],
[[1700.0,150.0,150.0],0.000175743],
[[1700.0,200.0,200.0],0.0002026292],
[[1700.0,250.0,250.0],0.0002155804],
[[1700.0,300.0,300.0],0.0002276835],
[[1700.0,350.0,350.0],0.0002461401],
[[1700.0,400.0,400.0],0.0002446471],
[[1700.0,450.0,450.0],0.0002651748],
[[1700.0,500.0,500.0],0.0002837949],
[[1700.0,550.0,550.0],0.0002883689],
[[1700.0,600.0,600.0],0.0003058554],
[[1700.0,650.0,650.0],0.000291464],
[[1700.0,700.0,700.0],0.0004038373],
[[1700.0,750.0,750.0],0.0003339688],
[[1700.0,800.0,800.0],0.0003524497],
[[1750.0,1.0,1.0],0.000139117],
[[1750.0,10.0,10.0],0.0001510349],
[[1750.0,50.0,50.0],0.0001593247],
[[1750.0,100.0,100.0],0.000174746],
[[1750.0,150.0,150.0],0.000180259],
[[1750.0,200.0,200.0],0.0003970388],
[[1750.0,250.0,250.0],0.0002346679],
[[1750.0,300.0,300.0],0.0003073387],
[[1750.0,350.0,350.0],0.0002632539],
[[1750.0,400.0,400.0],0.0002917707],
[[1750.0,450.0,450.0],0.0003013931],
[[1750.0,500.0,500.0],0.0004542409],
[[1750.0,550.0,550.0],0.0003520811],
[[1750.0,600.0,600.0],0.000310981],
[[1750.0,650.0,650.0],0.0002968781],
[[1750.0,700.0,700.0],0.0003814344],
[[1750.0,750.0,750.0],0.0003207358],
[[1750.0,800.0,800.0],0.0003760067],
[[1750.0,850.0,850.0],0.0003828866],
[[1800.0,1.0,1.0],0.0001817561],
[[1800.0,150.0,150.0],0.0001756246],
[[1800.0,200.0,200.0],0.0002155013],
[[1800.0,250.0,250.0],0.0002604094],
[[1800.0,300.0,300.0],0.0002874042],
[[1800.0,350.0,350.0],0.0003118338],
[[1800.0,400.0,400.0],0.000372251],
[[1800.0,450.0,450.0],0.0003214306],
[[1800.0,500.0,500.0],0.0003054324],
[[1800.0,550.0,550.0],0.0003486396],
[[1800.0,600.0,600.0],0.0003492555],
[[1800.0,650.0,650.0],0.000371272],
[[1800.0,700.0,700.0],0.000395007],
[[1800.0,750.0,750.0],0.0006628305],
[[1800.0,800.0,800.0],0.0003505642],
[[1800.0,850.0,850.0],0.000386326],
[[1850.0,1.0,1.0],0.0001661883],
[[1850.0,150.0,150.0],0.0002067907],
[[1850.0,200.0,200.0],0.0002476505],
[[1850.0,250.0,250.0],0.0002698693],
[[1850.0,300.0,300.0],0.0002836503],
[[1850.0,350.0,350.0],0.0002994857],
[[1850.0,400.0,400.0],0.0003137881],
[[1850.0,450.0,450.0],0.000519431],
[[1850.0,500.0,500.0],0.0003264612],
[[1850.0,550.0,550.0],0.0003654404],
[[1850.0,600.0,600.0],0.0003963533],
[[1850.0,650.0,650.0],0.0003596758],
[[1850.0,700.0,700.0],0.0003761916],
[[1850.0,750.0,750.0],0.0003902631],
[[1850.0,800.0,800.0],0.0004957788],
[[1850.0,850.0,850.0],0.0004070627],
[[1850.0,900.0,900.0],0.0004950454],
[[1900.0,1.0,1.0],0.000169735],
[[1900.0,150.0,150.0],0.0002004974],
[[1900.0,200.0,200.0],0.0002537195],
[[1900.0,250.0,250.0],0.000295443],
[[1900.0,300.0,300.0],0.0003563673],
[[1900.0,350.0,350.0],0.0002967497],
[[1900.0,400.0,400.0],0.000343237],
[[1900.0,450.0,450.0],0.0003469043],
[[1900.0,500.0,500.0],0.0004046379],
[[1900.0,550.0,550.0],0.0003624067],
[[1900.0,600.0,600.0],0.0003967728],
[[1900.0,650.0,650.0],0.0003921797],
[[1900.0,700.0,700.0],0.0003633673],
[[1900.0,750.0,750.0],0.0004240619],
[[1900.0,800.0,800.0],0.0004272718],
[[1900.0,850.0,850.0],0.0005073646],
[[1900.0,900.0,900.0],0.0005333948],
[[1950.0,1.0,1.0],0.0001718849],
[[1950.0,150.0,150.0],0.0002279746],
[[1950.0,200.0,200.0],0.0002918072],
[[1950.0,250.0,250.0],0.0003200671],
[[1950.0,300.0,300.0],0.0003189197],
[[1950.0,350.0,350.0],0.0003349089],
[[1950.0,400.0,400.0],0.0003562648],
[[1950.0,450.0,450.0],0.0003996477],
[[1950.0,500.0,500.0],0.0004086851],
[[1950.0,550.0,550.0],0.0003952326],
[[1950.0,600.0,600.0],0.0004218267],
[[1950.0,650.0,650.0],0.0004553503],
[[1950.0,700.0,700.0],0.0004166173],
[[1950.0,750.0,750.0],0.0004474471],
[[1950.0,800.0,800.0],0.000412651],
[[1950.0,850.0,850.0],0.0004413109],
[[1950.0,900.0,900.0],0.000459775],
[[1950.0,950.0,950.0],0.0005625183],
[[2000.0,1.0,1.0],0.0001686904],
[[2000.0,10.0,10.0],0.0001633144],
[[2000.0,50.0,50.0],0.000188564],
[[2000.0,100.0,100.0],0.0001928366],
[[2000.0,150.0,150.0],0.0002820627],
[[2000.0,200.0,200.0],0.000281676],
[[2000.0,250.0,250.0],0.0002839562],
[[2000.0,300.0,300.0],0.0003656327],
[[2000.0,350.0,350.0],0.0004255783],
[[2000.0,400.0,400.0],0.0004020311],
[[2000.0,450.0,450.0],0.0004465611],
[[2000.0,500.0,500.0],0.0004034493],
[[2000.0,550.0,550.0],0.000483955],
[[2000.0,600.0,600.0],0.0004526939],
[[2000.0,650.0,650.0],0.0007682314],
[[2000.0,700.0,700.0],0.0004603078],
[[2000.0,750.0,750.0],0.0005191256],
[[2000.0,800.0,800.0],0.0005166787],
[[2000.0,850.0,850.0],0.0004801337],
[[2000.0,900.0,900.0],0.0005178206],
[[2000.0,950.0,950.0],0.0005432155],
[[2250.0,1.0,1.0],0.0002409008],
[[2250.0,10.0,10.0],0.000292144],
[[2250.0,50.0,50.0],0.0002044463],
[[2250.0,100.0,100.0],0.0002651375],
[[2250.0,150.0,150.0],0.0003067],
[[2250.0,300.0,300.0],0.0004438514],
[[2250.0,500.0,500.0],0.0006305363],
[[2250.0,750.0,750.0],0.0005790134],
[[2250.0,1000.0,1000.0],0.00078331],
[[2500.0,1.0,1.0],0.0001955053],
[[2500.0,10.0,10.0],0.0002211769],
[[2500.0,50.0,50.0],0.000199652],
[[2500.0,100.0,100.0],0.0002494633],
[[2500.0,150.0,150.0],0.000286455],
[[2500.0,300.0,300.0],0.0004464471],
[[2500.0,500.0,500.0],0.0006587712],
[[2500.0,750.0,750.0],0.0009239417],
[[2500.0,1000.0,1000.0],0.0008366238],
[[2500.0,1200.0,1200.0],0.0008200188],
[[2750.0,1.0,1.0],0.0001830948],
[[2750.0,10.0,10.0],0.0002010542],
[[2750.0,50.0,50.0],0.0001697394],
[[2750.0,100.0,100.0],0.0001821673],
[[2750.0,150.0,150.0],0.0002786828],
[[2750.0,300.0,300.0],0.0005825671],
[[2750.0,500.0,500.0],0.0007292549],
[[2750.0,750.0,750.0],0.0008530694],
[[2750.0,1000.0,1000.0],0.0009869768],
[[2750.0,1200.0,1200.0],0.001066908],
[[3000.0,1.0,1.0],0.0001529287],
[[3000.0,10.0,10.0],0.0001792806],
[[3000.0,50.0,50.0],0.0001497644],
[[3000.0,100.0,100.0],0.0001793164],
[[3000.0,150.0,150.0],0.0002352247],
[[3000.0,300.0,300.0],0.0005422797],
[[3000.0,500.0,500.0],0.0007765827],
[[3000.0,750.0,750.0],0.0009949627],
[[3000.0,1000.0,1000.0],0.001176267],
[[3000.0,1200.0,1200.0],0.001251167],
[[3000.0,1400.0,1400.0],0.001263798]]
