txName: TRV1
constraint: {(PV > Zprime(1)), (Zprime(1) > MET(2),MET(3))}
condition: None
conditionDescription: None
figureUrl: https://cms-results.web.cern.ch/cms-results/public-results/publications/EXO-20-004/CMS-EXO-20-004_Figure_007-b.png
source: https://doi.org/10.5281/zenodo.13324003
validated: True
axesMap: [{0: 'x', 1: 'y', 2: 'y'}]
dataMap: {0: (1, 'mass', GeV), 1: (2, 'mass', GeV), 2: (3, 'mass', GeV)}
finalState: ['MET', 'MET']
intermediateState: None
efficiencyMap: [[[50.0,1.0,1.0],4.127963e-09],
[[100.0,1.0,1.0],1.877719e-08],
[[100.0,10.0,10.0],2.143148e-08],
[[150.0,1.0,1.0],7.081855e-08],
[[150.0,75.0,75.0],1.118647e-07],
[[200.0,1.0,1.0],2.874101e-07],
[[200.0,75.0,75.0],3.401305e-07],
[[250.0,1.0,1.0],5.027193e-07],
[[250.0,10.0,10.0],7.156344e-07],
[[250.0,75.0,75.0],3.559241e-07],
[[300.0,1.0,1.0],1.041588e-06],
[[300.0,75.0,75.0],1.039909e-06],
[[350.0,1.0,1.0],1.582834e-06],
[[350.0,75.0,75.0],1.632012e-06],
[[350.0,150.0,150.0],1.592855e-06],
[[400.0,1.0,1.0],2.516253e-06],
[[400.0,75.0,75.0],2.359288e-06],
[[400.0,150.0,150.0],2.457351e-06],
[[450.0,1.0,1.0],3.592284e-06],
[[450.0,75.0,75.0],2.36858e-06],
[[450.0,150.0,150.0],4.275214e-06],
[[450.0,200.0,200.0],4.757176e-06],
[[500.0,1.0,1.0],4.068133e-06],
[[500.0,10.0,10.0],5.511443e-06],
[[500.0,75.0,75.0],4.806719e-06],
[[500.0,150.0,150.0],4.83598e-06],
[[500.0,200.0,200.0],4.922722e-06],
[[550.0,1.0,1.0],6.679018e-06],
[[550.0,75.0,75.0],6.022089e-06],
[[550.0,150.0,150.0],5.816048e-06],
[[550.0,200.0,200.0],5.883377e-06],
[[550.0,250.0,250.0],7.803163e-06],
[[600.0,1.0,1.0],9.262154e-06],
[[600.0,75.0,75.0],7.119585e-06],
[[600.0,150.0,150.0],8.166467e-06],
[[600.0,200.0,200.0],7.159642e-06],
[[600.0,250.0,250.0],8.22729e-06],
[[650.0,1.0,1.0],1.172346e-05],
[[650.0,75.0,75.0],1.068176e-05],
[[650.0,150.0,150.0],1.258086e-05],
[[650.0,200.0,200.0],8.429569e-06],
[[650.0,250.0,250.0],1.329437e-05],
[[650.0,300.0,300.0],1.229765e-05],
[[700.0,1.0,1.0],1.174064e-05],
[[700.0,75.0,75.0],1.312448e-05],
[[700.0,150.0,150.0],1.324551e-05],
[[700.0,200.0,200.0],1.289078e-05],
[[700.0,250.0,250.0],1.441661e-05],
[[700.0,300.0,300.0],1.539286e-05],
[[750.0,1.0,1.0],1.664492e-05],
[[750.0,10.0,10.0],1.655966e-05],
[[750.0,75.0,75.0],1.8098e-05],
[[750.0,150.0,150.0],1.407236e-05],
[[750.0,200.0,200.0],1.578121e-05],
[[750.0,250.0,250.0],1.729026e-05],
[[750.0,300.0,300.0],1.779424e-05],
[[750.0,350.0,350.0],1.916673e-05],
[[800.0,1.0,1.0],2.004596e-05],
[[800.0,75.0,75.0],1.968377e-05],
[[800.0,150.0,150.0],1.915592e-05],
[[800.0,200.0,200.0],1.953648e-05],
[[800.0,250.0,250.0],1.821648e-05],
[[800.0,300.0,300.0],2.128757e-05],
[[800.0,350.0,350.0],2.203605e-05],
[[850.0,1.0,1.0],2.202194e-05],
[[850.0,75.0,75.0],2.578107e-05],
[[850.0,150.0,150.0],2.536821e-05],
[[850.0,200.0,200.0],2.547829e-05],
[[850.0,250.0,250.0],2.418156e-05],
[[850.0,300.0,300.0],2.358558e-05],
[[850.0,350.0,350.0],2.561355e-05],
[[850.0,400.0,400.0],2.523601e-05],
[[900.0,1.0,1.0],2.43773e-05],
[[900.0,75.0,75.0],2.351927e-05],
[[900.0,150.0,150.0],2.72283e-05],
[[900.0,200.0,200.0],2.523449e-05],
[[900.0,250.0,250.0],3.158437e-05],
[[900.0,300.0,300.0],2.814278e-05],
[[900.0,350.0,350.0],2.766092e-05],
[[900.0,400.0,400.0],2.972767e-05],
[[950.0,1.0,1.0],3.094507e-05],
[[950.0,75.0,75.0],2.915412e-05],
[[950.0,150.0,150.0],3.239261e-05],
[[950.0,200.0,200.0],3.513954e-05],
[[950.0,250.0,250.0],2.886722e-05],
[[950.0,300.0,300.0],2.670235e-05],
[[950.0,350.0,350.0],3.218207e-05],
[[950.0,400.0,400.0],3.352479e-05],
[[950.0,450.0,450.0],3.394294e-05],
[[1000.0,1.0,1.0],3.199766e-05],
[[1000.0,10.0,10.0],3.281058e-05],
[[1000.0,75.0,75.0],3.604277e-05],
[[1000.0,150.0,150.0],3.62083e-05],
[[1000.0,200.0,200.0],3.41756e-05],
[[1000.0,250.0,250.0],3.313873e-05],
[[1000.0,300.0,300.0],3.582732e-05],
[[1000.0,350.0,350.0],3.186982e-05],
[[1000.0,400.0,400.0],3.767012e-05],
[[1000.0,450.0,450.0],3.988413e-05],
[[1050.0,1.0,1.0],3.544258e-05],
[[1050.0,75.0,75.0],3.759521e-05],
[[1050.0,150.0,150.0],3.939389e-05],
[[1050.0,200.0,200.0],4.037381e-05],
[[1050.0,250.0,250.0],4.03262e-05],
[[1050.0,300.0,300.0],4.385651e-05],
[[1050.0,350.0,350.0],4.191856e-05],
[[1050.0,400.0,400.0],4.902035e-05],
[[1050.0,450.0,450.0],4.112186e-05],
[[1050.0,500.0,500.0],4.396744e-05],
[[1100.0,1.0,1.0],4.333008e-05],
[[1100.0,75.0,75.0],4.805591e-05],
[[1100.0,150.0,150.0],4.629191e-05],
[[1100.0,200.0,200.0],4.179638e-05],
[[1100.0,250.0,250.0],4.764428e-05],
[[1100.0,300.0,300.0],4.439499e-05],
[[1100.0,350.0,350.0],4.694425e-05],
[[1100.0,400.0,400.0],4.86546e-05],
[[1100.0,450.0,450.0],4.751217e-05],
[[1100.0,500.0,500.0],4.561601e-05],
[[1150.0,1.0,1.0],4.717352e-05],
[[1150.0,75.0,75.0],4.886689e-05],
[[1150.0,150.0,150.0],4.760022e-05],
[[1150.0,200.0,200.0],4.655831e-05],
[[1150.0,250.0,250.0],5.051299e-05],
[[1150.0,300.0,300.0],5.018398e-05],
[[1150.0,350.0,350.0],5.091541e-05],
[[1150.0,400.0,400.0],5.083237e-05],
[[1150.0,450.0,450.0],4.85661e-05],
[[1150.0,500.0,500.0],5.333066e-05],
[[1150.0,550.0,550.0],6.316852e-05],
[[1200.0,1.0,1.0],4.698844e-05],
[[1200.0,75.0,75.0],5.306088e-05],
[[1200.0,150.0,150.0],5.407626e-05],
[[1200.0,200.0,200.0],5.209167e-05],
[[1200.0,250.0,250.0],5.404742e-05],
[[1200.0,300.0,300.0],5.717245e-05],
[[1200.0,350.0,350.0],5.883027e-05],
[[1200.0,400.0,400.0],6.180059e-05],
[[1200.0,450.0,450.0],5.990191e-05],
[[1200.0,500.0,500.0],6.267915e-05],
[[1200.0,550.0,550.0],6.436583e-05],
[[1250.0,1.0,1.0],5.826379e-05],
[[1250.0,10.0,10.0],5.728055e-05],
[[1250.0,75.0,75.0],5.962307e-05],
[[1250.0,150.0,150.0],5.836709e-05],
[[1250.0,200.0,200.0],5.644128e-05],
[[1250.0,250.0,250.0],5.989606e-05],
[[1250.0,300.0,300.0],6.119827e-05],
[[1250.0,350.0,350.0],5.661668e-05],
[[1250.0,400.0,400.0],6.089542e-05],
[[1250.0,450.0,450.0],6.4201e-05],
[[1250.0,500.0,500.0],6.34431e-05],
[[1250.0,550.0,550.0],6.821715e-05],
[[1250.0,600.0,600.0],6.506877e-05],
[[1300.0,1.0,1.0],5.976732e-05],
[[1300.0,75.0,75.0],5.956193e-05],
[[1300.0,150.0,150.0],7.030548e-05],
[[1300.0,200.0,200.0],6.370936e-05],
[[1300.0,250.0,250.0],6.732499e-05],
[[1300.0,300.0,300.0],7.232633e-05],
[[1300.0,350.0,350.0],6.498238e-05],
[[1300.0,400.0,400.0],6.991292e-05],
[[1300.0,450.0,450.0],7.403012e-05],
[[1300.0,500.0,500.0],6.966735e-05],
[[1300.0,550.0,550.0],7.295215e-05],
[[1300.0,600.0,600.0],7.17785e-05],
[[1350.0,1.0,1.0],6.51421e-05],
[[1350.0,75.0,75.0],6.953841e-05],
[[1350.0,150.0,150.0],6.53995e-05],
[[1350.0,200.0,200.0],6.991148e-05],
[[1350.0,250.0,250.0],6.8189e-05],
[[1350.0,300.0,300.0],7.267798e-05],
[[1350.0,350.0,350.0],7.535738e-05],
[[1350.0,400.0,400.0],7.635526e-05],
[[1350.0,450.0,450.0],6.844356e-05],
[[1350.0,500.0,500.0],7.577318e-05],
[[1350.0,550.0,550.0],7.559229e-05],
[[1350.0,600.0,600.0],7.910803e-05],
[[1350.0,650.0,650.0],7.446991e-05],
[[1400.0,1.0,1.0],7.627555e-05],
[[1400.0,75.0,75.0],6.798279e-05],
[[1400.0,150.0,150.0],7.210725e-05],
[[1400.0,200.0,200.0],7.876825e-05],
[[1400.0,250.0,250.0],7.672717e-05],
[[1400.0,300.0,300.0],7.784247e-05],
[[1400.0,350.0,350.0],7.39339e-05],
[[1400.0,400.0,400.0],7.723296e-05],
[[1400.0,450.0,450.0],7.511047e-05],
[[1400.0,500.0,500.0],7.544393e-05],
[[1400.0,550.0,550.0],8.557775e-05],
[[1400.0,600.0,600.0],8.466515e-05],
[[1400.0,650.0,650.0],8.137901e-05],
[[1450.0,1.0,1.0],7.712429e-05],
[[1450.0,75.0,75.0],8.059074e-05],
[[1450.0,150.0,150.0],8.36041e-05],
[[1450.0,200.0,200.0],7.764996e-05],
[[1450.0,250.0,250.0],8.305099e-05],
[[1450.0,300.0,300.0],7.575326e-05],
[[1450.0,350.0,350.0],7.984185e-05],
[[1450.0,400.0,400.0],8.523627e-05],
[[1450.0,450.0,450.0],7.923988e-05],
[[1450.0,500.0,500.0],8.575538e-05],
[[1450.0,550.0,550.0],7.966673e-05],
[[1450.0,600.0,600.0],9.084894e-05],
[[1450.0,650.0,650.0],8.864591e-05],
[[1450.0,700.0,700.0],8.411695e-05],
[[1500.0,1.0,1.0],8.413504e-05],
[[1500.0,10.0,10.0],8.818647e-05],
[[1500.0,75.0,75.0],7.997158e-05],
[[1500.0,150.0,150.0],8.118163e-05],
[[1500.0,200.0,200.0],8.569755e-05],
[[1500.0,250.0,250.0],8.274199e-05],
[[1500.0,300.0,300.0],8.938007e-05],
[[1500.0,350.0,350.0],9.114977e-05],
[[1500.0,400.0,400.0],9.571319e-05],
[[1500.0,450.0,450.0],9.422088e-05],
[[1500.0,500.0,500.0],9.278293e-05],
[[1500.0,550.0,550.0],9.792344e-05],
[[1500.0,600.0,600.0],9.600921e-05],
[[1500.0,650.0,650.0],0.0001006532],
[[1500.0,700.0,700.0],9.722071e-05],
[[1500.0,750.0,750.0],0.0001034847],
[[1550.0,1.0,1.0],9.314131e-05],
[[1550.0,75.0,75.0],9.027031e-05],
[[1550.0,150.0,150.0],8.697736e-05],
[[1550.0,200.0,200.0],0.0001009945],
[[1550.0,250.0,250.0],9.12567e-05],
[[1550.0,300.0,300.0],9.010407e-05],
[[1550.0,350.0,350.0],9.968634e-05],
[[1550.0,400.0,400.0],9.084187e-05],
[[1550.0,450.0,450.0],9.810556e-05],
[[1550.0,500.0,500.0],0.0001096254],
[[1550.0,550.0,550.0],9.854893e-05],
[[1550.0,600.0,600.0],0.0001022763],
[[1550.0,650.0,650.0],9.623055e-05],
[[1550.0,700.0,700.0],0.0001054539],
[[1550.0,750.0,750.0],0.0001032748],
[[1600.0,1.0,1.0],9.191372e-05],
[[1600.0,75.0,75.0],9.214386e-05],
[[1600.0,150.0,150.0],9.561899e-05],
[[1600.0,200.0,200.0],9.081633e-05],
[[1600.0,250.0,250.0],9.958098e-05],
[[1600.0,300.0,300.0],9.700687e-05],
[[1600.0,350.0,350.0],9.969257e-05],
[[1600.0,400.0,400.0],0.000108059],
[[1600.0,450.0,450.0],0.000101649],
[[1600.0,500.0,500.0],0.0001029226],
[[1600.0,550.0,550.0],0.0001053886],
[[1600.0,600.0,600.0],0.0001009164],
[[1600.0,650.0,650.0],0.0001110487],
[[1600.0,700.0,700.0],0.000102881],
[[1600.0,750.0,750.0],0.0001100058],
[[1650.0,1.0,1.0],9.363825e-05],
[[1650.0,75.0,75.0],9.903467e-05],
[[1650.0,150.0,150.0],0.0001036553],
[[1650.0,200.0,200.0],0.0001084612],
[[1650.0,250.0,250.0],0.000107242],
[[1650.0,300.0,300.0],0.0001078226],
[[1650.0,350.0,350.0],0.0001113844],
[[1650.0,400.0,400.0],0.0001087874],
[[1650.0,450.0,450.0],0.0001128715],
[[1650.0,500.0,500.0],0.0001077317],
[[1650.0,550.0,550.0],0.0001153009],
[[1650.0,600.0,600.0],0.0001239448],
[[1650.0,650.0,650.0],0.000104202],
[[1650.0,700.0,700.0],0.0001157657],
[[1650.0,750.0,750.0],0.0001117855],
[[1650.0,800.0,800.0],0.0001123111],
[[1700.0,1.0,1.0],0.00011206],
[[1700.0,75.0,75.0],0.0001032665],
[[1700.0,150.0,150.0],0.0001108222],
[[1700.0,200.0,200.0],9.857656e-05],
[[1700.0,250.0,250.0],0.0001076981],
[[1700.0,300.0,300.0],0.0001029389],
[[1700.0,350.0,350.0],0.0001102848],
[[1700.0,400.0,400.0],0.0001153554],
[[1700.0,450.0,450.0],0.00011531],
[[1700.0,500.0,500.0],0.0001068185],
[[1700.0,550.0,550.0],0.0001084288],
[[1700.0,600.0,600.0],0.0001143535],
[[1700.0,650.0,650.0],0.000117417],
[[1700.0,700.0,700.0],0.0001195793],
[[1700.0,750.0,750.0],0.000121376],
[[1700.0,800.0,800.0],0.0001543921],
[[1750.0,1.0,1.0],0.0001144336],
[[1750.0,10.0,10.0],0.0001098854],
[[1750.0,75.0,75.0],0.0001070452],
[[1750.0,150.0,150.0],0.0001086505],
[[1750.0,200.0,200.0],0.0001170468],
[[1750.0,250.0,250.0],0.0001130411],
[[1750.0,300.0,300.0],0.0001051612],
[[1750.0,350.0,350.0],0.0001128663],
[[1750.0,400.0,400.0],0.0001156769],
[[1750.0,450.0,450.0],0.0001214454],
[[1750.0,500.0,500.0],0.0001252976],
[[1750.0,550.0,550.0],0.0001286498],
[[1750.0,600.0,600.0],0.000127671],
[[1750.0,650.0,650.0],0.0001320399],
[[1750.0,700.0,700.0],0.0001286286],
[[1750.0,750.0,750.0],0.0001273413],
[[1750.0,800.0,800.0],0.0001222328],
[[1750.0,850.0,850.0],0.0001281021],
[[1800.0,1.0,1.0],0.0001119867],
[[1800.0,75.0,75.0],0.0001148551],
[[1800.0,150.0,150.0],0.0001222115],
[[1800.0,200.0,200.0],0.0001207697],
[[1800.0,250.0,250.0],0.0001360816],
[[1800.0,300.0,300.0],0.0001170721],
[[1800.0,350.0,350.0],0.0001131051],
[[1800.0,400.0,400.0],0.0001259456],
[[1800.0,450.0,450.0],0.0001283661],
[[1800.0,500.0,500.0],0.0001281105],
[[1800.0,550.0,550.0],0.0001203946],
[[1800.0,600.0,600.0],0.0001210571],
[[1800.0,650.0,650.0],0.0001268055],
[[1800.0,700.0,700.0],0.0001311288],
[[1800.0,750.0,750.0],0.0001289996],
[[1800.0,800.0,800.0],0.0001468293],
[[1800.0,850.0,850.0],0.0001614245],
[[1850.0,1.0,1.0],0.0001239315],
[[1850.0,75.0,75.0],0.0001387652],
[[1850.0,150.0,150.0],0.0001351907],
[[1850.0,200.0,200.0],0.0001227746],
[[1850.0,250.0,250.0],0.0001276324],
[[1850.0,300.0,300.0],0.0001227138],
[[1850.0,350.0,350.0],0.0001256357],
[[1850.0,400.0,400.0],0.0001422747],
[[1850.0,450.0,450.0],0.0001265155],
[[1850.0,500.0,500.0],0.0001252136],
[[1850.0,550.0,550.0],0.0001369812],
[[1850.0,600.0,600.0],0.0001265534],
[[1850.0,650.0,650.0],0.0001305854],
[[1850.0,700.0,700.0],0.0001312156],
[[1850.0,750.0,750.0],0.0001378957],
[[1850.0,800.0,800.0],0.0001476853],
[[1850.0,850.0,850.0],0.0001287687],
[[1850.0,900.0,900.0],0.0001287347],
[[1900.0,1.0,1.0],0.0001240872],
[[1900.0,75.0,75.0],0.0001338555],
[[1900.0,150.0,150.0],0.0001230071],
[[1900.0,200.0,200.0],0.0001353624],
[[1900.0,250.0,250.0],0.0001321938],
[[1900.0,300.0,300.0],0.0001270116],
[[1900.0,350.0,350.0],0.0001301205],
[[1900.0,400.0,400.0],0.000159351],
[[1900.0,450.0,450.0],0.0001282379],
[[1900.0,500.0,500.0],0.000146609],
[[1900.0,550.0,550.0],0.0001485442],
[[1900.0,600.0,600.0],0.0001360098],
[[1900.0,650.0,650.0],0.0001377297],
[[1900.0,700.0,700.0],0.0001460879],
[[1900.0,750.0,750.0],0.0001467668],
[[1900.0,800.0,800.0],0.0001616218],
[[1900.0,850.0,850.0],0.0001350525],
[[1900.0,900.0,900.0],0.0001560386],
[[1950.0,1.0,1.0],0.0001298281],
[[1950.0,75.0,75.0],0.0001303559],
[[1950.0,150.0,150.0],0.0001269864],
[[1950.0,200.0,200.0],0.0001414076],
[[1950.0,250.0,250.0],0.0001320334],
[[1950.0,300.0,300.0],0.0001434163],
[[1950.0,350.0,350.0],0.0001398456],
[[1950.0,400.0,400.0],0.0001476975],
[[1950.0,450.0,450.0],0.0001368694],
[[1950.0,500.0,500.0],0.000141203],
[[1950.0,550.0,550.0],0.0001332687],
[[1950.0,600.0,600.0],0.0001402637],
[[1950.0,650.0,650.0],0.0001459959],
[[1950.0,700.0,700.0],0.0001362464],
[[1950.0,750.0,750.0],0.0001523277],
[[1950.0,800.0,800.0],0.0001477323],
[[1950.0,850.0,850.0],0.0001371625],
[[1950.0,900.0,900.0],0.0001473059],
[[1950.0,950.0,950.0],0.0001713323],
[[2000.0,1.0,1.0],0.0001490714],
[[2000.0,75.0,75.0],0.0001545924],
[[2000.0,150.0,150.0],0.0001668227],
[[2000.0,200.0,200.0],0.0001448992],
[[2000.0,250.0,250.0],0.0001408395],
[[2000.0,300.0,300.0],0.0001526921],
[[2000.0,350.0,350.0],0.0001426288],
[[2000.0,400.0,400.0],0.0001404968],
[[2000.0,450.0,450.0],0.0001464056],
[[2000.0,500.0,500.0],0.0001531639],
[[2000.0,550.0,550.0],0.0001555155],
[[2000.0,600.0,600.0],0.0001709675],
[[2000.0,650.0,650.0],0.00016231],
[[2000.0,700.0,700.0],0.0001425268],
[[2000.0,750.0,750.0],0.000172058],
[[2000.0,800.0,800.0],0.0001691694],
[[2000.0,850.0,850.0],0.0001496736],
[[2000.0,900.0,900.0],0.0001461764],
[[2000.0,950.0,950.0],0.0001645516],
[[2250.0,1.0,1.0],0.0001771667],
[[2250.0,75.0,75.0],0.0001742818],
[[2250.0,150.0,150.0],0.0001761973],
[[2250.0,300.0,300.0],0.0001437039],
[[2250.0,500.0,500.0],0.0001880761],
[[2250.0,750.0,750.0],0.0001701835],
[[2250.0,1000.0,1000.0],0.0001725865],
[[2500.0,1.0,1.0],0.0001871254],
[[2500.0,75.0,75.0],0.000186168],
[[2500.0,150.0,150.0],0.0002019525],
[[2500.0,300.0,300.0],0.0001723375],
[[2500.0,500.0,500.0],0.000189355],
[[2500.0,750.0,750.0],0.0001805609],
[[2500.0,1000.0,1000.0],0.0002026988],
[[2500.0,1200.0,1200.0],0.0002214198],
[[2750.0,1.0,1.0],0.0001926224],
[[2750.0,75.0,75.0],0.0001767643],
[[2750.0,150.0,150.0],0.0001814985],
[[2750.0,300.0,300.0],0.0001742466],
[[2750.0,500.0,500.0],0.0001568917],
[[2750.0,750.0,750.0],0.0001918284],
[[2750.0,1000.0,1000.0],0.0001783348],
[[2750.0,1200.0,1200.0],0.000207699],
[[3000.0,1.0,1.0],0.0001607159],
[[3000.0,75.0,75.0],0.0001405864],
[[3000.0,150.0,150.0],0.0001875335],
[[3000.0,300.0,300.0],0.0001300462],
[[3000.0,500.0,500.0],0.0001619236],
[[3000.0,750.0,750.0],0.0001826128],
[[3000.0,1000.0,1000.0],0.0001950737],
[[3000.0,1200.0,1200.0],0.0001646292],
[[3000.0,1400.0,1400.0],0.0001703015]]
