txName: TRS1
constraint: {(PV > H0(1)), (H0(1) > MET(2),MET(3))}
condition: None
conditionDescription: None
figureUrl: https://cms-results.web.cern.ch/cms-results/public-results/publications/EXO-20-004/CMS-EXO-20-004_Figure_009-a.png
source: https://doi.org/10.5281/zenodo.13324003
validated: True
axesMap: [{0: 'x', 1: '1.0', 2: '1.0'}, {0: 'x', 1: 'y', 2: 'y'}]
dataMap: {0: (1, 'mass', GeV), 1: (2, 'mass', GeV), 2: (3, 'mass', GeV)}
finalState: ['MET', 'MET']
intermediateState: None
efficiencyMap: [[[100.0,1.0,1.0],1.619794e-07],
[[100.0,10.0,10.0],1.386659e-07],
[[150.0,1.0,1.0],3.128186e-07],
[[150.0,50.0,50.0],2.288205e-07],
[[200.0,1.0,1.0],5.436359e-07],
[[200.0,50.0,50.0],4.127801e-07],
[[200.0,100.0,100.0],1.07074e-06],
[[250.0,1.0,1.0],4.494761e-07],
[[250.0,10.0,10.0],6.170122e-07],
[[250.0,50.0,50.0],5.825753e-07],
[[250.0,100.0,100.0],4.428155e-07],
[[300.0,1.0,1.0],9.579992e-07],
[[300.0,50.0,50.0],7.2098e-07],
[[300.0,100.0,100.0],7.281112e-07],
[[350.0,1.0,1.0],8.029893e-07],
[[350.0,50.0,50.0],8.955096e-07],
[[350.0,100.0,100.0],8.532932e-07],
[[350.0,150.0,150.0],6.712287e-07],
[[400.0,1.0,1.0],7.914613e-07],
[[400.0,50.0,50.0],7.802863e-07],
[[400.0,100.0,100.0],6.820059e-07],
[[400.0,150.0,150.0],8.164969e-07],
[[450.0,1.0,1.0],1.310846e-06],
[[450.0,50.0,50.0],1.070068e-06],
[[450.0,100.0,100.0],1.220769e-06],
[[450.0,150.0,150.0],1.368007e-06],
[[450.0,200.0,200.0],1.425815e-06],
[[500.0,1.0,1.0],1.86156e-06],
[[500.0,10.0,10.0],1.676716e-06],
[[500.0,50.0,50.0],2.147006e-06],
[[500.0,100.0,100.0],2.137072e-06],
[[500.0,150.0,150.0],2.118758e-06],
[[500.0,200.0,200.0],1.467874e-06],
[[550.0,1.0,1.0],2.278345e-06],
[[550.0,50.0,50.0],2.439929e-06],
[[550.0,100.0,100.0],2.07862e-06],
[[550.0,150.0,150.0],2.502589e-06],
[[550.0,200.0,200.0],2.484869e-06],
[[550.0,250.0,250.0],2.561782e-06],
[[600.0,1.0,1.0],3.769444e-06],
[[600.0,50.0,50.0],3.328359e-06],
[[600.0,100.0,100.0],3.313248e-06],
[[600.0,150.0,150.0],3.804225e-06],
[[600.0,200.0,200.0],3.176829e-06],
[[600.0,250.0,250.0],3.427909e-06],
[[650.0,1.0,1.0],5.167192e-06],
[[650.0,50.0,50.0],4.345926e-06],
[[650.0,100.0,100.0],5.065995e-06],
[[650.0,150.0,150.0],4.361677e-06],
[[650.0,200.0,200.0],4.32722e-06],
[[650.0,250.0,250.0],5.040843e-06],
[[650.0,300.0,300.0],6.982835e-06],
[[700.0,1.0,1.0],6.680194e-06],
[[700.0,50.0,50.0],7.146148e-06],
[[700.0,100.0,100.0],7.198477e-06],
[[700.0,150.0,150.0],6.383711e-06],
[[700.0,200.0,200.0],6.951024e-06],
[[700.0,250.0,250.0],7.243789e-06],
[[700.0,300.0,300.0],7.462354e-06],
[[750.0,1.0,1.0],7.987262e-06],
[[750.0,10.0,10.0],9.800656e-06],
[[750.0,50.0,50.0],7.943811e-06],
[[750.0,100.0,100.0],9.563372e-06],
[[750.0,150.0,150.0],8.697392e-06],
[[750.0,200.0,200.0],9.590554e-06],
[[750.0,250.0,250.0],1.065691e-05],
[[750.0,300.0,300.0],1.049908e-05],
[[750.0,350.0,350.0],1.246609e-05],
[[800.0,1.0,1.0],1.188695e-05],
[[800.0,150.0,150.0],1.178946e-05],
[[800.0,200.0,200.0],1.196327e-05],
[[800.0,250.0,250.0],1.176906e-05],
[[800.0,300.0,300.0],1.535089e-05],
[[800.0,350.0,350.0],2.231101e-05],
[[850.0,1.0,1.0],1.526596e-05],
[[850.0,150.0,150.0],1.483887e-05],
[[850.0,200.0,200.0],1.552213e-05],
[[850.0,250.0,250.0],1.769052e-05],
[[850.0,300.0,300.0],1.382174e-05],
[[850.0,350.0,350.0],1.788284e-05],
[[850.0,400.0,400.0],2.199409e-05],
[[900.0,1.0,1.0],1.818612e-05],
[[900.0,150.0,150.0],2.070608e-05],
[[900.0,200.0,200.0],1.950802e-05],
[[900.0,250.0,250.0],2.101576e-05],
[[900.0,300.0,300.0],1.818265e-05],
[[900.0,350.0,350.0],2.167351e-05],
[[900.0,400.0,400.0],2.156088e-05],
[[950.0,1.0,1.0],1.934738e-05],
[[950.0,150.0,150.0],2.40004e-05],
[[950.0,200.0,200.0],2.405162e-05],
[[950.0,250.0,250.0],2.540587e-05],
[[950.0,300.0,300.0],2.453856e-05],
[[950.0,350.0,350.0],2.398276e-05],
[[950.0,400.0,400.0],2.476689e-05],
[[950.0,450.0,450.0],3.013071e-05],
[[1000.0,1.0,1.0],2.125271e-05],
[[1000.0,10.0,10.0],2.569355e-05],
[[1000.0,50.0,50.0],2.368497e-05],
[[1000.0,100.0,100.0],2.497745e-05],
[[1000.0,150.0,150.0],3.256066e-05],
[[1000.0,200.0,200.0],3.274206e-05],
[[1000.0,250.0,250.0],2.813609e-05],
[[1000.0,300.0,300.0],3.079833e-05],
[[1000.0,350.0,350.0],3.381568e-05],
[[1000.0,400.0,400.0],3.429115e-05],
[[1000.0,450.0,450.0],3.675578e-05],
[[1050.0,1.0,1.0],2.947589e-05],
[[1050.0,150.0,150.0],3.100362e-05],
[[1050.0,200.0,200.0],3.481679e-05],
[[1050.0,250.0,250.0],3.979311e-05],
[[1050.0,300.0,300.0],3.41547e-05],
[[1050.0,350.0,350.0],4.2923e-05],
[[1050.0,400.0,400.0],4.237042e-05],
[[1050.0,450.0,450.0],3.858513e-05],
[[1050.0,500.0,500.0],4.850635e-05],
[[1100.0,1.0,1.0],3.546097e-05],
[[1100.0,150.0,150.0],3.26566e-05],
[[1100.0,200.0,200.0],4.314676e-05],
[[1100.0,250.0,250.0],4.791866e-05],
[[1100.0,300.0,300.0],4.284709e-05],
[[1100.0,350.0,350.0],4.938395e-05],
[[1100.0,400.0,400.0],4.78158e-05],
[[1100.0,450.0,450.0],4.956318e-05],
[[1100.0,500.0,500.0],5.89362e-05],
[[1150.0,1.0,1.0],4.153524e-05],
[[1150.0,150.0,150.0],4.372166e-05],
[[1150.0,200.0,200.0],5.217515e-05],
[[1150.0,250.0,250.0],4.502413e-05],
[[1150.0,300.0,300.0],5.017157e-05],
[[1150.0,350.0,350.0],5.232098e-05],
[[1150.0,400.0,400.0],5.560467e-05],
[[1150.0,450.0,450.0],5.566534e-05],
[[1150.0,500.0,500.0],6.033425e-05],
[[1150.0,550.0,550.0],7.060449e-05],
[[1200.0,1.0,1.0],4.571286e-05],
[[1200.0,150.0,150.0],5.256012e-05],
[[1200.0,200.0,200.0],6.201883e-05],
[[1200.0,250.0,250.0],6.339895e-05],
[[1200.0,300.0,300.0],5.412815e-05],
[[1200.0,350.0,350.0],6.30349e-05],
[[1200.0,400.0,400.0],6.647792e-05],
[[1200.0,450.0,450.0],6.259741e-05],
[[1200.0,500.0,500.0],6.103756e-05],
[[1200.0,550.0,550.0],7.90935e-05],
[[1250.0,1.0,1.0],5.10635e-05],
[[1250.0,10.0,10.0],5.34131e-05],
[[1250.0,50.0,50.0],5.131648e-05],
[[1250.0,100.0,100.0],5.629973e-05],
[[1250.0,150.0,150.0],6.145964e-05],
[[1250.0,200.0,200.0],6.617631e-05],
[[1250.0,250.0,250.0],6.189802e-05],
[[1250.0,300.0,300.0],6.693933e-05],
[[1250.0,350.0,350.0],7.070274e-05],
[[1250.0,400.0,400.0],7.036094e-05],
[[1250.0,450.0,450.0],8.201766e-05],
[[1250.0,500.0,500.0],8.282513e-05],
[[1250.0,550.0,550.0],8.270677e-05],
[[1250.0,600.0,600.0],0.0001020541],
[[1300.0,1.0,1.0],8.421877e-05],
[[1300.0,150.0,150.0],7.217551e-05],
[[1300.0,200.0,200.0],7.191931e-05],
[[1300.0,250.0,250.0],7.462887e-05],
[[1300.0,300.0,300.0],7.999812e-05],
[[1300.0,350.0,350.0],8.228471e-05],
[[1300.0,400.0,400.0],8.218751e-05],
[[1300.0,450.0,450.0],8.247649e-05],
[[1300.0,500.0,500.0],9.681171e-05],
[[1300.0,550.0,550.0],8.823546e-05],
[[1300.0,600.0,600.0],9.283414e-05],
[[1350.0,1.0,1.0],6.17645e-05],
[[1350.0,150.0,150.0],7.504836e-05],
[[1350.0,200.0,200.0],8.248043e-05],
[[1350.0,250.0,250.0],8.033553e-05],
[[1350.0,300.0,300.0],8.80023e-05],
[[1350.0,350.0,350.0],8.640852e-05],
[[1350.0,400.0,400.0],9.557123e-05],
[[1350.0,450.0,450.0],9.851004e-05],
[[1350.0,500.0,500.0],0.0001111628],
[[1350.0,550.0,550.0],0.0001146161],
[[1350.0,600.0,600.0],9.969395e-05],
[[1350.0,650.0,650.0],0.0001213443],
[[1400.0,1.0,1.0],6.792592e-05],
[[1400.0,150.0,150.0],8.64881e-05],
[[1400.0,200.0,200.0],8.850356e-05],
[[1400.0,250.0,250.0],8.569111e-05],
[[1400.0,300.0,300.0],0.0001029473],
[[1400.0,350.0,350.0],0.0001063601],
[[1400.0,400.0,400.0],9.98565e-05],
[[1400.0,450.0,450.0],0.0001072051],
[[1400.0,500.0,500.0],0.0001748057],
[[1400.0,550.0,550.0],0.0001315069],
[[1400.0,600.0,600.0],0.0001183692],
[[1400.0,650.0,650.0],0.0001468769],
[[1450.0,1.0,1.0],7.148727e-05],
[[1450.0,150.0,150.0],9.525964e-05],
[[1450.0,200.0,200.0],9.623701e-05],
[[1450.0,250.0,250.0],0.0001137246],
[[1450.0,300.0,300.0],0.0001114474],
[[1450.0,350.0,350.0],0.0001155735],
[[1450.0,400.0,400.0],0.00012557],
[[1450.0,450.0,450.0],0.0001285756],
[[1450.0,500.0,500.0],0.0001300389],
[[1450.0,550.0,550.0],0.0001455862],
[[1450.0,600.0,600.0],0.0001459125],
[[1450.0,650.0,650.0],0.0001345324],
[[1450.0,700.0,700.0],0.0002119485],
[[1500.0,1.0,1.0],8.854282e-05],
[[1500.0,10.0,10.0],8.251415e-05],
[[1500.0,50.0,50.0],7.807054e-05],
[[1500.0,100.0,100.0],8.594717e-05],
[[1500.0,150.0,150.0],9.728847e-05],
[[1500.0,200.0,200.0],9.978509e-05],
[[1500.0,250.0,250.0],0.0001159115],
[[1500.0,300.0,300.0],0.0001146362],
[[1500.0,350.0,350.0],0.0004342307],
[[1500.0,400.0,400.0],0.0001329738],
[[1500.0,450.0,450.0],0.0001296194],
[[1500.0,500.0,500.0],0.0001434244],
[[1500.0,550.0,550.0],0.0001524131],
[[1500.0,600.0,600.0],0.0001514332],
[[1500.0,650.0,650.0],0.0001768462],
[[1500.0,700.0,700.0],0.0001765153],
[[1500.0,750.0,750.0],0.0002341279],
[[1550.0,1.0,1.0],9.038608e-05],
[[1550.0,150.0,150.0],0.0001053894],
[[1550.0,200.0,200.0],0.0001247569],
[[1550.0,250.0,250.0],0.0001259589],
[[1550.0,300.0,300.0],0.0001274052],
[[1550.0,350.0,350.0],0.0001358617],
[[1550.0,400.0,400.0],0.0001349589],
[[1550.0,450.0,450.0],0.0001573609],
[[1550.0,500.0,500.0],0.0001526628],
[[1550.0,550.0,550.0],0.0001487874],
[[1550.0,600.0,600.0],0.0002008189],
[[1550.0,650.0,650.0],0.0001755881],
[[1550.0,700.0,700.0],0.0001863146],
[[1550.0,750.0,750.0],0.0002098569],
[[1600.0,1.0,1.0],0.0001527696],
[[1600.0,150.0,150.0],0.000110921],
[[1600.0,200.0,200.0],0.0001248446],
[[1600.0,250.0,250.0],0.0001319089],
[[1600.0,300.0,300.0],0.0001541503],
[[1600.0,350.0,350.0],0.0001493324],
[[1600.0,400.0,400.0],0.000222568],
[[1600.0,450.0,450.0],0.0001578484],
[[1600.0,500.0,500.0],0.0001618774],
[[1600.0,550.0,550.0],0.0002023336],
[[1600.0,600.0,600.0],0.0001822399],
[[1600.0,650.0,650.0],0.0001704824],
[[1600.0,700.0,700.0],0.0002098284],
[[1600.0,750.0,750.0],0.0002121138],
[[1650.0,1.0,1.0],9.854518e-05],
[[1650.0,150.0,150.0],0.0001222978],
[[1650.0,200.0,200.0],0.0001788339],
[[1650.0,250.0,250.0],0.0001498701],
[[1650.0,300.0,300.0],0.0001746643],
[[1650.0,350.0,350.0],0.0001734702],
[[1650.0,400.0,400.0],0.0001668178],
[[1650.0,450.0,450.0],0.000233667],
[[1650.0,500.0,500.0],0.000194498],
[[1650.0,550.0,550.0],0.0001785004],
[[1650.0,600.0,600.0],0.0001896855],
[[1650.0,650.0,650.0],0.0002050078],
[[1650.0,700.0,700.0],0.0002077305],
[[1650.0,750.0,750.0],0.000241141],
[[1650.0,800.0,800.0],0.0002480206],
[[1700.0,1.0,1.0],0.0001007207],
[[1700.0,150.0,150.0],0.0001219873],
[[1700.0,200.0,200.0],0.0001433725],
[[1700.0,250.0,250.0],0.0001631426],
[[1700.0,300.0,300.0],0.0001569446],
[[1700.0,350.0,350.0],0.0002529475],
[[1700.0,400.0,400.0],0.0001919003],
[[1700.0,450.0,450.0],0.0001848292],
[[1700.0,500.0,500.0],0.0002239043],
[[1700.0,550.0,550.0],0.0002138057],
[[1700.0,600.0,600.0],0.0002329267],
[[1700.0,650.0,650.0],0.0002158798],
[[1700.0,700.0,700.0],0.0002215406],
[[1700.0,750.0,750.0],0.0002932931],
[[1700.0,800.0,800.0],0.0002423217],
[[1750.0,1.0,1.0],0.0001155539],
[[1750.0,10.0,10.0],0.0001207167],
[[1750.0,50.0,50.0],0.0001107786],
[[1750.0,100.0,100.0],0.0001206331],
[[1750.0,150.0,150.0],0.0001303786],
[[1750.0,200.0,200.0],0.0001494973],
[[1750.0,250.0,250.0],0.00016866],
[[1750.0,300.0,300.0],0.0002017337],
[[1750.0,350.0,350.0],0.0002009119],
[[1750.0,400.0,400.0],0.0002311972],
[[1750.0,450.0,450.0],0.0002377777],
[[1750.0,500.0,500.0],0.0002218898],
[[1750.0,550.0,550.0],0.0002097994],
[[1750.0,600.0,600.0],0.0002296264],
[[1750.0,650.0,650.0],0.0002805321],
[[1750.0,700.0,700.0],0.0002297469],
[[1750.0,750.0,750.0],0.0002449651],
[[1750.0,800.0,800.0],0.0002821694],
[[1750.0,850.0,850.0],0.0003175354],
[[1800.0,1.0,1.0],0.0001120896],
[[1800.0,150.0,150.0],0.0001503191],
[[1800.0,200.0,200.0],0.0001591534],
[[1800.0,250.0,250.0],0.0001789327],
[[1800.0,300.0,300.0],0.0001850121],
[[1800.0,350.0,350.0],0.0002121641],
[[1800.0,400.0,400.0],0.0002057049],
[[1800.0,450.0,450.0],0.0002501504],
[[1800.0,500.0,500.0],0.0002525816],
[[1800.0,550.0,550.0],0.0002345666],
[[1800.0,600.0,600.0],0.0002554827],
[[1800.0,650.0,650.0],0.0002356413],
[[1800.0,700.0,700.0],0.0002606729],
[[1800.0,750.0,750.0],0.000264192],
[[1800.0,800.0,800.0],0.0003187054],
[[1800.0,850.0,850.0],0.0003233008],
[[1850.0,1.0,1.0],0.0001114475],
[[1850.0,150.0,150.0],0.0001451002],
[[1850.0,200.0,200.0],0.0001869208],
[[1850.0,250.0,250.0],0.0001990817],
[[1850.0,300.0,300.0],0.0002213773],
[[1850.0,350.0,350.0],0.0002402892],
[[1850.0,400.0,400.0],0.0002375247],
[[1850.0,450.0,450.0],0.0002492301],
[[1850.0,500.0,500.0],0.0002316203],
[[1850.0,550.0,550.0],0.0003163267],
[[1850.0,600.0,600.0],0.0002774686],
[[1850.0,650.0,650.0],0.0003613024],
[[1850.0,700.0,700.0],0.0002586648],
[[1850.0,750.0,750.0],0.0003201188],
[[1850.0,800.0,800.0],0.0004210752],
[[1850.0,850.0,850.0],0.0004202968],
[[1850.0,900.0,900.0],0.0003741537],
[[1900.0,1.0,1.0],0.0001419407],
[[1900.0,150.0,150.0],0.0001690924],
[[1900.0,200.0,200.0],0.0002521673],
[[1900.0,250.0,250.0],0.0001993262],
[[1900.0,300.0,300.0],0.0002363112],
[[1900.0,350.0,350.0],0.0002024717],
[[1900.0,400.0,400.0],0.0002590508],
[[1900.0,450.0,450.0],0.000299426],
[[1900.0,500.0,500.0],0.0002703239],
[[1900.0,550.0,550.0],0.0002708532],
[[1900.0,600.0,600.0],0.0002679411],
[[1900.0,650.0,650.0],0.0002868959],
[[1900.0,700.0,700.0],0.0002901241],
[[1900.0,750.0,750.0],0.0002765363],
[[1900.0,800.0,800.0],0.0002881868],
[[1900.0,850.0,850.0],0.0003031595],
[[1900.0,900.0,900.0],0.0003188704],
[[1950.0,1.0,1.0],0.0001217145],
[[1950.0,150.0,150.0],0.0001782593],
[[1950.0,200.0,200.0],0.0001852798],
[[1950.0,250.0,250.0],0.0001895264],
[[1950.0,300.0,300.0],0.0002234757],
[[1950.0,350.0,350.0],0.0003437266],
[[1950.0,400.0,400.0],0.0003588104],
[[1950.0,450.0,450.0],0.0002650597],
[[1950.0,500.0,500.0],0.0002781885],
[[1950.0,550.0,550.0],0.0003006732],
[[1950.0,600.0,600.0],0.0002934817],
[[1950.0,650.0,650.0],0.0003072732],
[[1950.0,700.0,700.0],0.0003059517],
[[1950.0,750.0,750.0],0.0003370905],
[[1950.0,800.0,800.0],0.0003608732],
[[1950.0,850.0,850.0],0.00034487],
[[1950.0,900.0,900.0],0.00054433],
[[1950.0,950.0,950.0],0.0007417284],
[[2000.0,1.0,1.0],0.0001178369],
[[2000.0,10.0,10.0],0.0001326588],
[[2000.0,50.0,50.0],0.0001277208],
[[2000.0,100.0,100.0],0.0001444848],
[[2000.0,150.0,150.0],0.0001781064],
[[2000.0,200.0,200.0],0.0002128239],
[[2000.0,250.0,250.0],0.0002049072],
[[2000.0,300.0,300.0],0.0002276909],
[[2000.0,350.0,350.0],0.0003211777],
[[2000.0,400.0,400.0],0.000313644],
[[2000.0,450.0,450.0],0.0002867043],
[[2000.0,500.0,500.0],0.0002995203],
[[2000.0,550.0,550.0],0.0002996277],
[[2000.0,600.0,600.0],0.0003330947],
[[2000.0,650.0,650.0],0.0003271884],
[[2000.0,700.0,700.0],0.0003576499],
[[2000.0,750.0,750.0],0.0003683766],
[[2000.0,800.0,800.0],0.0005268322],
[[2000.0,850.0,850.0],0.0003670067],
[[2000.0,900.0,900.0],0.0003351261],
[[2000.0,950.0,950.0],0.0003942451],
[[2250.0,1.0,1.0],0.0001421126],
[[2250.0,10.0,10.0],0.000146198],
[[2250.0,50.0,50.0],0.0001594587],
[[2250.0,100.0,100.0],0.0001898305],
[[2250.0,150.0,150.0],0.0001732443],
[[2250.0,300.0,300.0],0.0002901083],
[[2250.0,500.0,500.0],0.000394319],
[[2250.0,750.0,750.0],0.0004628843],
[[2250.0,1000.0,1000.0],0.0005361503],
[[2500.0,1.0,1.0],0.0001790484],
[[2500.0,10.0,10.0],0.0001331676],
[[2500.0,50.0,50.0],0.0001664168],
[[2500.0,100.0,100.0],0.000180442],
[[2500.0,150.0,150.0],0.0002195094],
[[2500.0,300.0,300.0],0.0003233027],
[[2500.0,500.0,500.0],0.0004176629],
[[2500.0,750.0,750.0],0.0005668761],
[[2500.0,1000.0,1000.0],0.0005977302],
[[2500.0,1200.0,1200.0],0.0006945824],
[[2750.0,1.0,1.0],0.0001171629],
[[2750.0,10.0,10.0],0.000148291],
[[2750.0,50.0,50.0],0.0001257296],
[[2750.0,100.0,100.0],0.0001635548],
[[2750.0,150.0,150.0],0.0001991638],
[[2750.0,300.0,300.0],0.0003347622],
[[2750.0,500.0,500.0],0.0005728601],
[[2750.0,750.0,750.0],0.0006485349],
[[2750.0,1000.0,1000.0],0.0006723601],
[[2750.0,1200.0,1200.0],0.0007081854],
[[3000.0,1.0,1.0],9.977425e-05],
[[3000.0,10.0,10.0],0.000106686],
[[3000.0,50.0,50.0],9.294494e-05],
[[3000.0,100.0,100.0],0.0001275242],
[[3000.0,150.0,150.0],0.0001967257],
[[3000.0,300.0,300.0],0.0003632894],
[[3000.0,500.0,500.0],0.0005549286],
[[3000.0,750.0,750.0],0.0008169886],
[[3000.0,1000.0,1000.0],0.0007454463],
[[3000.0,1200.0,1200.0],0.0008388566],
[[3000.0,1400.0,1400.0],0.0009680533]]
