txName: TRV1
constraint: {(PV > Zprime(1)), (Zprime(1) > MET(2),MET(3))}
condition: None
conditionDescription: None
figureUrl: https://cms-results.web.cern.ch/cms-results/public-results/publications/EXO-20-004/CMS-EXO-20-004_Figure_007-b.png
source: CMS
validated: True
axesMap: [{0: 'x', 1: 'y', 2: 'y'}]
dataMap: {0: (1, 'mass', GeV), 1: (2, 'mass', GeV), 2: (3, 'mass', GeV)}
finalState: ['MET', 'MET']
intermediateState: None
efficiencyMap: [[[50.0,1.0,1.0],2.578195e-09],
[[100.0,1.0,1.0],2.323253e-08],
[[100.0,10.0,10.0],1.003912e-08],
[[150.0,1.0,1.0],6.66736e-08],
[[150.0,75.0,75.0],5.190026e-08],
[[200.0,1.0,1.0],1.203236e-07],
[[200.0,75.0,75.0],2.529347e-07],
[[250.0,1.0,1.0],2.660866e-07],
[[250.0,10.0,10.0],3.80821e-07],
[[250.0,75.0,75.0],3.755586e-07],
[[300.0,1.0,1.0],6.107298e-07],
[[300.0,75.0,75.0],7.372991e-07],
[[350.0,1.0,1.0],8.741855e-07],
[[350.0,75.0,75.0],8.989864e-07],
[[350.0,150.0,150.0],1.060746e-06],
[[400.0,1.0,1.0],1.343922e-06],
[[400.0,75.0,75.0],1.425665e-06],
[[400.0,150.0,150.0],1.795285e-06],
[[450.0,1.0,1.0],2.559253e-06],
[[450.0,75.0,75.0],3.084244e-06],
[[450.0,150.0,150.0],2.263741e-06],
[[450.0,200.0,200.0],3.165745e-06],
[[500.0,1.0,1.0],2.929934e-06],
[[500.0,10.0,10.0],4.078603e-06],
[[500.0,75.0,75.0],4.496484e-06],
[[500.0,150.0,150.0],4.132986e-06],
[[500.0,200.0,200.0],3.823305e-06],
[[550.0,1.0,1.0],5.018445e-06],
[[550.0,75.0,75.0],4.339116e-06],
[[550.0,150.0,150.0],4.679847e-06],
[[550.0,200.0,200.0],4.91816e-06],
[[550.0,250.0,250.0],6.600379e-06],
[[600.0,1.0,1.0],5.337066e-06],
[[600.0,75.0,75.0],5.439265e-06],
[[600.0,150.0,150.0],5.772007e-06],
[[600.0,200.0,200.0],5.041412e-06],
[[600.0,250.0,250.0],5.442631e-06],
[[650.0,1.0,1.0],7.823651e-06],
[[650.0,75.0,75.0],7.225374e-06],
[[650.0,150.0,150.0],8.369908e-06],
[[650.0,200.0,200.0],5.762427e-06],
[[650.0,250.0,250.0],7.242651e-06],
[[650.0,300.0,300.0],8.86738e-06],
[[700.0,1.0,1.0],9.221697e-06],
[[700.0,75.0,75.0],9.878449e-06],
[[700.0,150.0,150.0],9.755438e-06],
[[700.0,200.0,200.0],1.018918e-05],
[[700.0,250.0,250.0],1.074845e-05],
[[700.0,300.0,300.0],1.034702e-05],
[[750.0,1.0,1.0],1.200674e-05],
[[750.0,10.0,10.0],1.128098e-05],
[[750.0,75.0,75.0],1.234836e-05],
[[750.0,150.0,150.0],1.143943e-05],
[[750.0,200.0,200.0],1.06813e-05],
[[750.0,250.0,250.0],1.285031e-05],
[[750.0,300.0,300.0],1.246929e-05],
[[750.0,350.0,350.0],1.265634e-05],
[[800.0,1.0,1.0],1.364461e-05],
[[800.0,75.0,75.0],1.463626e-05],
[[800.0,150.0,150.0],1.284271e-05],
[[800.0,200.0,200.0],1.528145e-05],
[[800.0,250.0,250.0],1.263096e-05],
[[800.0,300.0,300.0],1.218911e-05],
[[800.0,350.0,350.0],1.350906e-05],
[[850.0,1.0,1.0],1.602851e-05],
[[850.0,75.0,75.0],1.554669e-05],
[[850.0,150.0,150.0],1.611389e-05],
[[850.0,200.0,200.0],1.871073e-05],
[[850.0,250.0,250.0],1.799139e-05],
[[850.0,300.0,300.0],1.725025e-05],
[[850.0,350.0,350.0],1.781319e-05],
[[850.0,400.0,400.0],1.562063e-05],
[[900.0,1.0,1.0],1.921448e-05],
[[900.0,75.0,75.0],1.81753e-05],
[[900.0,150.0,150.0],1.468474e-05],
[[900.0,200.0,200.0],1.934955e-05],
[[900.0,250.0,250.0],1.995524e-05],
[[900.0,300.0,300.0],2.119838e-05],
[[900.0,350.0,350.0],2.083541e-05],
[[900.0,400.0,400.0],2.174834e-05],
[[950.0,1.0,1.0],1.970902e-05],
[[950.0,75.0,75.0],2.217451e-05],
[[950.0,150.0,150.0],2.141601e-05],
[[950.0,200.0,200.0],2.686915e-05],
[[950.0,250.0,250.0],2.234753e-05],
[[950.0,300.0,300.0],2.133644e-05],
[[950.0,350.0,350.0],2.456588e-05],
[[950.0,400.0,400.0],2.471696e-05],
[[950.0,450.0,450.0],2.50029e-05],
[[1000.0,1.0,1.0],2.501104e-05],
[[1000.0,10.0,10.0],2.354634e-05],
[[1000.0,75.0,75.0],2.798363e-05],
[[1000.0,150.0,150.0],2.478372e-05],
[[1000.0,200.0,200.0],2.522617e-05],
[[1000.0,250.0,250.0],2.606825e-05],
[[1000.0,300.0,300.0],2.653489e-05],
[[1000.0,350.0,350.0],2.665468e-05],
[[1000.0,400.0,400.0],2.694636e-05],
[[1000.0,450.0,450.0],2.570805e-05],
[[1050.0,1.0,1.0],2.647258e-05],
[[1050.0,75.0,75.0],2.919909e-05],
[[1050.0,150.0,150.0],3.15496e-05],
[[1050.0,200.0,200.0],2.831262e-05],
[[1050.0,250.0,250.0],2.976141e-05],
[[1050.0,300.0,300.0],2.851397e-05],
[[1050.0,350.0,350.0],2.287287e-05],
[[1050.0,400.0,400.0],3.219186e-05],
[[1050.0,450.0,450.0],2.540099e-05],
[[1050.0,500.0,500.0],3.244221e-05],
[[1100.0,1.0,1.0],2.783827e-05],
[[1100.0,75.0,75.0],3.089018e-05],
[[1100.0,150.0,150.0],2.68503e-05],
[[1100.0,200.0,200.0],2.884402e-05],
[[1100.0,250.0,250.0],3.027085e-05],
[[1100.0,300.0,300.0],3.524293e-05],
[[1100.0,350.0,350.0],3.355231e-05],
[[1100.0,400.0,400.0],3.475028e-05],
[[1100.0,450.0,450.0],3.240345e-05],
[[1100.0,500.0,500.0],3.381422e-05],
[[1150.0,1.0,1.0],3.387705e-05],
[[1150.0,75.0,75.0],3.609047e-05],
[[1150.0,150.0,150.0],3.352889e-05],
[[1150.0,200.0,200.0],3.26273e-05],
[[1150.0,250.0,250.0],3.560386e-05],
[[1150.0,300.0,300.0],3.887283e-05],
[[1150.0,350.0,350.0],3.87047e-05],
[[1150.0,400.0,400.0],3.31181e-05],
[[1150.0,450.0,450.0],3.832361e-05],
[[1150.0,500.0,500.0],3.516732e-05],
[[1150.0,550.0,550.0],4.084648e-05],
[[1200.0,1.0,1.0],3.382448e-05],
[[1200.0,75.0,75.0],3.872041e-05],
[[1200.0,150.0,150.0],3.679669e-05],
[[1200.0,200.0,200.0],3.884197e-05],
[[1200.0,250.0,250.0],3.991061e-05],
[[1200.0,300.0,300.0],4.115353e-05],
[[1200.0,350.0,350.0],3.917874e-05],
[[1200.0,400.0,400.0],3.902933e-05],
[[1200.0,450.0,450.0],4.061906e-05],
[[1200.0,500.0,500.0],4.286032e-05],
[[1200.0,550.0,550.0],4.459485e-05],
[[1250.0,1.0,1.0],3.884759e-05],
[[1250.0,10.0,10.0],3.638157e-05],
[[1250.0,75.0,75.0],4.143403e-05],
[[1250.0,150.0,150.0],4.456317e-05],
[[1250.0,200.0,200.0],4.116626e-05],
[[1250.0,250.0,250.0],4.474424e-05],
[[1250.0,300.0,300.0],4.258714e-05],
[[1250.0,350.0,350.0],4.460638e-05],
[[1250.0,400.0,400.0],3.926054e-05],
[[1250.0,450.0,450.0],4.283932e-05],
[[1250.0,500.0,500.0],4.771749e-05],
[[1250.0,550.0,550.0],3.869022e-05],
[[1250.0,600.0,600.0],4.608005e-05],
[[1300.0,1.0,1.0],4.674025e-05],
[[1300.0,75.0,75.0],4.578322e-05],
[[1300.0,150.0,150.0],4.478407e-05],
[[1300.0,200.0,200.0],4.628106e-05],
[[1300.0,250.0,250.0],4.708789e-05],
[[1300.0,300.0,300.0],4.659054e-05],
[[1300.0,350.0,350.0],5.047349e-05],
[[1300.0,400.0,400.0],5.286598e-05],
[[1300.0,450.0,450.0],4.654902e-05],
[[1300.0,500.0,500.0],4.925958e-05],
[[1300.0,550.0,550.0],5.058809e-05],
[[1300.0,600.0,600.0],5.048695e-05],
[[1350.0,1.0,1.0],4.376601e-05],
[[1350.0,75.0,75.0],5.035922e-05],
[[1350.0,150.0,150.0],4.696734e-05],
[[1350.0,200.0,200.0],4.616962e-05],
[[1350.0,250.0,250.0],4.684967e-05],
[[1350.0,300.0,300.0],5.290368e-05],
[[1350.0,350.0,350.0],5.408384e-05],
[[1350.0,400.0,400.0],4.646083e-05],
[[1350.0,450.0,450.0],5.405308e-05],
[[1350.0,500.0,500.0],5.614385e-05],
[[1350.0,550.0,550.0],5.536791e-05],
[[1350.0,600.0,600.0],4.746785e-05],
[[1350.0,650.0,650.0],5.814243e-05],
[[1400.0,1.0,1.0],4.96111e-05],
[[1400.0,75.0,75.0],5.091133e-05],
[[1400.0,150.0,150.0],5.212726e-05],
[[1400.0,200.0,200.0],5.827012e-05],
[[1400.0,250.0,250.0],6.036563e-05],
[[1400.0,300.0,300.0],5.65758e-05],
[[1400.0,350.0,350.0],5.517098e-05],
[[1400.0,400.0,400.0],5.921193e-05],
[[1400.0,450.0,450.0],5.821249e-05],
[[1400.0,500.0,500.0],5.674854e-05],
[[1400.0,550.0,550.0],6.213063e-05],
[[1400.0,600.0,600.0],5.135289e-05],
[[1400.0,650.0,650.0],6.046566e-05],
[[1450.0,1.0,1.0],5.309349e-05],
[[1450.0,75.0,75.0],5.413326e-05],
[[1450.0,150.0,150.0],5.926074e-05],
[[1450.0,200.0,200.0],6.157846e-05],
[[1450.0,250.0,250.0],5.93146e-05],
[[1450.0,300.0,300.0],5.107322e-05],
[[1450.0,350.0,350.0],6.286251e-05],
[[1450.0,400.0,400.0],6.549889e-05],
[[1450.0,450.0,450.0],6.209413e-05],
[[1450.0,500.0,500.0],6.133228e-05],
[[1450.0,550.0,550.0],5.977114e-05],
[[1450.0,600.0,600.0],6.195995e-05],
[[1450.0,650.0,650.0],6.548915e-05],
[[1450.0,700.0,700.0],7.190108e-05],
[[1500.0,1.0,1.0],5.66908e-05],
[[1500.0,10.0,10.0],6.18921e-05],
[[1500.0,75.0,75.0],6.157058e-05],
[[1500.0,150.0,150.0],6.400499e-05],
[[1500.0,200.0,200.0],6.194451e-05],
[[1500.0,250.0,250.0],6.686152e-05],
[[1500.0,300.0,300.0],6.355726e-05],
[[1500.0,350.0,350.0],6.039983e-05],
[[1500.0,400.0,400.0],6.09225e-05],
[[1500.0,450.0,450.0],6.202573e-05],
[[1500.0,500.0,500.0],6.350451e-05],
[[1500.0,550.0,550.0],6.512149e-05],
[[1500.0,600.0,600.0],5.985686e-05],
[[1500.0,650.0,650.0],6.90332e-05],
[[1500.0,700.0,700.0],6.85403e-05],
[[1500.0,750.0,750.0],7.58102e-05],
[[1550.0,1.0,1.0],5.974672e-05],
[[1550.0,75.0,75.0],6.475802e-05],
[[1550.0,150.0,150.0],6.484228e-05],
[[1550.0,200.0,200.0],7.04111e-05],
[[1550.0,250.0,250.0],6.759565e-05],
[[1550.0,300.0,300.0],6.698461e-05],
[[1550.0,350.0,350.0],6.351539e-05],
[[1550.0,400.0,400.0],6.757074e-05],
[[1550.0,450.0,450.0],6.802483e-05],
[[1550.0,500.0,500.0],6.866215e-05],
[[1550.0,550.0,550.0],7.20489e-05],
[[1550.0,600.0,600.0],7.320349e-05],
[[1550.0,650.0,650.0],7.325987e-05],
[[1550.0,700.0,700.0],7.807941e-05],
[[1550.0,750.0,750.0],7.312501e-05],
[[1600.0,1.0,1.0],6.343839e-05],
[[1600.0,75.0,75.0],7.022557e-05],
[[1600.0,150.0,150.0],7.291625e-05],
[[1600.0,200.0,200.0],7.556486e-05],
[[1600.0,250.0,250.0],7.260296e-05],
[[1600.0,300.0,300.0],7.627889e-05],
[[1600.0,350.0,350.0],7.401541e-05],
[[1600.0,400.0,400.0],6.720424e-05],
[[1600.0,450.0,450.0],7.296281e-05],
[[1600.0,500.0,500.0],7.435866e-05],
[[1600.0,550.0,550.0],7.502086e-05],
[[1600.0,600.0,600.0],7.692673e-05],
[[1600.0,650.0,650.0],8.72632e-05],
[[1600.0,700.0,700.0],7.477714e-05],
[[1600.0,750.0,750.0],7.627966e-05],
[[1650.0,1.0,1.0],7.106324e-05],
[[1650.0,75.0,75.0],7.588121e-05],
[[1650.0,150.0,150.0],7.437653e-05],
[[1650.0,200.0,200.0],7.762939e-05],
[[1650.0,250.0,250.0],7.967909e-05],
[[1650.0,300.0,300.0],7.21246e-05],
[[1650.0,350.0,350.0],7.462409e-05],
[[1650.0,400.0,400.0],7.317632e-05],
[[1650.0,450.0,450.0],7.280991e-05],
[[1650.0,500.0,500.0],7.670563e-05],
[[1650.0,550.0,550.0],8.160363e-05],
[[1650.0,600.0,600.0],8.174946e-05],
[[1650.0,650.0,650.0],8.413974e-05],
[[1650.0,700.0,700.0],8.511464e-05],
[[1650.0,750.0,750.0],8.757173e-05],
[[1650.0,800.0,800.0],9.714099e-05],
[[1700.0,1.0,1.0],7.357625e-05],
[[1700.0,75.0,75.0],7.36873e-05],
[[1700.0,150.0,150.0],7.730466e-05],
[[1700.0,200.0,200.0],9.14943e-05],
[[1700.0,250.0,250.0],8.212565e-05],
[[1700.0,300.0,300.0],7.503735e-05],
[[1700.0,350.0,350.0],8.921786e-05],
[[1700.0,400.0,400.0],7.670661e-05],
[[1700.0,450.0,450.0],7.487789e-05],
[[1700.0,500.0,500.0],8.35853e-05],
[[1700.0,550.0,550.0],8.112889e-05],
[[1700.0,600.0,600.0],7.644353e-05],
[[1700.0,650.0,650.0],7.484728e-05],
[[1700.0,700.0,700.0],8.337926e-05],
[[1700.0,750.0,750.0],9.448338e-05],
[[1700.0,800.0,800.0],8.713742e-05],
[[1750.0,1.0,1.0],7.382623e-05],
[[1750.0,10.0,10.0],7.496404e-05],
[[1750.0,75.0,75.0],8.435499e-05],
[[1750.0,150.0,150.0],8.739279e-05],
[[1750.0,200.0,200.0],7.901848e-05],
[[1750.0,250.0,250.0],7.489946e-05],
[[1750.0,300.0,300.0],8.860145e-05],
[[1750.0,350.0,350.0],8.862713e-05],
[[1750.0,400.0,400.0],8.632722e-05],
[[1750.0,450.0,450.0],8.533346e-05],
[[1750.0,500.0,500.0],9.076979e-05],
[[1750.0,550.0,550.0],7.829781e-05],
[[1750.0,600.0,600.0],7.709269e-05],
[[1750.0,650.0,650.0],9.521364e-05],
[[1750.0,700.0,700.0],8.433421e-05],
[[1750.0,750.0,750.0],7.98222e-05],
[[1750.0,800.0,800.0],8.356615e-05],
[[1750.0,850.0,850.0],9.134601e-05],
[[1800.0,1.0,1.0],8.424266e-05],
[[1800.0,75.0,75.0],8.054884e-05],
[[1800.0,150.0,150.0],8.203736e-05],
[[1800.0,200.0,200.0],8.388242e-05],
[[1800.0,250.0,250.0],8.75964e-05],
[[1800.0,300.0,300.0],8.613379e-05],
[[1800.0,350.0,350.0],8.364197e-05],
[[1800.0,400.0,400.0],8.648382e-05],
[[1800.0,450.0,450.0],8.984949e-05],
[[1800.0,500.0,500.0],9.2306e-05],
[[1800.0,550.0,550.0],0.0001041304],
[[1800.0,600.0,600.0],8.327204e-05],
[[1800.0,650.0,650.0],9.852951e-05],
[[1800.0,700.0,700.0],9.000101e-05],
[[1800.0,750.0,750.0],8.689099e-05],
[[1800.0,800.0,800.0],9.629003e-05],
[[1800.0,850.0,850.0],9.19155e-05],
[[1850.0,1.0,1.0],8.353985e-05],
[[1850.0,75.0,75.0],8.685157e-05],
[[1850.0,150.0,150.0],8.697017e-05],
[[1850.0,200.0,200.0],8.799901e-05],
[[1850.0,250.0,250.0],9.444881e-05],
[[1850.0,300.0,300.0],8.517091e-05],
[[1850.0,350.0,350.0],9.965963e-05],
[[1850.0,400.0,400.0],9.661118e-05],
[[1850.0,450.0,450.0],9.353382e-05],
[[1850.0,500.0,500.0],0.0001031118],
[[1850.0,550.0,550.0],9.784898e-05],
[[1850.0,600.0,600.0],0.0001090187],
[[1850.0,650.0,650.0],0.0001093479],
[[1850.0,700.0,700.0],9.516239e-05],
[[1850.0,750.0,750.0],0.0001001686],
[[1850.0,800.0,800.0],0.0001086963],
[[1850.0,850.0,850.0],9.600628e-05],
[[1850.0,900.0,900.0],0.0001120256],
[[1900.0,1.0,1.0],0.0001064511],
[[1900.0,75.0,75.0],0.0001047235],
[[1900.0,150.0,150.0],8.996278e-05],
[[1900.0,200.0,200.0],0.0001075333],
[[1900.0,250.0,250.0],0.0001066128],
[[1900.0,300.0,300.0],8.760398e-05],
[[1900.0,350.0,350.0],9.949205e-05],
[[1900.0,400.0,400.0],9.12481e-05],
[[1900.0,450.0,450.0],8.945067e-05],
[[1900.0,500.0,500.0],9.902116e-05],
[[1900.0,550.0,550.0],9.614099e-05],
[[1900.0,600.0,600.0],0.0001012712],
[[1900.0,650.0,650.0],0.0001078279],
[[1900.0,700.0,700.0],0.0001115509],
[[1900.0,750.0,750.0],9.84417e-05],
[[1900.0,800.0,800.0],0.0001062906],
[[1900.0,850.0,850.0],9.544043e-05],
[[1900.0,900.0,900.0],9.745237e-05],
[[1950.0,1.0,1.0],9.164987e-05],
[[1950.0,75.0,75.0],9.282784e-05],
[[1950.0,150.0,150.0],9.129736e-05],
[[1950.0,200.0,200.0],8.950115e-05],
[[1950.0,250.0,250.0],0.0001048764],
[[1950.0,300.0,300.0],0.0001093063],
[[1950.0,350.0,350.0],0.0001079941],
[[1950.0,400.0,400.0],0.0001075073],
[[1950.0,450.0,450.0],0.0001022413],
[[1950.0,500.0,500.0],9.71926e-05],
[[1950.0,550.0,550.0],9.347734e-05],
[[1950.0,600.0,600.0],9.917968e-05],
[[1950.0,650.0,650.0],9.488101e-05],
[[1950.0,700.0,700.0],0.0001105676],
[[1950.0,750.0,750.0],0.000116546],
[[1950.0,800.0,800.0],0.0001180731],
[[1950.0,850.0,850.0],0.0001072615],
[[1950.0,900.0,900.0],0.000105133],
[[1950.0,950.0,950.0],9.888393e-05],
[[2000.0,1.0,1.0],0.0001095883],
[[2000.0,75.0,75.0],0.0001043194],
[[2000.0,150.0,150.0],0.0001077526],
[[2000.0,200.0,200.0],9.118938e-05],
[[2000.0,250.0,250.0],9.305255e-05],
[[2000.0,300.0,300.0],9.700112e-05],
[[2000.0,350.0,350.0],0.000100792],
[[2000.0,400.0,400.0],0.0001060388],
[[2000.0,450.0,450.0],0.0001071513],
[[2000.0,500.0,500.0],0.0001158779],
[[2000.0,550.0,550.0],0.0001030816],
[[2000.0,600.0,600.0],0.0001183148],
[[2000.0,650.0,650.0],9.408633e-05],
[[2000.0,700.0,700.0],0.0001127611],
[[2000.0,750.0,750.0],0.0001132858],
[[2000.0,800.0,800.0],0.0001108633],
[[2000.0,850.0,850.0],0.0001113106],
[[2000.0,900.0,900.0],0.0001274659],
[[2000.0,950.0,950.0],0.0001045624],
[[2250.0,1.0,1.0],0.0001163521],
[[2250.0,75.0,75.0],0.0001078374],
[[2250.0,150.0,150.0],0.0001103017],
[[2250.0,300.0,300.0],0.0001152768],
[[2250.0,500.0,500.0],0.0001283461],
[[2250.0,750.0,750.0],0.000126028],
[[2250.0,1000.0,1000.0],0.0001469728],
[[2500.0,1.0,1.0],0.0001381179],
[[2500.0,75.0,75.0],0.0001408644],
[[2500.0,150.0,150.0],0.0001197563],
[[2500.0,300.0,300.0],0.0001130753],
[[2500.0,500.0,500.0],0.0001387244],
[[2500.0,750.0,750.0],0.0001321823],
[[2500.0,1000.0,1000.0],0.000119419],
[[2500.0,1200.0,1200.0],0.0001410295],
[[2750.0,1.0,1.0],0.0001319981],
[[2750.0,75.0,75.0],0.0001397574],
[[2750.0,150.0,150.0],0.0001358045],
[[2750.0,300.0,300.0],0.0001411946],
[[2750.0,500.0,500.0],0.0001332849],
[[2750.0,750.0,750.0],0.0001461153],
[[2750.0,1000.0,1000.0],0.0001365889],
[[2750.0,1200.0,1200.0],0.0001205008],
[[3000.0,1.0,1.0],0.0001273687],
[[3000.0,75.0,75.0],0.0001180086],
[[3000.0,150.0,150.0],0.0001183402],
[[3000.0,300.0,300.0],0.0001224378],
[[3000.0,500.0,500.0],0.0001218757],
[[3000.0,750.0,750.0],0.000100846],
[[3000.0,1000.0,1000.0],0.0001351177],
[[3000.0,1200.0,1200.0],0.0001278245],
[[3000.0,1400.0,1400.0],0.000144048]]
