txName: TRV1
constraint: {(PV > Zprime(1)), (Zprime(1) > MET(2),MET(3))}
condition: None
conditionDescription: None
figureUrl: None
source: Recast by CM2
validated: True
axesMap: [{0: 'x', 1: 'y', 2: 'y'}]
dataMap: {0: (1, 'mass', GeV), 1: (2, 'mass', GeV), 2: (3, 'mass', GeV)}
finalState: ['MET', 'MET']
intermediateState: None
efficiencyMap: [[[50.0,0,0],0.0],
[[50.0,1.0,1.0],0.0],
[[50.0,10.0,10.0],0.0],
[[50.0,20.0,20.0],0],
[[100.0,0,0],0],
[[100.0,1.0,1.0],0.0],
[[100.0,10.0,10.0],0],
[[150.0,0,0],0],
[[150.0,1.0,1.0],0],
[[150.0,10.0,10.0],0],
[[150.0,50.0,50.0],0],
[[150.0,70.0,70.0],0],
[[200.0,0,0],0],
[[200.0,1.0,1.0],0],
[[200.0,10.0,10.0],0],
[[200.0,50.0,50.0],0],
[[200.0,75.0,75.0],0],
[[250.0,0,0],6.645509e-06],
[[250.0,1.0,1.0],0],
[[250.0,10.0,10.0],0],
[[250.0,50.0,50.0],0],
[[250.0,75.0,75.0],0],
[[250.0,100.0,100.0],1.676063e-06],
[[250.0,120.0,120.0],0],
[[300.0,0,0],1.943693e-06],
[[300.0,1.0,1.0],0],
[[300.0,10.0,10.0],2.120889e-06],
[[300.0,50.0,50.0],6.566898e-06],
[[300.0,75.0,75.0],0],
[[300.0,100.0,100.0],1.895906e-06],
[[350.0,0,0],3.013685e-06],
[[350.0,1.0,1.0],1.855901e-06],
[[350.0,10.0,10.0],2.321979e-06],
[[350.0,50.0,50.0],5.944867e-06],
[[350.0,75.0,75.0],2.492916e-06],
[[350.0,100.0,100.0],1.855521e-06],
[[350.0,150.0,150.0],3.836059e-06],
[[350.0,170.0,170.0],3.574581e-06],
[[400.0,0,0],2.594277e-06],
[[400.0,1.0,1.0],3.502914e-06],
[[400.0,10.0,10.0],3.026944e-06],
[[400.0,50.0,50.0],3.715536e-06],
[[400.0,75.0,75.0],2.289373e-06],
[[400.0,100.0,100.0],3.411549e-06],
[[400.0,150.0,150.0],3.644385e-06],
[[450.0,0,0],3.030013e-06],
[[450.0,1.0,1.0],2.640509e-06],
[[450.0,10.0,10.0],6.788143e-06],
[[450.0,50.0,50.0],6.224164e-06],
[[450.0,75.0,75.0],4.021681e-06],
[[450.0,100.0,100.0],5.906892e-06],
[[450.0,150.0,150.0],5.555807e-06],
[[450.0,200.0,200.0],6.056727e-06],
[[450.0,220.0,220.0],3.414348e-06],
[[500.0,0,0],6.12953e-06],
[[500.0,1.0,1.0],2.485751e-05],
[[500.0,10.0,10.0],3.416326e-06],
[[500.0,50.0,50.0],4.169928e-06],
[[500.0,75.0,75.0],6.558087e-06],
[[500.0,100.0,100.0],6.752436e-06],
[[500.0,150.0,150.0],8.680397e-06],
[[500.0,200.0,200.0],8.989829e-06],
[[550.0,1.0,1.0],8.777099e-06],
[[550.0,10.0,10.0],3.23707e-06],
[[550.0,75.0,75.0],7.340531e-06],
[[550.0,150.0,150.0],5.587677e-06],
[[550.0,200.0,200.0],5.347986e-06],
[[550.0,250.0,250.0],9.30223e-06],
[[550.0,270.0,270.0],1.135945e-05],
[[600.0,0,0],9.966807e-06],
[[600.0,1.0,1.0],9.368396e-06],
[[600.0,10.0,10.0],1.100923e-05],
[[600.0,50.0,50.0],7.428607e-06],
[[600.0,75.0,75.0],9.419558e-06],
[[600.0,100.0,100.0],6.83516e-06],
[[600.0,150.0,150.0],6.568579e-06],
[[600.0,200.0,200.0],9.853908e-06],
[[600.0,250.0,250.0],1.254488e-05],
[[600.0,295.0,295.0],1.797017e-05],
[[650.0,1.0,1.0],1.097561e-05],
[[650.0,10.0,10.0],1.121008e-05],
[[650.0,75.0,75.0],2.10956e-05],
[[650.0,150.0,150.0],1.728343e-05],
[[650.0,200.0,200.0],8.140743e-06],
[[650.0,250.0,250.0],2.127715e-05],
[[650.0,300.0,300.0],1.139103e-05],
[[650.0,320.0,320.0],8.482166e-06],
[[700.0,0,0],1.365431e-05],
[[700.0,1.0,1.0],1.419872e-05],
[[700.0,10.0,10.0],1.217153e-05],
[[700.0,50.0,50.0],1.453826e-05],
[[700.0,75.0,75.0],1.342023e-05],
[[700.0,100.0,100.0],9.152502e-06],
[[700.0,150.0,150.0],8.44942e-06],
[[700.0,200.0,200.0],3.971095e-05],
[[700.0,250.0,250.0],8.362161e-06],
[[700.0,300.0,300.0],9.591184e-06],
[[750.0,1.0,1.0],1.09981e-05],
[[750.0,10.0,10.0],1.272838e-05],
[[750.0,75.0,75.0],1.602075e-05],
[[750.0,150.0,150.0],1.438315e-05],
[[750.0,200.0,200.0],1.529834e-05],
[[750.0,250.0,250.0],9.646104e-06],
[[750.0,300.0,300.0],2.430822e-05],
[[750.0,350.0,350.0],1.558907e-05],
[[750.0,370.0,370.0],1.288612e-05],
[[800.0,0,0],2.431715e-05],
[[800.0,1.0,1.0],1.630882e-05],
[[800.0,10.0,10.0],2.133123e-05],
[[800.0,50.0,50.0],8.406168e-06],
[[800.0,75.0,75.0],2.136739e-05],
[[800.0,100.0,100.0],1.775869e-05],
[[800.0,150.0,150.0],1.673267e-05],
[[800.0,200.0,200.0],1.564881e-05],
[[800.0,250.0,250.0],1.658161e-05],
[[800.0,300.0,300.0],2.455457e-05],
[[800.0,350.0,350.0],2.275416e-05],
[[850.0,1.0,1.0],2.083256e-05],
[[850.0,10.0,10.0],2.308984e-05],
[[850.0,75.0,75.0],1.961689e-05],
[[850.0,150.0,150.0],1.732227e-05],
[[850.0,200.0,200.0],2.602919e-05],
[[850.0,250.0,250.0],2.563264e-05],
[[850.0,300.0,300.0],1.823204e-05],
[[850.0,350.0,350.0],2.183584e-05],
[[850.0,400.0,400.0],3.1029e-05],
[[850.0,420.0,420.0],3.914847e-05],
[[900.0,0,0],1.482647e-05],
[[900.0,1.0,1.0],1.706805e-05],
[[900.0,10.0,10.0],2.171864e-05],
[[900.0,50.0,50.0],1.731617e-05],
[[900.0,75.0,75.0],2.004885e-05],
[[900.0,100.0,100.0],1.693762e-05],
[[900.0,150.0,150.0],4.144827e-05],
[[900.0,200.0,200.0],2.277036e-05],
[[900.0,250.0,250.0],2.143379e-05],
[[900.0,300.0,300.0],3.148138e-05],
[[900.0,350.0,350.0],1.557058e-05],
[[900.0,400.0,400.0],1.809937e-05],
[[950.0,1.0,1.0],2.538029e-05],
[[950.0,10.0,10.0],2.214217e-05],
[[950.0,75.0,75.0],2.458411e-05],
[[950.0,150.0,150.0],2.240066e-05],
[[950.0,200.0,200.0],2.02328e-05],
[[950.0,250.0,250.0],2.299507e-05],
[[950.0,300.0,300.0],2.418114e-05],
[[950.0,350.0,350.0],2.266015e-05],
[[950.0,400.0,400.0],1.849365e-05],
[[950.0,450.0,450.0],1.48093e-05],
[[950.0,470.0,470.0],2.082581e-05],
[[1000.0,0,0],1.800068e-05],
[[1000.0,50.0,50.0],2.961215e-05],
[[1000.0,100.0,100.0],2.065494e-05],
[[1000.0,150.0,150.0],1.512773e-05],
[[1000.0,200.0,200.0],1.638023e-05],
[[1000.0,250.0,250.0],2.166161e-05],
[[1000.0,300.0,300.0],2.990904e-05],
[[1000.0,350.0,350.0],2.984694e-05],
[[1000.0,400.0,400.0],1.587791e-05],
[[1000.0,450.0,450.0],2.266112e-05],
[[1050.0,520.0,520.0],3.264201e-05],
[[1100.0,0,0],3.261892e-05],
[[1100.0,100.0,100.0],2.57388e-05],
[[1100.0,200.0,200.0],2.010099e-05],
[[1100.0,300.0,300.0],3.703433e-05],
[[1100.0,400.0,400.0],2.937226e-05],
[[1100.0,500.0,500.0],3.243172e-05],
[[1150.0,570.0,570.0],2.785432e-05],
[[1200.0,0,0],3.060783e-05],
[[1200.0,100.0,100.0],2.749567e-05],
[[1200.0,200.0,200.0],2.628684e-05],
[[1200.0,300.0,300.0],4.056981e-05],
[[1200.0,400.0,400.0],4.03884e-05],
[[1200.0,500.0,500.0],3.223296e-05],
[[1250.0,620.0,620.0],2.782002e-05],
[[1300.0,0,0],3.877069e-05],
[[1300.0,100.0,100.0],2.493075e-05],
[[1300.0,200.0,200.0],2.036291e-05],
[[1300.0,300.0,300.0],2.416669e-05],
[[1300.0,400.0,400.0],2.352783e-05],
[[1300.0,500.0,500.0],2.827473e-05],
[[1300.0,600.0,600.0],3.442764e-05],
[[1350.0,670.0,670.0],4.152888e-05],
[[1400.0,0,0],3.478457e-05],
[[1400.0,100.0,100.0],3.045281e-05],
[[1400.0,200.0,200.0],3.277958e-05],
[[1400.0,300.0,300.0],2.588062e-05],
[[1400.0,400.0,400.0],3.531272e-05],
[[1400.0,500.0,500.0],5.083919e-05],
[[1400.0,600.0,600.0],4.596994e-05],
[[1450.0,720.0,720.0],2.866927e-05],
[[1500.0,0,0],3.874551e-05],
[[1500.0,100.0,100.0],2.222693e-05],
[[1500.0,200.0,200.0],3.421529e-05],
[[1500.0,300.0,300.0],4.864432e-05],
[[1500.0,400.0,400.0],2.631899e-05],
[[1500.0,500.0,500.0],2.978743e-05],
[[1500.0,600.0,600.0],3.76768e-05],
[[1500.0,700.0,700.0],5.48286e-05],
[[1550.0,770.0,770.0],4.526775e-05],
[[1600.0,0,0],4.824734e-05],
[[1600.0,100.0,100.0],3.946087e-05],
[[1600.0,200.0,200.0],3.567137e-05],
[[1600.0,300.0,300.0],3.37348e-05],
[[1600.0,400.0,400.0],4.444758e-05],
[[1600.0,500.0,500.0],3.648228e-05],
[[1600.0,600.0,600.0],4.554666e-05],
[[1600.0,700.0,700.0],2.916327e-05],
[[1650.0,820.0,820.0],8.469797e-05],
[[1700.0,0,0],6.067044e-05],
[[1700.0,100.0,100.0],5.252372e-05],
[[1700.0,200.0,200.0],2.097254e-05],
[[1700.0,300.0,300.0],3.669265e-05],
[[1700.0,400.0,400.0],5.924535e-05],
[[1700.0,500.0,500.0],4.692723e-05],
[[1700.0,600.0,600.0],5.611301e-05],
[[1700.0,700.0,700.0],6.344478e-05],
[[1700.0,800.0,800.0],3.796137e-05],
[[1750.0,870.0,870.0],4.778077e-05],
[[1800.0,0,0],3.605679e-05],
[[1800.0,100.0,100.0],3.982628e-05],
[[1800.0,200.0,200.0],3.273716e-05],
[[1800.0,300.0,300.0],5.727695e-05],
[[1800.0,400.0,400.0],3.264805e-05],
[[1800.0,500.0,500.0],2.699841e-05],
[[1800.0,600.0,600.0],4.388936e-05],
[[1800.0,700.0,700.0],7.247894e-05],
[[1800.0,800.0,800.0],4.909253e-05],
[[1850.0,920.0,920.0],4.441246e-05],
[[1900.0,0,0],4.65452e-05],
[[1900.0,100.0,100.0],5.740639e-05],
[[1900.0,200.0,200.0],5.793223e-05],
[[1900.0,300.0,300.0],4.442437e-05],
[[1900.0,400.0,400.0],4.009966e-05],
[[1900.0,500.0,500.0],5.600836e-05],
[[1900.0,600.0,600.0],3.37942e-05],
[[1900.0,700.0,700.0],5.39152e-05],
[[1900.0,800.0,800.0],3.714046e-05],
[[1900.0,900.0,900.0],4.750906e-05],
[[1950.0,970.0,970.0],5.010028e-05],
[[2000.0,0,0],3.204526e-05],
[[2000.0,100.0,100.0],6.554855e-05],
[[2000.0,200.0,200.0],4.268568e-05],
[[2000.0,300.0,300.0],5.78763e-05],
[[2000.0,400.0,400.0],2.360446e-05],
[[2000.0,500.0,500.0],3.846063e-05],
[[2000.0,600.0,600.0],3.281912e-05],
[[2000.0,700.0,700.0],4.689099e-05],
[[2000.0,800.0,800.0],5.574394e-05],
[[2000.0,900.0,900.0],5.604234e-05],
[[2050.0,1020.0,1020.0],5.936544e-05],
[[2100.0,0,0],5.79644e-05],
[[2100.0,100.0,100.0],5.799281e-05],
[[2100.0,200.0,200.0],5.222149e-05],
[[2100.0,300.0,300.0],4.325934e-05],
[[2100.0,400.0,400.0],5.07861e-05],
[[2100.0,500.0,500.0],4.49829e-05],
[[2100.0,600.0,600.0],4.63589e-05],
[[2100.0,700.0,700.0],5.037665e-05],
[[2100.0,800.0,800.0],6.854232e-05],
[[2100.0,900.0,900.0],4.372811e-05],
[[2100.0,1000.0,1000.0],4.731814e-05],
[[2150.0,1070.0,1070.0],4.131564e-05],
[[2200.0,0,0],4.781749e-05],
[[2200.0,100.0,100.0],3.724712e-05],
[[2200.0,200.0,200.0],4.415501e-05],
[[2200.0,300.0,300.0],5.589863e-05],
[[2200.0,400.0,400.0],4.409838e-05],
[[2200.0,500.0,500.0],4.786065e-05],
[[2200.0,600.0,600.0],4.315885e-05],
[[2200.0,700.0,700.0],6.389678e-05],
[[2200.0,800.0,800.0],3.724186e-05],
[[2200.0,900.0,900.0],4.352884e-05],
[[2200.0,1000.0,1000.0],5.461426e-05],
[[2250.0,1120.0,1120.0],5.606671e-05],
[[2300.0,0,0],4.358649e-05],
[[2300.0,100.0,100.0],5.858939e-05],
[[2300.0,200.0,200.0],7.040097e-05],
[[2300.0,300.0,300.0],5.709863e-05],
[[2300.0,400.0,400.0],7.97634e-05],
[[2300.0,500.0,500.0],5.234771e-05],
[[2300.0,600.0,600.0],4.612851e-05],
[[2300.0,700.0,700.0],4.028724e-05],
[[2300.0,800.0,800.0],5.264155e-05],
[[2300.0,900.0,900.0],4.658328e-05],
[[2300.0,1000.0,1000.0],6.876098e-05],
[[2300.0,1100.0,1100.0],6.252297e-05],
[[2350.0,1170.0,1170.0],7.208435e-05],
[[2400.0,0,0],6.101779e-05],
[[2400.0,100.0,100.0],6.336781e-05],
[[2400.0,200.0,200.0],4.419767e-05],
[[2400.0,300.0,300.0],6.070812e-05],
[[2400.0,400.0,400.0],8.441749e-05],
[[2400.0,500.0,500.0],4.326546e-05],
[[2400.0,600.0,600.0],5.812016e-05],
[[2400.0,700.0,700.0],3.326211e-05],
[[2400.0,800.0,800.0],7.46724e-05],
[[2400.0,900.0,900.0],5.047456e-05],
[[2400.0,1000.0,1000.0],5.287104e-05],
[[2400.0,1100.0,1100.0],5.827472e-05],
[[2450.0,1220.0,1220.0],9.278873e-05],
[[2500.0,0,0],4.924087e-05],
[[2500.0,100.0,100.0],6.422622e-05],
[[2500.0,200.0,200.0],6.753689e-05],
[[2500.0,300.0,300.0],5.164863e-05],
[[2500.0,400.0,400.0],7.51485e-05],
[[2500.0,500.0,500.0],6.636483e-05],
[[2500.0,600.0,600.0],5.479744e-05],
[[2500.0,700.0,700.0],7.584829e-05],
[[2500.0,800.0,800.0],2.902296e-05],
[[2500.0,900.0,900.0],3.889015e-05],
[[2500.0,1000.0,1000.0],4.760065e-05],
[[2500.0,1100.0,1100.0],6.14551e-05],
[[2500.0,1200.0,1200.0],4.026044e-05],
[[2550.0,1270.0,1270.0],8.585708e-05],
[[2600.0,0,0],6.242967e-05],
[[2600.0,100.0,100.0],5.913265e-05],
[[2600.0,200.0,200.0],4.923112e-05],
[[2600.0,300.0,300.0],5.309764e-05],
[[2600.0,400.0,400.0],7.204698e-05],
[[2600.0,500.0,500.0],5.514093e-05],
[[2600.0,600.0,600.0],5.715995e-05],
[[2600.0,700.0,700.0],5.594813e-05],
[[2600.0,800.0,800.0],5.736738e-05],
[[2600.0,900.0,900.0],6.117148e-05],
[[2600.0,1000.0,1000.0],4.962983e-05],
[[2600.0,1100.0,1100.0],5.474101e-05],
[[2600.0,1200.0,1200.0],4.545037e-05],
[[2650.0,1320.0,1320.0],4.434701e-05],
[[2700.0,0,0],4.897939e-05],
[[2700.0,100.0,100.0],5.008723e-05],
[[2700.0,200.0,200.0],3.696832e-05],
[[2700.0,300.0,300.0],5.823778e-05],
[[2700.0,400.0,400.0],4.121898e-05],
[[2700.0,500.0,500.0],4.059693e-05],
[[2700.0,600.0,600.0],4.87572e-05],
[[2700.0,700.0,700.0],4.471291e-05],
[[2700.0,800.0,800.0],5.47093e-05],
[[2700.0,900.0,900.0],6.679916e-05],
[[2700.0,1000.0,1000.0],7.03856e-05],
[[2700.0,1100.0,1100.0],4.816081e-05],
[[2700.0,1200.0,1200.0],4.648626e-05],
[[2700.0,1300.0,1300.0],6.56446e-05],
[[2750.0,1370.0,1370.0],7.175148e-05],
[[2800.0,0,0],5.481213e-05],
[[2800.0,100.0,100.0],4.846038e-05],
[[2800.0,200.0,200.0],4.609207e-05],
[[2800.0,300.0,300.0],3.918108e-05],
[[2800.0,400.0,400.0],6.167677e-05],
[[2800.0,500.0,500.0],6.40584e-05],
[[2800.0,600.0,600.0],7.016937e-05],
[[2800.0,700.0,700.0],7.745919e-05],
[[2800.0,800.0,800.0],6.799546e-05],
[[2800.0,900.0,900.0],6.922876e-05],
[[2800.0,1000.0,1000.0],5.190866e-05],
[[2800.0,1100.0,1100.0],5.946308e-05],
[[2800.0,1200.0,1200.0],6.987921e-05],
[[2800.0,1300.0,1300.0],4.823912e-05],
[[2850.0,1420.0,1420.0],8.324207e-05],
[[2900.0,0,0],4.642859e-05],
[[2900.0,100.0,100.0],4.983699e-05],
[[2900.0,200.0,200.0],5.473921e-05],
[[2900.0,300.0,300.0],4.393575e-05],
[[2900.0,400.0,400.0],4.930749e-05],
[[2900.0,500.0,500.0],0.0001294254],
[[2900.0,600.0,600.0],4.284289e-05],
[[2900.0,700.0,700.0],6.379723e-05],
[[2900.0,800.0,800.0],8.072431e-05],
[[2900.0,900.0,900.0],2.443318e-05],
[[2900.0,1000.0,1000.0],8.749649e-05],
[[2900.0,1100.0,1100.0],4.946628e-05],
[[2900.0,1200.0,1200.0],8.689558e-05],
[[2900.0,1300.0,1300.0],4.652486e-05],
[[2900.0,1400.0,1400.0],4.727442e-05],
[[2950.0,1470.0,1470.0],5.664475e-05],
[[3000.0,0,0],4.629787e-05],
[[3000.0,100.0,100.0],2.818709e-05],
[[3000.0,200.0,200.0],3.470904e-05],
[[3000.0,300.0,300.0],5.869605e-05],
[[3000.0,400.0,400.0],5.579883e-05],
[[3000.0,500.0,500.0],5.949006e-05],
[[3000.0,600.0,600.0],7.529741e-05],
[[3000.0,700.0,700.0],6.041565e-05],
[[3000.0,800.0,800.0],5.640594e-05],
[[3000.0,900.0,900.0],5.813106e-05],
[[3000.0,1000.0,1000.0],3.754051e-05],
[[3000.0,1100.0,1100.0],5.299628e-05],
[[3000.0,1200.0,1200.0],4.142082e-05],
[[3000.0,1300.0,1300.0],4.751382e-05],
[[3000.0,1400.0,1400.0],6.63727e-05]]
