txName: TRS1
constraint: {(PV > H0(1)), (H0(1) > MET(2),MET(3))}
condition: None
conditionDescription: None
figureUrl: https://cms-results.web.cern.ch/cms-results/public-results/publications/EXO-20-004/CMS-EXO-20-004_Figure_009-a.png
source: https://doi.org/10.5281/zenodo.13324003
validated: True
axesMap: [{0: 'x', 1: '1.0', 2: '1.0'}, {0: 'x', 1: 'y', 2: 'y'}]
dataMap: {0: (1, 'mass', GeV), 1: (2, 'mass', GeV), 2: (3, 'mass', GeV)}
finalState: ['MET', 'MET']
intermediateState: None
efficiencyMap: [[[100.0,10.0,10.0],2.266274e-05],
[[150.0,1.0,1.0],4.987481e-05],
[[150.0,50.0,50.0],5.130855e-05],
[[200.0,1.0,1.0],7.652887e-05],
[[200.0,50.0,50.0],8.853894e-05],
[[200.0,100.0,100.0],0.0001560518],
[[250.0,1.0,1.0],0.0001114598],
[[250.0,10.0,10.0],0.0001114427],
[[250.0,50.0,50.0],0.0001107712],
[[250.0,100.0,100.0],0.0001100915],
[[300.0,1.0,1.0],0.0001509683],
[[300.0,50.0,50.0],0.0001518797],
[[300.0,100.0,100.0],0.0001519154],
[[350.0,1.0,1.0],0.0001732971],
[[350.0,50.0,50.0],0.000162265],
[[350.0,100.0,100.0],0.0001708142],
[[350.0,150.0,150.0],0.0001598987],
[[400.0,1.0,1.0],0.0002279304],
[[400.0,50.0,50.0],0.0001987919],
[[400.0,100.0,100.0],0.0002039234],
[[400.0,150.0,150.0],0.0001811521],
[[450.0,1.0,1.0],0.0002666094],
[[450.0,50.0,50.0],0.0002672888],
[[450.0,100.0,100.0],0.0002585076],
[[450.0,150.0,150.0],0.0002817443],
[[450.0,200.0,200.0],0.000284536],
[[500.0,1.0,1.0],0.0003328336],
[[500.0,10.0,10.0],0.0003342256],
[[500.0,50.0,50.0],0.0003494075],
[[500.0,100.0,100.0],0.0004007749],
[[500.0,150.0,150.0],0.0004298836],
[[500.0,200.0,200.0],0.0003512687],
[[550.0,1.0,1.0],0.0004474206],
[[550.0,50.0,50.0],0.0004106509],
[[550.0,100.0,100.0],0.0004228084],
[[550.0,150.0,150.0],0.0004432675],
[[550.0,200.0,200.0],0.000413335],
[[550.0,250.0,250.0],0.0004525043],
[[600.0,1.0,1.0],0.0005447336],
[[600.0,50.0,50.0],0.0005493926],
[[600.0,100.0,100.0],0.0005461017],
[[600.0,150.0,150.0],0.0004803182],
[[600.0,200.0,200.0],0.0005759263],
[[600.0,250.0,250.0],0.0005905555],
[[650.0,1.0,1.0],0.0005922705],
[[650.0,50.0,50.0],0.0006219538],
[[650.0,100.0,100.0],0.0006572963],
[[650.0,150.0,150.0],0.0006866971],
[[650.0,200.0,200.0],0.0005944866],
[[650.0,250.0,250.0],0.0007193075],
[[650.0,300.0,300.0],0.000712972],
[[700.0,1.0,1.0],0.0007453338],
[[700.0,50.0,50.0],0.0008181852],
[[700.0,100.0,100.0],0.0007203615],
[[700.0,150.0,150.0],0.0006980016],
[[700.0,200.0,200.0],0.001131713],
[[700.0,250.0,250.0],0.0008380735],
[[700.0,300.0,300.0],0.00085038],
[[750.0,1.0,1.0],0.0008541002],
[[750.0,10.0,10.0],0.0008367535],
[[750.0,50.0,50.0],0.0008780762],
[[750.0,100.0,100.0],0.0008381271],
[[750.0,150.0,150.0],0.0009038131],
[[750.0,200.0,200.0],0.0009009508],
[[750.0,250.0,250.0],0.001025919],
[[750.0,300.0,300.0],0.0009224265],
[[750.0,350.0,350.0],0.0009394971],
[[800.0,1.0,1.0],0.001058586],
[[800.0,150.0,150.0],0.001129774],
[[800.0,200.0,200.0],0.00106404],
[[800.0,250.0,250.0],0.001162696],
[[800.0,300.0,300.0],0.00105582],
[[800.0,350.0,350.0],0.001167286],
[[850.0,1.0,1.0],0.000968954],
[[850.0,150.0,150.0],0.001089403],
[[850.0,200.0,200.0],0.001254127],
[[850.0,250.0,250.0],0.002247222],
[[850.0,300.0,300.0],0.001122758],
[[850.0,350.0,350.0],0.001783774],
[[850.0,400.0,400.0],0.001333445],
[[900.0,1.0,1.0],0.001202329],
[[900.0,150.0,150.0],0.001747595],
[[900.0,200.0,200.0],0.001204173],
[[900.0,250.0,250.0],0.001463669],
[[900.0,300.0,300.0],0.001401214],
[[900.0,350.0,350.0],0.001422759],
[[900.0,400.0,400.0],0.00139183],
[[950.0,1.0,1.0],0.001778593],
[[950.0,150.0,150.0],0.00140729],
[[950.0,200.0,200.0],0.001469051],
[[950.0,250.0,250.0],0.001557124],
[[950.0,300.0,300.0],0.001548652],
[[950.0,350.0,350.0],0.001605451],
[[950.0,400.0,400.0],0.001560733],
[[950.0,450.0,450.0],0.001927407],
[[1000.0,1.0,1.0],0.001416658],
[[1000.0,10.0,10.0],0.001407613],
[[1000.0,50.0,50.0],0.001301308],
[[1000.0,100.0,100.0],0.001495056],
[[1000.0,150.0,150.0],0.001412403],
[[1000.0,200.0,200.0],0.001501988],
[[1000.0,250.0,250.0],0.001608693],
[[1000.0,300.0,300.0],0.001497874],
[[1000.0,350.0,350.0],0.001495446],
[[1000.0,400.0,400.0],0.001798721],
[[1000.0,450.0,450.0],0.001946672],
[[1050.0,1.0,1.0],0.001407853],
[[1050.0,150.0,150.0],0.001745268],
[[1050.0,200.0,200.0],0.001767377],
[[1050.0,250.0,250.0],0.002057487],
[[1050.0,300.0,300.0],0.001513544],
[[1050.0,350.0,350.0],0.00179123],
[[1050.0,400.0,400.0],0.001774952],
[[1050.0,450.0,450.0],0.002205554],
[[1050.0,500.0,500.0],0.002024266],
[[1100.0,1.0,1.0],0.001504113],
[[1100.0,150.0,150.0],0.001744192],
[[1100.0,200.0,200.0],0.00156211],
[[1100.0,250.0,250.0],0.001794239],
[[1100.0,300.0,300.0],0.001893217],
[[1100.0,350.0,350.0],0.001833286],
[[1100.0,400.0,400.0],0.001831434],
[[1100.0,450.0,450.0],0.001805808],
[[1100.0,500.0,500.0],0.001981573],
[[1150.0,1.0,1.0],0.001515237],
[[1150.0,150.0,150.0],0.001625405],
[[1150.0,200.0,200.0],0.002369163],
[[1150.0,250.0,250.0],0.001749812],
[[1150.0,300.0,300.0],0.001850379],
[[1150.0,350.0,350.0],0.001680177],
[[1150.0,400.0,400.0],0.002024],
[[1150.0,450.0,450.0],0.002021486],
[[1150.0,500.0,500.0],0.002147835],
[[1150.0,550.0,550.0],0.002371008],
[[1200.0,1.0,1.0],0.001780004],
[[1200.0,150.0,150.0],0.002028444],
[[1200.0,200.0,200.0],0.001913504],
[[1200.0,250.0,250.0],0.001841978],
[[1200.0,300.0,300.0],0.002897122],
[[1200.0,350.0,350.0],0.002034624],
[[1200.0,400.0,400.0],0.002136905],
[[1200.0,450.0,450.0],0.002396639],
[[1200.0,500.0,500.0],0.002160531],
[[1200.0,550.0,550.0],0.002350926],
[[1250.0,1.0,1.0],0.002129319],
[[1250.0,10.0,10.0],0.001772887],
[[1250.0,50.0,50.0],0.001849066],
[[1250.0,100.0,100.0],0.00186616],
[[1250.0,150.0,150.0],0.001902726],
[[1250.0,200.0,200.0],0.001854022],
[[1250.0,250.0,250.0],0.002441424],
[[1250.0,300.0,300.0],0.002229584],
[[1250.0,350.0,350.0],0.002105718],
[[1250.0,400.0,400.0],0.002037531],
[[1250.0,450.0,450.0],0.002320116],
[[1250.0,500.0,500.0],0.002422154],
[[1250.0,550.0,550.0],0.00278511],
[[1250.0,600.0,600.0],0.002982119],
[[1300.0,1.0,1.0],0.001912252],
[[1300.0,150.0,150.0],0.002034725],
[[1300.0,200.0,200.0],0.001905109],
[[1300.0,250.0,250.0],0.002512724],
[[1300.0,300.0,300.0],0.00255843],
[[1300.0,350.0,350.0],0.00265233],
[[1300.0,400.0,400.0],0.003138827],
[[1300.0,450.0,450.0],0.002427095],
[[1300.0,500.0,500.0],0.002215582],
[[1300.0,550.0,550.0],0.002380655],
[[1300.0,600.0,600.0],0.002870755],
[[1350.0,1.0,1.0],0.001718368],
[[1350.0,150.0,150.0],0.002109373],
[[1350.0,200.0,200.0],0.002259642],
[[1350.0,250.0,250.0],0.002338049],
[[1350.0,300.0,300.0],0.002178928],
[[1350.0,350.0,350.0],0.00226897],
[[1350.0,400.0,400.0],0.00259965],
[[1350.0,450.0,450.0],0.002306719],
[[1350.0,500.0,500.0],0.002342974],
[[1350.0,550.0,550.0],0.002620516],
[[1350.0,600.0,600.0],0.002417118],
[[1350.0,650.0,650.0],0.002809403],
[[1400.0,1.0,1.0],0.001803397],
[[1400.0,150.0,150.0],0.002143966],
[[1400.0,200.0,200.0],0.002724115],
[[1400.0,250.0,250.0],0.002540789],
[[1400.0,300.0,300.0],0.002470383],
[[1400.0,350.0,350.0],0.002847762],
[[1400.0,400.0,400.0],0.002332055],
[[1400.0,450.0,450.0],0.002640475],
[[1400.0,500.0,500.0],0.002665639],
[[1400.0,550.0,550.0],0.002575117],
[[1400.0,600.0,600.0],0.002826014],
[[1400.0,650.0,650.0],0.002651695],
[[1450.0,1.0,1.0],0.001920689],
[[1450.0,150.0,150.0],0.002421017],
[[1450.0,200.0,200.0],0.002307181],
[[1450.0,250.0,250.0],0.002771203],
[[1450.0,300.0,300.0],0.002623312],
[[1450.0,350.0,350.0],0.00265256],
[[1450.0,400.0,400.0],0.002799535],
[[1450.0,450.0,450.0],0.00227054],
[[1450.0,500.0,500.0],0.002778049],
[[1450.0,550.0,550.0],0.002798467],
[[1450.0,600.0,600.0],0.003130473],
[[1450.0,650.0,650.0],0.002913055],
[[1450.0,700.0,700.0],0.002998751],
[[1500.0,1.0,1.0],0.001747058],
[[1500.0,10.0,10.0],0.001899749],
[[1500.0,50.0,50.0],0.002084851],
[[1500.0,100.0,100.0],0.002157671],
[[1500.0,150.0,150.0],0.002292283],
[[1500.0,200.0,200.0],0.002620818],
[[1500.0,250.0,250.0],0.002442926],
[[1500.0,300.0,300.0],0.002847258],
[[1500.0,350.0,350.0],0.00236821],
[[1500.0,400.0,400.0],0.002752875],
[[1500.0,450.0,450.0],0.00292091],
[[1500.0,500.0,500.0],0.002963596],
[[1500.0,550.0,550.0],0.00291068],
[[1500.0,600.0,600.0],0.003163747],
[[1500.0,650.0,650.0],0.003231957],
[[1500.0,700.0,700.0],0.002725138],
[[1500.0,750.0,750.0],0.003228395],
[[1550.0,1.0,1.0],0.002056401],
[[1550.0,150.0,150.0],0.00215798],
[[1550.0,200.0,200.0],0.002349546],
[[1550.0,250.0,250.0],0.002354754],
[[1550.0,300.0,300.0],0.002579348],
[[1550.0,350.0,350.0],0.002338263],
[[1550.0,400.0,400.0],0.002523746],
[[1550.0,450.0,450.0],0.003050363],
[[1550.0,500.0,500.0],0.003267008],
[[1550.0,550.0,550.0],0.003144683],
[[1550.0,600.0,600.0],0.002934502],
[[1550.0,650.0,650.0],0.003112402],
[[1550.0,700.0,700.0],0.003487648],
[[1550.0,750.0,750.0],0.003247089],
[[1600.0,1.0,1.0],0.001975078],
[[1600.0,150.0,150.0],0.002351156],
[[1600.0,200.0,200.0],0.002278409],
[[1600.0,250.0,250.0],0.002501368],
[[1600.0,300.0,300.0],0.002728218],
[[1600.0,350.0,350.0],0.002274016],
[[1600.0,400.0,400.0],0.003448734],
[[1600.0,450.0,450.0],0.002835213],
[[1600.0,500.0,500.0],0.002759221],
[[1600.0,550.0,550.0],0.002951198],
[[1600.0,600.0,600.0],0.002835376],
[[1600.0,650.0,650.0],0.002869748],
[[1600.0,700.0,700.0],0.003039981],
[[1600.0,750.0,750.0],0.003464298],
[[1650.0,1.0,1.0],0.002017592],
[[1650.0,150.0,150.0],0.002403767],
[[1650.0,200.0,200.0],0.003128845],
[[1650.0,250.0,250.0],0.002598302],
[[1650.0,300.0,300.0],0.00268935],
[[1650.0,350.0,350.0],0.002712191],
[[1650.0,400.0,400.0],0.003380319],
[[1650.0,450.0,450.0],0.003142334],
[[1650.0,500.0,500.0],0.00263309],
[[1650.0,550.0,550.0],0.003564073],
[[1650.0,600.0,600.0],0.00368093],
[[1650.0,650.0,650.0],0.00281839],
[[1650.0,700.0,700.0],0.002980454],
[[1650.0,750.0,750.0],0.003316853],
[[1650.0,800.0,800.0],0.003366968],
[[1700.0,1.0,1.0],0.002055328],
[[1700.0,150.0,150.0],0.002350615],
[[1700.0,200.0,200.0],0.002604889],
[[1700.0,250.0,250.0],0.002497761],
[[1700.0,300.0,300.0],0.00290961],
[[1700.0,350.0,350.0],0.002767331],
[[1700.0,400.0,400.0],0.003015656],
[[1700.0,450.0,450.0],0.002915122],
[[1700.0,500.0,500.0],0.003012951],
[[1700.0,550.0,550.0],0.00328853],
[[1700.0,600.0,600.0],0.003112566],
[[1700.0,650.0,650.0],0.003205961],
[[1700.0,700.0,700.0],0.003246832],
[[1700.0,750.0,750.0],0.002860899],
[[1700.0,800.0,800.0],0.003312115],
[[1750.0,1.0,1.0],0.001855118],
[[1750.0,10.0,10.0],0.001904004],
[[1750.0,50.0,50.0],0.001999833],
[[1750.0,100.0,100.0],0.002156037],
[[1750.0,150.0,150.0],0.002304515],
[[1750.0,200.0,200.0],0.002462532],
[[1750.0,250.0,250.0],0.002857711],
[[1750.0,300.0,300.0],0.002603185],
[[1750.0,350.0,350.0],0.002896077],
[[1750.0,400.0,400.0],0.003082815],
[[1750.0,450.0,450.0],0.002637708],
[[1750.0,500.0,500.0],0.003145833],
[[1750.0,550.0,550.0],0.003076728],
[[1750.0,600.0,600.0],0.003082107],
[[1750.0,650.0,650.0],0.003238424],
[[1750.0,700.0,700.0],0.002917907],
[[1750.0,750.0,750.0],0.003194997],
[[1750.0,800.0,800.0],0.003417882],
[[1750.0,850.0,850.0],0.003191849],
[[1800.0,1.0,1.0],0.002037159],
[[1800.0,150.0,150.0],0.001972104],
[[1800.0,200.0,200.0],0.002441258],
[[1800.0,250.0,250.0],0.002859627],
[[1800.0,300.0,300.0],0.003338607],
[[1800.0,350.0,350.0],0.002904443],
[[1800.0,400.0,400.0],0.002826638],
[[1800.0,450.0,450.0],0.002985955],
[[1800.0,500.0,500.0],0.002720629],
[[1800.0,550.0,550.0],0.002893782],
[[1800.0,600.0,600.0],0.002939798],
[[1800.0,650.0,650.0],0.003023456],
[[1800.0,700.0,700.0],0.003625119],
[[1800.0,750.0,750.0],0.003471846],
[[1800.0,800.0,800.0],0.003451637],
[[1800.0,850.0,850.0],0.003950545],
[[1850.0,1.0,1.0],0.001761049],
[[1850.0,150.0,150.0],0.002246021],
[[1850.0,200.0,200.0],0.002519525],
[[1850.0,250.0,250.0],0.003108496],
[[1850.0,300.0,300.0],0.003109435],
[[1850.0,350.0,350.0],0.003355173],
[[1850.0,400.0,400.0],0.002922997],
[[1850.0,450.0,450.0],0.003905525],
[[1850.0,500.0,500.0],0.003029157],
[[1850.0,550.0,550.0],0.003411662],
[[1850.0,600.0,600.0],0.003223424],
[[1850.0,650.0,650.0],0.003587201],
[[1850.0,700.0,700.0],0.003858978],
[[1850.0,750.0,750.0],0.003684251],
[[1850.0,800.0,800.0],0.003774684],
[[1850.0,850.0,850.0],0.003449452],
[[1850.0,900.0,900.0],0.003635898],
[[1900.0,1.0,1.0],0.001907536],
[[1900.0,150.0,150.0],0.002237208],
[[1900.0,200.0,200.0],0.002621325],
[[1900.0,250.0,250.0],0.002295561],
[[1900.0,300.0,300.0],0.002940924],
[[1900.0,350.0,350.0],0.002888021],
[[1900.0,400.0,400.0],0.003342939],
[[1900.0,450.0,450.0],0.002810266],
[[1900.0,500.0,500.0],0.00318986],
[[1900.0,550.0,550.0],0.003501607],
[[1900.0,600.0,600.0],0.003207617],
[[1900.0,650.0,650.0],0.003050864],
[[1900.0,700.0,700.0],0.003034073],
[[1900.0,750.0,750.0],0.003352616],
[[1900.0,800.0,800.0],0.00351458],
[[1900.0,850.0,850.0],0.003484823],
[[1900.0,900.0,900.0],0.003629255],
[[1950.0,1.0,1.0],0.001791811],
[[1950.0,150.0,150.0],0.002262572],
[[1950.0,200.0,200.0],0.003089558],
[[1950.0,250.0,250.0],0.002704467],
[[1950.0,300.0,300.0],0.002949367],
[[1950.0,350.0,350.0],0.003000397],
[[1950.0,400.0,400.0],0.003125987],
[[1950.0,450.0,450.0],0.003676157],
[[1950.0,500.0,500.0],0.003256224],
[[1950.0,550.0,550.0],0.00304995],
[[1950.0,600.0,600.0],0.003370285],
[[1950.0,650.0,650.0],0.003214039],
[[1950.0,700.0,700.0],0.00341219],
[[1950.0,750.0,750.0],0.00382274],
[[1950.0,800.0,800.0],0.00301237],
[[1950.0,850.0,850.0],0.003767765],
[[1950.0,900.0,900.0],0.003649371],
[[1950.0,950.0,950.0],0.004056698],
[[2000.0,1.0,1.0],0.001997015],
[[2000.0,10.0,10.0],0.001676864],
[[2000.0,50.0,50.0],0.001846867],
[[2000.0,100.0,100.0],0.001932616],
[[2000.0,150.0,150.0],0.002162565],
[[2000.0,200.0,200.0],0.002827233],
[[2000.0,250.0,250.0],0.002832592],
[[2000.0,300.0,300.0],0.00310635],
[[2000.0,350.0,350.0],0.003121556],
[[2000.0,400.0,400.0],0.003697675],
[[2000.0,450.0,450.0],0.003125569],
[[2000.0,500.0,500.0],0.00327189],
[[2000.0,550.0,550.0],0.004101695],
[[2000.0,600.0,600.0],0.003297882],
[[2000.0,650.0,650.0],0.003278903],
[[2000.0,700.0,700.0],0.003353687],
[[2000.0,750.0,750.0],0.0035271],
[[2000.0,800.0,800.0],0.003490723],
[[2000.0,850.0,850.0],0.003543701],
[[2000.0,900.0,900.0],0.0035693],
[[2000.0,950.0,950.0],0.004029875],
[[2250.0,1.0,1.0],0.00164583],
[[2250.0,10.0,10.0],0.001730187],
[[2250.0,50.0,50.0],0.001744022],
[[2250.0,100.0,100.0],0.001803519],
[[2250.0,150.0,150.0],0.002134726],
[[2250.0,300.0,300.0],0.002888941],
[[2250.0,500.0,500.0],0.003540677],
[[2250.0,750.0,750.0],0.0035804],
[[2250.0,1000.0,1000.0],0.003970021],
[[2500.0,1.0,1.0],0.00155401],
[[2500.0,10.0,10.0],0.001403149],
[[2500.0,50.0,50.0],0.001460955],
[[2500.0,100.0,100.0],0.001676994],
[[2500.0,150.0,150.0],0.001909538],
[[2500.0,300.0,300.0],0.003006312],
[[2500.0,500.0,500.0],0.003776881],
[[2500.0,750.0,750.0],0.004059347],
[[2500.0,1000.0,1000.0],0.004020249],
[[2500.0,1200.0,1200.0],0.004044845],
[[2750.0,1.0,1.0],0.001223415],
[[2750.0,10.0,10.0],0.001387817],
[[2750.0,50.0,50.0],0.001462285],
[[2750.0,100.0,100.0],0.00154207],
[[2750.0,150.0,150.0],0.001931705],
[[2750.0,300.0,300.0],0.002946092],
[[2750.0,500.0,500.0],0.00376793],
[[2750.0,750.0,750.0],0.004024994],
[[2750.0,1000.0,1000.0],0.003934608],
[[2750.0,1200.0,1200.0],0.004202008],
[[3000.0,1.0,1.0],0.001161301],
[[3000.0,10.0,10.0],0.001243374],
[[3000.0,50.0,50.0],0.00122037],
[[3000.0,100.0,100.0],0.001508556],
[[3000.0,150.0,150.0],0.001649515],
[[3000.0,300.0,300.0],0.00291666],
[[3000.0,500.0,500.0],0.003518709],
[[3000.0,750.0,750.0],0.004489803],
[[3000.0,1000.0,1000.0],0.00452752],
[[3000.0,1200.0,1200.0],0.004237587],
[[3000.0,1400.0,1400.0],0.004218397]]
