txName: TRV1
constraint: {(PV > Zprime(1)), (Zprime(1) > MET(2),MET(3))}
condition: None
conditionDescription: None
figureUrl: https://cms-results.web.cern.ch/cms-results/public-results/publications/EXO-20-004/CMS-EXO-20-004_Figure_007-b.png
source: CMS
validated: True
axesMap: [{0: 'x', 1: 'y', 2: 'y'}]
dataMap: {0: (1, 'mass', GeV), 1: (2, 'mass', GeV), 2: (3, 'mass', GeV)}
finalState: ['MET', 'MET']
intermediateState: None
efficiencyMap: [[[50.0,1.0,1.0],4.348523e-07],
[[100.0,1.0,1.0],2.635724e-06],
[[100.0,10.0,10.0],2.591703e-06],
[[150.0,1.0,1.0],1.004797e-05],
[[150.0,75.0,75.0],1.294533e-05],
[[200.0,1.0,1.0],2.113936e-05],
[[200.0,75.0,75.0],1.963828e-05],
[[250.0,1.0,1.0],3.708951e-05],
[[250.0,10.0,10.0],3.180705e-05],
[[250.0,75.0,75.0],3.911782e-05],
[[300.0,1.0,1.0],5.748113e-05],
[[300.0,75.0,75.0],5.465273e-05],
[[350.0,1.0,1.0],9.586567e-05],
[[350.0,75.0,75.0],9.242044e-05],
[[350.0,150.0,150.0],9.585763e-05],
[[400.0,1.0,1.0],0.0001159182],
[[400.0,75.0,75.0],0.0001220614],
[[400.0,150.0,150.0],0.0001317107],
[[450.0,1.0,1.0],0.0001512142],
[[450.0,75.0,75.0],0.0001653644],
[[450.0,150.0,150.0],0.0001705406],
[[450.0,200.0,200.0],0.000166615],
[[500.0,1.0,1.0],0.0001956741],
[[500.0,10.0,10.0],0.0001942449],
[[500.0,75.0,75.0],0.0002082669],
[[500.0,150.0,150.0],0.0001864824],
[[500.0,200.0,200.0],0.0002138609],
[[550.0,1.0,1.0],0.0002259199],
[[550.0,75.0,75.0],0.000245894],
[[550.0,150.0,150.0],0.0002434159],
[[550.0,200.0,200.0],0.000262573],
[[550.0,250.0,250.0],0.0002378458],
[[600.0,1.0,1.0],0.000285661],
[[600.0,75.0,75.0],0.0002835796],
[[600.0,150.0,150.0],0.0002833352],
[[600.0,200.0,200.0],0.0002923688],
[[600.0,250.0,250.0],0.0002679413],
[[650.0,1.0,1.0],0.0003213733],
[[650.0,75.0,75.0],0.0003324767],
[[650.0,150.0,150.0],0.0003529507],
[[650.0,200.0,200.0],0.000325083],
[[650.0,250.0,250.0],0.0003364524],
[[650.0,300.0,300.0],0.0003047044],
[[700.0,1.0,1.0],0.000380061],
[[700.0,75.0,75.0],0.000364975],
[[700.0,150.0,150.0],0.0003834438],
[[700.0,200.0,200.0],0.0004794765],
[[700.0,250.0,250.0],0.0003866709],
[[700.0,300.0,300.0],0.0004135546],
[[750.0,1.0,1.0],0.0004140275],
[[750.0,10.0,10.0],0.0004324686],
[[750.0,75.0,75.0],0.0004474935],
[[750.0,150.0,150.0],0.0004524868],
[[750.0,200.0,200.0],0.0004401939],
[[750.0,250.0,250.0],0.0004831976],
[[750.0,300.0,300.0],0.0004217591],
[[750.0,350.0,350.0],0.0004177182],
[[800.0,1.0,1.0],0.0004591647],
[[800.0,75.0,75.0],0.0004521847],
[[800.0,150.0,150.0],0.000538798],
[[800.0,200.0,200.0],0.0004492235],
[[800.0,250.0,250.0],0.0004780346],
[[800.0,300.0,300.0],0.000450915],
[[800.0,350.0,350.0],0.0004650328],
[[850.0,1.0,1.0],0.0004784674],
[[850.0,75.0,75.0],0.0005085433],
[[850.0,150.0,150.0],0.0004989255],
[[850.0,200.0,200.0],0.0005887836],
[[850.0,250.0,250.0],0.0004922819],
[[850.0,300.0,300.0],0.0006177047],
[[850.0,350.0,350.0],0.0005336525],
[[850.0,400.0,400.0],0.0005606561],
[[900.0,1.0,1.0],0.000534694],
[[900.0,75.0,75.0],0.0005407404],
[[900.0,150.0,150.0],0.00057667],
[[900.0,200.0,200.0],0.0005045788],
[[900.0,250.0,250.0],0.000527233],
[[900.0,300.0,300.0],0.0006197674],
[[900.0,350.0,350.0],0.0005591429],
[[900.0,400.0,400.0],0.0006568586],
[[950.0,1.0,1.0],0.0005775855],
[[950.0,75.0,75.0],0.0005781517],
[[950.0,150.0,150.0],0.0005897963],
[[950.0,200.0,200.0],0.0005719504],
[[950.0,250.0,250.0],0.0007048818],
[[950.0,300.0,300.0],0.0006449391],
[[950.0,350.0,350.0],0.0005728969],
[[950.0,400.0,400.0],0.0006334381],
[[950.0,450.0,450.0],0.0006616742],
[[1000.0,1.0,1.0],0.0006155767],
[[1000.0,10.0,10.0],0.0005487238],
[[1000.0,75.0,75.0],0.0006476545],
[[1000.0,150.0,150.0],0.0005771177],
[[1000.0,200.0,200.0],0.0006125222],
[[1000.0,250.0,250.0],0.0006635135],
[[1000.0,300.0,300.0],0.0006604355],
[[1000.0,350.0,350.0],0.0006041123],
[[1000.0,400.0,400.0],0.0005899645],
[[1000.0,450.0,450.0],0.000640644],
[[1050.0,1.0,1.0],0.00062951],
[[1050.0,75.0,75.0],0.0006442118],
[[1050.0,150.0,150.0],0.0006776263],
[[1050.0,200.0,200.0],0.0007232287],
[[1050.0,250.0,250.0],0.000636406],
[[1050.0,300.0,300.0],0.0006346485],
[[1050.0,350.0,350.0],0.0007224263],
[[1050.0,400.0,400.0],0.0006640459],
[[1050.0,450.0,450.0],0.0007547731],
[[1050.0,500.0,500.0],0.0008179783],
[[1100.0,1.0,1.0],0.0006826769],
[[1100.0,75.0,75.0],0.0006775838],
[[1100.0,150.0,150.0],0.0006641739],
[[1100.0,200.0,200.0],0.0006822593],
[[1100.0,250.0,250.0],0.0006381043],
[[1100.0,300.0,300.0],0.0007728155],
[[1100.0,350.0,350.0],0.0006850055],
[[1100.0,400.0,400.0],0.0007616065],
[[1100.0,450.0,450.0],0.0007806304],
[[1100.0,500.0,500.0],0.0007085638],
[[1150.0,1.0,1.0],0.0006671968],
[[1150.0,75.0,75.0],0.0007321021],
[[1150.0,150.0,150.0],0.0007308509],
[[1150.0,200.0,200.0],0.0008128603],
[[1150.0,250.0,250.0],0.0007126208],
[[1150.0,300.0,300.0],0.0007454323],
[[1150.0,350.0,350.0],0.0007444615],
[[1150.0,400.0,400.0],0.0007347269],
[[1150.0,450.0,450.0],0.0007456254],
[[1150.0,500.0,500.0],0.0007703089],
[[1150.0,550.0,550.0],0.0008827812],
[[1200.0,1.0,1.0],0.0007674606],
[[1200.0,75.0,75.0],0.0007275324],
[[1200.0,150.0,150.0],0.0007553198],
[[1200.0,200.0,200.0],0.0007389833],
[[1200.0,250.0,250.0],0.0008075132],
[[1200.0,300.0,300.0],0.0007504693],
[[1200.0,350.0,350.0],0.0008160187],
[[1200.0,400.0,400.0],0.0008216521],
[[1200.0,450.0,450.0],0.0007785552],
[[1200.0,500.0,500.0],0.0007182396],
[[1200.0,550.0,550.0],0.000832219],
[[1250.0,1.0,1.0],0.0007633275],
[[1250.0,10.0,10.0],0.0007934976],
[[1250.0,75.0,75.0],0.0007707568],
[[1250.0,150.0,150.0],0.0008595346],
[[1250.0,200.0,200.0],0.0008185459],
[[1250.0,250.0,250.0],0.0007926969],
[[1250.0,300.0,300.0],0.0008633821],
[[1250.0,350.0,350.0],0.0007625076],
[[1250.0,400.0,400.0],0.0008928977],
[[1250.0,450.0,450.0],0.0008003315],
[[1250.0,500.0,500.0],0.000857991],
[[1250.0,550.0,550.0],0.0009399915],
[[1250.0,600.0,600.0],0.0008323974],
[[1300.0,1.0,1.0],0.0008336698],
[[1300.0,75.0,75.0],0.0007895089],
[[1300.0,150.0,150.0],0.0008034518],
[[1300.0,200.0,200.0],0.000836952],
[[1300.0,250.0,250.0],0.0008266819],
[[1300.0,300.0,300.0],0.0009020452],
[[1300.0,350.0,350.0],0.000819891],
[[1300.0,400.0,400.0],0.0008751211],
[[1300.0,450.0,450.0],0.0007860207],
[[1300.0,500.0,500.0],0.000866262],
[[1300.0,550.0,550.0],0.0008148341],
[[1300.0,600.0,600.0],0.0009653531],
[[1350.0,1.0,1.0],0.0007990594],
[[1350.0,75.0,75.0],0.0008453931],
[[1350.0,150.0,150.0],0.0008494305],
[[1350.0,200.0,200.0],0.0008628699],
[[1350.0,250.0,250.0],0.0009186406],
[[1350.0,300.0,300.0],0.001012037],
[[1350.0,350.0,350.0],0.0007848284],
[[1350.0,400.0,400.0],0.0009465347],
[[1350.0,450.0,450.0],0.0008564464],
[[1350.0,500.0,500.0],0.0009489858],
[[1350.0,550.0,550.0],0.0009427617],
[[1350.0,600.0,600.0],0.0009285722],
[[1350.0,650.0,650.0],0.001016631],
[[1400.0,1.0,1.0],0.0008741857],
[[1400.0,75.0,75.0],0.0008885495],
[[1400.0,150.0,150.0],0.0009261021],
[[1400.0,200.0,200.0],0.0009231845],
[[1400.0,250.0,250.0],0.0008648745],
[[1400.0,300.0,300.0],0.0008329306],
[[1400.0,350.0,350.0],0.0008790069],
[[1400.0,400.0,400.0],0.0009600999],
[[1400.0,450.0,450.0],0.0009545322],
[[1400.0,500.0,500.0],0.0008264079],
[[1400.0,550.0,550.0],0.0009341842],
[[1400.0,600.0,600.0],0.0009107041],
[[1400.0,650.0,650.0],0.001002617],
[[1450.0,1.0,1.0],0.0008705466],
[[1450.0,75.0,75.0],0.0008399945],
[[1450.0,150.0,150.0],0.0008769812],
[[1450.0,200.0,200.0],0.0008678288],
[[1450.0,250.0,250.0],0.0009671606],
[[1450.0,300.0,300.0],0.0009932681],
[[1450.0,350.0,350.0],0.0009178533],
[[1450.0,400.0,400.0],0.0008876728],
[[1450.0,450.0,450.0],0.0009331398],
[[1450.0,500.0,500.0],0.0009906414],
[[1450.0,550.0,550.0],0.0009369124],
[[1450.0,600.0,600.0],0.0008973563],
[[1450.0,650.0,650.0],0.0009693137],
[[1450.0,700.0,700.0],0.0009576644],
[[1500.0,1.0,1.0],0.0008715616],
[[1500.0,10.0,10.0],0.0008772858],
[[1500.0,75.0,75.0],0.0008877842],
[[1500.0,150.0,150.0],0.000951893],
[[1500.0,200.0,200.0],0.000888706],
[[1500.0,250.0,250.0],0.0009304065],
[[1500.0,300.0,300.0],0.0009349076],
[[1500.0,350.0,350.0],0.0008958779],
[[1500.0,400.0,400.0],0.0009597013],
[[1500.0,450.0,450.0],0.0009253137],
[[1500.0,500.0,500.0],0.0008975618],
[[1500.0,550.0,550.0],0.001001911],
[[1500.0,600.0,600.0],0.0008890819],
[[1500.0,650.0,650.0],0.001007368],
[[1500.0,700.0,700.0],0.0009877945],
[[1500.0,750.0,750.0],0.001054277],
[[1550.0,1.0,1.0],0.0009206043],
[[1550.0,75.0,75.0],0.0008839464],
[[1550.0,150.0,150.0],0.0009474319],
[[1550.0,200.0,200.0],0.0009327653],
[[1550.0,250.0,250.0],0.00100221],
[[1550.0,300.0,300.0],0.0009099745],
[[1550.0,350.0,350.0],0.0009979464],
[[1550.0,400.0,400.0],0.001040725],
[[1550.0,450.0,450.0],0.0009339865],
[[1550.0,500.0,500.0],0.001025125],
[[1550.0,550.0,550.0],0.001055463],
[[1550.0,600.0,600.0],0.0009829975],
[[1550.0,650.0,650.0],0.0009279584],
[[1550.0,700.0,700.0],0.001113905],
[[1550.0,750.0,750.0],0.001102714],
[[1600.0,1.0,1.0],0.001004013],
[[1600.0,75.0,75.0],0.0009421524],
[[1600.0,150.0,150.0],0.0009322702],
[[1600.0,200.0,200.0],0.0009597715],
[[1600.0,250.0,250.0],0.00101283],
[[1600.0,300.0,300.0],0.0010555],
[[1600.0,350.0,350.0],0.0009624192],
[[1600.0,400.0,400.0],0.001079831],
[[1600.0,450.0,450.0],0.001004297],
[[1600.0,500.0,500.0],0.001011604],
[[1600.0,550.0,550.0],0.0009301067],
[[1600.0,600.0,600.0],0.0009451851],
[[1600.0,650.0,650.0],0.001030151],
[[1600.0,700.0,700.0],0.000987152],
[[1600.0,750.0,750.0],0.001073788],
[[1650.0,1.0,1.0],0.0008681825],
[[1650.0,75.0,75.0],0.0009834159],
[[1650.0,150.0,150.0],0.0009530386],
[[1650.0,200.0,200.0],0.0009956836],
[[1650.0,250.0,250.0],0.001073975],
[[1650.0,300.0,300.0],0.0009415835],
[[1650.0,350.0,350.0],0.00105222],
[[1650.0,400.0,400.0],0.00103324],
[[1650.0,450.0,450.0],0.001028212],
[[1650.0,500.0,500.0],0.001003094],
[[1650.0,550.0,550.0],0.001068421],
[[1650.0,600.0,600.0],0.001040878],
[[1650.0,650.0,650.0],0.0008988598],
[[1650.0,700.0,700.0],0.001007327],
[[1650.0,750.0,750.0],0.001142668],
[[1650.0,800.0,800.0],0.001084449],
[[1700.0,1.0,1.0],0.0009341003],
[[1700.0,75.0,75.0],0.001008617],
[[1700.0,150.0,150.0],0.00107699],
[[1700.0,200.0,200.0],0.0009751066],
[[1700.0,250.0,250.0],0.001037154],
[[1700.0,300.0,300.0],0.0009530358],
[[1700.0,350.0,350.0],0.001011267],
[[1700.0,400.0,400.0],0.001105639],
[[1700.0,450.0,450.0],0.00109574],
[[1700.0,500.0,500.0],0.0009714273],
[[1700.0,550.0,550.0],0.001001425],
[[1700.0,600.0,600.0],0.001006446],
[[1700.0,650.0,650.0],0.001090888],
[[1700.0,700.0,700.0],0.001098566],
[[1700.0,750.0,750.0],0.001086078],
[[1700.0,800.0,800.0],0.001064864],
[[1750.0,1.0,1.0],0.001007681],
[[1750.0,10.0,10.0],0.0009528667],
[[1750.0,75.0,75.0],0.001016557],
[[1750.0,150.0,150.0],0.001016714],
[[1750.0,200.0,200.0],0.00108887],
[[1750.0,250.0,250.0],0.00109366],
[[1750.0,300.0,300.0],0.001118965],
[[1750.0,350.0,350.0],0.00104316],
[[1750.0,400.0,400.0],0.0009976971],
[[1750.0,450.0,450.0],0.0009994743],
[[1750.0,500.0,500.0],0.001111736],
[[1750.0,550.0,550.0],0.001092756],
[[1750.0,600.0,600.0],0.001140809],
[[1750.0,650.0,650.0],0.001061135],
[[1750.0,700.0,700.0],0.001061405],
[[1750.0,750.0,750.0],0.001108043],
[[1750.0,800.0,800.0],0.001111748],
[[1750.0,850.0,850.0],0.001126662],
[[1800.0,1.0,1.0],0.00103018],
[[1800.0,75.0,75.0],0.0009995162],
[[1800.0,150.0,150.0],0.001019281],
[[1800.0,200.0,200.0],0.001040175],
[[1800.0,250.0,250.0],0.001116129],
[[1800.0,300.0,300.0],0.0009824141],
[[1800.0,350.0,350.0],0.001109924],
[[1800.0,400.0,400.0],0.001166051],
[[1800.0,450.0,450.0],0.001052368],
[[1800.0,500.0,500.0],0.001115559],
[[1800.0,550.0,550.0],0.001137002],
[[1800.0,600.0,600.0],0.001037661],
[[1800.0,650.0,650.0],0.001059425],
[[1800.0,700.0,700.0],0.001044373],
[[1800.0,750.0,750.0],0.001012397],
[[1800.0,800.0,800.0],0.001176273],
[[1800.0,850.0,850.0],0.001194937],
[[1850.0,1.0,1.0],0.001009501],
[[1850.0,75.0,75.0],0.0009681633],
[[1850.0,150.0,150.0],0.001035056],
[[1850.0,200.0,200.0],0.0009956965],
[[1850.0,250.0,250.0],0.001090877],
[[1850.0,300.0,300.0],0.001204095],
[[1850.0,350.0,350.0],0.001064062],
[[1850.0,400.0,400.0],0.001068061],
[[1850.0,450.0,450.0],0.001086357],
[[1850.0,500.0,500.0],0.001112856],
[[1850.0,550.0,550.0],0.001066321],
[[1850.0,600.0,600.0],0.001141753],
[[1850.0,650.0,650.0],0.001087093],
[[1850.0,700.0,700.0],0.001145088],
[[1850.0,750.0,750.0],0.001070122],
[[1850.0,800.0,800.0],0.001115278],
[[1850.0,850.0,850.0],0.001211407],
[[1850.0,900.0,900.0],0.001130558],
[[1900.0,1.0,1.0],0.0009260557],
[[1900.0,75.0,75.0],0.001048109],
[[1900.0,150.0,150.0],0.001093286],
[[1900.0,200.0,200.0],0.0011754],
[[1900.0,250.0,250.0],0.001052113],
[[1900.0,300.0,300.0],0.001051867],
[[1900.0,350.0,350.0],0.001121606],
[[1900.0,400.0,400.0],0.001055865],
[[1900.0,450.0,450.0],0.001096219],
[[1900.0,500.0,500.0],0.001110171],
[[1900.0,550.0,550.0],0.001133484],
[[1900.0,600.0,600.0],0.001139948],
[[1900.0,650.0,650.0],0.001103308],
[[1900.0,700.0,700.0],0.001202104],
[[1900.0,750.0,750.0],0.001075594],
[[1900.0,800.0,800.0],0.001200155],
[[1900.0,850.0,850.0],0.001125862],
[[1900.0,900.0,900.0],0.001169426],
[[1950.0,1.0,1.0],0.001033481],
[[1950.0,75.0,75.0],0.001073394],
[[1950.0,150.0,150.0],0.001084977],
[[1950.0,200.0,200.0],0.001189873],
[[1950.0,250.0,250.0],0.001121781],
[[1950.0,300.0,300.0],0.001154296],
[[1950.0,350.0,350.0],0.001203951],
[[1950.0,400.0,400.0],0.001109961],
[[1950.0,450.0,450.0],0.001082596],
[[1950.0,500.0,500.0],0.001123724],
[[1950.0,550.0,550.0],0.001122349],
[[1950.0,600.0,600.0],0.001162038],
[[1950.0,650.0,650.0],0.001156738],
[[1950.0,700.0,700.0],0.001136115],
[[1950.0,750.0,750.0],0.001166825],
[[1950.0,800.0,800.0],0.001153558],
[[1950.0,850.0,850.0],0.001209877],
[[1950.0,900.0,900.0],0.001206651],
[[1950.0,950.0,950.0],0.00118027],
[[2000.0,1.0,1.0],0.001117468],
[[2000.0,75.0,75.0],0.001234758],
[[2000.0,150.0,150.0],0.001168858],
[[2000.0,200.0,200.0],0.001206946],
[[2000.0,250.0,250.0],0.001178918],
[[2000.0,300.0,300.0],0.00114277],
[[2000.0,350.0,350.0],0.001195894],
[[2000.0,400.0,400.0],0.001121267],
[[2000.0,450.0,450.0],0.001162931],
[[2000.0,500.0,500.0],0.001107846],
[[2000.0,550.0,550.0],0.001130947],
[[2000.0,600.0,600.0],0.001169905],
[[2000.0,650.0,650.0],0.001215754],
[[2000.0,700.0,700.0],0.001110047],
[[2000.0,750.0,750.0],0.001247654],
[[2000.0,800.0,800.0],0.00108871],
[[2000.0,850.0,850.0],0.001144275],
[[2000.0,900.0,900.0],0.001255605],
[[2000.0,950.0,950.0],0.001180473],
[[2250.0,1.0,1.0],0.001215772],
[[2250.0,75.0,75.0],0.001233032],
[[2250.0,150.0,150.0],0.001220955],
[[2250.0,300.0,300.0],0.001169109],
[[2250.0,500.0,500.0],0.001191898],
[[2250.0,750.0,750.0],0.0012669],
[[2250.0,1000.0,1000.0],0.001198339],
[[2500.0,1.0,1.0],0.001220754],
[[2500.0,75.0,75.0],0.001242135],
[[2500.0,150.0,150.0],0.001222033],
[[2500.0,300.0,300.0],0.001218147],
[[2500.0,500.0,500.0],0.001216501],
[[2500.0,750.0,750.0],0.001283781],
[[2500.0,1000.0,1000.0],0.001440978],
[[2500.0,1200.0,1200.0],0.001320013],
[[2750.0,1.0,1.0],0.001315738],
[[2750.0,75.0,75.0],0.001238649],
[[2750.0,150.0,150.0],0.001412712],
[[2750.0,300.0,300.0],0.001154305],
[[2750.0,500.0,500.0],0.001376324],
[[2750.0,750.0,750.0],0.001310278],
[[2750.0,1000.0,1000.0],0.00133104],
[[2750.0,1200.0,1200.0],0.001313433],
[[3000.0,1.0,1.0],0.001307772],
[[3000.0,75.0,75.0],0.001293503],
[[3000.0,150.0,150.0],0.001375191],
[[3000.0,300.0,300.0],0.001292978],
[[3000.0,500.0,500.0],0.001397591],
[[3000.0,750.0,750.0],0.001288058],
[[3000.0,1000.0,1000.0],0.001388106],
[[3000.0,1200.0,1200.0],0.001330951],
[[3000.0,1400.0,1400.0],0.001383429]]
