txName: TRV1
constraint: {(PV > Zprime(1)), (Zprime(1) > MET(2),MET(3))}
condition: None
conditionDescription: None
figureUrl: None
source: Recast by CM2
validated: True
axesMap: [{0: 'x', 1: 'y', 2: 'y'}]
dataMap: {0: (1, 'mass', GeV), 1: (2, 'mass', GeV), 2: (3, 'mass', GeV)}
finalState: ['MET', 'MET']
intermediateState: None
efficiencyMap: [[[50.0,0,0],0],
[[50.0,1.0,1.0],0],
[[50.0,10.0,10.0],0.0],
[[50.0,20.0,20.0],0],
[[100.0,0,0],0],
[[100.0,1.0,1.0],0],
[[100.0,10.0,10.0],0],
[[150.0,0,0],0],
[[150.0,1.0,1.0],0],
[[150.0,10.0,10.0],0.0],
[[150.0,50.0,50.0],0],
[[150.0,70.0,70.0],0],
[[200.0,0,0],0],
[[200.0,1.0,1.0],0],
[[200.0,10.0,10.0],0.0],
[[200.0,50.0,50.0],0],
[[200.0,75.0,75.0],0],
[[250.0,0,0],0],
[[250.0,1.0,1.0],0],
[[250.0,10.0,10.0],0],
[[250.0,50.0,50.0],0],
[[250.0,75.0,75.0],0],
[[250.0,100.0,100.0],0],
[[250.0,120.0,120.0],0],
[[300.0,0,0],0],
[[300.0,1.0,1.0],0],
[[300.0,10.0,10.0],0],
[[300.0,50.0,50.0],0],
[[300.0,75.0,75.0],0],
[[300.0,100.0,100.0],0],
[[350.0,0,0],0],
[[350.0,1.0,1.0],0],
[[350.0,10.0,10.0],0],
[[350.0,50.0,50.0],0],
[[350.0,75.0,75.0],1.854305e-06],
[[350.0,100.0,100.0],0],
[[350.0,150.0,150.0],2.04537e-06],
[[350.0,170.0,170.0],0],
[[400.0,0,0],0],
[[400.0,1.0,1.0],0],
[[400.0,10.0,10.0],2.041025e-06],
[[400.0,50.0,50.0],0],
[[400.0,75.0,75.0],0],
[[400.0,100.0,100.0],0],
[[400.0,150.0,150.0],0],
[[450.0,0,0],0],
[[450.0,1.0,1.0],0],
[[450.0,10.0,10.0],1.701006e-06],
[[450.0,50.0,50.0],2.155792e-06],
[[450.0,75.0,75.0],2.326142e-06],
[[450.0,100.0,100.0],1.903321e-06],
[[450.0,150.0,150.0],1.752301e-06],
[[450.0,200.0,200.0],0],
[[450.0,220.0,220.0],1.821105e-06],
[[500.0,0,0],2.665353e-06],
[[500.0,1.0,1.0],2.614756e-06],
[[500.0,10.0,10.0],2.388738e-06],
[[500.0,50.0,50.0],2.554671e-06],
[[500.0,75.0,75.0],3.228703e-06],
[[500.0,100.0,100.0],2.255079e-06],
[[500.0,150.0,150.0],2.317477e-06],
[[500.0,200.0,200.0],2.210569e-06],
[[550.0,1.0,1.0],3.3004e-06],
[[550.0,10.0,10.0],2.284449e-06],
[[550.0,75.0,75.0],2.458841e-06],
[[550.0,150.0,150.0],4.801497e-06],
[[550.0,200.0,200.0],1.950823e-06],
[[550.0,250.0,250.0],1.771288e-06],
[[550.0,270.0,270.0],3.534481e-06],
[[600.0,0,0],3.328721e-06],
[[600.0,1.0,1.0],3.310848e-06],
[[600.0,10.0,10.0],6.180855e-06],
[[600.0,50.0,50.0],3.686954e-06],
[[600.0,75.0,75.0],4.398793e-06],
[[600.0,100.0,100.0],2.697621e-06],
[[600.0,150.0,150.0],2.525722e-06],
[[600.0,200.0,200.0],3.444785e-06],
[[600.0,250.0,250.0],5.619675e-06],
[[600.0,295.0,295.0],4.269292e-06],
[[650.0,1.0,1.0],2.341294e-06],
[[650.0,10.0,10.0],7.865238e-06],
[[650.0,75.0,75.0],6.185184e-06],
[[650.0,150.0,150.0],4.255386e-06],
[[650.0,200.0,200.0],3.851296e-06],
[[650.0,250.0,250.0],4.654345e-06],
[[650.0,300.0,300.0],4.876841e-06],
[[650.0,320.0,320.0],7.84868e-06],
[[700.0,0,0],6.218373e-06],
[[700.0,1.0,1.0],6.004072e-06],
[[700.0,10.0,10.0],5.777532e-06],
[[700.0,50.0,50.0],4.701697e-06],
[[700.0,75.0,75.0],4.120963e-06],
[[700.0,100.0,100.0],2.325823e-06],
[[700.0,150.0,150.0],4.892722e-06],
[[700.0,200.0,200.0],5.06102e-06],
[[700.0,250.0,250.0],8.790645e-06],
[[700.0,300.0,300.0],6.520485e-06],
[[750.0,1.0,1.0],6.548813e-06],
[[750.0,10.0,10.0],6.387257e-06],
[[750.0,75.0,75.0],8.86048e-06],
[[750.0,150.0,150.0],6.097134e-06],
[[750.0,200.0,200.0],5.108446e-06],
[[750.0,250.0,250.0],7.014326e-06],
[[750.0,300.0,300.0],7.132703e-06],
[[750.0,350.0,350.0],1.007281e-05],
[[750.0,370.0,370.0],5.018258e-06],
[[800.0,0,0],1.087416e-05],
[[800.0,1.0,1.0],8.945823e-06],
[[800.0,10.0,10.0],9.738992e-06],
[[800.0,50.0,50.0],7.109937e-06],
[[800.0,75.0,75.0],6.450521e-06],
[[800.0,100.0,100.0],5.974028e-06],
[[800.0,150.0,150.0],6.147673e-06],
[[800.0,200.0,200.0],1.439343e-05],
[[800.0,250.0,250.0],9.883854e-06],
[[800.0,300.0,300.0],2.089026e-05],
[[800.0,350.0,350.0],5.351542e-06],
[[850.0,1.0,1.0],6.587476e-06],
[[850.0,10.0,10.0],9.869638e-06],
[[850.0,75.0,75.0],6.744824e-06],
[[850.0,150.0,150.0],1.508652e-05],
[[850.0,200.0,200.0],1.10185e-05],
[[850.0,250.0,250.0],1.02348e-05],
[[850.0,300.0,300.0],9.416167e-06],
[[850.0,350.0,350.0],1.275271e-05],
[[850.0,400.0,400.0],9.64913e-06],
[[850.0,420.0,420.0],1.200271e-05],
[[900.0,0,0],7.178044e-06],
[[900.0,1.0,1.0],8.235299e-06],
[[900.0,10.0,10.0],9.853486e-06],
[[900.0,50.0,50.0],1.233402e-05],
[[900.0,75.0,75.0],1.005485e-05],
[[900.0,100.0,100.0],1.031962e-05],
[[900.0,150.0,150.0],1.146548e-05],
[[900.0,200.0,200.0],8.103698e-06],
[[900.0,250.0,250.0],8.106106e-06],
[[900.0,300.0,300.0],7.226965e-06],
[[900.0,350.0,350.0],9.634175e-06],
[[900.0,400.0,400.0],1.709587e-05],
[[950.0,1.0,1.0],1.3276e-05],
[[950.0,10.0,10.0],1.099893e-05],
[[950.0,75.0,75.0],7.366033e-06],
[[950.0,150.0,150.0],1.074969e-05],
[[950.0,200.0,200.0],8.076403e-06],
[[950.0,250.0,250.0],4.776614e-06],
[[950.0,300.0,300.0],1.239461e-05],
[[950.0,350.0,350.0],1.27001e-05],
[[950.0,400.0,400.0],1.843704e-05],
[[950.0,450.0,450.0],2.182259e-05],
[[950.0,470.0,470.0],2.8074e-05],
[[1000.0,0,0],1.626031e-05],
[[1000.0,50.0,50.0],1.060781e-05],
[[1000.0,100.0,100.0],1.438422e-05],
[[1000.0,150.0,150.0],6.62026e-06],
[[1000.0,200.0,200.0],1.413647e-05],
[[1000.0,250.0,250.0],1.001079e-05],
[[1000.0,300.0,300.0],1.291367e-05],
[[1000.0,350.0,350.0],1.396393e-05],
[[1000.0,400.0,400.0],1.397268e-05],
[[1000.0,450.0,450.0],1.21283e-05],
[[1050.0,520.0,520.0],1.450723e-05],
[[1100.0,0,0],2.388314e-05],
[[1100.0,100.0,100.0],1.86895e-05],
[[1100.0,200.0,200.0],1.407456e-05],
[[1100.0,300.0,300.0],1.843479e-05],
[[1100.0,400.0,400.0],1.535897e-05],
[[1100.0,500.0,500.0],1.274522e-05],
[[1150.0,570.0,570.0],2.408611e-05],
[[1200.0,0,0],2.125344e-05],
[[1200.0,100.0,100.0],4.360647e-05],
[[1200.0,200.0,200.0],1.712805e-05],
[[1200.0,300.0,300.0],1.86849e-05],
[[1200.0,400.0,400.0],2.039553e-05],
[[1200.0,500.0,500.0],1.965691e-05],
[[1250.0,620.0,620.0],4.223268e-05],
[[1300.0,0,0],3.986209e-05],
[[1300.0,100.0,100.0],2.381171e-05],
[[1300.0,200.0,200.0],2.228444e-05],
[[1300.0,300.0,300.0],2.580365e-05],
[[1300.0,400.0,400.0],3.332757e-05],
[[1300.0,500.0,500.0],2.965565e-05],
[[1300.0,600.0,600.0],1.729753e-05],
[[1350.0,670.0,670.0],2.414474e-05],
[[1400.0,0,0],1.748335e-05],
[[1400.0,100.0,100.0],2.44178e-05],
[[1400.0,200.0,200.0],3.021568e-05],
[[1400.0,300.0,300.0],2.350802e-05],
[[1400.0,400.0,400.0],2.013927e-05],
[[1400.0,500.0,500.0],3.494862e-05],
[[1400.0,600.0,600.0],2.901726e-05],
[[1450.0,720.0,720.0],2.267731e-05],
[[1500.0,0,0],2.883575e-05],
[[1500.0,100.0,100.0],2.562511e-05],
[[1500.0,200.0,200.0],2.315237e-05],
[[1500.0,300.0,300.0],3.488266e-05],
[[1500.0,400.0,400.0],4.308408e-05],
[[1500.0,500.0,500.0],2.953429e-05],
[[1500.0,600.0,600.0],3.48963e-05],
[[1500.0,700.0,700.0],3.632641e-05],
[[1550.0,770.0,770.0],3.461337e-05],
[[1600.0,0,0],4.326711e-05],
[[1600.0,100.0,100.0],2.778912e-05],
[[1600.0,200.0,200.0],2.741123e-05],
[[1600.0,300.0,300.0],3.44608e-05],
[[1600.0,400.0,400.0],3.167928e-05],
[[1600.0,500.0,500.0],3.828466e-05],
[[1600.0,600.0,600.0],2.615584e-05],
[[1600.0,700.0,700.0],4.312265e-05],
[[1650.0,820.0,820.0],3.755921e-05],
[[1700.0,0,0],3.722901e-05],
[[1700.0,100.0,100.0],3.31713e-05],
[[1700.0,200.0,200.0],3.195854e-05],
[[1700.0,300.0,300.0],3.598349e-05],
[[1700.0,400.0,400.0],4.574796e-05],
[[1700.0,500.0,500.0],4.00388e-05],
[[1700.0,600.0,600.0],3.661635e-05],
[[1700.0,700.0,700.0],3.553198e-05],
[[1700.0,800.0,800.0],2.639911e-05],
[[1750.0,870.0,870.0],3.509097e-05],
[[1800.0,0,0],5.351813e-05],
[[1800.0,100.0,100.0],4.046822e-05],
[[1800.0,200.0,200.0],3.910211e-05],
[[1800.0,300.0,300.0],4.592957e-05],
[[1800.0,400.0,400.0],4.101153e-05],
[[1800.0,500.0,500.0],3.718299e-05],
[[1800.0,600.0,600.0],4.16745e-05],
[[1800.0,700.0,700.0],4.734848e-05],
[[1800.0,800.0,800.0],4.820961e-05],
[[1850.0,920.0,920.0],3.073371e-05],
[[1900.0,0,0],3.690938e-05],
[[1900.0,100.0,100.0],3.523902e-05],
[[1900.0,200.0,200.0],4.899458e-05],
[[1900.0,300.0,300.0],4.762421e-05],
[[1900.0,400.0,400.0],4.39144e-05],
[[1900.0,500.0,500.0],5.449771e-05],
[[1900.0,600.0,600.0],4.499012e-05],
[[1900.0,700.0,700.0],6.374526e-05],
[[1900.0,800.0,800.0],4.892598e-05],
[[1900.0,900.0,900.0],4.580351e-05],
[[1950.0,970.0,970.0],4.844809e-05],
[[2000.0,0,0],3.436382e-05],
[[2000.0,100.0,100.0],3.791052e-05],
[[2000.0,200.0,200.0],4.21129e-05],
[[2000.0,300.0,300.0],4.373279e-05],
[[2000.0,400.0,400.0],5.173757e-05],
[[2000.0,500.0,500.0],3.332147e-05],
[[2000.0,600.0,600.0],4.933574e-05],
[[2000.0,700.0,700.0],5.022824e-05],
[[2000.0,800.0,800.0],5.648983e-05],
[[2000.0,900.0,900.0],4.663585e-05],
[[2050.0,1020.0,1020.0],5.7517e-05],
[[2100.0,0,0],4.042477e-05],
[[2100.0,100.0,100.0],6.083688e-05],
[[2100.0,200.0,200.0],5.017129e-05],
[[2100.0,300.0,300.0],4.80278e-05],
[[2100.0,400.0,400.0],5.56612e-05],
[[2100.0,500.0,500.0],4.981141e-05],
[[2100.0,600.0,600.0],5.47899e-05],
[[2100.0,700.0,700.0],7.459205e-05],
[[2100.0,800.0,800.0],4.82974e-05],
[[2100.0,900.0,900.0],5.188462e-05],
[[2100.0,1000.0,1000.0],6.597905e-05],
[[2150.0,1070.0,1070.0],4.491082e-05],
[[2200.0,0,0],6.008493e-05],
[[2200.0,100.0,100.0],5.802342e-05],
[[2200.0,200.0,200.0],4.606567e-05],
[[2200.0,300.0,300.0],5.616235e-05],
[[2200.0,400.0,400.0],5.880384e-05],
[[2200.0,500.0,500.0],6.222088e-05],
[[2200.0,600.0,600.0],5.222456e-05],
[[2200.0,700.0,700.0],4.729588e-05],
[[2200.0,800.0,800.0],4.908757e-05],
[[2200.0,900.0,900.0],5.740175e-05],
[[2200.0,1000.0,1000.0],6.96645e-05],
[[2250.0,1120.0,1120.0],8.23808e-05],
[[2300.0,0,0],5.451576e-05],
[[2300.0,100.0,100.0],5.68242e-05],
[[2300.0,200.0,200.0],5.510152e-05],
[[2300.0,300.0,300.0],6.584733e-05],
[[2300.0,400.0,400.0],5.66771e-05],
[[2300.0,500.0,500.0],6.383407e-05],
[[2300.0,600.0,600.0],5.104251e-05],
[[2300.0,700.0,700.0],5.018096e-05],
[[2300.0,800.0,800.0],5.670506e-05],
[[2300.0,900.0,900.0],8.043795e-05],
[[2300.0,1000.0,1000.0],7.491544e-05],
[[2300.0,1100.0,1100.0],5.541962e-05],
[[2350.0,1170.0,1170.0],8.542812e-05],
[[2400.0,0,0],5.266209e-05],
[[2400.0,100.0,100.0],5.595488e-05],
[[2400.0,200.0,200.0],4.385305e-05],
[[2400.0,300.0,300.0],4.994663e-05],
[[2400.0,400.0,400.0],5.414859e-05],
[[2400.0,500.0,500.0],5.231367e-05],
[[2400.0,600.0,600.0],5.021217e-05],
[[2400.0,700.0,700.0],4.88414e-05],
[[2400.0,800.0,800.0],6.622238e-05],
[[2400.0,900.0,900.0],6.431257e-05],
[[2400.0,1000.0,1000.0],7.562051e-05],
[[2400.0,1100.0,1100.0],5.199843e-05],
[[2450.0,1220.0,1220.0],7.194132e-05],
[[2500.0,0,0],5.832174e-05],
[[2500.0,100.0,100.0],5.609977e-05],
[[2500.0,200.0,200.0],7.178068e-05],
[[2500.0,300.0,300.0],5.548778e-05],
[[2500.0,400.0,400.0],3.730431e-05],
[[2500.0,500.0,500.0],4.417456e-05],
[[2500.0,600.0,600.0],8.00176e-05],
[[2500.0,700.0,700.0],5.721293e-05],
[[2500.0,800.0,800.0],7.752283e-05],
[[2500.0,900.0,900.0],5.890695e-05],
[[2500.0,1000.0,1000.0],8.064272e-05],
[[2500.0,1100.0,1100.0],6.267063e-05],
[[2500.0,1200.0,1200.0],7.407012e-05],
[[2550.0,1270.0,1270.0],7.015988e-05],
[[2600.0,0,0],5.660955e-05],
[[2600.0,100.0,100.0],5.518499e-05],
[[2600.0,200.0,200.0],6.111856e-05],
[[2600.0,300.0,300.0],4.845306e-05],
[[2600.0,400.0,400.0],9.02154e-05],
[[2600.0,500.0,500.0],6.555577e-05],
[[2600.0,600.0,600.0],5.263926e-05],
[[2600.0,700.0,700.0],6.126346e-05],
[[2600.0,800.0,800.0],5.066119e-05],
[[2600.0,900.0,900.0],5.403385e-05],
[[2600.0,1000.0,1000.0],6.46296e-05],
[[2600.0,1100.0,1100.0],7.859553e-05],
[[2600.0,1200.0,1200.0],4.764342e-05],
[[2650.0,1320.0,1320.0],5.868923e-05],
[[2700.0,0,0],6.264456e-05],
[[2700.0,100.0,100.0],5.127249e-05],
[[2700.0,200.0,200.0],7.444443e-05],
[[2700.0,300.0,300.0],7.194492e-05],
[[2700.0,400.0,400.0],5.563341e-05],
[[2700.0,500.0,500.0],6.74578e-05],
[[2700.0,600.0,600.0],6.044376e-05],
[[2700.0,700.0,700.0],5.988546e-05],
[[2700.0,800.0,800.0],6.357225e-05],
[[2700.0,900.0,900.0],5.665439e-05],
[[2700.0,1000.0,1000.0],5.905493e-05],
[[2700.0,1100.0,1100.0],6.918587e-05],
[[2700.0,1200.0,1200.0],5.505734e-05],
[[2700.0,1300.0,1300.0],6.070105e-05],
[[2750.0,1370.0,1370.0],6.902227e-05],
[[2800.0,0,0],5.388752e-05],
[[2800.0,100.0,100.0],5.980385e-05],
[[2800.0,200.0,200.0],6.826877e-05],
[[2800.0,300.0,300.0],5.328039e-05],
[[2800.0,400.0,400.0],5.414166e-05],
[[2800.0,500.0,500.0],5.819991e-05],
[[2800.0,600.0,600.0],8.402268e-05],
[[2800.0,700.0,700.0],6.400488e-05],
[[2800.0,800.0,800.0],6.72128e-05],
[[2800.0,900.0,900.0],7.754461e-05],
[[2800.0,1000.0,1000.0],7.764113e-05],
[[2800.0,1100.0,1100.0],6.138294e-05],
[[2800.0,1200.0,1200.0],7.896591e-05],
[[2800.0,1300.0,1300.0],6.285648e-05],
[[2850.0,1420.0,1420.0],8.255504e-05],
[[2900.0,0,0],5.551467e-05],
[[2900.0,100.0,100.0],4.868973e-05],
[[2900.0,200.0,200.0],5.608758e-05],
[[2900.0,300.0,300.0],6.176512e-05],
[[2900.0,400.0,400.0],7.368999e-05],
[[2900.0,500.0,500.0],0.0001212479],
[[2900.0,600.0,600.0],6.01577e-05],
[[2900.0,700.0,700.0],7.712717e-05],
[[2900.0,800.0,800.0],7.921643e-05],
[[2900.0,900.0,900.0],3.558832e-05],
[[2900.0,1000.0,1000.0],8.374858e-05],
[[2900.0,1100.0,1100.0],8.370654e-05],
[[2900.0,1200.0,1200.0],7.178274e-05],
[[2900.0,1300.0,1300.0],6.508355e-05],
[[2900.0,1400.0,1400.0],5.833303e-05],
[[2950.0,1470.0,1470.0],6.556237e-05],
[[3000.0,0,0],3.832878e-05],
[[3000.0,100.0,100.0],6.254783e-05],
[[3000.0,200.0,200.0],9.034472e-05],
[[3000.0,300.0,300.0],6.101332e-05],
[[3000.0,400.0,400.0],7.448023e-05],
[[3000.0,500.0,500.0],6.149942e-05],
[[3000.0,600.0,600.0],5.530692e-05],
[[3000.0,700.0,700.0],7.002868e-05],
[[3000.0,800.0,800.0],6.734361e-05],
[[3000.0,900.0,900.0],5.922046e-05],
[[3000.0,1000.0,1000.0],7.270641e-05],
[[3000.0,1100.0,1100.0],6.643087e-05],
[[3000.0,1200.0,1200.0],7.738074e-05],
[[3000.0,1300.0,1300.0],7.671568e-05],
[[3000.0,1400.0,1400.0],7.794246e-05]]
