txName: TRV1
constraint: {(PV > Zprime(1)), (Zprime(1) > MET(2),MET(3))}
condition: None
conditionDescription: None
figureUrl: None
source: Recast by CM2
validated: True
axesMap: [{0: 'x', 1: 'y', 2: 'y'}]
dataMap: {0: (1, 'mass', GeV), 1: (2, 'mass', GeV), 2: (3, 'mass', GeV)}
finalState: ['MET', 'MET']
intermediateState: None
efficiencyMap: [[[50.0,0,0],0],
[[50.0,1.0,1.0],0.0],
[[50.0,10.0,10.0],0],
[[50.0,20.0,20.0],0],
[[100.0,0,0],0.0],
[[100.0,1.0,1.0],0],
[[100.0,10.0,10.0],0],
[[150.0,0,0],0],
[[150.0,1.0,1.0],0],
[[150.0,10.0,10.0],0],
[[150.0,50.0,50.0],0],
[[150.0,70.0,70.0],0],
[[200.0,0,0],0],
[[200.0,1.0,1.0],0],
[[200.0,10.0,10.0],0],
[[200.0,50.0,50.0],0],
[[200.0,75.0,75.0],0],
[[250.0,0,0],0],
[[250.0,1.0,1.0],0],
[[250.0,10.0,10.0],0],
[[250.0,50.0,50.0],0],
[[250.0,75.0,75.0],0],
[[250.0,100.0,100.0],0],
[[250.0,120.0,120.0],0],
[[300.0,0,0],0],
[[300.0,1.0,1.0],0],
[[300.0,10.0,10.0],0],
[[300.0,50.0,50.0],2.850562e-06],
[[300.0,75.0,75.0],0],
[[300.0,100.0,100.0],0],
[[350.0,0,0],0],
[[350.0,1.0,1.0],0],
[[350.0,10.0,10.0],0],
[[350.0,50.0,50.0],0],
[[350.0,75.0,75.0],0],
[[350.0,100.0,100.0],0],
[[350.0,150.0,150.0],1.798663e-06],
[[350.0,170.0,170.0],0],
[[400.0,0,0],0],
[[400.0,1.0,1.0],0],
[[400.0,10.0,10.0],1.670616e-06],
[[400.0,50.0,50.0],1.975438e-06],
[[400.0,75.0,75.0],1.666399e-06],
[[400.0,100.0,100.0],2.031396e-06],
[[400.0,150.0,150.0],2.345426e-06],
[[450.0,0,0],2.36464e-06],
[[450.0,1.0,1.0],2.866927e-06],
[[450.0,10.0,10.0],2.01108e-06],
[[450.0,50.0,50.0],2.786959e-06],
[[450.0,75.0,75.0],2.63983e-06],
[[450.0,100.0,100.0],2.637625e-06],
[[450.0,150.0,150.0],3.003158e-06],
[[450.0,200.0,200.0],0],
[[450.0,220.0,220.0],3.10169e-06],
[[500.0,0,0],2.291178e-06],
[[500.0,1.0,1.0],3.744061e-06],
[[500.0,10.0,10.0],4.338115e-06],
[[500.0,50.0,50.0],3.655958e-06],
[[500.0,75.0,75.0],3.548848e-06],
[[500.0,100.0,100.0],3.892942e-06],
[[500.0,150.0,150.0],4.323848e-06],
[[500.0,200.0,200.0],3.955369e-06],
[[550.0,1.0,1.0],4.546611e-06],
[[550.0,10.0,10.0],5.185595e-06],
[[550.0,75.0,75.0],4.815117e-06],
[[550.0,150.0,150.0],4.785265e-06],
[[550.0,200.0,200.0],5.052376e-06],
[[550.0,250.0,250.0],3.961495e-06],
[[550.0,270.0,270.0],5.657134e-06],
[[600.0,0,0],4.992733e-06],
[[600.0,1.0,1.0],5.285573e-06],
[[600.0,10.0,10.0],4.47605e-06],
[[600.0,50.0,50.0],3.766096e-06],
[[600.0,75.0,75.0],5.389681e-06],
[[600.0,100.0,100.0],6.200158e-06],
[[600.0,150.0,150.0],5.246754e-06],
[[600.0,200.0,200.0],5.892453e-06],
[[600.0,250.0,250.0],4.978295e-06],
[[600.0,295.0,295.0],6.84552e-06],
[[650.0,1.0,1.0],5.625016e-06],
[[650.0,10.0,10.0],6.532828e-06],
[[650.0,75.0,75.0],6.177484e-06],
[[650.0,150.0,150.0],6.322544e-06],
[[650.0,200.0,200.0],7.437628e-06],
[[650.0,250.0,250.0],7.201165e-06],
[[650.0,300.0,300.0],6.894747e-06],
[[650.0,320.0,320.0],6.858304e-06],
[[700.0,0,0],8.359478e-06],
[[700.0,1.0,1.0],7.527943e-06],
[[700.0,10.0,10.0],8.183372e-06],
[[700.0,50.0,50.0],6.409106e-06],
[[700.0,75.0,75.0],7.489811e-06],
[[700.0,100.0,100.0],3.78102e-06],
[[700.0,150.0,150.0],8.160535e-06],
[[700.0,200.0,200.0],1.047852e-05],
[[700.0,250.0,250.0],8.429343e-06],
[[700.0,300.0,300.0],1.031985e-05],
[[750.0,1.0,1.0],1.036279e-05],
[[750.0,10.0,10.0],9.315119e-06],
[[750.0,75.0,75.0],9.999905e-06],
[[750.0,150.0,150.0],1.149689e-05],
[[750.0,200.0,200.0],9.837547e-06],
[[750.0,250.0,250.0],1.168704e-05],
[[750.0,300.0,300.0],9.867014e-06],
[[750.0,350.0,350.0],8.750555e-06],
[[750.0,370.0,370.0],9.621261e-06],
[[800.0,0,0],8.477204e-06],
[[800.0,1.0,1.0],1.298001e-05],
[[800.0,10.0,10.0],7.494995e-06],
[[800.0,50.0,50.0],1.035894e-05],
[[800.0,75.0,75.0],1.19347e-05],
[[800.0,100.0,100.0],9.549856e-06],
[[800.0,150.0,150.0],1.110791e-05],
[[800.0,200.0,200.0],1.170233e-05],
[[800.0,250.0,250.0],1.121212e-05],
[[800.0,300.0,300.0],1.072487e-05],
[[800.0,350.0,350.0],1.347061e-05],
[[850.0,1.0,1.0],9.163333e-06],
[[850.0,10.0,10.0],1.269396e-05],
[[850.0,75.0,75.0],1.10478e-05],
[[850.0,150.0,150.0],1.166393e-05],
[[850.0,200.0,200.0],1.396376e-05],
[[850.0,250.0,250.0],1.169963e-05],
[[850.0,300.0,300.0],1.11057e-05],
[[850.0,350.0,350.0],1.394806e-05],
[[850.0,400.0,400.0],1.294518e-05],
[[850.0,420.0,420.0],1.104339e-05],
[[900.0,0,0],1.126372e-05],
[[900.0,1.0,1.0],1.139403e-05],
[[900.0,10.0,10.0],9.490011e-06],
[[900.0,50.0,50.0],1.068063e-05],
[[900.0,75.0,75.0],1.111459e-05],
[[900.0,100.0,100.0],1.336001e-05],
[[900.0,150.0,150.0],7.609297e-06],
[[900.0,200.0,200.0],1.321792e-05],
[[900.0,250.0,250.0],1.501827e-05],
[[900.0,300.0,300.0],1.455354e-05],
[[900.0,350.0,350.0],1.637292e-05],
[[900.0,400.0,400.0],1.853781e-05],
[[950.0,1.0,1.0],1.408429e-05],
[[950.0,10.0,10.0],1.458601e-05],
[[950.0,75.0,75.0],1.204299e-05],
[[950.0,150.0,150.0],1.627647e-05],
[[950.0,200.0,200.0],1.577365e-05],
[[950.0,250.0,250.0],1.715429e-05],
[[950.0,300.0,300.0],1.473358e-05],
[[950.0,350.0,350.0],1.205721e-05],
[[950.0,400.0,400.0],1.450928e-05],
[[950.0,450.0,450.0],1.621181e-05],
[[950.0,470.0,470.0],1.564696e-05],
[[1000.0,0,0],1.776393e-05],
[[1000.0,50.0,50.0],1.626577e-05],
[[1000.0,100.0,100.0],1.652264e-05],
[[1000.0,150.0,150.0],1.631081e-05],
[[1000.0,200.0,200.0],1.461715e-05],
[[1000.0,250.0,250.0],1.846586e-05],
[[1000.0,300.0,300.0],1.720487e-05],
[[1000.0,350.0,350.0],1.273258e-05],
[[1000.0,400.0,400.0],1.680594e-05],
[[1000.0,450.0,450.0],1.766774e-05],
[[1050.0,520.0,520.0],2.387612e-05],
[[1100.0,0,0],1.660364e-05],
[[1100.0,100.0,100.0],1.788532e-05],
[[1100.0,200.0,200.0],1.797786e-05],
[[1100.0,300.0,300.0],1.932595e-05],
[[1100.0,400.0,400.0],1.966768e-05],
[[1100.0,500.0,500.0],1.836725e-05],
[[1150.0,570.0,570.0],2.258816e-05],
[[1200.0,0,0],2.389269e-05],
[[1200.0,100.0,100.0],1.977074e-05],
[[1200.0,200.0,200.0],1.797985e-05],
[[1200.0,300.0,300.0],1.949469e-05],
[[1200.0,400.0,400.0],2.103324e-05],
[[1200.0,500.0,500.0],1.847683e-05],
[[1250.0,620.0,620.0],2.407158e-05],
[[1300.0,0,0],2.434696e-05],
[[1300.0,100.0,100.0],2.090995e-05],
[[1300.0,200.0,200.0],2.258857e-05],
[[1300.0,300.0,300.0],1.759031e-05],
[[1300.0,400.0,400.0],2.186456e-05],
[[1300.0,500.0,500.0],3.158556e-05],
[[1300.0,600.0,600.0],2.457453e-05],
[[1350.0,670.0,670.0],2.579628e-05],
[[1400.0,0,0],1.825072e-05],
[[1400.0,100.0,100.0],2.524084e-05],
[[1400.0,200.0,200.0],2.386848e-05],
[[1400.0,300.0,300.0],2.890258e-05],
[[1400.0,400.0,400.0],2.239708e-05],
[[1400.0,500.0,500.0],2.803757e-05],
[[1400.0,600.0,600.0],3.879575e-05],
[[1450.0,720.0,720.0],3.407229e-05],
[[1500.0,0,0],2.063688e-05],
[[1500.0,100.0,100.0],2.952897e-05],
[[1500.0,200.0,200.0],2.330275e-05],
[[1500.0,300.0,300.0],2.554599e-05],
[[1500.0,400.0,400.0],2.907164e-05],
[[1500.0,500.0,500.0],2.802594e-05],
[[1500.0,600.0,600.0],3.399036e-05],
[[1500.0,700.0,700.0],3.49351e-05],
[[1550.0,770.0,770.0],3.346487e-05],
[[1600.0,0,0],2.685227e-05],
[[1600.0,100.0,100.0],3.400866e-05],
[[1600.0,200.0,200.0],3.158038e-05],
[[1600.0,300.0,300.0],2.701118e-05],
[[1600.0,400.0,400.0],3.239944e-05],
[[1600.0,500.0,500.0],4.134907e-05],
[[1600.0,600.0,600.0],2.296798e-05],
[[1600.0,700.0,700.0],2.971987e-05],
[[1650.0,820.0,820.0],2.938083e-05],
[[1700.0,0,0],2.589278e-05],
[[1700.0,100.0,100.0],2.803145e-05],
[[1700.0,200.0,200.0],2.779178e-05],
[[1700.0,300.0,300.0],3.462423e-05],
[[1700.0,400.0,400.0],3.150657e-05],
[[1700.0,500.0,500.0],3.142636e-05],
[[1700.0,600.0,600.0],2.96753e-05],
[[1700.0,700.0,700.0],3.482582e-05],
[[1700.0,800.0,800.0],3.124007e-05],
[[1750.0,870.0,870.0],3.770492e-05],
[[1800.0,0,0],3.306019e-05],
[[1800.0,100.0,100.0],2.050945e-05],
[[1800.0,200.0,200.0],3.277012e-05],
[[1800.0,300.0,300.0],3.168435e-05],
[[1800.0,400.0,400.0],2.938715e-05],
[[1800.0,500.0,500.0],3.690554e-05],
[[1800.0,600.0,600.0],3.802314e-05],
[[1800.0,700.0,700.0],2.905303e-05],
[[1800.0,800.0,800.0],3.213309e-05],
[[1850.0,920.0,920.0],3.6802e-05],
[[1900.0,0,0],2.872276e-05],
[[1900.0,100.0,100.0],3.00312e-05],
[[1900.0,200.0,200.0],3.435753e-05],
[[1900.0,300.0,300.0],3.217811e-05],
[[1900.0,400.0,400.0],2.789743e-05],
[[1900.0,500.0,500.0],3.069471e-05],
[[1900.0,600.0,600.0],3.159229e-05],
[[1900.0,700.0,700.0],2.816156e-05],
[[1900.0,800.0,800.0],2.971354e-05],
[[1900.0,900.0,900.0],2.980025e-05],
[[1950.0,970.0,970.0],3.82322e-05],
[[2000.0,0,0],3.027553e-05],
[[2000.0,100.0,100.0],2.806927e-05],
[[2000.0,200.0,200.0],3.196852e-05],
[[2000.0,300.0,300.0],2.778366e-05],
[[2000.0,400.0,400.0],3.75523e-05],
[[2000.0,500.0,500.0],3.920771e-05],
[[2000.0,600.0,600.0],3.558485e-05],
[[2000.0,700.0,700.0],2.974959e-05],
[[2000.0,800.0,800.0],3.622016e-05],
[[2000.0,900.0,900.0],3.213832e-05],
[[2050.0,1020.0,1020.0],4.151438e-05],
[[2100.0,0,0],3.177248e-05],
[[2100.0,100.0,100.0],3.562623e-05],
[[2100.0,200.0,200.0],4.018741e-05],
[[2100.0,300.0,300.0],4.02305e-05],
[[2100.0,400.0,400.0],3.291317e-05],
[[2100.0,500.0,500.0],3.2627e-05],
[[2100.0,600.0,600.0],3.766143e-05],
[[2100.0,700.0,700.0],3.171608e-05],
[[2100.0,800.0,800.0],3.060287e-05],
[[2100.0,900.0,900.0],4.104557e-05],
[[2100.0,1000.0,1000.0],3.493491e-05],
[[2150.0,1070.0,1070.0],3.983621e-05],
[[2200.0,0,0],2.687321e-05],
[[2200.0,100.0,100.0],3.611079e-05],
[[2200.0,200.0,200.0],3.505934e-05],
[[2200.0,300.0,300.0],3.40955e-05],
[[2200.0,400.0,400.0],3.388786e-05],
[[2200.0,500.0,500.0],3.971643e-05],
[[2200.0,600.0,600.0],3.349953e-05],
[[2200.0,700.0,700.0],4.417798e-05],
[[2200.0,800.0,800.0],3.23171e-05],
[[2200.0,900.0,900.0],3.581185e-05],
[[2200.0,1000.0,1000.0],3.454168e-05],
[[2250.0,1120.0,1120.0],3.163718e-05],
[[2300.0,0,0],3.698737e-05],
[[2300.0,100.0,100.0],2.744791e-05],
[[2300.0,200.0,200.0],3.147773e-05],
[[2300.0,300.0,300.0],3.361303e-05],
[[2300.0,400.0,400.0],3.775809e-05],
[[2300.0,500.0,500.0],2.835867e-05],
[[2300.0,600.0,600.0],3.20272e-05],
[[2300.0,700.0,700.0],2.934856e-05],
[[2300.0,800.0,800.0],3.29148e-05],
[[2300.0,900.0,900.0],3.472186e-05],
[[2300.0,1000.0,1000.0],2.771656e-05],
[[2300.0,1100.0,1100.0],3.17851e-05],
[[2350.0,1170.0,1170.0],2.745914e-05],
[[2400.0,0,0],3.204078e-05],
[[2400.0,100.0,100.0],3.307934e-05],
[[2400.0,200.0,200.0],2.79291e-05],
[[2400.0,300.0,300.0],2.879872e-05],
[[2400.0,400.0,400.0],3.568542e-05],
[[2400.0,500.0,500.0],3.358707e-05],
[[2400.0,600.0,600.0],3.496706e-05],
[[2400.0,700.0,700.0],3.693917e-05],
[[2400.0,800.0,800.0],3.493346e-05],
[[2400.0,900.0,900.0],3.651241e-05],
[[2400.0,1000.0,1000.0],4.054418e-05],
[[2400.0,1100.0,1100.0],3.141063e-05],
[[2450.0,1220.0,1220.0],3.274393e-05],
[[2500.0,0,0],2.438447e-05],
[[2500.0,100.0,100.0],3.530091e-05],
[[2500.0,200.0,200.0],2.859065e-05],
[[2500.0,300.0,300.0],2.928586e-05],
[[2500.0,400.0,400.0],3.024489e-05],
[[2500.0,500.0,500.0],3.661601e-05],
[[2500.0,600.0,600.0],3.257137e-05],
[[2500.0,700.0,700.0],3.591083e-05],
[[2500.0,800.0,800.0],3.853688e-05],
[[2500.0,900.0,900.0],3.675024e-05],
[[2500.0,1000.0,1000.0],3.526307e-05],
[[2500.0,1100.0,1100.0],3.325665e-05],
[[2500.0,1200.0,1200.0],3.33883e-05],
[[2550.0,1270.0,1270.0],3.21966e-05],
[[2600.0,0,0],2.527076e-05],
[[2600.0,100.0,100.0],3.705442e-05],
[[2600.0,200.0,200.0],2.569219e-05],
[[2600.0,300.0,300.0],2.845447e-05],
[[2600.0,400.0,400.0],4.126397e-05],
[[2600.0,500.0,500.0],3.412898e-05],
[[2600.0,600.0,600.0],3.593263e-05],
[[2600.0,700.0,700.0],3.656634e-05],
[[2600.0,800.0,800.0],3.964206e-05],
[[2600.0,900.0,900.0],4.082975e-05],
[[2600.0,1000.0,1000.0],3.106887e-05],
[[2600.0,1100.0,1100.0],2.972701e-05],
[[2600.0,1200.0,1200.0],3.506051e-05],
[[2650.0,1320.0,1320.0],3.672452e-05],
[[2700.0,0,0],2.922855e-05],
[[2700.0,100.0,100.0],2.743621e-05],
[[2700.0,200.0,200.0],2.915413e-05],
[[2700.0,300.0,300.0],2.558356e-05],
[[2700.0,400.0,400.0],3.740938e-05],
[[2700.0,500.0,500.0],3.9186e-05],
[[2700.0,600.0,600.0],3.988039e-05],
[[2700.0,700.0,700.0],3.2491e-05],
[[2700.0,800.0,800.0],3.612574e-05],
[[2700.0,900.0,900.0],3.94022e-05],
[[2700.0,1000.0,1000.0],3.303177e-05],
[[2700.0,1100.0,1100.0],3.240051e-05],
[[2700.0,1200.0,1200.0],3.395997e-05],
[[2700.0,1300.0,1300.0],3.104096e-05],
[[2750.0,1370.0,1370.0],3.158075e-05],
[[2800.0,0,0],2.877228e-05],
[[2800.0,100.0,100.0],2.710073e-05],
[[2800.0,200.0,200.0],3.172357e-05],
[[2800.0,300.0,300.0],2.933291e-05],
[[2800.0,400.0,400.0],3.062184e-05],
[[2800.0,500.0,500.0],3.171981e-05],
[[2800.0,600.0,600.0],3.140296e-05],
[[2800.0,700.0,700.0],3.183837e-05],
[[2800.0,800.0,800.0],3.716576e-05],
[[2800.0,900.0,900.0],3.089708e-05],
[[2800.0,1000.0,1000.0],3.424402e-05],
[[2800.0,1100.0,1100.0],2.934958e-05],
[[2800.0,1200.0,1200.0],3.463833e-05],
[[2800.0,1300.0,1300.0],4.322043e-05],
[[2850.0,1420.0,1420.0],3.580514e-05],
[[2900.0,0,0],2.504015e-05],
[[2900.0,100.0,100.0],2.829756e-05],
[[2900.0,200.0,200.0],3.027139e-05],
[[2900.0,300.0,300.0],2.128092e-05],
[[2900.0,400.0,400.0],3.408685e-05],
[[2900.0,500.0,500.0],6.319105e-05],
[[2900.0,600.0,600.0],3.517844e-05],
[[2900.0,700.0,700.0],3.415021e-05],
[[2900.0,800.0,800.0],3.718325e-05],
[[2900.0,900.0,900.0],1.053142e-05],
[[2900.0,1000.0,1000.0],3.531668e-05],
[[2900.0,1100.0,1100.0],3.403126e-05],
[[2900.0,1200.0,1200.0],3.681051e-05],
[[2900.0,1300.0,1300.0],3.917982e-05],
[[2900.0,1400.0,1400.0],3.735782e-05],
[[2950.0,1470.0,1470.0],3.269683e-05],
[[3000.0,0,0],3.065692e-05],
[[3000.0,100.0,100.0],3.009259e-05],
[[3000.0,200.0,200.0],2.582219e-05],
[[3000.0,300.0,300.0],2.886366e-05],
[[3000.0,400.0,400.0],3.37176e-05],
[[3000.0,500.0,500.0],3.881043e-05],
[[3000.0,600.0,600.0],2.436953e-05],
[[3000.0,700.0,700.0],2.838524e-05],
[[3000.0,800.0,800.0],3.818504e-05],
[[3000.0,900.0,900.0],3.05788e-05],
[[3000.0,1000.0,1000.0],2.720063e-05],
[[3000.0,1100.0,1100.0],4.209112e-05],
[[3000.0,1200.0,1200.0],3.316823e-05],
[[3000.0,1300.0,1300.0],3.16549e-05],
[[3000.0,1400.0,1400.0],3.400555e-05]]
