txName: TRV1
constraint: {(PV > Zprime(1)), (Zprime(1) > MET(2),MET(3))}
condition: None
conditionDescription: None
figureUrl: None
source: Recast by CM2
validated: True
axesMap: [{0: 'x', 1: 'y', 2: 'y'}]
dataMap: {0: (1, 'mass', GeV), 1: (2, 'mass', GeV), 2: (3, 'mass', GeV)}
finalState: ['MET', 'MET']
intermediateState: None
efficiencyMap: [[[50.0,0,0],0.0],
[[50.0,1.0,1.0],0.0],
[[50.0,10.0,10.0],0.0],
[[50.0,20.0,20.0],0.0],
[[100.0,0,0],0],
[[100.0,1.0,1.0],0],
[[100.0,10.0,10.0],0.0],
[[150.0,0,0],0],
[[150.0,1.0,1.0],0.0],
[[150.0,10.0,10.0],0],
[[150.0,50.0,50.0],0],
[[150.0,70.0,70.0],0],
[[200.0,0,0],0],
[[200.0,1.0,1.0],0],
[[200.0,10.0,10.0],0],
[[200.0,50.0,50.0],0],
[[200.0,75.0,75.0],0.0],
[[250.0,0,0],0],
[[250.0,1.0,1.0],0],
[[250.0,10.0,10.0],0.0],
[[250.0,50.0,50.0],0],
[[250.0,75.0,75.0],0],
[[250.0,100.0,100.0],0.0],
[[250.0,120.0,120.0],0],
[[300.0,0,0],0],
[[300.0,1.0,1.0],0],
[[300.0,10.0,10.0],0],
[[300.0,50.0,50.0],0],
[[300.0,75.0,75.0],0],
[[300.0,100.0,100.0],0],
[[350.0,0,0],0],
[[350.0,1.0,1.0],0],
[[350.0,10.0,10.0],0],
[[350.0,50.0,50.0],0],
[[350.0,75.0,75.0],0],
[[350.0,100.0,100.0],0],
[[350.0,150.0,150.0],0],
[[350.0,170.0,170.0],0],
[[400.0,0,0],0],
[[400.0,1.0,1.0],0],
[[400.0,10.0,10.0],0],
[[400.0,50.0,50.0],0],
[[400.0,75.0,75.0],0],
[[400.0,100.0,100.0],0],
[[400.0,150.0,150.0],0],
[[450.0,0,0],0],
[[450.0,1.0,1.0],0],
[[450.0,10.0,10.0],0],
[[450.0,50.0,50.0],0],
[[450.0,75.0,75.0],0],
[[450.0,100.0,100.0],0],
[[450.0,150.0,150.0],0],
[[450.0,200.0,200.0],0],
[[450.0,220.0,220.0],0],
[[500.0,0,0],0],
[[500.0,1.0,1.0],0],
[[500.0,10.0,10.0],0],
[[500.0,50.0,50.0],0],
[[500.0,75.0,75.0],0],
[[500.0,100.0,100.0],0],
[[500.0,150.0,150.0],0],
[[500.0,200.0,200.0],0],
[[550.0,1.0,1.0],0],
[[550.0,10.0,10.0],0],
[[550.0,75.0,75.0],1.732591e-06],
[[550.0,150.0,150.0],0],
[[550.0,200.0,200.0],0],
[[550.0,250.0,250.0],0],
[[550.0,270.0,270.0],0],
[[600.0,0,0],0],
[[600.0,1.0,1.0],0],
[[600.0,10.0,10.0],2.136587e-06],
[[600.0,50.0,50.0],0],
[[600.0,75.0,75.0],2.443961e-06],
[[600.0,100.0,100.0],0],
[[600.0,150.0,150.0],2.313314e-06],
[[600.0,200.0,200.0],2.168486e-06],
[[600.0,250.0,250.0],0],
[[600.0,295.0,295.0],0],
[[650.0,1.0,1.0],0],
[[650.0,10.0,10.0],0],
[[650.0,75.0,75.0],2.471535e-06],
[[650.0,150.0,150.0],2.12335e-06],
[[650.0,200.0,200.0],2.544872e-06],
[[650.0,250.0,250.0],0],
[[650.0,300.0,300.0],0],
[[650.0,320.0,320.0],3.032648e-06],
[[700.0,0,0],0],
[[700.0,1.0,1.0],1.85336e-06],
[[700.0,10.0,10.0],0],
[[700.0,50.0,50.0],2.185382e-06],
[[700.0,75.0,75.0],0],
[[700.0,100.0,100.0],0],
[[700.0,150.0,150.0],1.891168e-06],
[[700.0,200.0,200.0],3.261444e-06],
[[700.0,250.0,250.0],2.029947e-06],
[[700.0,300.0,300.0],1.78912e-06],
[[750.0,1.0,1.0],1.860059e-06],
[[750.0,10.0,10.0],3.568191e-06],
[[750.0,75.0,75.0],3.275048e-06],
[[750.0,150.0,150.0],0],
[[750.0,200.0,200.0],3.360399e-06],
[[750.0,250.0,250.0],2.41034e-06],
[[750.0,300.0,300.0],2.290622e-06],
[[750.0,350.0,350.0],2.508019e-06],
[[750.0,370.0,370.0],2.312151e-06],
[[800.0,0,0],2.574889e-06],
[[800.0,1.0,1.0],2.377143e-06],
[[800.0,10.0,10.0],2.443157e-06],
[[800.0,50.0,50.0],4.220294e-06],
[[800.0,75.0,75.0],2.99347e-06],
[[800.0,100.0,100.0],2.647009e-06],
[[800.0,150.0,150.0],3.903186e-06],
[[800.0,200.0,200.0],3.270334e-06],
[[800.0,250.0,250.0],3.330463e-06],
[[800.0,300.0,300.0],2.161527e-06],
[[800.0,350.0,350.0],3.332658e-06],
[[850.0,1.0,1.0],2.504855e-06],
[[850.0,10.0,10.0],4.477386e-06],
[[850.0,75.0,75.0],2.517414e-06],
[[850.0,150.0,150.0],1.793119e-06],
[[850.0,200.0,200.0],3.606731e-06],
[[850.0,250.0,250.0],5.010872e-06],
[[850.0,300.0,300.0],3.348322e-06],
[[850.0,350.0,350.0],2.365893e-06],
[[850.0,400.0,400.0],4.248627e-06],
[[850.0,420.0,420.0],4.15926e-06],
[[900.0,0,0],4.777117e-06],
[[900.0,1.0,1.0],4.028779e-06],
[[900.0,10.0,10.0],2.500341e-06],
[[900.0,50.0,50.0],4.296988e-06],
[[900.0,75.0,75.0],4.558642e-06],
[[900.0,100.0,100.0],2.273184e-06],
[[900.0,150.0,150.0],6.455335e-06],
[[900.0,200.0,200.0],3.19573e-06],
[[900.0,250.0,250.0],3.993519e-06],
[[900.0,300.0,300.0],2.482116e-06],
[[900.0,350.0,350.0],2.665117e-06],
[[900.0,400.0,400.0],6.481776e-06],
[[950.0,1.0,1.0],4.042132e-06],
[[950.0,10.0,10.0],3.716896e-06],
[[950.0,75.0,75.0],3.893037e-06],
[[950.0,150.0,150.0],3.873343e-06],
[[950.0,200.0,200.0],3.035241e-06],
[[950.0,250.0,250.0],1.850419e-06],
[[950.0,300.0,300.0],4.750448e-06],
[[950.0,350.0,350.0],4.575408e-06],
[[950.0,400.0,400.0],2.224398e-06],
[[950.0,450.0,450.0],4.474532e-06],
[[950.0,470.0,470.0],4.948265e-06],
[[1000.0,0,0],4.02742e-06],
[[1000.0,50.0,50.0],5.646124e-06],
[[1000.0,100.0,100.0],3.84434e-06],
[[1000.0,150.0,150.0],4.463594e-06],
[[1000.0,200.0,200.0],4.574533e-06],
[[1000.0,250.0,250.0],6.738264e-06],
[[1000.0,300.0,300.0],5.104301e-06],
[[1000.0,350.0,350.0],4.467989e-06],
[[1000.0,400.0,400.0],5.152396e-06],
[[1000.0,450.0,450.0],3.072649e-06],
[[1050.0,520.0,520.0],5.672629e-06],
[[1100.0,0,0],2.273695e-06],
[[1100.0,100.0,100.0],5.725802e-06],
[[1100.0,200.0,200.0],5.702217e-06],
[[1100.0,300.0,300.0],4.998967e-06],
[[1100.0,400.0,400.0],4.145559e-06],
[[1100.0,500.0,500.0],5.259789e-06],
[[1150.0,570.0,570.0],8.935882e-06],
[[1200.0,0,0],6.719841e-06],
[[1200.0,100.0,100.0],8.299165e-06],
[[1200.0,200.0,200.0],3.571748e-06],
[[1200.0,300.0,300.0],8.338007e-06],
[[1200.0,400.0,400.0],7.135514e-06],
[[1200.0,500.0,500.0],7.265155e-06],
[[1250.0,620.0,620.0],7.71802e-06],
[[1300.0,0,0],8.01108e-06],
[[1300.0,100.0,100.0],7.722194e-06],
[[1300.0,200.0,200.0],1.005956e-05],
[[1300.0,300.0,300.0],6.594618e-06],
[[1300.0,400.0,400.0],3.437699e-06],
[[1300.0,500.0,500.0],9.155888e-06],
[[1300.0,600.0,600.0],7.843019e-06],
[[1350.0,670.0,670.0],7.119262e-06],
[[1400.0,0,0],8.806515e-06],
[[1400.0,100.0,100.0],7.355492e-06],
[[1400.0,200.0,200.0],7.736982e-06],
[[1400.0,300.0,300.0],7.208265e-06],
[[1400.0,400.0,400.0],8.155861e-06],
[[1400.0,500.0,500.0],7.227664e-06],
[[1400.0,600.0,600.0],5.566203e-06],
[[1450.0,720.0,720.0],1.084129e-05],
[[1500.0,0,0],1.265615e-05],
[[1500.0,100.0,100.0],7.861541e-06],
[[1500.0,200.0,200.0],6.191662e-06],
[[1500.0,300.0,300.0],5.939755e-06],
[[1500.0,400.0,400.0],5.610504e-06],
[[1500.0,500.0,500.0],7.126675e-06],
[[1500.0,600.0,600.0],7.821761e-06],
[[1500.0,700.0,700.0],8.811328e-06],
[[1550.0,770.0,770.0],5.708706e-06],
[[1600.0,0,0],5.914879e-06],
[[1600.0,100.0,100.0],5.792025e-06],
[[1600.0,200.0,200.0],6.629908e-06],
[[1600.0,300.0,300.0],7.710438e-06],
[[1600.0,400.0,400.0],8.931146e-06],
[[1600.0,500.0,500.0],7.292676e-06],
[[1600.0,600.0,600.0],6.127717e-06],
[[1600.0,700.0,700.0],8.940603e-06],
[[1650.0,820.0,820.0],6.823861e-06],
[[1700.0,0,0],1.236945e-05],
[[1700.0,100.0,100.0],1.099851e-05],
[[1700.0,200.0,200.0],8.924228e-06],
[[1700.0,300.0,300.0],8.505994e-06],
[[1700.0,400.0,400.0],6.710216e-06],
[[1700.0,500.0,500.0],1.047628e-05],
[[1700.0,600.0,600.0],1.133682e-05],
[[1700.0,700.0,700.0],1.949464e-05],
[[1700.0,800.0,800.0],7.363701e-06],
[[1750.0,870.0,870.0],1.39011e-05],
[[1800.0,0,0],1.192121e-05],
[[1800.0,100.0,100.0],8.288082e-06],
[[1800.0,200.0,200.0],1.312327e-05],
[[1800.0,300.0,300.0],1.429779e-05],
[[1800.0,400.0,400.0],1.192063e-05],
[[1800.0,500.0,500.0],1.107339e-05],
[[1800.0,600.0,600.0],1.178745e-05],
[[1800.0,700.0,700.0],1.355617e-05],
[[1800.0,800.0,800.0],8.870537e-06],
[[1850.0,920.0,920.0],8.520712e-06],
[[1900.0,0,0],8.613676e-06],
[[1900.0,100.0,100.0],8.573774e-06],
[[1900.0,200.0,200.0],1.060409e-05],
[[1900.0,300.0,300.0],9.501395e-06],
[[1900.0,400.0,400.0],9.123361e-06],
[[1900.0,500.0,500.0],9.210748e-06],
[[1900.0,600.0,600.0],1.471216e-05],
[[1900.0,700.0,700.0],1.238145e-05],
[[1900.0,800.0,800.0],1.534265e-05],
[[1900.0,900.0,900.0],8.653772e-06],
[[1950.0,970.0,970.0],1.324484e-05],
[[2000.0,0,0],2.269866e-05],
[[2000.0,100.0,100.0],7.525315e-06],
[[2000.0,200.0,200.0],4.923101e-06],
[[2000.0,300.0,300.0],1.185334e-05],
[[2000.0,400.0,400.0],7.843263e-06],
[[2000.0,500.0,500.0],1.375251e-05],
[[2000.0,600.0,600.0],1.082458e-05],
[[2000.0,700.0,700.0],9.586436e-06],
[[2000.0,800.0,800.0],8.656629e-06],
[[2000.0,900.0,900.0],1.203616e-05],
[[2050.0,1020.0,1020.0],1.405159e-05],
[[2100.0,0,0],1.066113e-05],
[[2100.0,100.0,100.0],1.174505e-05],
[[2100.0,200.0,200.0],1.032922e-05],
[[2100.0,300.0,300.0],7.222256e-06],
[[2100.0,400.0,400.0],1.323106e-05],
[[2100.0,500.0,500.0],1.13333e-05],
[[2100.0,600.0,600.0],1.083206e-05],
[[2100.0,700.0,700.0],6.037308e-06],
[[2100.0,800.0,800.0],9.847246e-06],
[[2100.0,900.0,900.0],1.128926e-05],
[[2100.0,1000.0,1000.0],8.895486e-06],
[[2150.0,1070.0,1070.0],9.751897e-06],
[[2200.0,0,0],1.417578e-05],
[[2200.0,100.0,100.0],1.489649e-05],
[[2200.0,200.0,200.0],1.104403e-05],
[[2200.0,300.0,300.0],8.105501e-06],
[[2200.0,400.0,400.0],1.449913e-05],
[[2200.0,500.0,500.0],8.060965e-06],
[[2200.0,600.0,600.0],9.426368e-06],
[[2200.0,700.0,700.0],1.232526e-05],
[[2200.0,800.0,800.0],7.923117e-06],
[[2200.0,900.0,900.0],1.178904e-05],
[[2200.0,1000.0,1000.0],9.723894e-06],
[[2250.0,1120.0,1120.0],9.573143e-06],
[[2300.0,0,0],1.151767e-05],
[[2300.0,100.0,100.0],9.479047e-06],
[[2300.0,200.0,200.0],1.061125e-05],
[[2300.0,300.0,300.0],1.074302e-05],
[[2300.0,400.0,400.0],7.498293e-06],
[[2300.0,500.0,500.0],1.497028e-05],
[[2300.0,600.0,600.0],7.47535e-06],
[[2300.0,700.0,700.0],1.411967e-05],
[[2300.0,800.0,800.0],1.293451e-05],
[[2300.0,900.0,900.0],7.23851e-06],
[[2300.0,1000.0,1000.0],8.597822e-06],
[[2300.0,1100.0,1100.0],1.657199e-05],
[[2350.0,1170.0,1170.0],1.403842e-05],
[[2400.0,0,0],1.127645e-05],
[[2400.0,100.0,100.0],1.187131e-05],
[[2400.0,200.0,200.0],1.021441e-05],
[[2400.0,300.0,300.0],1.129825e-05],
[[2400.0,400.0,400.0],1.016705e-05],
[[2400.0,500.0,500.0],6.63301e-06],
[[2400.0,600.0,600.0],9.636636e-06],
[[2400.0,700.0,700.0],1.489168e-05],
[[2400.0,800.0,800.0],9.762528e-06],
[[2400.0,900.0,900.0],1.215618e-05],
[[2400.0,1000.0,1000.0],6.711697e-06],
[[2400.0,1100.0,1100.0],1.138109e-05],
[[2450.0,1220.0,1220.0],1.573335e-05],
[[2500.0,0,0],1.075704e-05],
[[2500.0,100.0,100.0],9.275288e-06],
[[2500.0,200.0,200.0],2.016453e-05],
[[2500.0,300.0,300.0],6.57109e-06],
[[2500.0,400.0,400.0],8.860803e-06],
[[2500.0,500.0,500.0],1.316301e-05],
[[2500.0,600.0,600.0],1.461126e-05],
[[2500.0,700.0,700.0],2.23193e-05],
[[2500.0,800.0,800.0],9.465537e-06],
[[2500.0,900.0,900.0],1.731595e-05],
[[2500.0,1000.0,1000.0],1.416415e-05],
[[2500.0,1100.0,1100.0],1.069474e-05],
[[2500.0,1200.0,1200.0],1.039639e-05],
[[2550.0,1270.0,1270.0],1.993934e-05],
[[2600.0,0,0],8.847915e-06],
[[2600.0,100.0,100.0],1.516993e-05],
[[2600.0,200.0,200.0],1.180715e-05],
[[2600.0,300.0,300.0],1.169214e-05],
[[2600.0,400.0,400.0],8.563922e-06],
[[2600.0,500.0,500.0],1.077041e-05],
[[2600.0,600.0,600.0],1.041384e-05],
[[2600.0,700.0,700.0],1.29765e-05],
[[2600.0,800.0,800.0],1.048339e-05],
[[2600.0,900.0,900.0],8.826877e-06],
[[2600.0,1000.0,1000.0],1.18544e-05],
[[2600.0,1100.0,1100.0],1.649772e-05],
[[2600.0,1200.0,1200.0],5.286117e-06],
[[2650.0,1320.0,1320.0],1.176187e-05],
[[2700.0,0,0],1.028316e-05],
[[2700.0,100.0,100.0],1.167042e-05],
[[2700.0,200.0,200.0],6.312045e-06],
[[2700.0,300.0,300.0],7.623205e-06],
[[2700.0,400.0,400.0],1.295222e-05],
[[2700.0,500.0,500.0],1.03884e-05],
[[2700.0,600.0,600.0],6.417804e-06],
[[2700.0,700.0,700.0],1.349452e-05],
[[2700.0,800.0,800.0],1.115621e-05],
[[2700.0,900.0,900.0],1.07417e-05],
[[2700.0,1000.0,1000.0],1.159438e-05],
[[2700.0,1100.0,1100.0],2.063321e-05],
[[2700.0,1200.0,1200.0],8.028451e-06],
[[2700.0,1300.0,1300.0],8.179738e-06],
[[2750.0,1370.0,1370.0],1.398526e-05],
[[2800.0,0,0],1.117106e-05],
[[2800.0,100.0,100.0],1.75819e-05],
[[2800.0,200.0,200.0],9.089212e-06],
[[2800.0,300.0,300.0],7.559693e-06],
[[2800.0,400.0,400.0],8.996317e-06],
[[2800.0,500.0,500.0],1.11937e-05],
[[2800.0,600.0,600.0],1.223429e-05],
[[2800.0,700.0,700.0],1.205192e-05],
[[2800.0,800.0,800.0],9.889746e-06],
[[2800.0,900.0,900.0],1.188746e-05],
[[2800.0,1000.0,1000.0],1.464989e-05],
[[2800.0,1100.0,1100.0],7.567629e-06],
[[2800.0,1200.0,1200.0],1.063229e-05],
[[2800.0,1300.0,1300.0],1.31424e-05],
[[2850.0,1420.0,1420.0],8.264184e-06],
[[2900.0,0,0],6.461096e-06],
[[2900.0,100.0,100.0],8.819575e-06],
[[2900.0,200.0,200.0],1.233101e-05],
[[2900.0,300.0,300.0],9.736617e-06],
[[2900.0,400.0,400.0],6.078397e-06],
[[2900.0,500.0,500.0],2.669718e-05],
[[2900.0,600.0,600.0],8.273173e-06],
[[2900.0,700.0,700.0],9.875004e-06],
[[2900.0,800.0,800.0],1.015675e-05],
[[2900.0,900.0,900.0],2.108575e-06],
[[2900.0,1000.0,1000.0],1.396402e-05],
[[2900.0,1100.0,1100.0],7.768388e-06],
[[2900.0,1200.0,1200.0],1.246181e-05],
[[2900.0,1300.0,1300.0],1.86285e-05],
[[2900.0,1400.0,1400.0],1.016439e-05],
[[2950.0,1470.0,1470.0],1.314235e-05],
[[3000.0,0,0],8.109028e-06],
[[3000.0,100.0,100.0],1.18516e-05],
[[3000.0,200.0,200.0],7.739557e-06],
[[3000.0,300.0,300.0],9.337633e-06],
[[3000.0,400.0,400.0],1.158734e-05],
[[3000.0,500.0,500.0],9.897145e-06],
[[3000.0,600.0,600.0],1.108054e-05],
[[3000.0,700.0,700.0],1.052066e-05],
[[3000.0,800.0,800.0],9.848516e-06],
[[3000.0,900.0,900.0],1.561611e-05],
[[3000.0,1000.0,1000.0],1.102049e-05],
[[3000.0,1100.0,1100.0],1.339815e-05],
[[3000.0,1200.0,1200.0],1.27183e-05],
[[3000.0,1300.0,1300.0],1.099551e-05],
[[3000.0,1400.0,1400.0],1.063715e-05]]
