txName: TRV1
constraint: {(PV > Zprime(1)), (Zprime(1) > MET(2),MET(3))}
condition: None
conditionDescription: None
figureUrl: None
source: Recast by CM2
validated: True
axesMap: [{0: 'x', 1: 'y', 2: 'y'}]
dataMap: {0: (1, 'mass', GeV), 1: (2, 'mass', GeV), 2: (3, 'mass', GeV)}
finalState: ['MET', 'MET']
intermediateState: None
efficiencyMap: [[[50.0,0,0],0],
[[50.0,1.0,1.0],0],
[[50.0,10.0,10.0],0],
[[50.0,20.0,20.0],0],
[[100.0,0,0],0],
[[100.0,1.0,1.0],0],
[[100.0,10.0,10.0],0],
[[150.0,0,0],3.797049e-06],
[[150.0,1.0,1.0],3.568053e-06],
[[150.0,10.0,10.0],3.742609e-06],
[[150.0,50.0,50.0],3.39369e-06],
[[150.0,70.0,70.0],3.725297e-06],
[[200.0,0,0],9.157386e-06],
[[200.0,1.0,1.0],9.597831e-06],
[[200.0,10.0,10.0],9.272827e-06],
[[200.0,50.0,50.0],9.105594e-06],
[[200.0,75.0,75.0],9.92242e-06],
[[250.0,0,0],7.700547e-05],
[[250.0,1.0,1.0],1.971435e-05],
[[250.0,10.0,10.0],1.832949e-05],
[[250.0,50.0,50.0],1.869745e-05],
[[250.0,75.0,75.0],1.75542e-05],
[[250.0,100.0,100.0],2.053765e-05],
[[250.0,120.0,120.0],1.97363e-05],
[[300.0,0,0],2.968969e-05],
[[300.0,1.0,1.0],3.033872e-05],
[[300.0,10.0,10.0],2.939097e-05],
[[300.0,50.0,50.0],8.60328e-05],
[[300.0,75.0,75.0],3.202643e-05],
[[300.0,100.0,100.0],3.155982e-05],
[[350.0,0,0],4.643483e-05],
[[350.0,1.0,1.0],4.891144e-05],
[[350.0,10.0,10.0],5.031665e-05],
[[350.0,50.0,50.0],4.727935e-05],
[[350.0,75.0,75.0],4.930425e-05],
[[350.0,100.0,100.0],4.759872e-05],
[[350.0,150.0,150.0],5.17051e-05],
[[350.0,170.0,170.0],5.504799e-05],
[[400.0,0,0],6.948194e-05],
[[400.0,1.0,1.0],7.104306e-05],
[[400.0,10.0,10.0],6.832651e-05],
[[400.0,50.0,50.0],6.973686e-05],
[[400.0,75.0,75.0],6.732734e-05],
[[400.0,100.0,100.0],7.504827e-05],
[[400.0,150.0,150.0],7.51226e-05],
[[450.0,0,0],9.308331e-05],
[[450.0,1.0,1.0],9.386206e-05],
[[450.0,10.0,10.0],0.000101123],
[[450.0,50.0,50.0],9.592258e-05],
[[450.0,75.0,75.0],9.894353e-05],
[[450.0,100.0,100.0],9.839966e-05],
[[450.0,150.0,150.0],9.897209e-05],
[[450.0,200.0,200.0],0.0001059024],
[[450.0,220.0,220.0],0.0001095415],
[[500.0,0,0],0.0001320302],
[[500.0,1.0,1.0],0.0001308919],
[[500.0,10.0,10.0],0.0001288055],
[[500.0,50.0,50.0],0.0001383033],
[[500.0,75.0,75.0],0.0001293423],
[[500.0,100.0,100.0],0.0001340333],
[[500.0,150.0,150.0],0.0001323342],
[[500.0,200.0,200.0],0.0001294719],
[[550.0,1.0,1.0],0.0001612345],
[[550.0,10.0,10.0],0.0001701628],
[[550.0,75.0,75.0],0.0001686838],
[[550.0,150.0,150.0],0.0001754835],
[[550.0,200.0,200.0],0.0001811053],
[[550.0,250.0,250.0],0.0001773475],
[[550.0,270.0,270.0],0.0001894371],
[[600.0,0,0],0.0002023376],
[[600.0,1.0,1.0],0.0002072326],
[[600.0,10.0,10.0],0.0002064935],
[[600.0,50.0,50.0],0.0002174751],
[[600.0,75.0,75.0],0.0002138808],
[[600.0,100.0,100.0],0.0002218578],
[[600.0,150.0,150.0],0.0002165148],
[[600.0,200.0,200.0],0.0002159647],
[[600.0,250.0,250.0],0.0002169948],
[[600.0,295.0,295.0],0.0002325338],
[[650.0,1.0,1.0],0.0002588874],
[[650.0,10.0,10.0],0.0002483021],
[[650.0,75.0,75.0],0.000257377],
[[650.0,150.0,150.0],0.0002539909],
[[650.0,200.0,200.0],0.0002627018],
[[650.0,250.0,250.0],0.00026324],
[[650.0,300.0,300.0],0.000287051],
[[650.0,320.0,320.0],0.0002904893],
[[700.0,0,0],0.0003017352],
[[700.0,1.0,1.0],0.0003013432],
[[700.0,10.0,10.0],0.0003040821],
[[700.0,50.0,50.0],0.0002867486],
[[700.0,75.0,75.0],0.0003081995],
[[700.0,100.0,100.0],0.0001660233],
[[700.0,150.0,150.0],0.000297102],
[[700.0,200.0,200.0],0.0003129623],
[[700.0,250.0,250.0],0.0003061467],
[[700.0,300.0,300.0],0.000326849],
[[750.0,1.0,1.0],0.0003379311],
[[750.0,10.0,10.0],0.0003582162],
[[750.0,75.0,75.0],0.0003521337],
[[750.0,150.0,150.0],0.0003596131],
[[750.0,200.0,200.0],0.000356804],
[[750.0,250.0,250.0],0.0003691961],
[[750.0,300.0,300.0],0.0003701865],
[[750.0,350.0,350.0],0.0003817954],
[[750.0,370.0,370.0],0.000395622],
[[800.0,0,0],0.0004056321],
[[800.0,1.0,1.0],0.0004087985],
[[800.0,10.0,10.0],0.0003843725],
[[800.0,50.0,50.0],0.0003866203],
[[800.0,75.0,75.0],0.0003775846],
[[800.0,100.0,100.0],0.000413782],
[[800.0,150.0,150.0],0.0004069646],
[[800.0,200.0,200.0],0.0004232645],
[[800.0,250.0,250.0],0.0004231636],
[[800.0,300.0,300.0],0.0004183201],
[[800.0,350.0,350.0],0.0004380085],
[[850.0,1.0,1.0],0.0004675319],
[[850.0,10.0,10.0],0.0004488339],
[[850.0,75.0,75.0],0.0004418401],
[[850.0,150.0,150.0],0.0004707495],
[[850.0,200.0,200.0],0.0004839469],
[[850.0,250.0,250.0],0.0004865143],
[[850.0,300.0,300.0],0.000472832],
[[850.0,350.0,350.0],0.0005084542],
[[850.0,400.0,400.0],0.0005120328],
[[850.0,420.0,420.0],0.0005285363],
[[900.0,0,0],0.000524585],
[[900.0,1.0,1.0],0.0005055065],
[[900.0,10.0,10.0],0.000518073],
[[900.0,50.0,50.0],0.0005218506],
[[900.0,75.0,75.0],0.0005410119],
[[900.0,100.0,100.0],0.000533048],
[[900.0,150.0,150.0],0.0005283578],
[[900.0,200.0,200.0],0.0005410681],
[[900.0,250.0,250.0],0.0005408236],
[[900.0,300.0,300.0],0.0005319691],
[[900.0,350.0,350.0],0.0005325871],
[[900.0,400.0,400.0],0.0005492829],
[[950.0,1.0,1.0],0.0005768608],
[[950.0,10.0,10.0],0.0005704147],
[[950.0,75.0,75.0],0.0005694943],
[[950.0,150.0,150.0],0.00057864],
[[950.0,200.0,200.0],0.000604449],
[[950.0,250.0,250.0],0.0005791051],
[[950.0,300.0,300.0],0.0005923662],
[[950.0,350.0,350.0],0.0006550772],
[[950.0,400.0,400.0],0.0006146601],
[[950.0,450.0,450.0],0.0006392671],
[[950.0,470.0,470.0],0.000658652],
[[1000.0,0,0],0.0006390868],
[[1000.0,50.0,50.0],0.0006516157],
[[1000.0,100.0,100.0],0.0006292601],
[[1000.0,150.0,150.0],0.0006383543],
[[1000.0,200.0,200.0],0.0006813434],
[[1000.0,250.0,250.0],0.0006592807],
[[1000.0,300.0,300.0],0.0006570238],
[[1000.0,350.0,350.0],0.0006560935],
[[1000.0,400.0,400.0],0.0007182402],
[[1000.0,450.0,450.0],0.0006825485],
[[1050.0,520.0,520.0],0.000812483],
[[1100.0,0,0],0.0007652921],
[[1100.0,100.0,100.0],0.0007523044],
[[1100.0,200.0,200.0],0.0007895533],
[[1100.0,300.0,300.0],0.0007871582],
[[1100.0,400.0,400.0],0.0008147509],
[[1100.0,500.0,500.0],0.0008804365],
[[1150.0,570.0,570.0],0.0009839045],
[[1200.0,0,0],0.0008892105],
[[1200.0,100.0,100.0],0.0008809601],
[[1200.0,200.0,200.0],0.0009225756],
[[1200.0,300.0,300.0],0.000937299],
[[1200.0,400.0,400.0],0.0009314792],
[[1200.0,500.0,500.0],0.001006836],
[[1250.0,620.0,620.0],0.001135782],
[[1300.0,0,0],0.0009981722],
[[1300.0,100.0,100.0],0.001043418],
[[1300.0,200.0,200.0],0.00106805],
[[1300.0,300.0,300.0],0.001096984],
[[1300.0,400.0,400.0],0.00106597],
[[1300.0,500.0,500.0],0.001077535],
[[1300.0,600.0,600.0],0.001179157],
[[1350.0,670.0,670.0],0.001259127],
[[1400.0,0,0],0.001160101],
[[1400.0,100.0,100.0],0.001164463],
[[1400.0,200.0,200.0],0.001164856],
[[1400.0,300.0,300.0],0.001209963],
[[1400.0,400.0,400.0],0.001245118],
[[1400.0,500.0,500.0],0.001258838],
[[1400.0,600.0,600.0],0.001295358],
[[1450.0,720.0,720.0],0.001463211],
[[1500.0,0,0],0.001300908],
[[1500.0,100.0,100.0],0.001337215],
[[1500.0,200.0,200.0],0.001280027],
[[1500.0,300.0,300.0],0.00136743],
[[1500.0,400.0,400.0],0.001396276],
[[1500.0,500.0,500.0],0.001389055],
[[1500.0,600.0,600.0],0.001456572],
[[1500.0,700.0,700.0],0.001496066],
[[1550.0,770.0,770.0],0.001551607],
[[1600.0,0,0],0.001386606],
[[1600.0,100.0,100.0],0.001414464],
[[1600.0,200.0,200.0],0.001449309],
[[1600.0,300.0,300.0],0.001457326],
[[1600.0,400.0,400.0],0.001529805],
[[1600.0,500.0,500.0],0.001498054],
[[1600.0,600.0,600.0],0.001486768],
[[1600.0,700.0,700.0],0.00153912],
[[1650.0,820.0,820.0],0.001735037],
[[1700.0,0,0],0.001487669],
[[1700.0,100.0,100.0],0.001500447],
[[1700.0,200.0,200.0],0.001604337],
[[1700.0,300.0,300.0],0.001571303],
[[1700.0,400.0,400.0],0.0015463],
[[1700.0,500.0,500.0],0.001613091],
[[1700.0,600.0,600.0],0.001663855],
[[1700.0,700.0,700.0],0.001671103],
[[1700.0,800.0,800.0],0.001622342],
[[1750.0,870.0,870.0],0.001837977],
[[1800.0,0,0],0.001606561],
[[1800.0,100.0,100.0],0.001567426],
[[1800.0,200.0,200.0],0.001731927],
[[1800.0,300.0,300.0],0.001613191],
[[1800.0,400.0,400.0],0.001683901],
[[1800.0,500.0,500.0],0.001726221],
[[1800.0,600.0,600.0],0.001733767],
[[1800.0,700.0,700.0],0.001782326],
[[1800.0,800.0,800.0],0.001837463],
[[1850.0,920.0,920.0],0.00189471],
[[1900.0,0,0],0.001558936],
[[1900.0,100.0,100.0],0.001764354],
[[1900.0,200.0,200.0],0.001724319],
[[1900.0,300.0,300.0],0.001860848],
[[1900.0,400.0,400.0],0.001752369],
[[1900.0,500.0,500.0],0.001870311],
[[1900.0,600.0,600.0],0.001809981],
[[1900.0,700.0,700.0],0.001914588],
[[1900.0,800.0,800.0],0.001949379],
[[1900.0,900.0,900.0],0.001948151],
[[1950.0,970.0,970.0],0.001989476],
[[2000.0,0,0],0.0017444],
[[2000.0,100.0,100.0],0.001770474],
[[2000.0,200.0,200.0],0.001816667],
[[2000.0,300.0,300.0],0.001891979],
[[2000.0,400.0,400.0],0.002012841],
[[2000.0,500.0,500.0],0.001904057],
[[2000.0,600.0,600.0],0.001902618],
[[2000.0,700.0,700.0],0.001891647],
[[2000.0,800.0,800.0],0.002081736],
[[2000.0,900.0,900.0],0.002075127],
[[2050.0,1020.0,1020.0],0.002182188],
[[2100.0,0,0],0.001842059],
[[2100.0,100.0,100.0],0.001926973],
[[2100.0,200.0,200.0],0.001888391],
[[2100.0,300.0,300.0],0.001947951],
[[2100.0,400.0,400.0],0.002042151],
[[2100.0,500.0,500.0],0.002093562],
[[2100.0,600.0,600.0],0.002046301],
[[2100.0,700.0,700.0],0.002065796],
[[2100.0,800.0,800.0],0.002066494],
[[2100.0,900.0,900.0],0.002107723],
[[2100.0,1000.0,1000.0],0.002106593],
[[2150.0,1070.0,1070.0],0.002238783],
[[2200.0,0,0],0.001841053],
[[2200.0,100.0,100.0],0.00196917],
[[2200.0,200.0,200.0],0.001996116],
[[2200.0,300.0,300.0],0.002057381],
[[2200.0,400.0,400.0],0.002069684],
[[2200.0,500.0,500.0],0.002143562],
[[2200.0,600.0,600.0],0.002075028],
[[2200.0,700.0,700.0],0.002173805],
[[2200.0,800.0,800.0],0.002147509],
[[2200.0,900.0,900.0],0.002188568],
[[2200.0,1000.0,1000.0],0.002215711],
[[2250.0,1120.0,1120.0],0.002249087],
[[2300.0,0,0],0.001970405],
[[2300.0,100.0,100.0],0.001995776],
[[2300.0,200.0,200.0],0.002032996],
[[2300.0,300.0,300.0],0.001990167],
[[2300.0,400.0,400.0],0.002159112],
[[2300.0,500.0,500.0],0.002183261],
[[2300.0,600.0,600.0],0.002248602],
[[2300.0,700.0,700.0],0.002203029],
[[2300.0,800.0,800.0],0.002334173],
[[2300.0,900.0,900.0],0.002262432],
[[2300.0,1000.0,1000.0],0.002292867],
[[2300.0,1100.0,1100.0],0.002266226],
[[2350.0,1170.0,1170.0],0.002343034],
[[2400.0,0,0],0.001978827],
[[2400.0,100.0,100.0],0.00196748],
[[2400.0,200.0,200.0],0.002094755],
[[2400.0,300.0,300.0],0.002142131],
[[2400.0,400.0,400.0],0.002175487],
[[2400.0,500.0,500.0],0.002325835],
[[2400.0,600.0,600.0],0.002368442],
[[2400.0,700.0,700.0],0.002292576],
[[2400.0,800.0,800.0],0.002346773],
[[2400.0,900.0,900.0],0.002350184],
[[2400.0,1000.0,1000.0],0.002346686],
[[2400.0,1100.0,1100.0],0.002314586],
[[2450.0,1220.0,1220.0],0.002456908],
[[2500.0,0,0],0.001949955],
[[2500.0,100.0,100.0],0.002035933],
[[2500.0,200.0,200.0],0.002149388],
[[2500.0,300.0,300.0],0.002201824],
[[2500.0,400.0,400.0],0.002302243],
[[2500.0,500.0,500.0],0.002291415],
[[2500.0,600.0,600.0],0.002348679],
[[2500.0,700.0,700.0],0.00234723],
[[2500.0,800.0,800.0],0.002424872],
[[2500.0,900.0,900.0],0.002395963],
[[2500.0,1000.0,1000.0],0.002401257],
[[2500.0,1100.0,1100.0],0.002465536],
[[2500.0,1200.0,1200.0],0.002400104],
[[2550.0,1270.0,1270.0],0.002607641],
[[2600.0,0,0],0.002052743],
[[2600.0,100.0,100.0],0.002092678],
[[2600.0,200.0,200.0],0.002259066],
[[2600.0,300.0,300.0],0.002179335],
[[2600.0,400.0,400.0],0.002346289],
[[2600.0,500.0,500.0],0.00228647],
[[2600.0,600.0,600.0],0.002501917],
[[2600.0,700.0,700.0],0.002451008],
[[2600.0,800.0,800.0],0.002497652],
[[2600.0,900.0,900.0],0.002552367],
[[2600.0,1000.0,1000.0],0.002563093],
[[2600.0,1100.0,1100.0],0.002479172],
[[2600.0,1200.0,1200.0],0.002440241],
[[2650.0,1320.0,1320.0],0.002609206],
[[2700.0,0,0],0.0020472],
[[2700.0,100.0,100.0],0.002183618],
[[2700.0,200.0,200.0],0.002269971],
[[2700.0,300.0,300.0],0.002301871],
[[2700.0,400.0,400.0],0.002368569],
[[2700.0,500.0,500.0],0.002463107],
[[2700.0,600.0,600.0],0.002551831],
[[2700.0,700.0,700.0],0.002447892],
[[2700.0,800.0,800.0],0.002512292],
[[2700.0,900.0,900.0],0.002584939],
[[2700.0,1000.0,1000.0],0.002561549],
[[2700.0,1100.0,1100.0],0.002468669],
[[2700.0,1200.0,1200.0],0.0025991],
[[2700.0,1300.0,1300.0],0.002654245],
[[2750.0,1370.0,1370.0],0.002599413],
[[2800.0,0,0],0.002050606],
[[2800.0,100.0,100.0],0.002181174],
[[2800.0,200.0,200.0],0.002320398],
[[2800.0,300.0,300.0],0.002314645],
[[2800.0,400.0,400.0],0.002433149],
[[2800.0,500.0,500.0],0.002433012],
[[2800.0,600.0,600.0],0.002575686],
[[2800.0,700.0,700.0],0.002557446],
[[2800.0,800.0,800.0],0.002551378],
[[2800.0,900.0,900.0],0.00259667],
[[2800.0,1000.0,1000.0],0.002562316],
[[2800.0,1100.0,1100.0],0.002678455],
[[2800.0,1200.0,1200.0],0.002562128],
[[2800.0,1300.0,1300.0],0.002672832],
[[2850.0,1420.0,1420.0],0.002730998],
[[2900.0,0,0],0.002127816],
[[2900.0,100.0,100.0],0.002250762],
[[2900.0,200.0,200.0],0.002355596],
[[2900.0,300.0,300.0],0.002376127],
[[2900.0,400.0,400.0],0.002440127],
[[2900.0,500.0,500.0],0.004471672],
[[2900.0,600.0,600.0],0.002594679],
[[2900.0,700.0,700.0],0.002642031],
[[2900.0,800.0,800.0],0.002638952],
[[2900.0,900.0,900.0],0.001276866],
[[2900.0,1000.0,1000.0],0.002681368],
[[2900.0,1100.0,1100.0],0.002651237],
[[2900.0,1200.0,1200.0],0.002732793],
[[2900.0,1300.0,1300.0],0.0027088],
[[2900.0,1400.0,1400.0],0.00272415],
[[2950.0,1470.0,1470.0],0.002819186],
[[3000.0,0,0],0.002065765],
[[3000.0,100.0,100.0],0.002318112],
[[3000.0,200.0,200.0],0.002403867],
[[3000.0,300.0,300.0],0.002362911],
[[3000.0,400.0,400.0],0.002451215],
[[3000.0,500.0,500.0],0.002548315],
[[3000.0,600.0,600.0],0.002549138],
[[3000.0,700.0,700.0],0.002579482],
[[3000.0,800.0,800.0],0.002660261],
[[3000.0,900.0,900.0],0.002632824],
[[3000.0,1000.0,1000.0],0.002677467],
[[3000.0,1100.0,1100.0],0.002820852],
[[3000.0,1200.0,1200.0],0.002744766],
[[3000.0,1300.0,1300.0],0.002682978],
[[3000.0,1400.0,1400.0],0.002719806]]
