txName: TRS1
constraint: {(PV > H0(1)), (H0(1) > MET(2),MET(3))}
condition: None
conditionDescription: None
figureUrl: https://cms-results.web.cern.ch/cms-results/public-results/publications/EXO-20-004/CMS-EXO-20-004_Figure_009-a.png
source: https://doi.org/10.5281/zenodo.13324003
validated: True
axesMap: [{0: 'x', 1: '1.0', 2: '1.0'}, {0: 'x', 1: 'y', 2: 'y'}]
dataMap: {0: (1, 'mass', GeV), 1: (2, 'mass', GeV), 2: (3, 'mass', GeV)}
finalState: ['MET', 'MET']
intermediateState: None
efficiencyMap: [[[100.0,10.0,10.0],0.0002437166],
[[150.0,1.0,1.0],0.0004291089],
[[150.0,50.0,50.0],0.0004691897],
[[200.0,1.0,1.0],0.0007620367],
[[200.0,50.0,50.0],0.0006617781],
[[200.0,100.0,100.0],0.001053726],
[[250.0,1.0,1.0],0.0008591443],
[[250.0,10.0,10.0],0.000918498],
[[250.0,50.0,50.0],0.0009120655],
[[250.0,100.0,100.0],0.0009328368],
[[300.0,1.0,1.0],0.001211135],
[[300.0,50.0,50.0],0.001122894],
[[300.0,100.0,100.0],0.001129698],
[[350.0,1.0,1.0],0.00118308],
[[350.0,50.0,50.0],0.00124305],
[[350.0,100.0,100.0],0.001209967],
[[350.0,150.0,150.0],0.0012256],
[[400.0,1.0,1.0],0.001526588],
[[400.0,50.0,50.0],0.001349923],
[[400.0,100.0,100.0],0.001326906],
[[400.0,150.0,150.0],0.001415462],
[[450.0,1.0,1.0],0.001523379],
[[450.0,50.0,50.0],0.001808071],
[[450.0,100.0,100.0],0.001731553],
[[450.0,150.0,150.0],0.001669387],
[[450.0,200.0,200.0],0.001633312],
[[500.0,1.0,1.0],0.002033688],
[[500.0,10.0,10.0],0.001935708],
[[500.0,50.0,50.0],0.002031821],
[[500.0,100.0,100.0],0.001899933],
[[500.0,150.0,150.0],0.002043749],
[[500.0,200.0,200.0],0.002649879],
[[550.0,1.0,1.0],0.002352426],
[[550.0,50.0,50.0],0.002189996],
[[550.0,100.0,100.0],0.002241825],
[[550.0,150.0,150.0],0.002367687],
[[550.0,200.0,200.0],0.002290435],
[[550.0,250.0,250.0],0.002449013],
[[600.0,1.0,1.0],0.002641367],
[[600.0,50.0,50.0],0.002342398],
[[600.0,100.0,100.0],0.002551803],
[[600.0,150.0,150.0],0.002871895],
[[600.0,200.0,200.0],0.003175137],
[[600.0,250.0,250.0],0.003025809],
[[650.0,1.0,1.0],0.00281076],
[[650.0,50.0,50.0],0.003155099],
[[650.0,100.0,100.0],0.002772909],
[[650.0,150.0,150.0],0.002818289],
[[650.0,200.0,200.0],0.00302475],
[[650.0,250.0,250.0],0.002459011],
[[650.0,300.0,300.0],0.003973],
[[700.0,1.0,1.0],0.003119372],
[[700.0,50.0,50.0],0.002825225],
[[700.0,100.0,100.0],0.003000646],
[[700.0,150.0,150.0],0.0031323],
[[700.0,200.0,200.0],0.003081109],
[[700.0,250.0,250.0],0.003154826],
[[700.0,300.0,300.0],0.003369112],
[[750.0,1.0,1.0],0.003222512],
[[750.0,10.0,10.0],0.003142803],
[[750.0,50.0,50.0],0.00338733],
[[750.0,100.0,100.0],0.003304879],
[[750.0,150.0,150.0],0.003521407],
[[750.0,200.0,200.0],0.003969961],
[[750.0,250.0,250.0],0.003903114],
[[750.0,300.0,300.0],0.003456331],
[[750.0,350.0,350.0],0.003495933],
[[800.0,1.0,1.0],0.003562966],
[[800.0,150.0,150.0],0.003778683],
[[800.0,200.0,200.0],0.003628389],
[[800.0,250.0,250.0],0.003487414],
[[800.0,300.0,300.0],0.003692101],
[[800.0,350.0,350.0],0.003603075],
[[850.0,1.0,1.0],0.003685316],
[[850.0,150.0,150.0],0.004395467],
[[850.0,200.0,200.0],0.004120036],
[[850.0,250.0,250.0],0.004283689],
[[850.0,300.0,300.0],0.003789161],
[[850.0,350.0,350.0],0.004303961],
[[850.0,400.0,400.0],0.00425607],
[[900.0,1.0,1.0],0.003858212],
[[900.0,150.0,150.0],0.004591753],
[[900.0,200.0,200.0],0.00409817],
[[900.0,250.0,250.0],0.004879144],
[[900.0,300.0,300.0],0.004655171],
[[900.0,350.0,350.0],0.004980768],
[[900.0,400.0,400.0],0.004245095],
[[950.0,1.0,1.0],0.003658325],
[[950.0,150.0,150.0],0.004592669],
[[950.0,200.0,200.0],0.004965726],
[[950.0,250.0,250.0],0.004752013],
[[950.0,300.0,300.0],0.004419505],
[[950.0,350.0,350.0],0.004350628],
[[950.0,400.0,400.0],0.004524693],
[[950.0,450.0,450.0],0.004876386],
[[1000.0,1.0,1.0],0.005024146],
[[1000.0,10.0,10.0],0.004439119],
[[1000.0,50.0,50.0],0.003718501],
[[1000.0,100.0,100.0],0.004175839],
[[1000.0,150.0,150.0],0.004371934],
[[1000.0,200.0,200.0],0.004458623],
[[1000.0,250.0,250.0],0.005210282],
[[1000.0,300.0,300.0],0.0042144],
[[1000.0,350.0,350.0],0.004748173],
[[1000.0,400.0,400.0],0.004385621],
[[1000.0,450.0,450.0],0.004150908],
[[1050.0,1.0,1.0],0.004812877],
[[1050.0,150.0,150.0],0.004361986],
[[1050.0,200.0,200.0],0.004929085],
[[1050.0,250.0,250.0],0.005221373],
[[1050.0,300.0,300.0],0.004405456],
[[1050.0,350.0,350.0],0.004664315],
[[1050.0,400.0,400.0],0.004422217],
[[1050.0,450.0,450.0],0.005213408],
[[1050.0,500.0,500.0],0.004260056],
[[1100.0,1.0,1.0],0.005290769],
[[1100.0,150.0,150.0],0.004486266],
[[1100.0,200.0,200.0],0.004187106],
[[1100.0,250.0,250.0],0.005604985],
[[1100.0,300.0,300.0],0.004206335],
[[1100.0,350.0,350.0],0.004522702],
[[1100.0,400.0,400.0],0.004597719],
[[1100.0,450.0,450.0],0.005699944],
[[1100.0,500.0,500.0],0.005468991],
[[1150.0,1.0,1.0],0.004629059],
[[1150.0,150.0,150.0],0.0045556],
[[1150.0,200.0,200.0],0.004440173],
[[1150.0,250.0,250.0],0.00480032],
[[1150.0,300.0,300.0],0.004555103],
[[1150.0,350.0,350.0],0.004812075],
[[1150.0,400.0,400.0],0.004805407],
[[1150.0,450.0,450.0],0.005203713],
[[1150.0,500.0,500.0],0.005153689],
[[1150.0,550.0,550.0],0.005441961],
[[1200.0,1.0,1.0],0.003900435],
[[1200.0,150.0,150.0],0.005032875],
[[1200.0,200.0,200.0],0.004665632],
[[1200.0,250.0,250.0],0.004701231],
[[1200.0,300.0,300.0],0.004832977],
[[1200.0,350.0,350.0],0.005371914],
[[1200.0,400.0,400.0],0.00467184],
[[1200.0,450.0,450.0],0.005436224],
[[1200.0,500.0,500.0],0.005520815],
[[1200.0,550.0,550.0],0.005201006],
[[1250.0,1.0,1.0],0.004088588],
[[1250.0,10.0,10.0],0.005185307],
[[1250.0,50.0,50.0],0.004575362],
[[1250.0,100.0,100.0],0.004956852],
[[1250.0,150.0,150.0],0.005245977],
[[1250.0,200.0,200.0],0.004986035],
[[1250.0,250.0,250.0],0.005283174],
[[1250.0,300.0,300.0],0.005202236],
[[1250.0,350.0,350.0],0.00556985],
[[1250.0,400.0,400.0],0.005712548],
[[1250.0,450.0,450.0],0.006014315],
[[1250.0,500.0,500.0],0.00536234],
[[1250.0,550.0,550.0],0.005585023],
[[1250.0,600.0,600.0],0.00572009],
[[1300.0,1.0,1.0],0.004633936],
[[1300.0,150.0,150.0],0.004620508],
[[1300.0,200.0,200.0],0.00509096],
[[1300.0,250.0,250.0],0.005476113],
[[1300.0,300.0,300.0],0.004845491],
[[1300.0,350.0,350.0],0.005072175],
[[1300.0,400.0,400.0],0.006444908],
[[1300.0,450.0,450.0],0.004970718],
[[1300.0,500.0,500.0],0.006630462],
[[1300.0,550.0,550.0],0.005475236],
[[1300.0,600.0,600.0],0.006241059],
[[1350.0,1.0,1.0],0.005090789],
[[1350.0,150.0,150.0],0.004382239],
[[1350.0,200.0,200.0],0.005400752],
[[1350.0,250.0,250.0],0.004688918],
[[1350.0,300.0,300.0],0.005571384],
[[1350.0,350.0,350.0],0.005894944],
[[1350.0,400.0,400.0],0.004857273],
[[1350.0,450.0,450.0],0.006433602],
[[1350.0,500.0,500.0],0.005886096],
[[1350.0,550.0,550.0],0.00606407],
[[1350.0,600.0,600.0],0.006171829],
[[1350.0,650.0,650.0],0.006090358],
[[1400.0,1.0,1.0],0.004066158],
[[1400.0,150.0,150.0],0.005015783],
[[1400.0,200.0,200.0],0.005623946],
[[1400.0,250.0,250.0],0.006197192],
[[1400.0,300.0,300.0],0.006012829],
[[1400.0,350.0,350.0],0.005557606],
[[1400.0,400.0,400.0],0.0060116],
[[1400.0,450.0,450.0],0.005736355],
[[1400.0,500.0,500.0],0.005954001],
[[1400.0,550.0,550.0],0.005533279],
[[1400.0,600.0,600.0],0.005851714],
[[1400.0,650.0,650.0],0.006413115],
[[1450.0,1.0,1.0],0.004755558],
[[1450.0,150.0,150.0],0.004981068],
[[1450.0,200.0,200.0],0.005250944],
[[1450.0,250.0,250.0],0.0054932],
[[1450.0,300.0,300.0],0.006085764],
[[1450.0,350.0,350.0],0.005002284],
[[1450.0,400.0,400.0],0.005790295],
[[1450.0,450.0,450.0],0.0058557],
[[1450.0,500.0,500.0],0.006492892],
[[1450.0,550.0,550.0],0.00578676],
[[1450.0,600.0,600.0],0.00533678],
[[1450.0,650.0,650.0],0.006064179],
[[1450.0,700.0,700.0],0.005652739],
[[1500.0,1.0,1.0],0.004524994],
[[1500.0,10.0,10.0],0.004597209],
[[1500.0,50.0,50.0],0.004734796],
[[1500.0,100.0,100.0],0.005288411],
[[1500.0,150.0,150.0],0.00572648],
[[1500.0,200.0,200.0],0.005666416],
[[1500.0,250.0,250.0],0.005712126],
[[1500.0,300.0,300.0],0.005125617],
[[1500.0,350.0,350.0],0.005682646],
[[1500.0,400.0,400.0],0.005653664],
[[1500.0,450.0,450.0],0.006014489],
[[1500.0,500.0,500.0],0.005874294],
[[1500.0,550.0,550.0],0.005595889],
[[1500.0,600.0,600.0],0.006933378],
[[1500.0,650.0,650.0],0.006652521],
[[1500.0,700.0,700.0],0.007235599],
[[1500.0,750.0,750.0],0.006097977],
[[1550.0,1.0,1.0],0.00521778],
[[1550.0,150.0,150.0],0.004865859],
[[1550.0,200.0,200.0],0.00483261],
[[1550.0,250.0,250.0],0.005447168],
[[1550.0,300.0,300.0],0.005233147],
[[1550.0,350.0,350.0],0.005779865],
[[1550.0,400.0,400.0],0.005760404],
[[1550.0,450.0,450.0],0.00674299],
[[1550.0,500.0,500.0],0.005968706],
[[1550.0,550.0,550.0],0.005977645],
[[1550.0,600.0,600.0],0.006581725],
[[1550.0,650.0,650.0],0.006845098],
[[1550.0,700.0,700.0],0.005141726],
[[1550.0,750.0,750.0],0.005907546],
[[1600.0,1.0,1.0],0.004871016],
[[1600.0,150.0,150.0],0.004612898],
[[1600.0,200.0,200.0],0.005289],
[[1600.0,250.0,250.0],0.005676044],
[[1600.0,300.0,300.0],0.005498613],
[[1600.0,350.0,350.0],0.00560803],
[[1600.0,400.0,400.0],0.005873913],
[[1600.0,450.0,450.0],0.005682414],
[[1600.0,500.0,500.0],0.006111518],
[[1600.0,550.0,550.0],0.006266681],
[[1600.0,600.0,600.0],0.007172493],
[[1600.0,650.0,650.0],0.005758862],
[[1600.0,700.0,700.0],0.006432778],
[[1600.0,750.0,750.0],0.006591777],
[[1650.0,1.0,1.0],0.00455891],
[[1650.0,150.0,150.0],0.005759855],
[[1650.0,200.0,200.0],0.004767015],
[[1650.0,250.0,250.0],0.005698406],
[[1650.0,300.0,300.0],0.005474445],
[[1650.0,350.0,350.0],0.006218971],
[[1650.0,400.0,400.0],0.006131517],
[[1650.0,450.0,450.0],0.006154834],
[[1650.0,500.0,500.0],0.005300957],
[[1650.0,550.0,550.0],0.005978535],
[[1650.0,600.0,600.0],0.006795797],
[[1650.0,650.0,650.0],0.007261594],
[[1650.0,700.0,700.0],0.006678252],
[[1650.0,750.0,750.0],0.00589823],
[[1650.0,800.0,800.0],0.005965147],
[[1700.0,1.0,1.0],0.004739624],
[[1700.0,150.0,150.0],0.005210401],
[[1700.0,200.0,200.0],0.00549451],
[[1700.0,250.0,250.0],0.006440199],
[[1700.0,300.0,300.0],0.005317636],
[[1700.0,350.0,350.0],0.00635023],
[[1700.0,400.0,400.0],0.006798017],
[[1700.0,450.0,450.0],0.006043064],
[[1700.0,500.0,500.0],0.006597587],
[[1700.0,550.0,550.0],0.006138017],
[[1700.0,600.0,600.0],0.006016665],
[[1700.0,650.0,650.0],0.005870981],
[[1700.0,700.0,700.0],0.006787113],
[[1700.0,750.0,750.0],0.006225683],
[[1700.0,800.0,800.0],0.006692754],
[[1750.0,1.0,1.0],0.004222855],
[[1750.0,10.0,10.0],0.00432255],
[[1750.0,50.0,50.0],0.004601902],
[[1750.0,100.0,100.0],0.004761248],
[[1750.0,150.0,150.0],0.005018287],
[[1750.0,200.0,200.0],0.004916823],
[[1750.0,250.0,250.0],0.005410051],
[[1750.0,300.0,300.0],0.005637004],
[[1750.0,350.0,350.0],0.005954732],
[[1750.0,400.0,400.0],0.005718501],
[[1750.0,450.0,450.0],0.005939196],
[[1750.0,500.0,500.0],0.007243774],
[[1750.0,550.0,550.0],0.006866655],
[[1750.0,600.0,600.0],0.007247303],
[[1750.0,650.0,650.0],0.006320519],
[[1750.0,700.0,700.0],0.006774154],
[[1750.0,750.0,750.0],0.007086223],
[[1750.0,800.0,800.0],0.006425101],
[[1750.0,850.0,850.0],0.006569636],
[[1800.0,1.0,1.0],0.004529572],
[[1800.0,150.0,150.0],0.005688955],
[[1800.0,200.0,200.0],0.005509279],
[[1800.0,250.0,250.0],0.005803863],
[[1800.0,300.0,300.0],0.005884318],
[[1800.0,350.0,350.0],0.005589596],
[[1800.0,400.0,400.0],0.006464039],
[[1800.0,450.0,450.0],0.005971358],
[[1800.0,500.0,500.0],0.006795464],
[[1800.0,550.0,550.0],0.00639829],
[[1800.0,600.0,600.0],0.006240072],
[[1800.0,650.0,650.0],0.005861987],
[[1800.0,700.0,700.0],0.006447759],
[[1800.0,750.0,750.0],0.005613709],
[[1800.0,800.0,800.0],0.00675726],
[[1800.0,850.0,850.0],0.005945603],
[[1850.0,1.0,1.0],0.004145863],
[[1850.0,150.0,150.0],0.00575566],
[[1850.0,200.0,200.0],0.005340303],
[[1850.0,250.0,250.0],0.004691346],
[[1850.0,300.0,300.0],0.005912862],
[[1850.0,350.0,350.0],0.006169179],
[[1850.0,400.0,400.0],0.005509998],
[[1850.0,450.0,450.0],0.006117305],
[[1850.0,500.0,500.0],0.00646401],
[[1850.0,550.0,550.0],0.006631263],
[[1850.0,600.0,600.0],0.006810501],
[[1850.0,650.0,650.0],0.006675342],
[[1850.0,700.0,700.0],0.006736428],
[[1850.0,750.0,750.0],0.00609479],
[[1850.0,800.0,800.0],0.00617297],
[[1850.0,850.0,850.0],0.007606481],
[[1850.0,900.0,900.0],0.006167639],
[[1900.0,1.0,1.0],0.004316712],
[[1900.0,150.0,150.0],0.005227457],
[[1900.0,200.0,200.0],0.004996145],
[[1900.0,250.0,250.0],0.006085753],
[[1900.0,300.0,300.0],0.006301881],
[[1900.0,350.0,350.0],0.0055178],
[[1900.0,400.0,400.0],0.005966828],
[[1900.0,450.0,450.0],0.00691414],
[[1900.0,500.0,500.0],0.005712982],
[[1900.0,550.0,550.0],0.006260837],
[[1900.0,600.0,600.0],0.005878191],
[[1900.0,650.0,650.0],0.006306763],
[[1900.0,700.0,700.0],0.006838751],
[[1900.0,750.0,750.0],0.005847801],
[[1900.0,800.0,800.0],0.007118209],
[[1900.0,850.0,850.0],0.005836536],
[[1900.0,900.0,900.0],0.007198733],
[[1950.0,1.0,1.0],0.004449249],
[[1950.0,150.0,150.0],0.004982661],
[[1950.0,200.0,200.0],0.005224516],
[[1950.0,250.0,250.0],0.005962305],
[[1950.0,300.0,300.0],0.006185049],
[[1950.0,350.0,350.0],0.005833731],
[[1950.0,400.0,400.0],0.00658903],
[[1950.0,450.0,450.0],0.006150216],
[[1950.0,500.0,500.0],0.006962681],
[[1950.0,550.0,550.0],0.006377443],
[[1950.0,600.0,600.0],0.005932095],
[[1950.0,650.0,650.0],0.006312302],
[[1950.0,700.0,700.0],0.007251129],
[[1950.0,750.0,750.0],0.006864847],
[[1950.0,800.0,800.0],0.006190588],
[[1950.0,850.0,850.0],0.00749203],
[[1950.0,900.0,900.0],0.007378373],
[[1950.0,950.0,950.0],0.008092258],
[[2000.0,1.0,1.0],0.004412394],
[[2000.0,10.0,10.0],0.004271005],
[[2000.0,50.0,50.0],0.004504461],
[[2000.0,100.0,100.0],0.004767997],
[[2000.0,150.0,150.0],0.005283322],
[[2000.0,200.0,200.0],0.004737763],
[[2000.0,250.0,250.0],0.0062374],
[[2000.0,300.0,300.0],0.005736248],
[[2000.0,350.0,350.0],0.006304597],
[[2000.0,400.0,400.0],0.006215576],
[[2000.0,450.0,450.0],0.00639415],
[[2000.0,500.0,500.0],0.00630709],
[[2000.0,550.0,550.0],0.006808343],
[[2000.0,600.0,600.0],0.0061914],
[[2000.0,650.0,650.0],0.006358189],
[[2000.0,700.0,700.0],0.007240835],
[[2000.0,750.0,750.0],0.006705945],
[[2000.0,800.0,800.0],0.00688894],
[[2000.0,850.0,850.0],0.006494871],
[[2000.0,900.0,900.0],0.007091513],
[[2000.0,950.0,950.0],0.006189051],
[[2250.0,1.0,1.0],0.003881322],
[[2250.0,10.0,10.0],0.004015685],
[[2250.0,50.0,50.0],0.004743983],
[[2250.0,100.0,100.0],0.004966288],
[[2250.0,150.0,150.0],0.005074591],
[[2250.0,300.0,300.0],0.006102531],
[[2250.0,500.0,500.0],0.006762786],
[[2250.0,750.0,750.0],0.006780892],
[[2250.0,1000.0,1000.0],0.006776092],
[[2500.0,1.0,1.0],0.003476329],
[[2500.0,10.0,10.0],0.003540892],
[[2500.0,50.0,50.0],0.004085023],
[[2500.0,100.0,100.0],0.004384198],
[[2500.0,150.0,150.0],0.004385195],
[[2500.0,300.0,300.0],0.005829206],
[[2500.0,500.0,500.0],0.007511069],
[[2500.0,750.0,750.0],0.007082254],
[[2500.0,1000.0,1000.0],0.006957114],
[[2500.0,1200.0,1200.0],0.00776323],
[[2750.0,1.0,1.0],0.003450167],
[[2750.0,10.0,10.0],0.00405274],
[[2750.0,50.0,50.0],0.004538212],
[[2750.0,100.0,100.0],0.00529891],
[[2750.0,150.0,150.0],0.004807023],
[[2750.0,300.0,300.0],0.006306358],
[[2750.0,500.0,500.0],0.007216329],
[[2750.0,750.0,750.0],0.007206191],
[[2750.0,1000.0,1000.0],0.007245319],
[[2750.0,1200.0,1200.0],0.007350071],
[[3000.0,1.0,1.0],0.003150728],
[[3000.0,10.0,10.0],0.00425683],
[[3000.0,50.0,50.0],0.004367707],
[[3000.0,100.0,100.0],0.005307642],
[[3000.0,150.0,150.0],0.004927682],
[[3000.0,300.0,300.0],0.00564008],
[[3000.0,500.0,500.0],0.006541837],
[[3000.0,750.0,750.0],0.007411286],
[[3000.0,1000.0,1000.0],0.007536396],
[[3000.0,1200.0,1200.0],0.007330084],
[[3000.0,1400.0,1400.0],0.007875892]]
