txName: TRV1
constraint: {(PV > Zprime(1)), (Zprime(1) > MET(2),MET(3))}
condition: None
conditionDescription: None
figureUrl: https://cms-results.web.cern.ch/cms-results/public-results/publications/EXO-20-004/CMS-EXO-20-004_Figure_007-b.png
source: CMS
validated: True
axesMap: [{0: 'x', 1: 'y', 2: 'y'}]
dataMap: {0: (1, 'mass', GeV), 1: (2, 'mass', GeV), 2: (3, 'mass', GeV)}
finalState: ['MET', 'MET']
intermediateState: None
efficiencyMap: [[[50.0,1.0,1.0],4.378785e-06],
[[100.0,1.0,1.0],2.567825e-05],
[[100.0,10.0,10.0],2.685741e-05],
[[150.0,1.0,1.0],6.898659e-05],
[[150.0,75.0,75.0],9.172218e-05],
[[200.0,1.0,1.0],0.0001569877],
[[200.0,75.0,75.0],0.0001593567],
[[250.0,1.0,1.0],0.000244438],
[[250.0,10.0,10.0],0.0002828975],
[[250.0,75.0,75.0],0.0002788879],
[[300.0,1.0,1.0],0.0003602465],
[[300.0,75.0,75.0],0.0003608146],
[[350.0,1.0,1.0],0.0005128839],
[[350.0,75.0,75.0],0.0004616326],
[[350.0,150.0,150.0],0.0005203768],
[[400.0,1.0,1.0],0.0006345972],
[[400.0,75.0,75.0],0.0006370852],
[[400.0,150.0,150.0],0.0007133757],
[[450.0,1.0,1.0],0.0007694506],
[[450.0,75.0,75.0],0.0008503677],
[[450.0,150.0,150.0],0.0008029644],
[[450.0,200.0,200.0],0.0008122623],
[[500.0,1.0,1.0],0.0008507184],
[[500.0,10.0,10.0],0.0009178387],
[[500.0,75.0,75.0],0.0009326778],
[[500.0,150.0,150.0],0.0009068822],
[[500.0,200.0,200.0],0.0009320851],
[[550.0,1.0,1.0],0.001043106],
[[550.0,75.0,75.0],0.001123515],
[[550.0,150.0,150.0],0.001009736],
[[550.0,200.0,200.0],0.001125382],
[[550.0,250.0,250.0],0.001090706],
[[600.0,1.0,1.0],0.001114621],
[[600.0,75.0,75.0],0.001112243],
[[600.0,150.0,150.0],0.001226282],
[[600.0,200.0,200.0],0.001063073],
[[600.0,250.0,250.0],0.001138619],
[[650.0,1.0,1.0],0.001312546],
[[650.0,75.0,75.0],0.00123206],
[[650.0,150.0,150.0],0.001360693],
[[650.0,200.0,200.0],0.00119871],
[[650.0,250.0,250.0],0.001291644],
[[650.0,300.0,300.0],0.001288326],
[[700.0,1.0,1.0],0.001352987],
[[700.0,75.0,75.0],0.001342879],
[[700.0,150.0,150.0],0.001511995],
[[700.0,200.0,200.0],0.00125002],
[[700.0,250.0,250.0],0.00141089],
[[700.0,300.0,300.0],0.001510386],
[[750.0,1.0,1.0],0.001391689],
[[750.0,10.0,10.0],0.001539836],
[[750.0,75.0,75.0],0.00144058],
[[750.0,150.0,150.0],0.001469228],
[[750.0,200.0,200.0],0.001418367],
[[750.0,250.0,250.0],0.001414198],
[[750.0,300.0,300.0],0.001611946],
[[750.0,350.0,350.0],0.00154774],
[[800.0,1.0,1.0],0.001665491],
[[800.0,75.0,75.0],0.001547414],
[[800.0,150.0,150.0],0.0016115],
[[800.0,200.0,200.0],0.001620486],
[[800.0,250.0,250.0],0.001599429],
[[800.0,300.0,300.0],0.001633287],
[[800.0,350.0,350.0],0.001551131],
[[850.0,1.0,1.0],0.001608015],
[[850.0,75.0,75.0],0.001705739],
[[850.0,150.0,150.0],0.001672464],
[[850.0,200.0,200.0],0.00188267],
[[850.0,250.0,250.0],0.001620338],
[[850.0,300.0,300.0],0.001637843],
[[850.0,350.0,350.0],0.001540707],
[[850.0,400.0,400.0],0.001810545],
[[900.0,1.0,1.0],0.001764793],
[[900.0,75.0,75.0],0.001616395],
[[900.0,150.0,150.0],0.001757318],
[[900.0,200.0,200.0],0.001719132],
[[900.0,250.0,250.0],0.001682799],
[[900.0,300.0,300.0],0.001798155],
[[900.0,350.0,350.0],0.001801476],
[[900.0,400.0,400.0],0.001771973],
[[950.0,1.0,1.0],0.001797152],
[[950.0,75.0,75.0],0.001761598],
[[950.0,150.0,150.0],0.001875042],
[[950.0,200.0,200.0],0.001801037],
[[950.0,250.0,250.0],0.00167064],
[[950.0,300.0,300.0],0.001832499],
[[950.0,350.0,350.0],0.001807749],
[[950.0,400.0,400.0],0.001776751],
[[950.0,450.0,450.0],0.001768395],
[[1000.0,1.0,1.0],0.001793211],
[[1000.0,10.0,10.0],0.001941976],
[[1000.0,75.0,75.0],0.001647988],
[[1000.0,150.0,150.0],0.002019488],
[[1000.0,200.0,200.0],0.001912169],
[[1000.0,250.0,250.0],0.002141615],
[[1000.0,300.0,300.0],0.001843163],
[[1000.0,350.0,350.0],0.001805124],
[[1000.0,400.0,400.0],0.001996803],
[[1000.0,450.0,450.0],0.001952534],
[[1050.0,1.0,1.0],0.001940863],
[[1050.0,75.0,75.0],0.001874924],
[[1050.0,150.0,150.0],0.001963395],
[[1050.0,200.0,200.0],0.001895764],
[[1050.0,250.0,250.0],0.001954536],
[[1050.0,300.0,300.0],0.001839826],
[[1050.0,350.0,350.0],0.002004839],
[[1050.0,400.0,400.0],0.001829466],
[[1050.0,450.0,450.0],0.00194675],
[[1050.0,500.0,500.0],0.00202103],
[[1100.0,1.0,1.0],0.001905436],
[[1100.0,75.0,75.0],0.002032913],
[[1100.0,150.0,150.0],0.001865785],
[[1100.0,200.0,200.0],0.00205148],
[[1100.0,250.0,250.0],0.001825645],
[[1100.0,300.0,300.0],0.002137224],
[[1100.0,350.0,350.0],0.002000453],
[[1100.0,400.0,400.0],0.002062398],
[[1100.0,450.0,450.0],0.002070423],
[[1100.0,500.0,500.0],0.002221342],
[[1150.0,1.0,1.0],0.001985136],
[[1150.0,75.0,75.0],0.001894744],
[[1150.0,150.0,150.0],0.002070369],
[[1150.0,200.0,200.0],0.002087992],
[[1150.0,250.0,250.0],0.00201166],
[[1150.0,300.0,300.0],0.001956377],
[[1150.0,350.0,350.0],0.002021698],
[[1150.0,400.0,400.0],0.002179658],
[[1150.0,450.0,450.0],0.002118819],
[[1150.0,500.0,500.0],0.00200747],
[[1150.0,550.0,550.0],0.00209624],
[[1200.0,1.0,1.0],0.002013099],
[[1200.0,75.0,75.0],0.002094292],
[[1200.0,150.0,150.0],0.002163571],
[[1200.0,200.0,200.0],0.002228737],
[[1200.0,250.0,250.0],0.002166689],
[[1200.0,300.0,300.0],0.002118353],
[[1200.0,350.0,350.0],0.001977149],
[[1200.0,400.0,400.0],0.002141244],
[[1200.0,450.0,450.0],0.002077667],
[[1200.0,500.0,500.0],0.002047445],
[[1200.0,550.0,550.0],0.00202711],
[[1250.0,1.0,1.0],0.00207135],
[[1250.0,10.0,10.0],0.002104258],
[[1250.0,75.0,75.0],0.002094478],
[[1250.0,150.0,150.0],0.002008002],
[[1250.0,200.0,200.0],0.001980536],
[[1250.0,250.0,250.0],0.002378556],
[[1250.0,300.0,300.0],0.002153823],
[[1250.0,350.0,350.0],0.002159615],
[[1250.0,400.0,400.0],0.00198159],
[[1250.0,450.0,450.0],0.002256951],
[[1250.0,500.0,500.0],0.001972658],
[[1250.0,550.0,550.0],0.002223222],
[[1250.0,600.0,600.0],0.002250463],
[[1300.0,1.0,1.0],0.002046612],
[[1300.0,75.0,75.0],0.002161944],
[[1300.0,150.0,150.0],0.0022488],
[[1300.0,200.0,200.0],0.002173321],
[[1300.0,250.0,250.0],0.002235761],
[[1300.0,300.0,300.0],0.002081341],
[[1300.0,350.0,350.0],0.002130426],
[[1300.0,400.0,400.0],0.002365842],
[[1300.0,450.0,450.0],0.002308216],
[[1300.0,500.0,500.0],0.002110855],
[[1300.0,550.0,550.0],0.002162946],
[[1300.0,600.0,600.0],0.00227471],
[[1350.0,1.0,1.0],0.002201592],
[[1350.0,75.0,75.0],0.002227972],
[[1350.0,150.0,150.0],0.002212063],
[[1350.0,200.0,200.0],0.00231003],
[[1350.0,250.0,250.0],0.00255499],
[[1350.0,300.0,300.0],0.002264133],
[[1350.0,350.0,350.0],0.002232209],
[[1350.0,400.0,400.0],0.002378836],
[[1350.0,450.0,450.0],0.002138572],
[[1350.0,500.0,500.0],0.002246562],
[[1350.0,550.0,550.0],0.002328767],
[[1350.0,600.0,600.0],0.002403707],
[[1350.0,650.0,650.0],0.002218607],
[[1400.0,1.0,1.0],0.002186205],
[[1400.0,75.0,75.0],0.002097393],
[[1400.0,150.0,150.0],0.002354471],
[[1400.0,200.0,200.0],0.002495443],
[[1400.0,250.0,250.0],0.00228869],
[[1400.0,300.0,300.0],0.002182224],
[[1400.0,350.0,350.0],0.00219303],
[[1400.0,400.0,400.0],0.002177076],
[[1400.0,450.0,450.0],0.00240637],
[[1400.0,500.0,500.0],0.002219251],
[[1400.0,550.0,550.0],0.00230274],
[[1400.0,600.0,600.0],0.002186106],
[[1400.0,650.0,650.0],0.002439376],
[[1450.0,1.0,1.0],0.002208106],
[[1450.0,75.0,75.0],0.002313456],
[[1450.0,150.0,150.0],0.002442604],
[[1450.0,200.0,200.0],0.002227514],
[[1450.0,250.0,250.0],0.002438251],
[[1450.0,300.0,300.0],0.002329831],
[[1450.0,350.0,350.0],0.00239973],
[[1450.0,400.0,400.0],0.002407517],
[[1450.0,450.0,450.0],0.002437325],
[[1450.0,500.0,500.0],0.00221037],
[[1450.0,550.0,550.0],0.002414236],
[[1450.0,600.0,600.0],0.002459675],
[[1450.0,650.0,650.0],0.002269982],
[[1450.0,700.0,700.0],0.002362557],
[[1500.0,1.0,1.0],0.002134301],
[[1500.0,10.0,10.0],0.002276262],
[[1500.0,75.0,75.0],0.002153801],
[[1500.0,150.0,150.0],0.002311141],
[[1500.0,200.0,200.0],0.002207045],
[[1500.0,250.0,250.0],0.002474077],
[[1500.0,300.0,300.0],0.002478809],
[[1500.0,350.0,350.0],0.002422393],
[[1500.0,400.0,400.0],0.002523516],
[[1500.0,450.0,450.0],0.002359122],
[[1500.0,500.0,500.0],0.002207732],
[[1500.0,550.0,550.0],0.002368949],
[[1500.0,600.0,600.0],0.002326027],
[[1500.0,650.0,650.0],0.00226757],
[[1500.0,700.0,700.0],0.002174523],
[[1500.0,750.0,750.0],0.002492863],
[[1550.0,1.0,1.0],0.002312288],
[[1550.0,75.0,75.0],0.002303409],
[[1550.0,150.0,150.0],0.00245884],
[[1550.0,200.0,200.0],0.002347121],
[[1550.0,250.0,250.0],0.002183532],
[[1550.0,300.0,300.0],0.002395056],
[[1550.0,350.0,350.0],0.002319882],
[[1550.0,400.0,400.0],0.002354553],
[[1550.0,450.0,450.0],0.002624159],
[[1550.0,500.0,500.0],0.00221237],
[[1550.0,550.0,550.0],0.002525721],
[[1550.0,600.0,600.0],0.002453956],
[[1550.0,650.0,650.0],0.002462858],
[[1550.0,700.0,700.0],0.002366963],
[[1550.0,750.0,750.0],0.002383624],
[[1600.0,1.0,1.0],0.002254561],
[[1600.0,75.0,75.0],0.002343278],
[[1600.0,150.0,150.0],0.002298826],
[[1600.0,200.0,200.0],0.002417661],
[[1600.0,250.0,250.0],0.002391732],
[[1600.0,300.0,300.0],0.002528638],
[[1600.0,350.0,350.0],0.002545994],
[[1600.0,400.0,400.0],0.002463493],
[[1600.0,450.0,450.0],0.00238731],
[[1600.0,500.0,500.0],0.002444848],
[[1600.0,550.0,550.0],0.002534209],
[[1600.0,600.0,600.0],0.002259934],
[[1600.0,650.0,650.0],0.002765133],
[[1600.0,700.0,700.0],0.002428626],
[[1600.0,750.0,750.0],0.002277002],
[[1650.0,1.0,1.0],0.002290589],
[[1650.0,75.0,75.0],0.002367713],
[[1650.0,150.0,150.0],0.002344885],
[[1650.0,200.0,200.0],0.002493543],
[[1650.0,250.0,250.0],0.002377398],
[[1650.0,300.0,300.0],0.002312963],
[[1650.0,350.0,350.0],0.002314156],
[[1650.0,400.0,400.0],0.002471842],
[[1650.0,450.0,450.0],0.002688359],
[[1650.0,500.0,500.0],0.002559079],
[[1650.0,550.0,550.0],0.00253163],
[[1650.0,600.0,600.0],0.002381731],
[[1650.0,650.0,650.0],0.002470594],
[[1650.0,700.0,700.0],0.002544073],
[[1650.0,750.0,750.0],0.002498754],
[[1650.0,800.0,800.0],0.002499209],
[[1700.0,1.0,1.0],0.00235455],
[[1700.0,75.0,75.0],0.002414239],
[[1700.0,150.0,150.0],0.002615549],
[[1700.0,200.0,200.0],0.002279833],
[[1700.0,250.0,250.0],0.002499796],
[[1700.0,300.0,300.0],0.002459725],
[[1700.0,350.0,350.0],0.002517763],
[[1700.0,400.0,400.0],0.00263819],
[[1700.0,450.0,450.0],0.002800337],
[[1700.0,500.0,500.0],0.002390509],
[[1700.0,550.0,550.0],0.002463925],
[[1700.0,600.0,600.0],0.002575218],
[[1700.0,650.0,650.0],0.002641764],
[[1700.0,700.0,700.0],0.002493546],
[[1700.0,750.0,750.0],0.002473182],
[[1700.0,800.0,800.0],0.002670761],
[[1750.0,1.0,1.0],0.002477876],
[[1750.0,10.0,10.0],0.002453518],
[[1750.0,75.0,75.0],0.00219697],
[[1750.0,150.0,150.0],0.002290065],
[[1750.0,200.0,200.0],0.00246397],
[[1750.0,250.0,250.0],0.002466543],
[[1750.0,300.0,300.0],0.00251358],
[[1750.0,350.0,350.0],0.002409784],
[[1750.0,400.0,400.0],0.002658548],
[[1750.0,450.0,450.0],0.002584473],
[[1750.0,500.0,500.0],0.00237173],
[[1750.0,550.0,550.0],0.00270562],
[[1750.0,600.0,600.0],0.002519239],
[[1750.0,650.0,650.0],0.002736877],
[[1750.0,700.0,700.0],0.00287095],
[[1750.0,750.0,750.0],0.00251888],
[[1750.0,800.0,800.0],0.002685316],
[[1750.0,850.0,850.0],0.002534619],
[[1800.0,1.0,1.0],0.002288925],
[[1800.0,75.0,75.0],0.002428633],
[[1800.0,150.0,150.0],0.002417056],
[[1800.0,200.0,200.0],0.002368328],
[[1800.0,250.0,250.0],0.002605931],
[[1800.0,300.0,300.0],0.002557178],
[[1800.0,350.0,350.0],0.002650198],
[[1800.0,400.0,400.0],0.002360248],
[[1800.0,450.0,450.0],0.002513845],
[[1800.0,500.0,500.0],0.002738694],
[[1800.0,550.0,550.0],0.002627737],
[[1800.0,600.0,600.0],0.002453033],
[[1800.0,650.0,650.0],0.002519239],
[[1800.0,700.0,700.0],0.002678984],
[[1800.0,750.0,750.0],0.002683297],
[[1800.0,800.0,800.0],0.00260029],
[[1800.0,850.0,850.0],0.002550128],
[[1850.0,1.0,1.0],0.002445022],
[[1850.0,75.0,75.0],0.002488626],
[[1850.0,150.0,150.0],0.002434837],
[[1850.0,200.0,200.0],0.002624507],
[[1850.0,250.0,250.0],0.002526595],
[[1850.0,300.0,300.0],0.002451574],
[[1850.0,350.0,350.0],0.002492111],
[[1850.0,400.0,400.0],0.002585852],
[[1850.0,450.0,450.0],0.002551507],
[[1850.0,500.0,500.0],0.002511797],
[[1850.0,550.0,550.0],0.002640741],
[[1850.0,600.0,600.0],0.002208849],
[[1850.0,650.0,650.0],0.002644669],
[[1850.0,700.0,700.0],0.002431936],
[[1850.0,750.0,750.0],0.002571023],
[[1850.0,800.0,800.0],0.002834884],
[[1850.0,850.0,850.0],0.002862544],
[[1850.0,900.0,900.0],0.002707276],
[[1900.0,1.0,1.0],0.002313913],
[[1900.0,75.0,75.0],0.002527509],
[[1900.0,150.0,150.0],0.002558566],
[[1900.0,200.0,200.0],0.002316286],
[[1900.0,250.0,250.0],0.002449899],
[[1900.0,300.0,300.0],0.002393701],
[[1900.0,350.0,350.0],0.00253786],
[[1900.0,400.0,400.0],0.002737705],
[[1900.0,450.0,450.0],0.00263946],
[[1900.0,500.0,500.0],0.002770198],
[[1900.0,550.0,550.0],0.002378524],
[[1900.0,600.0,600.0],0.002529773],
[[1900.0,650.0,650.0],0.002623629],
[[1900.0,700.0,700.0],0.002532499],
[[1900.0,750.0,750.0],0.002657883],
[[1900.0,800.0,800.0],0.002823082],
[[1900.0,850.0,850.0],0.002480543],
[[1900.0,900.0,900.0],0.00262286],
[[1950.0,1.0,1.0],0.002431213],
[[1950.0,75.0,75.0],0.002384344],
[[1950.0,150.0,150.0],0.002457268],
[[1950.0,200.0,200.0],0.002516253],
[[1950.0,250.0,250.0],0.002718506],
[[1950.0,300.0,300.0],0.002490953],
[[1950.0,350.0,350.0],0.002594279],
[[1950.0,400.0,400.0],0.002442116],
[[1950.0,450.0,450.0],0.002656977],
[[1950.0,500.0,500.0],0.002864098],
[[1950.0,550.0,550.0],0.002624974],
[[1950.0,600.0,600.0],0.002660471],
[[1950.0,650.0,650.0],0.002631246],
[[1950.0,700.0,700.0],0.0026311],
[[1950.0,750.0,750.0],0.002763338],
[[1950.0,800.0,800.0],0.002297003],
[[1950.0,850.0,850.0],0.002636988],
[[1950.0,900.0,900.0],0.002601903],
[[1950.0,950.0,950.0],0.00267834],
[[2000.0,1.0,1.0],0.002630383],
[[2000.0,75.0,75.0],0.002640335],
[[2000.0,150.0,150.0],0.002747176],
[[2000.0,200.0,200.0],0.002562003],
[[2000.0,250.0,250.0],0.002693846],
[[2000.0,300.0,300.0],0.002653159],
[[2000.0,350.0,350.0],0.0027518],
[[2000.0,400.0,400.0],0.00278342],
[[2000.0,450.0,450.0],0.002801503],
[[2000.0,500.0,500.0],0.002571322],
[[2000.0,550.0,550.0],0.002601517],
[[2000.0,600.0,600.0],0.002501328],
[[2000.0,650.0,650.0],0.002702784],
[[2000.0,700.0,700.0],0.002859806],
[[2000.0,750.0,750.0],0.00272358],
[[2000.0,800.0,800.0],0.002857897],
[[2000.0,850.0,850.0],0.002375863],
[[2000.0,900.0,900.0],0.002888611],
[[2000.0,950.0,950.0],0.003034211],
[[2250.0,1.0,1.0],0.002695724],
[[2250.0,75.0,75.0],0.00268787],
[[2250.0,150.0,150.0],0.002707469],
[[2250.0,300.0,300.0],0.002770834],
[[2250.0,500.0,500.0],0.00270583],
[[2250.0,750.0,750.0],0.002752996],
[[2250.0,1000.0,1000.0],0.002728761],
[[2500.0,1.0,1.0],0.002925543],
[[2500.0,75.0,75.0],0.002856273],
[[2500.0,150.0,150.0],0.002840456],
[[2500.0,300.0,300.0],0.002647619],
[[2500.0,500.0,500.0],0.002617081],
[[2500.0,750.0,750.0],0.002873379],
[[2500.0,1000.0,1000.0],0.002759556],
[[2500.0,1200.0,1200.0],0.002973997],
[[2750.0,1.0,1.0],0.002948552],
[[2750.0,75.0,75.0],0.002751873],
[[2750.0,150.0,150.0],0.002767678],
[[2750.0,300.0,300.0],0.002710626],
[[2750.0,500.0,500.0],0.002940571],
[[2750.0,750.0,750.0],0.003070098],
[[2750.0,1000.0,1000.0],0.003047353],
[[2750.0,1200.0,1200.0],0.00306719],
[[3000.0,1.0,1.0],0.002846341],
[[3000.0,75.0,75.0],0.003137962],
[[3000.0,150.0,150.0],0.002897461],
[[3000.0,300.0,300.0],0.002938397],
[[3000.0,500.0,500.0],0.003158867],
[[3000.0,750.0,750.0],0.003131741],
[[3000.0,1000.0,1000.0],0.003395108],
[[3000.0,1200.0,1200.0],0.003501282],
[[3000.0,1400.0,1400.0],0.003259272]]
