txName: TRS1
constraint: {(PV > H0(1)), (H0(1) > MET(2),MET(3))}
condition: None
conditionDescription: None
figureUrl: https://cms-results.web.cern.ch/cms-results/public-results/publications/EXO-20-004/CMS-EXO-20-004_Figure_009-a.png
source: CMS
validated: True
axesMap: [{0: 'x', 1: '1.0', 2: '1.0'}, {0: 'x', 1: 'y', 2: 'y'}]
dataMap: {0: (1, 'mass', GeV), 1: (2, 'mass', GeV), 2: (3, 'mass', GeV)}
finalState: ['MET', 'MET']
intermediateState: None
efficiencyMap: [[[100.0,10.0,10.0],0.0003842265],
[[150.0,1.0,1.0],0.0007217208],
[[150.0,50.0,50.0],0.0006875725],
[[200.0,1.0,1.0],0.001002588],
[[200.0,50.0,50.0],0.001103274],
[[200.0,100.0,100.0],0.001727751],
[[250.0,1.0,1.0],0.001351028],
[[250.0,10.0,10.0],0.001469855],
[[250.0,50.0,50.0],0.00131407],
[[250.0,100.0,100.0],0.001366888],
[[300.0,1.0,1.0],0.001579191],
[[300.0,50.0,50.0],0.001560662],
[[300.0,100.0,100.0],0.00164926],
[[350.0,1.0,1.0],0.001823157],
[[350.0,50.0,50.0],0.0019016],
[[350.0,100.0,100.0],0.001783396],
[[350.0,150.0,150.0],0.001810275],
[[400.0,1.0,1.0],0.002072278],
[[400.0,50.0,50.0],0.002639066],
[[400.0,100.0,100.0],0.002454493],
[[400.0,150.0,150.0],0.002249625],
[[450.0,1.0,1.0],0.002486472],
[[450.0,50.0,50.0],0.002591155],
[[450.0,100.0,100.0],0.002287109],
[[450.0,150.0,150.0],0.002465272],
[[450.0,200.0,200.0],0.002949923],
[[500.0,1.0,1.0],0.002857939],
[[500.0,10.0,10.0],0.0027257],
[[500.0,50.0,50.0],0.002625138],
[[500.0,100.0,100.0],0.002782866],
[[500.0,150.0,150.0],0.002633587],
[[500.0,200.0,200.0],0.003012544],
[[550.0,1.0,1.0],0.003321257],
[[550.0,50.0,50.0],0.003418698],
[[550.0,100.0,100.0],0.00346208],
[[550.0,150.0,150.0],0.003367522],
[[550.0,200.0,200.0],0.003583427],
[[550.0,250.0,250.0],0.003054412],
[[600.0,1.0,1.0],0.004439968],
[[600.0,50.0,50.0],0.003818402],
[[600.0,100.0,100.0],0.003550432],
[[600.0,150.0,150.0],0.003471526],
[[600.0,200.0,200.0],0.003226726],
[[600.0,250.0,250.0],0.004326119],
[[650.0,1.0,1.0],0.003951334],
[[650.0,50.0,50.0],0.003912819],
[[650.0,100.0,100.0],0.004143381],
[[650.0,150.0,150.0],0.003632596],
[[650.0,200.0,200.0],0.003910363],
[[650.0,250.0,250.0],0.003989925],
[[650.0,300.0,300.0],0.00349909],
[[700.0,1.0,1.0],0.003955825],
[[700.0,50.0,50.0],0.004395057],
[[700.0,100.0,100.0],0.004158138],
[[700.0,150.0,150.0],0.0037569],
[[700.0,200.0,200.0],0.004342352],
[[700.0,250.0,250.0],0.004992246],
[[700.0,300.0,300.0],0.003972237],
[[750.0,1.0,1.0],0.00397601],
[[750.0,10.0,10.0],0.004152462],
[[750.0,50.0,50.0],0.004712548],
[[750.0,100.0,100.0],0.004298975],
[[750.0,150.0,150.0],0.004713629],
[[750.0,200.0,200.0],0.00458142],
[[750.0,250.0,250.0],0.00414115],
[[750.0,300.0,300.0],0.004744475],
[[750.0,350.0,350.0],0.005134757],
[[800.0,1.0,1.0],0.005173514],
[[800.0,150.0,150.0],0.005251877],
[[800.0,200.0,200.0],0.00467023],
[[800.0,250.0,250.0],0.00593769],
[[800.0,300.0,300.0],0.005023039],
[[800.0,350.0,350.0],0.005014006],
[[850.0,1.0,1.0],0.005247457],
[[850.0,150.0,150.0],0.004581412],
[[850.0,200.0,200.0],0.005632989],
[[850.0,250.0,250.0],0.00577947],
[[850.0,300.0,300.0],0.005366601],
[[850.0,350.0,350.0],0.005525862],
[[850.0,400.0,400.0],0.006297131],
[[900.0,1.0,1.0],0.004613153],
[[900.0,150.0,150.0],0.005636514],
[[900.0,200.0,200.0],0.005287517],
[[900.0,250.0,250.0],0.00485025],
[[900.0,300.0,300.0],0.005309802],
[[900.0,350.0,350.0],0.005383767],
[[900.0,400.0,400.0],0.005288876],
[[950.0,1.0,1.0],0.005015215],
[[950.0,150.0,150.0],0.005213156],
[[950.0,200.0,200.0],0.005882926],
[[950.0,250.0,250.0],0.005652684],
[[950.0,300.0,300.0],0.006237321],
[[950.0,350.0,350.0],0.005717771],
[[950.0,400.0,400.0],0.005393825],
[[950.0,450.0,450.0],0.005451346],
[[1000.0,1.0,1.0],0.00503582],
[[1000.0,10.0,10.0],0.005656679],
[[1000.0,50.0,50.0],0.005179264],
[[1000.0,100.0,100.0],0.004982382],
[[1000.0,150.0,150.0],0.005669844],
[[1000.0,200.0,200.0],0.005353366],
[[1000.0,250.0,250.0],0.005840239],
[[1000.0,300.0,300.0],0.005862367],
[[1000.0,350.0,350.0],0.005647789],
[[1000.0,400.0,400.0],0.006448548],
[[1000.0,450.0,450.0],0.005948104],
[[1050.0,1.0,1.0],0.005423054],
[[1050.0,150.0,150.0],0.005703822],
[[1050.0,200.0,200.0],0.006274173],
[[1050.0,250.0,250.0],0.006322036],
[[1050.0,300.0,300.0],0.005738158],
[[1050.0,350.0,350.0],0.006616938],
[[1050.0,400.0,400.0],0.005403717],
[[1050.0,450.0,450.0],0.006018234],
[[1050.0,500.0,500.0],0.006265901],
[[1100.0,1.0,1.0],0.005141466],
[[1100.0,150.0,150.0],0.006175834],
[[1100.0,200.0,200.0],0.006370703],
[[1100.0,250.0,250.0],0.005725912],
[[1100.0,300.0,300.0],0.006047841],
[[1100.0,350.0,350.0],0.006561528],
[[1100.0,400.0,400.0],0.007110248],
[[1100.0,450.0,450.0],0.005820341],
[[1100.0,500.0,500.0],0.007366034],
[[1150.0,1.0,1.0],0.005564049],
[[1150.0,150.0,150.0],0.005169948],
[[1150.0,200.0,200.0],0.006381318],
[[1150.0,250.0,250.0],0.006564798],
[[1150.0,300.0,300.0],0.005724364],
[[1150.0,350.0,350.0],0.00590977],
[[1150.0,400.0,400.0],0.005748319],
[[1150.0,450.0,450.0],0.007081035],
[[1150.0,500.0,500.0],0.005435067],
[[1150.0,550.0,550.0],0.005181145],
[[1200.0,1.0,1.0],0.005827169],
[[1200.0,150.0,150.0],0.006245138],
[[1200.0,200.0,200.0],0.006180086],
[[1200.0,250.0,250.0],0.006071627],
[[1200.0,300.0,300.0],0.006836771],
[[1200.0,350.0,350.0],0.006037394],
[[1200.0,400.0,400.0],0.006379971],
[[1200.0,450.0,450.0],0.005792716],
[[1200.0,500.0,500.0],0.006757888],
[[1200.0,550.0,550.0],0.006487758],
[[1250.0,1.0,1.0],0.00551951],
[[1250.0,10.0,10.0],0.005296878],
[[1250.0,50.0,50.0],0.005296581],
[[1250.0,100.0,100.0],0.005715091],
[[1250.0,150.0,150.0],0.005811787],
[[1250.0,200.0,200.0],0.005767839],
[[1250.0,250.0,250.0],0.006332367],
[[1250.0,300.0,300.0],0.006998176],
[[1250.0,350.0,350.0],0.006316082],
[[1250.0,400.0,400.0],0.006494187],
[[1250.0,450.0,450.0],0.006384274],
[[1250.0,500.0,500.0],0.007041489],
[[1250.0,550.0,550.0],0.006046082],
[[1250.0,600.0,600.0],0.006915404],
[[1300.0,1.0,1.0],0.005720972],
[[1300.0,150.0,150.0],0.005968001],
[[1300.0,200.0,200.0],0.007230829],
[[1300.0,250.0,250.0],0.00636858],
[[1300.0,300.0,300.0],0.006711931],
[[1300.0,350.0,350.0],0.006793977],
[[1300.0,400.0,400.0],0.006672655],
[[1300.0,450.0,450.0],0.007999211],
[[1300.0,500.0,500.0],0.006746815],
[[1300.0,550.0,550.0],0.006804116],
[[1300.0,600.0,600.0],0.006755861],
[[1350.0,1.0,1.0],0.005639735],
[[1350.0,150.0,150.0],0.005597753],
[[1350.0,200.0,200.0],0.006004249],
[[1350.0,250.0,250.0],0.006076588],
[[1350.0,300.0,300.0],0.006872565],
[[1350.0,350.0,350.0],0.006574917],
[[1350.0,400.0,400.0],0.006247267],
[[1350.0,450.0,450.0],0.007097884],
[[1350.0,500.0,500.0],0.006455674],
[[1350.0,550.0,550.0],0.006323682],
[[1350.0,600.0,600.0],0.00663711],
[[1350.0,650.0,650.0],0.007150467],
[[1400.0,1.0,1.0],0.005347506],
[[1400.0,150.0,150.0],0.005529733],
[[1400.0,200.0,200.0],0.005688477],
[[1400.0,250.0,250.0],0.005798048],
[[1400.0,300.0,300.0],0.006810377],
[[1400.0,350.0,350.0],0.006263126],
[[1400.0,400.0,400.0],0.006730663],
[[1400.0,450.0,450.0],0.00685495],
[[1400.0,500.0,500.0],0.00635266],
[[1400.0,550.0,550.0],0.007379873],
[[1400.0,600.0,600.0],0.006848889],
[[1400.0,650.0,650.0],0.007408582],
[[1450.0,1.0,1.0],0.005735255],
[[1450.0,150.0,150.0],0.006595421],
[[1450.0,200.0,200.0],0.00612905],
[[1450.0,250.0,250.0],0.006918775],
[[1450.0,300.0,300.0],0.007032417],
[[1450.0,350.0,350.0],0.008489885],
[[1450.0,400.0,400.0],0.006353034],
[[1450.0,450.0,450.0],0.007024689],
[[1450.0,500.0,500.0],0.007044274],
[[1450.0,550.0,550.0],0.007355418],
[[1450.0,600.0,600.0],0.006971598],
[[1450.0,650.0,650.0],0.007191059],
[[1450.0,700.0,700.0],0.007164989],
[[1500.0,1.0,1.0],0.005569139],
[[1500.0,10.0,10.0],0.00536118],
[[1500.0,50.0,50.0],0.005665964],
[[1500.0,100.0,100.0],0.005774053],
[[1500.0,150.0,150.0],0.006229755],
[[1500.0,200.0,200.0],0.006681328],
[[1500.0,250.0,250.0],0.007103382],
[[1500.0,300.0,300.0],0.007053117],
[[1500.0,350.0,350.0],0.007170656],
[[1500.0,400.0,400.0],0.00808164],
[[1500.0,450.0,450.0],0.007451476],
[[1500.0,500.0,500.0],0.006933672],
[[1500.0,550.0,550.0],0.007594806],
[[1500.0,600.0,600.0],0.006325827],
[[1500.0,650.0,650.0],0.007465321],
[[1500.0,700.0,700.0],0.007194252],
[[1500.0,750.0,750.0],0.007306644],
[[1550.0,1.0,1.0],0.005529887],
[[1550.0,150.0,150.0],0.006268695],
[[1550.0,200.0,200.0],0.006678119],
[[1550.0,250.0,250.0],0.005663456],
[[1550.0,300.0,300.0],0.007586066],
[[1550.0,350.0,350.0],0.006949276],
[[1550.0,400.0,400.0],0.007997319],
[[1550.0,450.0,450.0],0.006585318],
[[1550.0,500.0,500.0],0.007907326],
[[1550.0,550.0,550.0],0.007437011],
[[1550.0,600.0,600.0],0.007222728],
[[1550.0,650.0,650.0],0.00719336],
[[1550.0,700.0,700.0],0.006839529],
[[1550.0,750.0,750.0],0.007558354],
[[1600.0,1.0,1.0],0.005472014],
[[1600.0,150.0,150.0],0.005361188],
[[1600.0,200.0,200.0],0.006525338],
[[1600.0,250.0,250.0],0.006216556],
[[1600.0,300.0,300.0],0.007148952],
[[1600.0,350.0,350.0],0.007900031],
[[1600.0,400.0,400.0],0.007355033],
[[1600.0,450.0,450.0],0.008160851],
[[1600.0,500.0,500.0],0.006850357],
[[1600.0,550.0,550.0],0.007950031],
[[1600.0,600.0,600.0],0.006108012],
[[1600.0,650.0,650.0],0.005855264],
[[1600.0,700.0,700.0],0.007673656],
[[1600.0,750.0,750.0],0.00706751],
[[1650.0,1.0,1.0],0.005459876],
[[1650.0,150.0,150.0],0.005818904],
[[1650.0,200.0,200.0],0.006675439],
[[1650.0,250.0,250.0],0.006537825],
[[1650.0,300.0,300.0],0.006690457],
[[1650.0,350.0,350.0],0.007625087],
[[1650.0,400.0,400.0],0.007303563],
[[1650.0,450.0,450.0],0.007333898],
[[1650.0,500.0,500.0],0.008621834],
[[1650.0,550.0,550.0],0.006637756],
[[1650.0,600.0,600.0],0.006623469],
[[1650.0,650.0,650.0],0.007265751],
[[1650.0,700.0,700.0],0.007218057],
[[1650.0,750.0,750.0],0.007418681],
[[1650.0,800.0,800.0],0.008560663],
[[1700.0,1.0,1.0],0.005283683],
[[1700.0,150.0,150.0],0.006545795],
[[1700.0,200.0,200.0],0.006989584],
[[1700.0,250.0,250.0],0.006838918],
[[1700.0,300.0,300.0],0.007210413],
[[1700.0,350.0,350.0],0.007755505],
[[1700.0,400.0,400.0],0.006870383],
[[1700.0,450.0,450.0],0.006750613],
[[1700.0,500.0,500.0],0.006939173],
[[1700.0,550.0,550.0],0.007760011],
[[1700.0,600.0,600.0],0.007731147],
[[1700.0,650.0,650.0],0.007587087],
[[1700.0,700.0,700.0],0.007296818],
[[1700.0,750.0,750.0],0.007082597],
[[1700.0,800.0,800.0],0.008388451],
[[1750.0,1.0,1.0],0.005552357],
[[1750.0,10.0,10.0],0.005541185],
[[1750.0,50.0,50.0],0.005616996],
[[1750.0,100.0,100.0],0.005686307],
[[1750.0,150.0,150.0],0.006457476],
[[1750.0,200.0,200.0],0.006472762],
[[1750.0,250.0,250.0],0.007065447],
[[1750.0,300.0,300.0],0.006670775],
[[1750.0,350.0,350.0],0.007443933],
[[1750.0,400.0,400.0],0.00702454],
[[1750.0,450.0,450.0],0.008043315],
[[1750.0,500.0,500.0],0.007543376],
[[1750.0,550.0,550.0],0.00763832],
[[1750.0,600.0,600.0],0.007855493],
[[1750.0,650.0,650.0],0.008597551],
[[1750.0,700.0,700.0],0.007791296],
[[1750.0,750.0,750.0],0.0073554],
[[1750.0,800.0,800.0],0.008268924],
[[1750.0,850.0,850.0],0.009104927],
[[1800.0,1.0,1.0],0.0056061],
[[1800.0,150.0,150.0],0.007044742],
[[1800.0,200.0,200.0],0.006687135],
[[1800.0,250.0,250.0],0.007248002],
[[1800.0,300.0,300.0],0.007455189],
[[1800.0,350.0,350.0],0.006998836],
[[1800.0,400.0,400.0],0.00705603],
[[1800.0,450.0,450.0],0.007548966],
[[1800.0,500.0,500.0],0.007373755],
[[1800.0,550.0,550.0],0.00785205],
[[1800.0,600.0,600.0],0.007961158],
[[1800.0,650.0,650.0],0.007043013],
[[1800.0,700.0,700.0],0.006912022],
[[1800.0,750.0,750.0],0.008303149],
[[1800.0,800.0,800.0],0.007473098],
[[1800.0,850.0,850.0],0.0077718],
[[1850.0,1.0,1.0],0.00545747],
[[1850.0,150.0,150.0],0.005288802],
[[1850.0,200.0,200.0],0.006588519],
[[1850.0,250.0,250.0],0.007668925],
[[1850.0,300.0,300.0],0.007463006],
[[1850.0,350.0,350.0],0.008325802],
[[1850.0,400.0,400.0],0.007620233],
[[1850.0,450.0,450.0],0.007596048],
[[1850.0,500.0,500.0],0.007832961],
[[1850.0,550.0,550.0],0.008362159],
[[1850.0,600.0,600.0],0.008179816],
[[1850.0,650.0,650.0],0.007685516],
[[1850.0,700.0,700.0],0.008527486],
[[1850.0,750.0,750.0],0.006994372],
[[1850.0,800.0,800.0],0.007785207],
[[1850.0,850.0,850.0],0.008940357],
[[1850.0,900.0,900.0],0.008970335],
[[1900.0,1.0,1.0],0.005521421],
[[1900.0,150.0,150.0],0.00592997],
[[1900.0,200.0,200.0],0.007129222],
[[1900.0,250.0,250.0],0.006745019],
[[1900.0,300.0,300.0],0.00671639],
[[1900.0,350.0,350.0],0.007539938],
[[1900.0,400.0,400.0],0.007988096],
[[1900.0,450.0,450.0],0.007042194],
[[1900.0,500.0,500.0],0.007767662],
[[1900.0,550.0,550.0],0.0067051],
[[1900.0,600.0,600.0],0.007516913],
[[1900.0,650.0,650.0],0.007878425],
[[1900.0,700.0,700.0],0.008079589],
[[1900.0,750.0,750.0],0.0079514],
[[1900.0,800.0,800.0],0.009064519],
[[1900.0,850.0,850.0],0.007271182],
[[1900.0,900.0,900.0],0.008676349],
[[1950.0,1.0,1.0],0.005231261],
[[1950.0,150.0,150.0],0.006119694],
[[1950.0,200.0,200.0],0.006648097],
[[1950.0,250.0,250.0],0.006505055],
[[1950.0,300.0,300.0],0.007675941],
[[1950.0,350.0,350.0],0.007882841],
[[1950.0,400.0,400.0],0.007860636],
[[1950.0,450.0,450.0],0.007682294],
[[1950.0,500.0,500.0],0.006643893],
[[1950.0,550.0,550.0],0.007454586],
[[1950.0,600.0,600.0],0.00832918],
[[1950.0,650.0,650.0],0.008576105],
[[1950.0,700.0,700.0],0.008183427],
[[1950.0,750.0,750.0],0.007815727],
[[1950.0,800.0,800.0],0.007838287],
[[1950.0,850.0,850.0],0.008589401],
[[1950.0,900.0,900.0],0.00892504],
[[1950.0,950.0,950.0],0.008530803],
[[2000.0,1.0,1.0],0.004964087],
[[2000.0,10.0,10.0],0.004823279],
[[2000.0,50.0,50.0],0.00532657],
[[2000.0,100.0,100.0],0.005774451],
[[2000.0,150.0,150.0],0.00583531],
[[2000.0,200.0,200.0],0.006854953],
[[2000.0,250.0,250.0],0.006925456],
[[2000.0,300.0,300.0],0.007021214],
[[2000.0,350.0,350.0],0.007889367],
[[2000.0,400.0,400.0],0.00738041],
[[2000.0,450.0,450.0],0.008459412],
[[2000.0,500.0,500.0],0.007898561],
[[2000.0,550.0,550.0],0.007871417],
[[2000.0,600.0,600.0],0.007327999],
[[2000.0,650.0,650.0],0.00799243],
[[2000.0,700.0,700.0],0.007704035],
[[2000.0,750.0,750.0],0.007692144],
[[2000.0,800.0,800.0],0.008050621],
[[2000.0,850.0,850.0],0.008276583],
[[2000.0,900.0,900.0],0.007751807],
[[2000.0,950.0,950.0],0.00895314],
[[2250.0,1.0,1.0],0.005013437],
[[2250.0,10.0,10.0],0.005307701],
[[2250.0,50.0,50.0],0.00564497],
[[2250.0,100.0,100.0],0.005815928],
[[2250.0,150.0,150.0],0.005890261],
[[2250.0,300.0,300.0],0.006899871],
[[2250.0,500.0,500.0],0.007806863],
[[2250.0,750.0,750.0],0.008132898],
[[2250.0,1000.0,1000.0],0.008003392],
[[2500.0,1.0,1.0],0.004818648],
[[2500.0,10.0,10.0],0.004373133],
[[2500.0,50.0,50.0],0.005762436],
[[2500.0,100.0,100.0],0.006197759],
[[2500.0,150.0,150.0],0.00612189],
[[2500.0,300.0,300.0],0.007980422],
[[2500.0,500.0,500.0],0.008580877],
[[2500.0,750.0,750.0],0.008314722],
[[2500.0,1000.0,1000.0],0.009222271],
[[2500.0,1200.0,1200.0],0.008369257],
[[2750.0,1.0,1.0],0.004771562],
[[2750.0,10.0,10.0],0.004862966],
[[2750.0,50.0,50.0],0.005848522],
[[2750.0,100.0,100.0],0.006549871],
[[2750.0,150.0,150.0],0.006352256],
[[2750.0,300.0,300.0],0.007478467],
[[2750.0,500.0,500.0],0.007601989],
[[2750.0,750.0,750.0],0.00848993],
[[2750.0,1000.0,1000.0],0.008174466],
[[2750.0,1200.0,1200.0],0.008673794],
[[3000.0,1.0,1.0],0.005687033],
[[3000.0,10.0,10.0],0.005281744],
[[3000.0,50.0,50.0],0.006437349],
[[3000.0,100.0,100.0],0.006599969],
[[3000.0,150.0,150.0],0.006252073],
[[3000.0,300.0,300.0],0.008090591],
[[3000.0,500.0,500.0],0.008605528],
[[3000.0,750.0,750.0],0.009425529],
[[3000.0,1000.0,1000.0],0.009317314],
[[3000.0,1200.0,1200.0],0.008893646],
[[3000.0,1400.0,1400.0],0.008831701]]
