txName: TRV1
constraint: {(PV > Zprime(1)), (Zprime(1) > MET(2),MET(3))}
condition: None
conditionDescription: None
figureUrl: https://cms-results.web.cern.ch/cms-results/public-results/publications/EXO-20-004/CMS-EXO-20-004_Figure_007-b.png
source: https://doi.org/10.5281/zenodo.13324003
validated: True
axesMap: [{0: 'x', 1: 'y', 2: 'y'}]
dataMap: {0: (1, 'mass', GeV), 1: (2, 'mass', GeV), 2: (3, 'mass', GeV)}
finalState: ['MET', 'MET']
intermediateState: None
efficiencyMap: [[[50.0,1.0,1.0],7.269819e-06],
[[100.0,1.0,1.0],4.741324e-05],
[[100.0,10.0,10.0],4.012322e-05],
[[150.0,1.0,1.0],0.0001226579],
[[150.0,75.0,75.0],0.0001390073],
[[200.0,1.0,1.0],0.0002304829],
[[200.0,75.0,75.0],0.0002392438],
[[250.0,1.0,1.0],0.0003929917],
[[250.0,10.0,10.0],0.0003738631],
[[250.0,75.0,75.0],0.0004240325],
[[300.0,1.0,1.0],0.0005551025],
[[300.0,75.0,75.0],0.0005757239],
[[350.0,1.0,1.0],0.0007078275],
[[350.0,75.0,75.0],0.0007502242],
[[350.0,150.0,150.0],0.0007262239],
[[400.0,1.0,1.0],0.0009165809],
[[400.0,75.0,75.0],0.0008891483],
[[400.0,150.0,150.0],0.001027314],
[[450.0,1.0,1.0],0.001111941],
[[450.0,75.0,75.0],0.001209609],
[[450.0,150.0,150.0],0.00112159],
[[450.0,200.0,200.0],0.00109432],
[[500.0,1.0,1.0],0.001348233],
[[500.0,10.0,10.0],0.001209274],
[[500.0,75.0,75.0],0.001265121],
[[500.0,150.0,150.0],0.001265983],
[[500.0,200.0,200.0],0.001319162],
[[550.0,1.0,1.0],0.001384983],
[[550.0,75.0,75.0],0.001395026],
[[550.0,150.0,150.0],0.001607166],
[[550.0,200.0,200.0],0.00156106],
[[550.0,250.0,250.0],0.001433573],
[[600.0,1.0,1.0],0.001591877],
[[600.0,75.0,75.0],0.001703263],
[[600.0,150.0,150.0],0.001515889],
[[600.0,200.0,200.0],0.001655735],
[[600.0,250.0,250.0],0.001567852],
[[650.0,1.0,1.0],0.001527292],
[[650.0,75.0,75.0],0.001733754],
[[650.0,150.0,150.0],0.001790343],
[[650.0,200.0,200.0],0.00179007],
[[650.0,250.0,250.0],0.001651571],
[[650.0,300.0,300.0],0.001859241],
[[700.0,1.0,1.0],0.001732325],
[[700.0,75.0,75.0],0.001843544],
[[700.0,150.0,150.0],0.001910231],
[[700.0,200.0,200.0],0.001956539],
[[700.0,250.0,250.0],0.002022998],
[[700.0,300.0,300.0],0.001748612],
[[750.0,1.0,1.0],0.001912096],
[[750.0,10.0,10.0],0.001941132],
[[750.0,75.0,75.0],0.00201895],
[[750.0,150.0,150.0],0.001860167],
[[750.0,200.0,200.0],0.00194232],
[[750.0,250.0,250.0],0.001953329],
[[750.0,300.0,300.0],0.001902227],
[[750.0,350.0,350.0],0.002045117],
[[800.0,1.0,1.0],0.002039184],
[[800.0,75.0,75.0],0.002043295],
[[800.0,150.0,150.0],0.001863845],
[[800.0,200.0,200.0],0.001889497],
[[800.0,250.0,250.0],0.00213508],
[[800.0,300.0,300.0],0.002074748],
[[800.0,350.0,350.0],0.00189011],
[[850.0,1.0,1.0],0.002087893],
[[850.0,75.0,75.0],0.002055267],
[[850.0,150.0,150.0],0.002162261],
[[850.0,200.0,200.0],0.002172754],
[[850.0,250.0,250.0],0.002326189],
[[850.0,300.0,300.0],0.002081023],
[[850.0,350.0,350.0],0.002284921],
[[850.0,400.0,400.0],0.002207379],
[[900.0,1.0,1.0],0.002343511],
[[900.0,75.0,75.0],0.002306558],
[[900.0,150.0,150.0],0.002284325],
[[900.0,200.0,200.0],0.002291764],
[[900.0,250.0,250.0],0.002091201],
[[900.0,300.0,300.0],0.00224762],
[[900.0,350.0,350.0],0.002296259],
[[900.0,400.0,400.0],0.002352323],
[[950.0,1.0,1.0],0.002081937],
[[950.0,75.0,75.0],0.002325942],
[[950.0,150.0,150.0],0.002308013],
[[950.0,200.0,200.0],0.002151558],
[[950.0,250.0,250.0],0.00242054],
[[950.0,300.0,300.0],0.00233957],
[[950.0,350.0,350.0],0.002331888],
[[950.0,400.0,400.0],0.00232774],
[[950.0,450.0,450.0],0.002588231],
[[1000.0,1.0,1.0],0.002355941],
[[1000.0,10.0,10.0],0.002408001],
[[1000.0,75.0,75.0],0.002431099],
[[1000.0,150.0,150.0],0.002362838],
[[1000.0,200.0,200.0],0.002510182],
[[1000.0,250.0,250.0],0.002425667],
[[1000.0,300.0,300.0],0.002306044],
[[1000.0,350.0,350.0],0.002481301],
[[1000.0,400.0,400.0],0.002229482],
[[1000.0,450.0,450.0],0.002452736],
[[1050.0,1.0,1.0],0.002512504],
[[1050.0,75.0,75.0],0.002445686],
[[1050.0,150.0,150.0],0.002446389],
[[1050.0,200.0,200.0],0.002280897],
[[1050.0,250.0,250.0],0.002473493],
[[1050.0,300.0,300.0],0.002495291],
[[1050.0,350.0,350.0],0.002448111],
[[1050.0,400.0,400.0],0.002669518],
[[1050.0,450.0,450.0],0.002399991],
[[1050.0,500.0,500.0],0.002733479],
[[1100.0,1.0,1.0],0.002496911],
[[1100.0,75.0,75.0],0.00255948],
[[1100.0,150.0,150.0],0.00248406],
[[1100.0,200.0,200.0],0.00255227],
[[1100.0,250.0,250.0],0.002709762],
[[1100.0,300.0,300.0],0.002538366],
[[1100.0,350.0,350.0],0.002457691],
[[1100.0,400.0,400.0],0.002813827],
[[1100.0,450.0,450.0],0.002694731],
[[1100.0,500.0,500.0],0.002522978],
[[1150.0,1.0,1.0],0.002446363],
[[1150.0,75.0,75.0],0.002438104],
[[1150.0,150.0,150.0],0.002558768],
[[1150.0,200.0,200.0],0.002455765],
[[1150.0,250.0,250.0],0.002586578],
[[1150.0,300.0,300.0],0.002654753],
[[1150.0,350.0,350.0],0.002728949],
[[1150.0,400.0,400.0],0.002355548],
[[1150.0,450.0,450.0],0.002691159],
[[1150.0,500.0,500.0],0.002819578],
[[1150.0,550.0,550.0],0.002683738],
[[1200.0,1.0,1.0],0.002644929],
[[1200.0,75.0,75.0],0.002634519],
[[1200.0,150.0,150.0],0.002718932],
[[1200.0,200.0,200.0],0.002665511],
[[1200.0,250.0,250.0],0.002882894],
[[1200.0,300.0,300.0],0.002421126],
[[1200.0,350.0,350.0],0.002638175],
[[1200.0,400.0,400.0],0.002648611],
[[1200.0,450.0,450.0],0.002716924],
[[1200.0,500.0,500.0],0.002674708],
[[1200.0,550.0,550.0],0.00282646],
[[1250.0,1.0,1.0],0.00276574],
[[1250.0,10.0,10.0],0.002543351],
[[1250.0,75.0,75.0],0.002834776],
[[1250.0,150.0,150.0],0.002773859],
[[1250.0,200.0,200.0],0.002684946],
[[1250.0,250.0,250.0],0.002614356],
[[1250.0,300.0,300.0],0.002807011],
[[1250.0,350.0,350.0],0.00266545],
[[1250.0,400.0,400.0],0.0026609],
[[1250.0,450.0,450.0],0.002906669],
[[1250.0,500.0,500.0],0.002699071],
[[1250.0,550.0,550.0],0.002947522],
[[1250.0,600.0,600.0],0.00281986],
[[1300.0,1.0,1.0],0.002800847],
[[1300.0,75.0,75.0],0.00273384],
[[1300.0,150.0,150.0],0.002632486],
[[1300.0,200.0,200.0],0.002666418],
[[1300.0,250.0,250.0],0.002575518],
[[1300.0,300.0,300.0],0.002854729],
[[1300.0,350.0,350.0],0.002759277],
[[1300.0,400.0,400.0],0.002556471],
[[1300.0,450.0,450.0],0.002792318],
[[1300.0,500.0,500.0],0.002885792],
[[1300.0,550.0,550.0],0.002918612],
[[1300.0,600.0,600.0],0.002890691],
[[1350.0,1.0,1.0],0.002814055],
[[1350.0,75.0,75.0],0.002760339],
[[1350.0,150.0,150.0],0.002941781],
[[1350.0,200.0,200.0],0.002846757],
[[1350.0,250.0,250.0],0.002735325],
[[1350.0,300.0,300.0],0.002736612],
[[1350.0,350.0,350.0],0.002886746],
[[1350.0,400.0,400.0],0.002738498],
[[1350.0,450.0,450.0],0.002807789],
[[1350.0,500.0,500.0],0.002919219],
[[1350.0,550.0,550.0],0.003014787],
[[1350.0,600.0,600.0],0.003120413],
[[1350.0,650.0,650.0],0.00277508],
[[1400.0,1.0,1.0],0.002691522],
[[1400.0,75.0,75.0],0.002576637],
[[1400.0,150.0,150.0],0.002588155],
[[1400.0,200.0,200.0],0.002843302],
[[1400.0,250.0,250.0],0.002824424],
[[1400.0,300.0,300.0],0.002960908],
[[1400.0,350.0,350.0],0.002722903],
[[1400.0,400.0,400.0],0.002885221],
[[1400.0,450.0,450.0],0.002742749],
[[1400.0,500.0,500.0],0.003003265],
[[1400.0,550.0,550.0],0.002891431],
[[1400.0,600.0,600.0],0.003087633],
[[1400.0,650.0,650.0],0.00299095],
[[1450.0,1.0,1.0],0.002733036],
[[1450.0,75.0,75.0],0.00295363],
[[1450.0,150.0,150.0],0.002757396],
[[1450.0,200.0,200.0],0.002829989],
[[1450.0,250.0,250.0],0.003047697],
[[1450.0,300.0,300.0],0.003069463],
[[1450.0,350.0,350.0],0.002824782],
[[1450.0,400.0,400.0],0.003270572],
[[1450.0,450.0,450.0],0.002855583],
[[1450.0,500.0,500.0],0.00290679],
[[1450.0,550.0,550.0],0.002939298],
[[1450.0,600.0,600.0],0.002894304],
[[1450.0,650.0,650.0],0.003065911],
[[1450.0,700.0,700.0],0.002766695],
[[1500.0,1.0,1.0],0.002805406],
[[1500.0,10.0,10.0],0.002858924],
[[1500.0,75.0,75.0],0.0029199],
[[1500.0,150.0,150.0],0.002727693],
[[1500.0,200.0,200.0],0.002627863],
[[1500.0,250.0,250.0],0.003065505],
[[1500.0,300.0,300.0],0.00293817],
[[1500.0,350.0,350.0],0.003133053],
[[1500.0,400.0,400.0],0.002966955],
[[1500.0,450.0,450.0],0.002769276],
[[1500.0,500.0,500.0],0.002872448],
[[1500.0,550.0,550.0],0.002887659],
[[1500.0,600.0,600.0],0.003016705],
[[1500.0,650.0,650.0],0.00290624],
[[1500.0,700.0,700.0],0.00292452],
[[1500.0,750.0,750.0],0.002946568],
[[1550.0,1.0,1.0],0.002852588],
[[1550.0,75.0,75.0],0.002917482],
[[1550.0,150.0,150.0],0.00273135],
[[1550.0,200.0,200.0],0.002930816],
[[1550.0,250.0,250.0],0.002988406],
[[1550.0,300.0,300.0],0.00300594],
[[1550.0,350.0,350.0],0.003155131],
[[1550.0,400.0,400.0],0.003278256],
[[1550.0,450.0,450.0],0.003082275],
[[1550.0,500.0,500.0],0.002919776],
[[1550.0,550.0,550.0],0.003015957],
[[1550.0,600.0,600.0],0.00297774],
[[1550.0,650.0,650.0],0.003279833],
[[1550.0,700.0,700.0],0.003049402],
[[1550.0,750.0,750.0],0.003283179],
[[1600.0,1.0,1.0],0.00285939],
[[1600.0,75.0,75.0],0.003079929],
[[1600.0,150.0,150.0],0.003070923],
[[1600.0,200.0,200.0],0.00276199],
[[1600.0,250.0,250.0],0.002920705],
[[1600.0,300.0,300.0],0.00270341],
[[1600.0,350.0,350.0],0.003109878],
[[1600.0,400.0,400.0],0.002835244],
[[1600.0,450.0,450.0],0.003039013],
[[1600.0,500.0,500.0],0.002959065],
[[1600.0,550.0,550.0],0.003191337],
[[1600.0,600.0,600.0],0.002982035],
[[1600.0,650.0,650.0],0.002890198],
[[1600.0,700.0,700.0],0.002941897],
[[1600.0,750.0,750.0],0.003189972],
[[1650.0,1.0,1.0],0.00296724],
[[1650.0,75.0,75.0],0.00295633],
[[1650.0,150.0,150.0],0.002934225],
[[1650.0,200.0,200.0],0.003271801],
[[1650.0,250.0,250.0],0.003078395],
[[1650.0,300.0,300.0],0.002962595],
[[1650.0,350.0,350.0],0.003287061],
[[1650.0,400.0,400.0],0.003055717],
[[1650.0,450.0,450.0],0.003250883],
[[1650.0,500.0,500.0],0.00311864],
[[1650.0,550.0,550.0],0.003018073],
[[1650.0,600.0,600.0],0.003216724],
[[1650.0,650.0,650.0],0.003121753],
[[1650.0,700.0,700.0],0.003213853],
[[1650.0,750.0,750.0],0.003259136],
[[1650.0,800.0,800.0],0.003222167],
[[1700.0,1.0,1.0],0.003022611],
[[1700.0,75.0,75.0],0.003124732],
[[1700.0,150.0,150.0],0.003058969],
[[1700.0,200.0,200.0],0.003122334],
[[1700.0,250.0,250.0],0.003231266],
[[1700.0,300.0,300.0],0.003081347],
[[1700.0,350.0,350.0],0.003239338],
[[1700.0,400.0,400.0],0.003049266],
[[1700.0,450.0,450.0],0.003168986],
[[1700.0,500.0,500.0],0.003341363],
[[1700.0,550.0,550.0],0.003181103],
[[1700.0,600.0,600.0],0.003313321],
[[1700.0,650.0,650.0],0.003029249],
[[1700.0,700.0,700.0],0.002987624],
[[1700.0,750.0,750.0],0.003130656],
[[1700.0,800.0,800.0],0.003259012],
[[1750.0,1.0,1.0],0.003053855],
[[1750.0,10.0,10.0],0.002758652],
[[1750.0,75.0,75.0],0.003019951],
[[1750.0,150.0,150.0],0.003023729],
[[1750.0,200.0,200.0],0.002840357],
[[1750.0,250.0,250.0],0.003080965],
[[1750.0,300.0,300.0],0.003368116],
[[1750.0,350.0,350.0],0.003190742],
[[1750.0,400.0,400.0],0.003023861],
[[1750.0,450.0,450.0],0.003035411],
[[1750.0,500.0,500.0],0.002982807],
[[1750.0,550.0,550.0],0.003344995],
[[1750.0,600.0,600.0],0.00307508],
[[1750.0,650.0,650.0],0.003090358],
[[1750.0,700.0,700.0],0.003201504],
[[1750.0,750.0,750.0],0.003051547],
[[1750.0,800.0,800.0],0.002965822],
[[1750.0,850.0,850.0],0.003267173],
[[1800.0,1.0,1.0],0.002935956],
[[1800.0,75.0,75.0],0.002936286],
[[1800.0,150.0,150.0],0.002936217],
[[1800.0,200.0,200.0],0.003045421],
[[1800.0,250.0,250.0],0.002923901],
[[1800.0,300.0,300.0],0.003131614],
[[1800.0,350.0,350.0],0.003171168],
[[1800.0,400.0,400.0],0.00318476],
[[1800.0,450.0,450.0],0.003041129],
[[1800.0,500.0,500.0],0.003117294],
[[1800.0,550.0,550.0],0.003035714],
[[1800.0,600.0,600.0],0.003311704],
[[1800.0,650.0,650.0],0.003043633],
[[1800.0,700.0,700.0],0.002991023],
[[1800.0,750.0,750.0],0.002974653],
[[1800.0,800.0,800.0],0.003150711],
[[1800.0,850.0,850.0],0.003185219],
[[1850.0,1.0,1.0],0.0029065],
[[1850.0,75.0,75.0],0.00301815],
[[1850.0,150.0,150.0],0.003104311],
[[1850.0,200.0,200.0],0.002925666],
[[1850.0,250.0,250.0],0.00295571],
[[1850.0,300.0,300.0],0.003012549],
[[1850.0,350.0,350.0],0.003490589],
[[1850.0,400.0,400.0],0.003164418],
[[1850.0,450.0,450.0],0.003116253],
[[1850.0,500.0,500.0],0.003212441],
[[1850.0,550.0,550.0],0.003115199],
[[1850.0,600.0,600.0],0.003165352],
[[1850.0,650.0,650.0],0.003410673],
[[1850.0,700.0,700.0],0.003373367],
[[1850.0,750.0,750.0],0.003088682],
[[1850.0,800.0,800.0],0.003068064],
[[1850.0,850.0,850.0],0.003282399],
[[1850.0,900.0,900.0],0.003413555],
[[1900.0,1.0,1.0],0.003124443],
[[1900.0,75.0,75.0],0.003029248],
[[1900.0,150.0,150.0],0.003334092],
[[1900.0,200.0,200.0],0.003254741],
[[1900.0,250.0,250.0],0.003180457],
[[1900.0,300.0,300.0],0.003106794],
[[1900.0,350.0,350.0],0.003056202],
[[1900.0,400.0,400.0],0.003652646],
[[1900.0,450.0,450.0],0.00312877],
[[1900.0,500.0,500.0],0.003341505],
[[1900.0,550.0,550.0],0.00338196],
[[1900.0,600.0,600.0],0.003602855],
[[1900.0,650.0,650.0],0.003393955],
[[1900.0,700.0,700.0],0.003259994],
[[1900.0,750.0,750.0],0.003445464],
[[1900.0,800.0,800.0],0.003031283],
[[1900.0,850.0,850.0],0.003413378],
[[1900.0,900.0,900.0],0.003326229],
[[1950.0,1.0,1.0],0.003023479],
[[1950.0,75.0,75.0],0.003042677],
[[1950.0,150.0,150.0],0.002887614],
[[1950.0,200.0,200.0],0.003203007],
[[1950.0,250.0,250.0],0.003119937],
[[1950.0,300.0,300.0],0.003022769],
[[1950.0,350.0,350.0],0.00297864],
[[1950.0,400.0,400.0],0.003408314],
[[1950.0,450.0,450.0],0.00352998],
[[1950.0,500.0,500.0],0.003179158],
[[1950.0,550.0,550.0],0.002976149],
[[1950.0,600.0,600.0],0.003018708],
[[1950.0,650.0,650.0],0.003181364],
[[1950.0,700.0,700.0],0.003148139],
[[1950.0,750.0,750.0],0.003217531],
[[1950.0,800.0,800.0],0.002953913],
[[1950.0,850.0,850.0],0.003348291],
[[1950.0,900.0,900.0],0.003535504],
[[1950.0,950.0,950.0],0.003456372],
[[2000.0,1.0,1.0],0.003351876],
[[2000.0,75.0,75.0],0.003303462],
[[2000.0,150.0,150.0],0.003225709],
[[2000.0,200.0,200.0],0.003281789],
[[2000.0,250.0,250.0],0.003055404],
[[2000.0,300.0,300.0],0.003212428],
[[2000.0,350.0,350.0],0.00305422],
[[2000.0,400.0,400.0],0.003238867],
[[2000.0,450.0,450.0],0.003409221],
[[2000.0,500.0,500.0],0.00331795],
[[2000.0,550.0,550.0],0.003180239],
[[2000.0,600.0,600.0],0.003403139],
[[2000.0,650.0,650.0],0.002820517],
[[2000.0,700.0,700.0],0.00355973],
[[2000.0,750.0,750.0],0.00326922],
[[2000.0,800.0,800.0],0.00338674],
[[2000.0,850.0,850.0],0.003391027],
[[2000.0,900.0,900.0],0.00328929],
[[2000.0,950.0,950.0],0.003419536],
[[2250.0,1.0,1.0],0.003475103],
[[2250.0,75.0,75.0],0.00337753],
[[2250.0,150.0,150.0],0.003612199],
[[2250.0,300.0,300.0],0.003267769],
[[2250.0,500.0,500.0],0.003327041],
[[2250.0,750.0,750.0],0.00335585],
[[2250.0,1000.0,1000.0],0.003263463],
[[2500.0,1.0,1.0],0.003553862],
[[2500.0,75.0,75.0],0.003613932],
[[2500.0,150.0,150.0],0.003483278],
[[2500.0,300.0,300.0],0.003610784],
[[2500.0,500.0,500.0],0.0036444],
[[2500.0,750.0,750.0],0.003450673],
[[2500.0,1000.0,1000.0],0.00331453],
[[2500.0,1200.0,1200.0],0.003483675],
[[2750.0,1.0,1.0],0.003728716],
[[2750.0,75.0,75.0],0.003702926],
[[2750.0,150.0,150.0],0.003607446],
[[2750.0,300.0,300.0],0.003832864],
[[2750.0,500.0,500.0],0.003222105],
[[2750.0,750.0,750.0],0.003429362],
[[2750.0,1000.0,1000.0],0.003653823],
[[2750.0,1200.0,1200.0],0.003540237],
[[3000.0,1.0,1.0],0.003919501],
[[3000.0,75.0,75.0],0.004060846],
[[3000.0,150.0,150.0],0.004173417],
[[3000.0,300.0,300.0],0.003845635],
[[3000.0,500.0,500.0],0.004179979],
[[3000.0,750.0,750.0],0.003489157],
[[3000.0,1000.0,1000.0],0.004039566],
[[3000.0,1200.0,1200.0],0.00412385],
[[3000.0,1400.0,1400.0],0.004257464]]
