txName: TRV1
constraint: {(PV > Zprime(1)), (Zprime(1) > MET(2),MET(3))}
condition: None
conditionDescription: None
figureUrl: None
source: Recast by CM2
validated: True
axesMap: [{0: 'x', 1: 'y', 2: 'y'}]
dataMap: {0: (1, 'mass', GeV), 1: (2, 'mass', GeV), 2: (3, 'mass', GeV)}
finalState: ['MET', 'MET']
intermediateState: None
efficiencyMap: [[[50.0,0,0],0.0],
[[50.0,1.0,1.0],0],
[[50.0,10.0,10.0],0.0],
[[50.0,20.0,20.0],0.0],
[[100.0,0,0],0.0],
[[100.0,1.0,1.0],0],
[[100.0,10.0,10.0],0.0],
[[150.0,0,0],0],
[[150.0,1.0,1.0],0],
[[150.0,10.0,10.0],0],
[[150.0,50.0,50.0],0],
[[150.0,70.0,70.0],0],
[[200.0,0,0],0],
[[200.0,1.0,1.0],0],
[[200.0,10.0,10.0],0],
[[200.0,50.0,50.0],0],
[[200.0,75.0,75.0],0],
[[250.0,0,0],0],
[[250.0,1.0,1.0],0],
[[250.0,10.0,10.0],0],
[[250.0,50.0,50.0],0],
[[250.0,75.0,75.0],0],
[[250.0,100.0,100.0],0],
[[250.0,120.0,120.0],0],
[[300.0,0,0],0],
[[300.0,1.0,1.0],0],
[[300.0,10.0,10.0],0],
[[300.0,50.0,50.0],0],
[[300.0,75.0,75.0],0],
[[300.0,100.0,100.0],0],
[[350.0,0,0],0],
[[350.0,1.0,1.0],0],
[[350.0,10.0,10.0],0],
[[350.0,50.0,50.0],0],
[[350.0,75.0,75.0],1.68474e-06],
[[350.0,100.0,100.0],0],
[[350.0,150.0,150.0],0],
[[350.0,170.0,170.0],0],
[[400.0,0,0],0],
[[400.0,1.0,1.0],0],
[[400.0,10.0,10.0],0],
[[400.0,50.0,50.0],0],
[[400.0,75.0,75.0],0],
[[400.0,100.0,100.0],0],
[[400.0,150.0,150.0],0],
[[450.0,0,0],2.408173e-06],
[[450.0,1.0,1.0],0],
[[450.0,10.0,10.0],0],
[[450.0,50.0,50.0],0],
[[450.0,75.0,75.0],0],
[[450.0,100.0,100.0],2.438471e-06],
[[450.0,150.0,150.0],0],
[[450.0,200.0,200.0],0],
[[450.0,220.0,220.0],0],
[[500.0,0,0],0],
[[500.0,1.0,1.0],0],
[[500.0,10.0,10.0],2.511055e-06],
[[500.0,50.0,50.0],2.161664e-06],
[[500.0,75.0,75.0],0],
[[500.0,100.0,100.0],0],
[[500.0,150.0,150.0],1.970208e-06],
[[500.0,200.0,200.0],1.82066e-06],
[[550.0,1.0,1.0],2.039033e-06],
[[550.0,10.0,10.0],4.388438e-06],
[[550.0,75.0,75.0],1.825895e-06],
[[550.0,150.0,150.0],1.873841e-06],
[[550.0,200.0,200.0],0],
[[550.0,250.0,250.0],2.600966e-06],
[[550.0,270.0,270.0],2.27687e-06],
[[600.0,0,0],2.743756e-06],
[[600.0,1.0,1.0],3.962561e-06],
[[600.0,10.0,10.0],4.551686e-06],
[[600.0,50.0,50.0],2.004139e-06],
[[600.0,75.0,75.0],0],
[[600.0,100.0,100.0],2.553719e-06],
[[600.0,150.0,150.0],0],
[[600.0,200.0,200.0],3.013654e-06],
[[600.0,250.0,250.0],2.9156e-06],
[[600.0,295.0,295.0],4.304398e-06],
[[650.0,1.0,1.0],2.663008e-06],
[[650.0,10.0,10.0],7.656797e-06],
[[650.0,75.0,75.0],2.900848e-06],
[[650.0,150.0,150.0],1.756982e-06],
[[650.0,200.0,200.0],3.119281e-06],
[[650.0,250.0,250.0],7.157128e-06],
[[650.0,300.0,300.0],2.702465e-06],
[[650.0,320.0,320.0],2.8707e-06],
[[700.0,0,0],3.849933e-06],
[[700.0,1.0,1.0],3.430721e-06],
[[700.0,10.0,10.0],5.386682e-06],
[[700.0,50.0,50.0],3.857595e-06],
[[700.0,75.0,75.0],2.92281e-06],
[[700.0,100.0,100.0],2.909928e-06],
[[700.0,150.0,150.0],6.854647e-06],
[[700.0,200.0,200.0],5.125584e-06],
[[700.0,250.0,250.0],4.722713e-06],
[[700.0,300.0,300.0],4.730174e-06],
[[750.0,1.0,1.0],2.904356e-06],
[[750.0,10.0,10.0],5.498286e-06],
[[750.0,75.0,75.0],5.020746e-06],
[[750.0,150.0,150.0],3.339859e-06],
[[750.0,200.0,200.0],3.296025e-06],
[[750.0,250.0,250.0],5.188905e-06],
[[750.0,300.0,300.0],7.047102e-06],
[[750.0,350.0,350.0],6.785231e-06],
[[750.0,370.0,370.0],9.120947e-06],
[[800.0,0,0],5.945886e-06],
[[800.0,1.0,1.0],8.85214e-06],
[[800.0,10.0,10.0],1.109489e-05],
[[800.0,50.0,50.0],1.376197e-05],
[[800.0,75.0,75.0],5.375125e-06],
[[800.0,100.0,100.0],4.236029e-06],
[[800.0,150.0,150.0],4.938532e-06],
[[800.0,200.0,200.0],7.491905e-06],
[[800.0,250.0,250.0],6.295371e-06],
[[800.0,300.0,300.0],1.985653e-05],
[[800.0,350.0,350.0],5.392458e-06],
[[850.0,1.0,1.0],5.166301e-06],
[[850.0,10.0,10.0],5.169123e-06],
[[850.0,75.0,75.0],9.165541e-06],
[[850.0,150.0,150.0],2.31122e-05],
[[850.0,200.0,200.0],5.13674e-06],
[[850.0,250.0,250.0],7.649282e-06],
[[850.0,300.0,300.0],7.421359e-06],
[[850.0,350.0,350.0],1.114072e-05],
[[850.0,400.0,400.0],1.705717e-05],
[[850.0,420.0,420.0],9.836917e-06],
[[900.0,0,0],7.939932e-06],
[[900.0,1.0,1.0],6.614787e-06],
[[900.0,10.0,10.0],8.862679e-06],
[[900.0,50.0,50.0],5.396986e-06],
[[900.0,75.0,75.0],9.412927e-06],
[[900.0,100.0,100.0],1.085409e-05],
[[900.0,150.0,150.0],4.941382e-06],
[[900.0,200.0,200.0],5.561152e-06],
[[900.0,250.0,250.0],7.072515e-06],
[[900.0,300.0,300.0],4.053148e-06],
[[900.0,350.0,350.0],1.003542e-05],
[[900.0,400.0,400.0],1.107507e-05],
[[950.0,1.0,1.0],7.348826e-06],
[[950.0,10.0,10.0],6.570355e-06],
[[950.0,75.0,75.0],9.676477e-06],
[[950.0,150.0,150.0],2.553962e-05],
[[950.0,200.0,200.0],6.767852e-06],
[[950.0,250.0,250.0],8.192696e-06],
[[950.0,300.0,300.0],6.77539e-06],
[[950.0,350.0,350.0],1.57369e-05],
[[950.0,400.0,400.0],1.033423e-05],
[[950.0,450.0,450.0],1.089665e-05],
[[950.0,470.0,470.0],1.416047e-05],
[[1000.0,0,0],7.480317e-06],
[[1000.0,50.0,50.0],4.400654e-06],
[[1000.0,100.0,100.0],9.652834e-06],
[[1000.0,150.0,150.0],6.642281e-06],
[[1000.0,200.0,200.0],7.82005e-06],
[[1000.0,250.0,250.0],9.808338e-06],
[[1000.0,300.0,300.0],6.387214e-06],
[[1000.0,350.0,350.0],9.335546e-06],
[[1000.0,400.0,400.0],1.129296e-05],
[[1000.0,450.0,450.0],1.107144e-05],
[[1050.0,520.0,520.0],9.323691e-06],
[[1100.0,0,0],1.071271e-05],
[[1100.0,100.0,100.0],1.469878e-05],
[[1100.0,200.0,200.0],1.240015e-05],
[[1100.0,300.0,300.0],2.302046e-05],
[[1100.0,400.0,400.0],9.852385e-06],
[[1100.0,500.0,500.0],8.063282e-06],
[[1150.0,570.0,570.0],1.714794e-05],
[[1200.0,0,0],1.074021e-05],
[[1200.0,100.0,100.0],1.580506e-05],
[[1200.0,200.0,200.0],1.308892e-05],
[[1200.0,300.0,300.0],1.381925e-05],
[[1200.0,400.0,400.0],1.139194e-05],
[[1200.0,500.0,500.0],2.8507e-05],
[[1250.0,620.0,620.0],1.464205e-05],
[[1300.0,0,0],1.426126e-05],
[[1300.0,100.0,100.0],1.330117e-05],
[[1300.0,200.0,200.0],2.231373e-05],
[[1300.0,300.0,300.0],1.162217e-05],
[[1300.0,400.0,400.0],2.575034e-05],
[[1300.0,500.0,500.0],1.00187e-05],
[[1300.0,600.0,600.0],1.254618e-05],
[[1350.0,670.0,670.0],1.571846e-05],
[[1400.0,0,0],3.42617e-05],
[[1400.0,100.0,100.0],1.675777e-05],
[[1400.0,200.0,200.0],2.695853e-05],
[[1400.0,300.0,300.0],2.586313e-05],
[[1400.0,400.0,400.0],1.96506e-05],
[[1400.0,500.0,500.0],1.306831e-05],
[[1400.0,600.0,600.0],2.823859e-05],
[[1450.0,720.0,720.0],2.816399e-05],
[[1500.0,0,0],1.765183e-05],
[[1500.0,100.0,100.0],1.495434e-05],
[[1500.0,200.0,200.0],2.202667e-05],
[[1500.0,300.0,300.0],3.060519e-05],
[[1500.0,400.0,400.0],2.490433e-05],
[[1500.0,500.0,500.0],1.844754e-05],
[[1500.0,600.0,600.0],2.469271e-05],
[[1500.0,700.0,700.0],1.732987e-05],
[[1550.0,770.0,770.0],2.17793e-05],
[[1600.0,0,0],2.681672e-05],
[[1600.0,100.0,100.0],2.295812e-05],
[[1600.0,200.0,200.0],3.158315e-05],
[[1600.0,300.0,300.0],2.456771e-05],
[[1600.0,400.0,400.0],1.060068e-05],
[[1600.0,500.0,500.0],2.953594e-05],
[[1600.0,600.0,600.0],2.858549e-05],
[[1600.0,700.0,700.0],1.972018e-05],
[[1650.0,820.0,820.0],2.079501e-05],
[[1700.0,0,0],3.06398e-05],
[[1700.0,100.0,100.0],2.621906e-05],
[[1700.0,200.0,200.0],2.159302e-05],
[[1700.0,300.0,300.0],3.312959e-05],
[[1700.0,400.0,400.0],1.62423e-05],
[[1700.0,500.0,500.0],2.18188e-05],
[[1700.0,600.0,600.0],2.160956e-05],
[[1700.0,700.0,700.0],2.696567e-05],
[[1700.0,800.0,800.0],3.380631e-05],
[[1750.0,870.0,870.0],1.723789e-05],
[[1800.0,0,0],3.630613e-05],
[[1800.0,100.0,100.0],2.308288e-05],
[[1800.0,200.0,200.0],2.938599e-05],
[[1800.0,300.0,300.0],2.870858e-05],
[[1800.0,400.0,400.0],2.154632e-05],
[[1800.0,500.0,500.0],1.913311e-05],
[[1800.0,600.0,600.0],2.745375e-05],
[[1800.0,700.0,700.0],2.48514e-05],
[[1800.0,800.0,800.0],1.756605e-05],
[[1850.0,920.0,920.0],3.7116e-05],
[[1900.0,0,0],3.275668e-05],
[[1900.0,100.0,100.0],2.528399e-05],
[[1900.0,200.0,200.0],3.513015e-05],
[[1900.0,300.0,300.0],2.513294e-05],
[[1900.0,400.0,400.0],4.060759e-05],
[[1900.0,500.0,500.0],2.994803e-05],
[[1900.0,600.0,600.0],1.9167e-05],
[[1900.0,700.0,700.0],3.860656e-05],
[[1900.0,800.0,800.0],3.298412e-05],
[[1900.0,900.0,900.0],3.85841e-05],
[[1950.0,970.0,970.0],4.19874e-05],
[[2000.0,0,0],2.218517e-05],
[[2000.0,100.0,100.0],3.215601e-05],
[[2000.0,200.0,200.0],3.434154e-05],
[[2000.0,300.0,300.0],3.185435e-05],
[[2000.0,400.0,400.0],3.748576e-05],
[[2000.0,500.0,500.0],3.632211e-05],
[[2000.0,600.0,600.0],2.751218e-05],
[[2000.0,700.0,700.0],3.406337e-05],
[[2000.0,800.0,800.0],3.30027e-05],
[[2000.0,900.0,900.0],4.735526e-05],
[[2050.0,1020.0,1020.0],3.7158e-05],
[[2100.0,0,0],2.70467e-05],
[[2100.0,100.0,100.0],4.245672e-05],
[[2100.0,200.0,200.0],3.070206e-05],
[[2100.0,300.0,300.0],2.3199e-05],
[[2100.0,400.0,400.0],3.45846e-05],
[[2100.0,500.0,500.0],3.78385e-05],
[[2100.0,600.0,600.0],3.14063e-05],
[[2100.0,700.0,700.0],3.556004e-05],
[[2100.0,800.0,800.0],4.237951e-05],
[[2100.0,900.0,900.0],2.948055e-05],
[[2100.0,1000.0,1000.0],3.884556e-05],
[[2150.0,1070.0,1070.0],2.342504e-05],
[[2200.0,0,0],3.275388e-05],
[[2200.0,100.0,100.0],4.404368e-05],
[[2200.0,200.0,200.0],3.890254e-05],
[[2200.0,300.0,300.0],2.796763e-05],
[[2200.0,400.0,400.0],5.371498e-05],
[[2200.0,500.0,500.0],4.419014e-05],
[[2200.0,600.0,600.0],3.108016e-05],
[[2200.0,700.0,700.0],3.611996e-05],
[[2200.0,800.0,800.0],3.041436e-05],
[[2200.0,900.0,900.0],4.466255e-05],
[[2200.0,1000.0,1000.0],5.505905e-05],
[[2250.0,1120.0,1120.0],4.206239e-05],
[[2300.0,0,0],2.906891e-05],
[[2300.0,100.0,100.0],2.47752e-05],
[[2300.0,200.0,200.0],3.066197e-05],
[[2300.0,300.0,300.0],3.567427e-05],
[[2300.0,400.0,400.0],2.741951e-05],
[[2300.0,500.0,500.0],3.825295e-05],
[[2300.0,600.0,600.0],4.046916e-05],
[[2300.0,700.0,700.0],3.028026e-05],
[[2300.0,800.0,800.0],4.527115e-05],
[[2300.0,900.0,900.0],3.850476e-05],
[[2300.0,1000.0,1000.0],4.601664e-05],
[[2300.0,1100.0,1100.0],4.378431e-05],
[[2350.0,1170.0,1170.0],5.478667e-05],
[[2400.0,0,0],4.309063e-05],
[[2400.0,100.0,100.0],3.800714e-05],
[[2400.0,200.0,200.0],3.7136e-05],
[[2400.0,300.0,300.0],4.71077e-05],
[[2400.0,400.0,400.0],5.489771e-05],
[[2400.0,500.0,500.0],3.825894e-05],
[[2400.0,600.0,600.0],4.129359e-05],
[[2400.0,700.0,700.0],4.761413e-05],
[[2400.0,800.0,800.0],5.599435e-05],
[[2400.0,900.0,900.0],3.652172e-05],
[[2400.0,1000.0,1000.0],4.942842e-05],
[[2400.0,1100.0,1100.0],3.530239e-05],
[[2450.0,1220.0,1220.0],5.58607e-05],
[[2500.0,0,0],3.874837e-05],
[[2500.0,100.0,100.0],3.577423e-05],
[[2500.0,200.0,200.0],3.505595e-05],
[[2500.0,300.0,300.0],4.312598e-05],
[[2500.0,400.0,400.0],3.932711e-05],
[[2500.0,500.0,500.0],3.649039e-05],
[[2500.0,600.0,600.0],3.754374e-05],
[[2500.0,700.0,700.0],4.487268e-05],
[[2500.0,800.0,800.0],4.702615e-05],
[[2500.0,900.0,900.0],3.532085e-05],
[[2500.0,1000.0,1000.0],4.827419e-05],
[[2500.0,1100.0,1100.0],4.58439e-05],
[[2500.0,1200.0,1200.0],4.570378e-05],
[[2550.0,1270.0,1270.0],3.97102e-05],
[[2600.0,0,0],3.199339e-05],
[[2600.0,100.0,100.0],2.287045e-05],
[[2600.0,200.0,200.0],3.507113e-05],
[[2600.0,300.0,300.0],3.542976e-05],
[[2600.0,400.0,400.0],5.153585e-05],
[[2600.0,500.0,500.0],4.641534e-05],
[[2600.0,600.0,600.0],3.43986e-05],
[[2600.0,700.0,700.0],3.850726e-05],
[[2600.0,800.0,800.0],5.206831e-05],
[[2600.0,900.0,900.0],3.297114e-05],
[[2600.0,1000.0,1000.0],4.154676e-05],
[[2600.0,1100.0,1100.0],3.932765e-05],
[[2600.0,1200.0,1200.0],4.607702e-05],
[[2650.0,1320.0,1320.0],4.535903e-05],
[[2700.0,0,0],3.258483e-05],
[[2700.0,100.0,100.0],5.75127e-05],
[[2700.0,200.0,200.0],5.44708e-05],
[[2700.0,300.0,300.0],5.584486e-05],
[[2700.0,400.0,400.0],3.298144e-05],
[[2700.0,500.0,500.0],5.264421e-05],
[[2700.0,600.0,600.0],3.719775e-05],
[[2700.0,700.0,700.0],5.003679e-05],
[[2700.0,800.0,800.0],4.028461e-05],
[[2700.0,900.0,900.0],4.005694e-05],
[[2700.0,1000.0,1000.0],5.866833e-05],
[[2700.0,1100.0,1100.0],3.471627e-05],
[[2700.0,1200.0,1200.0],4.978042e-05],
[[2700.0,1300.0,1300.0],4.397519e-05],
[[2750.0,1370.0,1370.0],5.157239e-05],
[[2800.0,0,0],4.533915e-05],
[[2800.0,100.0,100.0],5.923197e-05],
[[2800.0,200.0,200.0],6.818988e-05],
[[2800.0,300.0,300.0],3.760944e-05],
[[2800.0,400.0,400.0],4.798479e-05],
[[2800.0,500.0,500.0],3.977201e-05],
[[2800.0,600.0,600.0],4.685017e-05],
[[2800.0,700.0,700.0],4.500367e-05],
[[2800.0,800.0,800.0],7.715731e-05],
[[2800.0,900.0,900.0],5.087673e-05],
[[2800.0,1000.0,1000.0],6.261736e-05],
[[2800.0,1100.0,1100.0],3.471131e-05],
[[2800.0,1200.0,1200.0],3.437714e-05],
[[2800.0,1300.0,1300.0],4.407267e-05],
[[2850.0,1420.0,1420.0],4.043378e-05],
[[2900.0,0,0],3.723281e-05],
[[2900.0,100.0,100.0],3.134011e-05],
[[2900.0,200.0,200.0],3.618523e-05],
[[2900.0,300.0,300.0],4.76787e-05],
[[2900.0,400.0,400.0],6.203016e-05],
[[2900.0,500.0,500.0],0.0001032718],
[[2900.0,600.0,600.0],4.075311e-05],
[[2900.0,700.0,700.0],4.921906e-05],
[[2900.0,800.0,800.0],6.413869e-05],
[[2900.0,900.0,900.0],2.497829e-05],
[[2900.0,1000.0,1000.0],6.776372e-05],
[[2900.0,1100.0,1100.0],4.822671e-05],
[[2900.0,1200.0,1200.0],6.093045e-05],
[[2900.0,1300.0,1300.0],3.099439e-05],
[[2900.0,1400.0,1400.0],4.041607e-05],
[[2950.0,1470.0,1470.0],4.731225e-05],
[[3000.0,0,0],3.321217e-05],
[[3000.0,100.0,100.0],5.159398e-05],
[[3000.0,200.0,200.0],5.102789e-05],
[[3000.0,300.0,300.0],5.291384e-05],
[[3000.0,400.0,400.0],4.709486e-05],
[[3000.0,500.0,500.0],3.630727e-05],
[[3000.0,600.0,600.0],4.569887e-05],
[[3000.0,700.0,700.0],5.515775e-05],
[[3000.0,800.0,800.0],7.144499e-05],
[[3000.0,900.0,900.0],4.21469e-05],
[[3000.0,1000.0,1000.0],5.394774e-05],
[[3000.0,1100.0,1100.0],5.037619e-05],
[[3000.0,1200.0,1200.0],4.716125e-05],
[[3000.0,1300.0,1300.0],5.205091e-05],
[[3000.0,1400.0,1400.0],5.986954e-05]]
