txName: TRV1
constraint: {(PV > Zprime(1)), (Zprime(1) > MET(2),MET(3))}
condition: None
conditionDescription: None
figureUrl: None
source: Recast by CM2
validated: True
axesMap: [{0: 'x', 1: 'y', 2: 'y'}]
dataMap: {0: (1, 'mass', GeV), 1: (2, 'mass', GeV), 2: (3, 'mass', GeV)}
finalState: ['MET', 'MET']
intermediateState: None
efficiencyMap: [[[50.0,0,0],0.0],
[[50.0,1.0,1.0],0],
[[50.0,10.0,10.0],0.0],
[[50.0,20.0,20.0],0.0],
[[100.0,0,0],0],
[[100.0,1.0,1.0],0],
[[100.0,10.0,10.0],0],
[[150.0,0,0],0],
[[150.0,1.0,1.0],0],
[[150.0,10.0,10.0],0],
[[150.0,50.0,50.0],0],
[[150.0,70.0,70.0],0],
[[200.0,0,0],0],
[[200.0,1.0,1.0],0],
[[200.0,10.0,10.0],0],
[[200.0,50.0,50.0],0],
[[200.0,75.0,75.0],0],
[[250.0,0,0],1.751353e-06],
[[250.0,1.0,1.0],0],
[[250.0,10.0,10.0],0],
[[250.0,50.0,50.0],0],
[[250.0,75.0,75.0],0],
[[250.0,100.0,100.0],0],
[[250.0,120.0,120.0],0],
[[300.0,0,0],0],
[[300.0,1.0,1.0],0],
[[300.0,10.0,10.0],0],
[[300.0,50.0,50.0],2.290205e-06],
[[300.0,75.0,75.0],0],
[[300.0,100.0,100.0],0],
[[350.0,0,0],0],
[[350.0,1.0,1.0],0],
[[350.0,10.0,10.0],0],
[[350.0,50.0,50.0],0],
[[350.0,75.0,75.0],0],
[[350.0,100.0,100.0],0],
[[350.0,150.0,150.0],1.821952e-06],
[[350.0,170.0,170.0],0],
[[400.0,0,0],2.088527e-06],
[[400.0,1.0,1.0],2.335259e-06],
[[400.0,10.0,10.0],2.632863e-06],
[[400.0,50.0,50.0],2.186437e-06],
[[400.0,75.0,75.0],2.536559e-06],
[[400.0,100.0,100.0],2.17135e-06],
[[400.0,150.0,150.0],2.211894e-06],
[[450.0,0,0],3.165954e-06],
[[450.0,1.0,1.0],3.033921e-06],
[[450.0,10.0,10.0],3.373531e-06],
[[450.0,50.0,50.0],2.850308e-06],
[[450.0,75.0,75.0],3.049288e-06],
[[450.0,100.0,100.0],3.30653e-06],
[[450.0,150.0,150.0],2.772961e-06],
[[450.0,200.0,200.0],3.843835e-06],
[[450.0,220.0,220.0],3.520856e-06],
[[500.0,0,0],3.542152e-06],
[[500.0,1.0,1.0],4.641705e-06],
[[500.0,10.0,10.0],4.328675e-06],
[[500.0,50.0,50.0],3.755338e-06],
[[500.0,75.0,75.0],5.398386e-06],
[[500.0,100.0,100.0],4.663953e-06],
[[500.0,150.0,150.0],3.697387e-06],
[[500.0,200.0,200.0],3.911473e-06],
[[550.0,1.0,1.0],5.071554e-06],
[[550.0,10.0,10.0],6.219708e-06],
[[550.0,75.0,75.0],4.868681e-06],
[[550.0,150.0,150.0],6.028986e-06],
[[550.0,200.0,200.0],7.010572e-06],
[[550.0,250.0,250.0],6.955711e-06],
[[550.0,270.0,270.0],6.49585e-06],
[[600.0,0,0],7.783619e-06],
[[600.0,1.0,1.0],7.968702e-06],
[[600.0,10.0,10.0],8.421734e-06],
[[600.0,50.0,50.0],8.114798e-06],
[[600.0,75.0,75.0],6.568791e-06],
[[600.0,100.0,100.0],7.160519e-06],
[[600.0,150.0,150.0],7.935423e-06],
[[600.0,200.0,200.0],8.348866e-06],
[[600.0,250.0,250.0],8.430421e-06],
[[600.0,295.0,295.0],8.398781e-06],
[[650.0,1.0,1.0],9.22646e-06],
[[650.0,10.0,10.0],1.099452e-05],
[[650.0,75.0,75.0],1.105755e-05],
[[650.0,150.0,150.0],1.080188e-05],
[[650.0,200.0,200.0],1.09151e-05],
[[650.0,250.0,250.0],9.683665e-06],
[[650.0,300.0,300.0],1.126608e-05],
[[650.0,320.0,320.0],1.1461e-05],
[[700.0,0,0],1.246397e-05],
[[700.0,1.0,1.0],1.230718e-05],
[[700.0,10.0,10.0],1.261195e-05],
[[700.0,50.0,50.0],1.195549e-05],
[[700.0,75.0,75.0],1.159801e-05],
[[700.0,100.0,100.0],6.635476e-06],
[[700.0,150.0,150.0],1.284413e-05],
[[700.0,200.0,200.0],1.20305e-05],
[[700.0,250.0,250.0],1.087604e-05],
[[700.0,300.0,300.0],1.092913e-05],
[[750.0,1.0,1.0],1.513015e-05],
[[750.0,10.0,10.0],1.543168e-05],
[[750.0,75.0,75.0],1.400869e-05],
[[750.0,150.0,150.0],1.517651e-05],
[[750.0,200.0,200.0],1.562713e-05],
[[750.0,250.0,250.0],1.577647e-05],
[[750.0,300.0,300.0],1.870895e-05],
[[750.0,350.0,350.0],1.754832e-05],
[[750.0,370.0,370.0],1.58596e-05],
[[800.0,0,0],1.714826e-05],
[[800.0,1.0,1.0],2.009313e-05],
[[800.0,10.0,10.0],1.779945e-05],
[[800.0,50.0,50.0],1.694476e-05],
[[800.0,75.0,75.0],2.06374e-05],
[[800.0,100.0,100.0],1.834005e-05],
[[800.0,150.0,150.0],1.930387e-05],
[[800.0,200.0,200.0],1.91961e-05],
[[800.0,250.0,250.0],1.925341e-05],
[[800.0,300.0,300.0],1.924594e-05],
[[800.0,350.0,350.0],1.830275e-05],
[[850.0,1.0,1.0],2.321686e-05],
[[850.0,10.0,10.0],2.328969e-05],
[[850.0,75.0,75.0],2.07196e-05],
[[850.0,150.0,150.0],2.265125e-05],
[[850.0,200.0,200.0],2.328044e-05],
[[850.0,250.0,250.0],2.371406e-05],
[[850.0,300.0,300.0],2.2199e-05],
[[850.0,350.0,350.0],2.160397e-05],
[[850.0,400.0,400.0],2.339668e-05],
[[850.0,420.0,420.0],2.532556e-05],
[[900.0,0,0],2.532743e-05],
[[900.0,1.0,1.0],3.17422e-05],
[[900.0,10.0,10.0],2.341606e-05],
[[900.0,50.0,50.0],2.465959e-05],
[[900.0,75.0,75.0],2.501166e-05],
[[900.0,100.0,100.0],2.351844e-05],
[[900.0,150.0,150.0],2.189448e-05],
[[900.0,200.0,200.0],2.623502e-05],
[[900.0,250.0,250.0],2.824912e-05],
[[900.0,300.0,300.0],2.584061e-05],
[[900.0,350.0,350.0],2.790214e-05],
[[900.0,400.0,400.0],3.005271e-05],
[[950.0,1.0,1.0],2.606595e-05],
[[950.0,10.0,10.0],2.970903e-05],
[[950.0,75.0,75.0],2.995189e-05],
[[950.0,150.0,150.0],2.979662e-05],
[[950.0,200.0,200.0],3.159124e-05],
[[950.0,250.0,250.0],2.761024e-05],
[[950.0,300.0,300.0],3.198733e-05],
[[950.0,350.0,350.0],3.206115e-05],
[[950.0,400.0,400.0],3.155621e-05],
[[950.0,450.0,450.0],3.084439e-05],
[[950.0,470.0,470.0],3.365921e-05],
[[1000.0,0,0],3.45494e-05],
[[1000.0,50.0,50.0],3.480161e-05],
[[1000.0,100.0,100.0],3.423386e-05],
[[1000.0,150.0,150.0],3.171164e-05],
[[1000.0,200.0,200.0],3.417662e-05],
[[1000.0,250.0,250.0],3.51065e-05],
[[1000.0,300.0,300.0],3.618133e-05],
[[1000.0,350.0,350.0],3.855885e-05],
[[1000.0,400.0,400.0],3.506623e-05],
[[1000.0,450.0,450.0],3.345588e-05],
[[1050.0,520.0,520.0],4.36699e-05],
[[1100.0,0,0],3.92286e-05],
[[1100.0,100.0,100.0],4.427544e-05],
[[1100.0,200.0,200.0],4.379101e-05],
[[1100.0,300.0,300.0],4.266643e-05],
[[1100.0,400.0,400.0],4.750321e-05],
[[1100.0,500.0,500.0],4.54894e-05],
[[1150.0,570.0,570.0],6.027471e-05],
[[1200.0,0,0],4.844258e-05],
[[1200.0,100.0,100.0],4.982069e-05],
[[1200.0,200.0,200.0],5.267303e-05],
[[1200.0,300.0,300.0],5.224753e-05],
[[1200.0,400.0,400.0],5.659531e-05],
[[1200.0,500.0,500.0],6.082095e-05],
[[1250.0,620.0,620.0],6.47131e-05],
[[1300.0,0,0],6.339936e-05],
[[1300.0,100.0,100.0],7.010912e-05],
[[1300.0,200.0,200.0],6.167668e-05],
[[1300.0,300.0,300.0],6.997308e-05],
[[1300.0,400.0,400.0],6.669265e-05],
[[1300.0,500.0,500.0],6.803364e-05],
[[1300.0,600.0,600.0],7.138688e-05],
[[1350.0,670.0,670.0],8.647264e-05],
[[1400.0,0,0],7.473341e-05],
[[1400.0,100.0,100.0],6.916981e-05],
[[1400.0,200.0,200.0],7.668659e-05],
[[1400.0,300.0,300.0],7.342105e-05],
[[1400.0,400.0,400.0],7.72723e-05],
[[1400.0,500.0,500.0],7.877456e-05],
[[1400.0,600.0,600.0],8.44639e-05],
[[1450.0,720.0,720.0],9.326365e-05],
[[1500.0,0,0],8.466339e-05],
[[1500.0,100.0,100.0],8.062432e-05],
[[1500.0,200.0,200.0],8.264153e-05],
[[1500.0,300.0,300.0],8.26505e-05],
[[1500.0,400.0,400.0],8.801433e-05],
[[1500.0,500.0,500.0],8.922433e-05],
[[1500.0,600.0,600.0],8.843115e-05],
[[1500.0,700.0,700.0],9.160349e-05],
[[1550.0,770.0,770.0],0.0001035025],
[[1600.0,0,0],0.0001002865],
[[1600.0,100.0,100.0],0.0001094643],
[[1600.0,200.0,200.0],9.736347e-05],
[[1600.0,300.0,300.0],9.867796e-05],
[[1600.0,400.0,400.0],9.206662e-05],
[[1600.0,500.0,500.0],0.000103958],
[[1600.0,600.0,600.0],9.701248e-05],
[[1600.0,700.0,700.0],0.0001054796],
[[1650.0,820.0,820.0],0.0001213471],
[[1700.0,0,0],0.0001124315],
[[1700.0,100.0,100.0],0.0001087616],
[[1700.0,200.0,200.0],0.0001092516],
[[1700.0,300.0,300.0],0.0001119387],
[[1700.0,400.0,400.0],0.0001147109],
[[1700.0,500.0,500.0],0.0001066897],
[[1700.0,600.0,600.0],0.000121896],
[[1700.0,700.0,700.0],0.0001127555],
[[1700.0,800.0,800.0],0.0001326284],
[[1750.0,870.0,870.0],0.0001284015],
[[1800.0,0,0],0.0001358278],
[[1800.0,100.0,100.0],0.0001224865],
[[1800.0,200.0,200.0],0.0001212026],
[[1800.0,300.0,300.0],0.000125325],
[[1800.0,400.0,400.0],0.0001258026],
[[1800.0,500.0,500.0],0.0001218853],
[[1800.0,600.0,600.0],0.0001297542],
[[1800.0,700.0,700.0],0.0001305],
[[1800.0,800.0,800.0],0.0001484185],
[[1850.0,920.0,920.0],0.0001467807],
[[1900.0,0,0],0.0001277565],
[[1900.0,100.0,100.0],0.0001338134],
[[1900.0,200.0,200.0],0.0001501195],
[[1900.0,300.0,300.0],0.0001389207],
[[1900.0,400.0,400.0],0.0001312686],
[[1900.0,500.0,500.0],0.0001496995],
[[1900.0,600.0,600.0],0.0001333262],
[[1900.0,700.0,700.0],0.000138357],
[[1900.0,800.0,800.0],0.0001458007],
[[1900.0,900.0,900.0],0.0001485014],
[[1950.0,970.0,970.0],0.0001562845],
[[2000.0,0,0],0.000128129],
[[2000.0,100.0,100.0],0.0001396212],
[[2000.0,200.0,200.0],0.000161521],
[[2000.0,300.0,300.0],0.0001430772],
[[2000.0,400.0,400.0],0.0001548502],
[[2000.0,500.0,500.0],0.0001493327],
[[2000.0,600.0,600.0],0.0001537122],
[[2000.0,700.0,700.0],0.0001517759],
[[2000.0,800.0,800.0],0.0001536683],
[[2000.0,900.0,900.0],0.0001700606],
[[2050.0,1020.0,1020.0],0.0001748856],
[[2100.0,0,0],0.0001420994],
[[2100.0,100.0,100.0],0.0001445389],
[[2100.0,200.0,200.0],0.0001556222],
[[2100.0,300.0,300.0],0.0001565946],
[[2100.0,400.0,400.0],0.0001604396],
[[2100.0,500.0,500.0],0.0001525198],
[[2100.0,600.0,600.0],0.0001575198],
[[2100.0,700.0,700.0],0.0001661357],
[[2100.0,800.0,800.0],0.00016913],
[[2100.0,900.0,900.0],0.000182751],
[[2100.0,1000.0,1000.0],0.000178619],
[[2150.0,1070.0,1070.0],0.0001808941],
[[2200.0,0,0],0.0001615746],
[[2200.0,100.0,100.0],0.0001665216],
[[2200.0,200.0,200.0],0.0001672314],
[[2200.0,300.0,300.0],0.0001791018],
[[2200.0,400.0,400.0],0.0001678145],
[[2200.0,500.0,500.0],0.0001762431],
[[2200.0,600.0,600.0],0.0001733621],
[[2200.0,700.0,700.0],0.0001843775],
[[2200.0,800.0,800.0],0.000195463],
[[2200.0,900.0,900.0],0.0001903754],
[[2200.0,1000.0,1000.0],0.0001829286],
[[2250.0,1120.0,1120.0],0.0001995174],
[[2300.0,0,0],0.00016333],
[[2300.0,100.0,100.0],0.0001699943],
[[2300.0,200.0,200.0],0.0001666949],
[[2300.0,300.0,300.0],0.0001754329],
[[2300.0,400.0,400.0],0.0001796879],
[[2300.0,500.0,500.0],0.0001880798],
[[2300.0,600.0,600.0],0.0001908021],
[[2300.0,700.0,700.0],0.0001985471],
[[2300.0,800.0,800.0],0.0001938736],
[[2300.0,900.0,900.0],0.0001966776],
[[2300.0,1000.0,1000.0],0.0001988998],
[[2300.0,1100.0,1100.0],0.0001917276],
[[2350.0,1170.0,1170.0],0.0002097764],
[[2400.0,0,0],0.0001583636],
[[2400.0,100.0,100.0],0.0001718841],
[[2400.0,200.0,200.0],0.0001840034],
[[2400.0,300.0,300.0],0.0001980813],
[[2400.0,400.0,400.0],0.0001908664],
[[2400.0,500.0,500.0],0.0002145855],
[[2400.0,600.0,600.0],0.0001987661],
[[2400.0,700.0,700.0],0.0002031809],
[[2400.0,800.0,800.0],0.0002051279],
[[2400.0,900.0,900.0],0.0002038],
[[2400.0,1000.0,1000.0],0.0001969738],
[[2400.0,1100.0,1100.0],0.0002123062],
[[2450.0,1220.0,1220.0],0.0002327584],
[[2500.0,0,0],0.0001703321],
[[2500.0,100.0,100.0],0.0001935471],
[[2500.0,200.0,200.0],0.0001924561],
[[2500.0,300.0,300.0],0.0002069762],
[[2500.0,400.0,400.0],0.0001949822],
[[2500.0,500.0,500.0],0.0002145373],
[[2500.0,600.0,600.0],0.000210716],
[[2500.0,700.0,700.0],0.0002182438],
[[2500.0,800.0,800.0],0.0002004864],
[[2500.0,900.0,900.0],0.0002232169],
[[2500.0,1000.0,1000.0],0.000224847],
[[2500.0,1100.0,1100.0],0.0002189876],
[[2500.0,1200.0,1200.0],0.0002179366],
[[2550.0,1270.0,1270.0],0.0002319611],
[[2600.0,0,0],0.0001999536],
[[2600.0,100.0,100.0],0.0001956308],
[[2600.0,200.0,200.0],0.0001914089],
[[2600.0,300.0,300.0],0.0002053838],
[[2600.0,400.0,400.0],0.0002342375],
[[2600.0,500.0,500.0],0.0002277852],
[[2600.0,600.0,600.0],0.0002240337],
[[2600.0,700.0,700.0],0.0002383831],
[[2600.0,800.0,800.0],0.0002088696],
[[2600.0,900.0,900.0],0.0002379044],
[[2600.0,1000.0,1000.0],0.0002434664],
[[2600.0,1100.0,1100.0],0.0002417099],
[[2600.0,1200.0,1200.0],0.0002539536],
[[2650.0,1320.0,1320.0],0.0002518872],
[[2700.0,0,0],0.0001778115],
[[2700.0,100.0,100.0],0.0001979209],
[[2700.0,200.0,200.0],0.0002107389],
[[2700.0,300.0,300.0],0.0002180098],
[[2700.0,400.0,400.0],0.0001987533],
[[2700.0,500.0,500.0],0.0002249474],
[[2700.0,600.0,600.0],0.0002233481],
[[2700.0,700.0,700.0],0.0002298101],
[[2700.0,800.0,800.0],0.0002200142],
[[2700.0,900.0,900.0],0.0002378859],
[[2700.0,1000.0,1000.0],0.0002632811],
[[2700.0,1100.0,1100.0],0.0002368488],
[[2700.0,1200.0,1200.0],0.0002344359],
[[2700.0,1300.0,1300.0],0.0002558161],
[[2750.0,1370.0,1370.0],0.0002542652],
[[2800.0,0,0],0.0001772554],
[[2800.0,100.0,100.0],0.0002018204],
[[2800.0,200.0,200.0],0.0002197845],
[[2800.0,300.0,300.0],0.0002115508],
[[2800.0,400.0,400.0],0.0002102011],
[[2800.0,500.0,500.0],0.0002487107],
[[2800.0,600.0,600.0],0.0002227166],
[[2800.0,700.0,700.0],0.0002241432],
[[2800.0,800.0,800.0],0.0002640392],
[[2800.0,900.0,900.0],0.0002424955],
[[2800.0,1000.0,1000.0],0.0002479746],
[[2800.0,1100.0,1100.0],0.0002613939],
[[2800.0,1200.0,1200.0],0.0002468632],
[[2800.0,1300.0,1300.0],0.0002561821],
[[2850.0,1420.0,1420.0],0.0002430013],
[[2900.0,0,0],0.0001976097],
[[2900.0,100.0,100.0],0.0002024324],
[[2900.0,200.0,200.0],0.0002134131],
[[2900.0,300.0,300.0],0.0002302235],
[[2900.0,400.0,400.0],0.0002369699],
[[2900.0,500.0,500.0],0.0003876142],
[[2900.0,600.0,600.0],0.0002314547],
[[2900.0,700.0,700.0],0.0002526072],
[[2900.0,800.0,800.0],0.0002306773],
[[2900.0,900.0,900.0],0.0001202046],
[[2900.0,1000.0,1000.0],0.0002632957],
[[2900.0,1100.0,1100.0],0.0002443984],
[[2900.0,1200.0,1200.0],0.000255181],
[[2900.0,1300.0,1300.0],0.0002528419],
[[2900.0,1400.0,1400.0],0.0002595845],
[[2950.0,1470.0,1470.0],0.0002521322],
[[3000.0,0,0],0.0002001421],
[[3000.0,100.0,100.0],0.0002065441],
[[3000.0,200.0,200.0],0.0002246355],
[[3000.0,300.0,300.0],0.0002351072],
[[3000.0,400.0,400.0],0.0002320634],
[[3000.0,500.0,500.0],0.0002371181],
[[3000.0,600.0,600.0],0.0002421055],
[[3000.0,700.0,700.0],0.0002341142],
[[3000.0,800.0,800.0],0.0002733813],
[[3000.0,900.0,900.0],0.0002737703],
[[3000.0,1000.0,1000.0],0.0002512774],
[[3000.0,1100.0,1100.0],0.0002599613],
[[3000.0,1200.0,1200.0],0.0002741339],
[[3000.0,1300.0,1300.0],0.0002687104],
[[3000.0,1400.0,1400.0],0.0002500396]]
