txName: TRS1
constraint: {(PV > H0(1)), (H0(1) > MET(2),MET(3))}
condition: None
conditionDescription: None
figureUrl: https://cms-results.web.cern.ch/cms-results/public-results/publications/EXO-20-004/CMS-EXO-20-004_Figure_009-a.png
source: CMS
validated: True
axesMap: [{0: 'x', 1: '1.0', 2: '1.0'}, {0: 'x', 1: 'y', 2: 'y'}]
dataMap: {0: (1, 'mass', GeV), 1: (2, 'mass', GeV), 2: (3, 'mass', GeV)}
finalState: ['MET', 'MET']
intermediateState: None
efficiencyMap: [[[100.0,1.0,1.0],1.449221e-05],
[[100.0,10.0,10.0],1.689634e-05],
[[150.0,1.0,1.0],3.231443e-05],
[[150.0,50.0,50.0],3.029691e-05],
[[200.0,1.0,1.0],5.57557e-05],
[[200.0,50.0,50.0],5.975881e-05],
[[200.0,100.0,100.0],9.943062e-05],
[[250.0,1.0,1.0],6.592692e-05],
[[250.0,10.0,10.0],6.782858e-05],
[[250.0,50.0,50.0],7.379997e-05],
[[250.0,100.0,100.0],6.888204e-05],
[[300.0,1.0,1.0],8.838751e-05],
[[300.0,50.0,50.0],9.673107e-05],
[[300.0,100.0,100.0],9.3103e-05],
[[350.0,1.0,1.0],0.000103823],
[[350.0,50.0,50.0],9.687079e-05],
[[350.0,100.0,100.0],0.0001050742],
[[350.0,150.0,150.0],0.000120744],
[[400.0,1.0,1.0],0.0001246737],
[[400.0,50.0,50.0],0.0001212392],
[[400.0,100.0,100.0],0.0001308481],
[[400.0,150.0,150.0],0.0001276116],
[[450.0,1.0,1.0],0.0001557638],
[[450.0,50.0,50.0],0.0001625754],
[[450.0,100.0,100.0],0.0001598036],
[[450.0,150.0,150.0],0.00017714],
[[450.0,200.0,200.0],0.0001692796],
[[500.0,1.0,1.0],0.0002220709],
[[500.0,10.0,10.0],0.000197551],
[[500.0,50.0,50.0],0.0002020049],
[[500.0,100.0,100.0],0.0002260221],
[[500.0,150.0,150.0],0.0002234796],
[[500.0,200.0,200.0],0.0002608753],
[[550.0,1.0,1.0],0.000267097],
[[550.0,50.0,50.0],0.0003052066],
[[550.0,100.0,100.0],0.0002858991],
[[550.0,150.0,150.0],0.0002822752],
[[550.0,200.0,200.0],0.0002640767],
[[550.0,250.0,250.0],0.0003106409],
[[600.0,1.0,1.0],0.0003548296],
[[600.0,50.0,50.0],0.0003159106],
[[600.0,100.0,100.0],0.0003431605],
[[600.0,150.0,150.0],0.0003997389],
[[600.0,200.0,200.0],0.0003811072],
[[600.0,250.0,250.0],0.000355974],
[[650.0,1.0,1.0],0.0003805487],
[[650.0,50.0,50.0],0.0004107556],
[[650.0,100.0,100.0],0.0004033121],
[[650.0,150.0,150.0],0.0004189459],
[[650.0,200.0,200.0],0.000414996],
[[650.0,250.0,250.0],0.0004469854],
[[650.0,300.0,300.0],0.0005150079],
[[700.0,1.0,1.0],0.0005382179],
[[700.0,50.0,50.0],0.0004439826],
[[700.0,100.0,100.0],0.0004945265],
[[700.0,150.0,150.0],0.0004624796],
[[700.0,200.0,200.0],0.0004799556],
[[700.0,250.0,250.0],0.0005090667],
[[700.0,300.0,300.0],0.0006280051],
[[750.0,1.0,1.0],0.000628321],
[[750.0,10.0,10.0],0.0005604155],
[[750.0,50.0,50.0],0.0004868756],
[[750.0,100.0,100.0],0.000553841],
[[750.0,150.0,150.0],0.0006213009],
[[750.0,200.0,200.0],0.0005558314],
[[750.0,250.0,250.0],0.0006798868],
[[750.0,300.0,300.0],0.0006400504],
[[750.0,350.0,350.0],0.0006632534],
[[800.0,1.0,1.0],0.0007313245],
[[800.0,150.0,150.0],0.001151772],
[[800.0,200.0,200.0],0.0006068137],
[[800.0,250.0,250.0],0.0006522647],
[[800.0,300.0,300.0],0.0009612853],
[[800.0,350.0,350.0],0.0006890131],
[[850.0,1.0,1.0],0.0006131231],
[[850.0,150.0,150.0],0.0006511264],
[[850.0,200.0,200.0],0.0007424524],
[[850.0,250.0,250.0],0.001179307],
[[850.0,300.0,300.0],0.000826392],
[[850.0,350.0,350.0],0.0007559388],
[[850.0,400.0,400.0],0.0009638447],
[[900.0,1.0,1.0],0.0007439771],
[[900.0,150.0,150.0],0.0008260798],
[[900.0,200.0,200.0],0.0007594649],
[[900.0,250.0,250.0],0.000923678],
[[900.0,300.0,300.0],0.001630355],
[[900.0,350.0,350.0],0.000820579],
[[900.0,400.0,400.0],0.0009377035],
[[950.0,1.0,1.0],0.0008453532],
[[950.0,150.0,150.0],0.0009382514],
[[950.0,200.0,200.0],0.000805776],
[[950.0,250.0,250.0],0.0009421946],
[[950.0,300.0,300.0],0.001004732],
[[950.0,350.0,350.0],0.001196251],
[[950.0,400.0,400.0],0.0009129265],
[[950.0,450.0,450.0],0.0008470663],
[[1000.0,1.0,1.0],0.0008507354],
[[1000.0,10.0,10.0],0.0008285939],
[[1000.0,50.0,50.0],0.0007725181],
[[1000.0,100.0,100.0],0.0009828866],
[[1000.0,150.0,150.0],0.00136078],
[[1000.0,200.0,200.0],0.001188326],
[[1000.0,250.0,250.0],0.0009393259],
[[1000.0,300.0,300.0],0.0009521173],
[[1000.0,350.0,350.0],0.001183666],
[[1000.0,400.0,400.0],0.001018474],
[[1000.0,450.0,450.0],0.00121046],
[[1050.0,1.0,1.0],0.0009179309],
[[1050.0,150.0,150.0],0.001074297],
[[1050.0,200.0,200.0],0.001023614],
[[1050.0,250.0,250.0],0.001083518],
[[1050.0,300.0,300.0],0.001062685],
[[1050.0,350.0,350.0],0.00113277],
[[1050.0,400.0,400.0],0.001123094],
[[1050.0,450.0,450.0],0.0009923433],
[[1050.0,500.0,500.0],0.001114368],
[[1100.0,1.0,1.0],0.0009257827],
[[1100.0,150.0,150.0],0.001577317],
[[1100.0,200.0,200.0],0.001183749],
[[1100.0,250.0,250.0],0.001275129],
[[1100.0,300.0,300.0],0.00110171],
[[1100.0,350.0,350.0],0.001105739],
[[1100.0,400.0,400.0],0.001131048],
[[1100.0,450.0,450.0],0.001209844],
[[1100.0,500.0,500.0],0.001356677],
[[1150.0,1.0,1.0],0.001078859],
[[1150.0,150.0,150.0],0.001034092],
[[1150.0,200.0,200.0],0.001493628],
[[1150.0,250.0,250.0],0.001209513],
[[1150.0,300.0,300.0],0.001161285],
[[1150.0,350.0,350.0],0.001504502],
[[1150.0,400.0,400.0],0.001495623],
[[1150.0,450.0,450.0],0.001520855],
[[1150.0,500.0,500.0],0.001474614],
[[1150.0,550.0,550.0],0.001397948],
[[1200.0,1.0,1.0],0.001005059],
[[1200.0,150.0,150.0],0.001217968],
[[1200.0,200.0,200.0],0.001548408],
[[1200.0,250.0,250.0],0.001260405],
[[1200.0,300.0,300.0],0.001385394],
[[1200.0,350.0,350.0],0.001251525],
[[1200.0,400.0,400.0],0.002495827],
[[1200.0,450.0,450.0],0.001231695],
[[1200.0,500.0,500.0],0.001413425],
[[1200.0,550.0,550.0],0.001207235],
[[1250.0,1.0,1.0],0.001027195],
[[1250.0,10.0,10.0],0.001187653],
[[1250.0,50.0,50.0],0.0010436],
[[1250.0,100.0,100.0],0.001036672],
[[1250.0,150.0,150.0],0.001224704],
[[1250.0,200.0,200.0],0.001756618],
[[1250.0,250.0,250.0],0.001278905],
[[1250.0,300.0,300.0],0.001390073],
[[1250.0,350.0,350.0],0.001357647],
[[1250.0,400.0,400.0],0.001423505],
[[1250.0,450.0,450.0],0.001358182],
[[1250.0,500.0,500.0],0.001683048],
[[1250.0,550.0,550.0],0.001890075],
[[1250.0,600.0,600.0],0.001758591],
[[1300.0,1.0,1.0],0.001124],
[[1300.0,150.0,150.0],0.001165766],
[[1300.0,200.0,200.0],0.001417465],
[[1300.0,250.0,250.0],0.001389735],
[[1300.0,300.0,300.0],0.001494375],
[[1300.0,350.0,350.0],0.00147646],
[[1300.0,400.0,400.0],0.001420164],
[[1300.0,450.0,450.0],0.001841976],
[[1300.0,500.0,500.0],0.001304888],
[[1300.0,550.0,550.0],0.001479478],
[[1300.0,600.0,600.0],0.001776281],
[[1350.0,1.0,1.0],0.001058138],
[[1350.0,150.0,150.0],0.001137069],
[[1350.0,200.0,200.0],0.001277469],
[[1350.0,250.0,250.0],0.001439243],
[[1350.0,300.0,300.0],0.001554712],
[[1350.0,350.0,350.0],0.001285328],
[[1350.0,400.0,400.0],0.001923212],
[[1350.0,450.0,450.0],0.001727415],
[[1350.0,500.0,500.0],0.001502832],
[[1350.0,550.0,550.0],0.00165368],
[[1350.0,600.0,600.0],0.001505158],
[[1350.0,650.0,650.0],0.001644764],
[[1400.0,1.0,1.0],0.001220196],
[[1400.0,150.0,150.0],0.001786692],
[[1400.0,200.0,200.0],0.001522697],
[[1400.0,250.0,250.0],0.001322741],
[[1400.0,300.0,300.0],0.00132719],
[[1400.0,350.0,350.0],0.001609068],
[[1400.0,400.0,400.0],0.001375823],
[[1400.0,450.0,450.0],0.001665351],
[[1400.0,500.0,500.0],0.002010599],
[[1400.0,550.0,550.0],0.002034641],
[[1400.0,600.0,600.0],0.001890061],
[[1400.0,650.0,650.0],0.001759424],
[[1450.0,1.0,1.0],0.001235649],
[[1450.0,150.0,150.0],0.001154207],
[[1450.0,200.0,200.0],0.001416577],
[[1450.0,250.0,250.0],0.001504449],
[[1450.0,300.0,300.0],0.001950681],
[[1450.0,350.0,350.0],0.00177316],
[[1450.0,400.0,400.0],0.001715412],
[[1450.0,450.0,450.0],0.001677957],
[[1450.0,500.0,500.0],0.001916442],
[[1450.0,550.0,550.0],0.001660034],
[[1450.0,600.0,600.0],0.001611378],
[[1450.0,650.0,650.0],0.001748203],
[[1450.0,700.0,700.0],0.001655073],
[[1500.0,1.0,1.0],0.00151709],
[[1500.0,10.0,10.0],0.001297592],
[[1500.0,50.0,50.0],0.001149482],
[[1500.0,100.0,100.0],0.001194542],
[[1500.0,150.0,150.0],0.00133425],
[[1500.0,200.0,200.0],0.001398486],
[[1500.0,250.0,250.0],0.001542316],
[[1500.0,300.0,300.0],0.001645873],
[[1500.0,350.0,350.0],0.001594675],
[[1500.0,400.0,400.0],0.001734724],
[[1500.0,450.0,450.0],0.001673829],
[[1500.0,500.0,500.0],0.001502214],
[[1500.0,550.0,550.0],0.001821662],
[[1500.0,600.0,600.0],0.001826033],
[[1500.0,650.0,650.0],0.002112708],
[[1500.0,700.0,700.0],0.001857083],
[[1500.0,750.0,750.0],0.002329512],
[[1550.0,1.0,1.0],0.001151861],
[[1550.0,150.0,150.0],0.001928128],
[[1550.0,200.0,200.0],0.001328334],
[[1550.0,250.0,250.0],0.001758354],
[[1550.0,300.0,300.0],0.001961377],
[[1550.0,350.0,350.0],0.001559377],
[[1550.0,400.0,400.0],0.001919668],
[[1550.0,450.0,450.0],0.001855499],
[[1550.0,500.0,500.0],0.001627803],
[[1550.0,550.0,550.0],0.001557052],
[[1550.0,600.0,600.0],0.001532341],
[[1550.0,650.0,650.0],0.001860275],
[[1550.0,700.0,700.0],0.002151389],
[[1550.0,750.0,750.0],0.002043383],
[[1600.0,1.0,1.0],0.001279363],
[[1600.0,150.0,150.0],0.001719425],
[[1600.0,200.0,200.0],0.001619869],
[[1600.0,250.0,250.0],0.001956527],
[[1600.0,300.0,300.0],0.001853485],
[[1600.0,350.0,350.0],0.00187546],
[[1600.0,400.0,400.0],0.001773868],
[[1600.0,450.0,450.0],0.001997074],
[[1600.0,500.0,500.0],0.001991485],
[[1600.0,550.0,550.0],0.00201793],
[[1600.0,600.0,600.0],0.001858778],
[[1600.0,650.0,650.0],0.001704627],
[[1600.0,700.0,700.0],0.002248769],
[[1600.0,750.0,750.0],0.002114095],
[[1650.0,1.0,1.0],0.001213898],
[[1650.0,150.0,150.0],0.001603413],
[[1650.0,200.0,200.0],0.001759267],
[[1650.0,250.0,250.0],0.001441447],
[[1650.0,300.0,300.0],0.001681962],
[[1650.0,350.0,350.0],0.001598612],
[[1650.0,400.0,400.0],0.001769721],
[[1650.0,450.0,450.0],0.001879981],
[[1650.0,500.0,500.0],0.001746923],
[[1650.0,550.0,550.0],0.001898059],
[[1650.0,600.0,600.0],0.001977626],
[[1650.0,650.0,650.0],0.002192186],
[[1650.0,700.0,700.0],0.001955451],
[[1650.0,750.0,750.0],0.002201392],
[[1650.0,800.0,800.0],0.001982979],
[[1700.0,1.0,1.0],0.001362773],
[[1700.0,150.0,150.0],0.001318446],
[[1700.0,200.0,200.0],0.001547851],
[[1700.0,250.0,250.0],0.00163606],
[[1700.0,300.0,300.0],0.001547225],
[[1700.0,350.0,350.0],0.002201009],
[[1700.0,400.0,400.0],0.001950023],
[[1700.0,450.0,450.0],0.00208245],
[[1700.0,500.0,500.0],0.001803926],
[[1700.0,550.0,550.0],0.00216266],
[[1700.0,600.0,600.0],0.001933516],
[[1700.0,650.0,650.0],0.001774809],
[[1700.0,700.0,700.0],0.002251436],
[[1700.0,750.0,750.0],0.002365613],
[[1700.0,800.0,800.0],0.001970519],
[[1750.0,1.0,1.0],0.001111744],
[[1750.0,10.0,10.0],0.001278175],
[[1750.0,50.0,50.0],0.001226621],
[[1750.0,100.0,100.0],0.001263299],
[[1750.0,150.0,150.0],0.001314534],
[[1750.0,200.0,200.0],0.001726725],
[[1750.0,250.0,250.0],0.001686897],
[[1750.0,300.0,300.0],0.001869165],
[[1750.0,350.0,350.0],0.002275586],
[[1750.0,400.0,400.0],0.001903052],
[[1750.0,450.0,450.0],0.002036212],
[[1750.0,500.0,500.0],0.00177695],
[[1750.0,550.0,550.0],0.002332345],
[[1750.0,600.0,600.0],0.002107428],
[[1750.0,650.0,650.0],0.002326365],
[[1750.0,700.0,700.0],0.002005468],
[[1750.0,750.0,750.0],0.002291077],
[[1750.0,800.0,800.0],0.001809316],
[[1750.0,850.0,850.0],0.002192374],
[[1800.0,1.0,1.0],0.001207223],
[[1800.0,150.0,150.0],0.001480104],
[[1800.0,200.0,200.0],0.001486973],
[[1800.0,250.0,250.0],0.001693197],
[[1800.0,300.0,300.0],0.001680783],
[[1800.0,350.0,350.0],0.00227872],
[[1800.0,400.0,400.0],0.001804861],
[[1800.0,450.0,450.0],0.002026947],
[[1800.0,500.0,500.0],0.001825223],
[[1800.0,550.0,550.0],0.002403943],
[[1800.0,600.0,600.0],0.002159706],
[[1800.0,650.0,650.0],0.002203029],
[[1800.0,700.0,700.0],0.00254501],
[[1800.0,750.0,750.0],0.001977069],
[[1800.0,800.0,800.0],0.001882469],
[[1800.0,850.0,850.0],0.002455066],
[[1850.0,1.0,1.0],0.001238173],
[[1850.0,150.0,150.0],0.001511188],
[[1850.0,200.0,200.0],0.001745501],
[[1850.0,250.0,250.0],0.00191466],
[[1850.0,300.0,300.0],0.002152766],
[[1850.0,350.0,350.0],0.001925505],
[[1850.0,400.0,400.0],0.002178724],
[[1850.0,450.0,450.0],0.00205315],
[[1850.0,500.0,500.0],0.002093177],
[[1850.0,550.0,550.0],0.002010502],
[[1850.0,600.0,600.0],0.001847414],
[[1850.0,650.0,650.0],0.001883879],
[[1850.0,700.0,700.0],0.002029986],
[[1850.0,750.0,750.0],0.002363354],
[[1850.0,800.0,800.0],0.002142183],
[[1850.0,850.0,850.0],0.002118592],
[[1850.0,900.0,900.0],0.002325832],
[[1900.0,1.0,1.0],0.00122364],
[[1900.0,150.0,150.0],0.001582266],
[[1900.0,200.0,200.0],0.001716129],
[[1900.0,250.0,250.0],0.001956421],
[[1900.0,300.0,300.0],0.001725515],
[[1900.0,350.0,350.0],0.002143544],
[[1900.0,400.0,400.0],0.002052181],
[[1900.0,450.0,450.0],0.001982576],
[[1900.0,500.0,500.0],0.002410974],
[[1900.0,550.0,550.0],0.001930656],
[[1900.0,600.0,600.0],0.002342281],
[[1900.0,650.0,650.0],0.00275478],
[[1900.0,700.0,700.0],0.00245064],
[[1900.0,750.0,750.0],0.002099666],
[[1900.0,800.0,800.0],0.002307996],
[[1900.0,850.0,850.0],0.002385171],
[[1900.0,900.0,900.0],0.002281441],
[[1950.0,1.0,1.0],0.00108647],
[[1950.0,150.0,150.0],0.001288853],
[[1950.0,200.0,200.0],0.001428386],
[[1950.0,250.0,250.0],0.001872895],
[[1950.0,300.0,300.0],0.00176173],
[[1950.0,350.0,350.0],0.002102282],
[[1950.0,400.0,400.0],0.001966575],
[[1950.0,450.0,450.0],0.002085577],
[[1950.0,500.0,500.0],0.002106148],
[[1950.0,550.0,550.0],0.002194293],
[[1950.0,600.0,600.0],0.002166711],
[[1950.0,650.0,650.0],0.002635496],
[[1950.0,700.0,700.0],0.002125325],
[[1950.0,750.0,750.0],0.002191271],
[[1950.0,800.0,800.0],0.002118621],
[[1950.0,850.0,850.0],0.002101655],
[[1950.0,900.0,900.0],0.002297035],
[[1950.0,950.0,950.0],0.002038801],
[[2000.0,1.0,1.0],0.001201948],
[[2000.0,10.0,10.0],0.001105353],
[[2000.0,50.0,50.0],0.001097609],
[[2000.0,100.0,100.0],0.001237838],
[[2000.0,150.0,150.0],0.001415983],
[[2000.0,200.0,200.0],0.001748575],
[[2000.0,250.0,250.0],0.001932229],
[[2000.0,300.0,300.0],0.002005752],
[[2000.0,350.0,350.0],0.002005065],
[[2000.0,400.0,400.0],0.002303206],
[[2000.0,450.0,450.0],0.002207058],
[[2000.0,500.0,500.0],0.002167327],
[[2000.0,550.0,550.0],0.002045732],
[[2000.0,600.0,600.0],0.00232476],
[[2000.0,650.0,650.0],0.002148396],
[[2000.0,700.0,700.0],0.002208342],
[[2000.0,750.0,750.0],0.001974748],
[[2000.0,800.0,800.0],0.002229927],
[[2000.0,850.0,850.0],0.002351634],
[[2000.0,900.0,900.0],0.002228334],
[[2000.0,950.0,950.0],0.002253827],
[[2250.0,1.0,1.0],0.0009241388],
[[2250.0,10.0,10.0],0.001095799],
[[2250.0,50.0,50.0],0.0009174123],
[[2250.0,100.0,100.0],0.001180125],
[[2250.0,150.0,150.0],0.001321486],
[[2250.0,300.0,300.0],0.00205578],
[[2250.0,500.0,500.0],0.001839601],
[[2250.0,750.0,750.0],0.002350045],
[[2250.0,1000.0,1000.0],0.002757981],
[[2500.0,1.0,1.0],0.0009968245],
[[2500.0,10.0,10.0],0.0009844734],
[[2500.0,50.0,50.0],0.0009642125],
[[2500.0,100.0,100.0],0.001118761],
[[2500.0,150.0,150.0],0.001261591],
[[2500.0,300.0,300.0],0.001643821],
[[2500.0,500.0,500.0],0.002296331],
[[2500.0,750.0,750.0],0.002437063],
[[2500.0,1000.0,1000.0],0.002636411],
[[2500.0,1200.0,1200.0],0.002486366],
[[2750.0,1.0,1.0],0.0008651833],
[[2750.0,10.0,10.0],0.0009119662],
[[2750.0,50.0,50.0],0.0009091898],
[[2750.0,100.0,100.0],0.000952293],
[[2750.0,150.0,150.0],0.00125242],
[[2750.0,300.0,300.0],0.001940819],
[[2750.0,500.0,500.0],0.002397497],
[[2750.0,750.0,750.0],0.002376363],
[[2750.0,1000.0,1000.0],0.002559056],
[[2750.0,1200.0,1200.0],0.00284769],
[[3000.0,1.0,1.0],0.0007941046],
[[3000.0,10.0,10.0],0.0007659575],
[[3000.0,50.0,50.0],0.0008452782],
[[3000.0,100.0,100.0],0.0008269105],
[[3000.0,150.0,150.0],0.001126426],
[[3000.0,300.0,300.0],0.001588415],
[[3000.0,500.0,500.0],0.002555868],
[[3000.0,750.0,750.0],0.002830139],
[[3000.0,1000.0,1000.0],0.002824598],
[[3000.0,1200.0,1200.0],0.002795744],
[[3000.0,1400.0,1400.0],0.002570494]]
