txName: TRV1
constraint: {(PV > Zprime(1)), (Zprime(1) > MET(2),MET(3))}
condition: None
conditionDescription: None
figureUrl: https://cms-results.web.cern.ch/cms-results/public-results/publications/EXO-20-004/CMS-EXO-20-004_Figure_007-b.png
source: CMS
validated: True
axesMap: [{0: 'x', 1: 'y', 2: 'y'}]
dataMap: {0: (1, 'mass', GeV), 1: (2, 'mass', GeV), 2: (3, 'mass', GeV)}
finalState: ['MET', 'MET']
intermediateState: None
efficiencyMap: [[[50.0,1.0,1.0],3.636998e-07],
[[100.0,1.0,1.0],1.502165e-06],
[[100.0,10.0,10.0],1.507412e-06],
[[150.0,1.0,1.0],6.798406e-06],
[[150.0,75.0,75.0],5.737164e-06],
[[200.0,1.0,1.0],1.196886e-05],
[[200.0,75.0,75.0],1.504211e-05],
[[250.0,1.0,1.0],2.516304e-05],
[[250.0,10.0,10.0],2.296287e-05],
[[250.0,75.0,75.0],2.592243e-05],
[[300.0,1.0,1.0],3.841339e-05],
[[300.0,75.0,75.0],4.179925e-05],
[[350.0,1.0,1.0],5.877322e-05],
[[350.0,75.0,75.0],6.090177e-05],
[[350.0,150.0,150.0],6.018113e-05],
[[400.0,1.0,1.0],7.123449e-05],
[[400.0,75.0,75.0],7.078905e-05],
[[400.0,150.0,150.0],7.005037e-05],
[[450.0,1.0,1.0],9.641055e-05],
[[450.0,75.0,75.0],0.0001003599],
[[450.0,150.0,150.0],9.840316e-05],
[[450.0,200.0,200.0],9.011717e-05],
[[500.0,1.0,1.0],0.0001233109],
[[500.0,10.0,10.0],0.0001185221],
[[500.0,75.0,75.0],0.0001263355],
[[500.0,150.0,150.0],0.0001405319],
[[500.0,200.0,200.0],0.0001336315],
[[550.0,1.0,1.0],0.0001524814],
[[550.0,75.0,75.0],0.0001556201],
[[550.0,150.0,150.0],0.000148556],
[[550.0,200.0,200.0],0.0001377237],
[[550.0,250.0,250.0],0.0001391001],
[[600.0,1.0,1.0],0.0001730937],
[[600.0,75.0,75.0],0.0001737942],
[[600.0,150.0,150.0],0.0001806338],
[[600.0,200.0,200.0],0.0001752002],
[[600.0,250.0,250.0],0.0001971487],
[[650.0,1.0,1.0],0.0002022999],
[[650.0,75.0,75.0],0.0002077758],
[[650.0,150.0,150.0],0.0002164241],
[[650.0,200.0,200.0],0.0002072492],
[[650.0,250.0,250.0],0.0001973864],
[[650.0,300.0,300.0],0.0002134879],
[[700.0,1.0,1.0],0.000228122],
[[700.0,75.0,75.0],0.0002292315],
[[700.0,150.0,150.0],0.0002257398],
[[700.0,200.0,200.0],0.0002397274],
[[700.0,250.0,250.0],0.0002550596],
[[700.0,300.0,300.0],0.0002509086],
[[750.0,1.0,1.0],0.0002385301],
[[750.0,10.0,10.0],0.0002523923],
[[750.0,75.0,75.0],0.0002550901],
[[750.0,150.0,150.0],0.0002632076],
[[750.0,200.0,200.0],0.0002587716],
[[750.0,250.0,250.0],0.000257416],
[[750.0,300.0,300.0],0.0003234966],
[[750.0,350.0,350.0],0.0002958618],
[[800.0,1.0,1.0],0.0002649912],
[[800.0,75.0,75.0],0.0002575955],
[[800.0,150.0,150.0],0.0003058994],
[[800.0,200.0,200.0],0.0003218005],
[[800.0,250.0,250.0],0.0002956639],
[[800.0,300.0,300.0],0.000284714],
[[800.0,350.0,350.0],0.0002844438],
[[850.0,1.0,1.0],0.0003027411],
[[850.0,75.0,75.0],0.0003576191],
[[850.0,150.0,150.0],0.0003367456],
[[850.0,200.0,200.0],0.0003182754],
[[850.0,250.0,250.0],0.0002966201],
[[850.0,300.0,300.0],0.0002795525],
[[850.0,350.0,350.0],0.0003887403],
[[850.0,400.0,400.0],0.0003335278],
[[900.0,1.0,1.0],0.0003286498],
[[900.0,75.0,75.0],0.0003161028],
[[900.0,150.0,150.0],0.0003312855],
[[900.0,200.0,200.0],0.0003657712],
[[900.0,250.0,250.0],0.0003878226],
[[900.0,300.0,300.0],0.0004071184],
[[900.0,350.0,350.0],0.0003461088],
[[900.0,400.0,400.0],0.0003234484],
[[950.0,1.0,1.0],0.0003621271],
[[950.0,75.0,75.0],0.0003911277],
[[950.0,150.0,150.0],0.0003957252],
[[950.0,200.0,200.0],0.0003621908],
[[950.0,250.0,250.0],0.0003987633],
[[950.0,300.0,300.0],0.0003434566],
[[950.0,350.0,350.0],0.0003812969],
[[950.0,400.0,400.0],0.0003644188],
[[950.0,450.0,450.0],0.0003402548],
[[1000.0,1.0,1.0],0.0004059998],
[[1000.0,10.0,10.0],0.0004125437],
[[1000.0,75.0,75.0],0.0003971071],
[[1000.0,150.0,150.0],0.0003532168],
[[1000.0,200.0,200.0],0.0004282162],
[[1000.0,250.0,250.0],0.0003626394],
[[1000.0,300.0,300.0],0.0004218756],
[[1000.0,350.0,350.0],0.0004205333],
[[1000.0,400.0,400.0],0.0003320369],
[[1000.0,450.0,450.0],0.0004151432],
[[1050.0,1.0,1.0],0.0004207812],
[[1050.0,75.0,75.0],0.0004317509],
[[1050.0,150.0,150.0],0.0003907343],
[[1050.0,200.0,200.0],0.0003920357],
[[1050.0,250.0,250.0],0.0003984208],
[[1050.0,300.0,300.0],0.0004302767],
[[1050.0,350.0,350.0],0.0004245246],
[[1050.0,400.0,400.0],0.0004097728],
[[1050.0,450.0,450.0],0.0004173406],
[[1050.0,500.0,500.0],0.0003914843],
[[1100.0,1.0,1.0],0.0004259346],
[[1100.0,75.0,75.0],0.0004492665],
[[1100.0,150.0,150.0],0.0004740291],
[[1100.0,200.0,200.0],0.0004557886],
[[1100.0,250.0,250.0],0.0004261151],
[[1100.0,300.0,300.0],0.0004839788],
[[1100.0,350.0,350.0],0.0004876343],
[[1100.0,400.0,400.0],0.0004047555],
[[1100.0,450.0,450.0],0.0005240045],
[[1100.0,500.0,500.0],0.0004091627],
[[1150.0,1.0,1.0],0.0004480816],
[[1150.0,75.0,75.0],0.000439292],
[[1150.0,150.0,150.0],0.0004811444],
[[1150.0,200.0,200.0],0.0004516645],
[[1150.0,250.0,250.0],0.0004491004],
[[1150.0,300.0,300.0],0.000494278],
[[1150.0,350.0,350.0],0.0004115759],
[[1150.0,400.0,400.0],0.0004623595],
[[1150.0,450.0,450.0],0.0004785439],
[[1150.0,500.0,500.0],0.0004978678],
[[1150.0,550.0,550.0],0.0004921035],
[[1200.0,1.0,1.0],0.0004534865],
[[1200.0,75.0,75.0],0.000444105],
[[1200.0,150.0,150.0],0.0005219866],
[[1200.0,200.0,200.0],0.0004955218],
[[1200.0,250.0,250.0],0.0004800044],
[[1200.0,300.0,300.0],0.0004871753],
[[1200.0,350.0,350.0],0.0004557507],
[[1200.0,400.0,400.0],0.0004729095],
[[1200.0,450.0,450.0],0.000533511],
[[1200.0,500.0,500.0],0.0005269672],
[[1200.0,550.0,550.0],0.0004725021],
[[1250.0,1.0,1.0],0.0005028857],
[[1250.0,10.0,10.0],0.0004750014],
[[1250.0,75.0,75.0],0.000499446],
[[1250.0,150.0,150.0],0.000506175],
[[1250.0,200.0,200.0],0.0004876006],
[[1250.0,250.0,250.0],0.0005232664],
[[1250.0,300.0,300.0],0.0005019278],
[[1250.0,350.0,350.0],0.0004653383],
[[1250.0,400.0,400.0],0.0004937652],
[[1250.0,450.0,450.0],0.0004651295],
[[1250.0,500.0,500.0],0.0005315361],
[[1250.0,550.0,550.0],0.00054684],
[[1250.0,600.0,600.0],0.0005595843],
[[1300.0,1.0,1.0],0.000527614],
[[1300.0,75.0,75.0],0.0005034983],
[[1300.0,150.0,150.0],0.0005226869],
[[1300.0,200.0,200.0],0.0005224317],
[[1300.0,250.0,250.0],0.0004812769],
[[1300.0,300.0,300.0],0.0005316162],
[[1300.0,350.0,350.0],0.0004668692],
[[1300.0,400.0,400.0],0.0004882515],
[[1300.0,450.0,450.0],0.0004883105],
[[1300.0,500.0,500.0],0.0005460487],
[[1300.0,550.0,550.0],0.000540035],
[[1300.0,600.0,600.0],0.0005491887],
[[1350.0,1.0,1.0],0.0005333043],
[[1350.0,75.0,75.0],0.000510992],
[[1350.0,150.0,150.0],0.0005739586],
[[1350.0,200.0,200.0],0.0005707122],
[[1350.0,250.0,250.0],0.000625306],
[[1350.0,300.0,300.0],0.0005667614],
[[1350.0,350.0,350.0],0.0005499012],
[[1350.0,400.0,400.0],0.000515049],
[[1350.0,450.0,450.0],0.000607031],
[[1350.0,500.0,500.0],0.0005319465],
[[1350.0,550.0,550.0],0.0005497632],
[[1350.0,600.0,600.0],0.0006039812],
[[1350.0,650.0,650.0],0.0005360609],
[[1400.0,1.0,1.0],0.0005451877],
[[1400.0,75.0,75.0],0.000548874],
[[1400.0,150.0,150.0],0.0006027148],
[[1400.0,200.0,200.0],0.0005117841],
[[1400.0,250.0,250.0],0.0004827874],
[[1400.0,300.0,300.0],0.0005436352],
[[1400.0,350.0,350.0],0.0005950044],
[[1400.0,400.0,400.0],0.0005035813],
[[1400.0,450.0,450.0],0.0005903412],
[[1400.0,500.0,500.0],0.0005126371],
[[1400.0,550.0,550.0],0.0005847224],
[[1400.0,600.0,600.0],0.0005809064],
[[1400.0,650.0,650.0],0.000592241],
[[1450.0,1.0,1.0],0.0005568746],
[[1450.0,75.0,75.0],0.0005337186],
[[1450.0,150.0,150.0],0.0005773092],
[[1450.0,200.0,200.0],0.0004821185],
[[1450.0,250.0,250.0],0.0005557205],
[[1450.0,300.0,300.0],0.0005339927],
[[1450.0,350.0,350.0],0.0006433153],
[[1450.0,400.0,400.0],0.000568879],
[[1450.0,450.0,450.0],0.0005943901],
[[1450.0,500.0,500.0],0.0006362757],
[[1450.0,550.0,550.0],0.0005825045],
[[1450.0,600.0,600.0],0.0005918384],
[[1450.0,650.0,650.0],0.0006575405],
[[1450.0,700.0,700.0],0.0006043354],
[[1500.0,1.0,1.0],0.0005807995],
[[1500.0,10.0,10.0],0.000565281],
[[1500.0,75.0,75.0],0.0005842669],
[[1500.0,150.0,150.0],0.0005086824],
[[1500.0,200.0,200.0],0.0006065368],
[[1500.0,250.0,250.0],0.0006402147],
[[1500.0,300.0,300.0],0.0006194253],
[[1500.0,350.0,350.0],0.0005589335],
[[1500.0,400.0,400.0],0.0006053958],
[[1500.0,450.0,450.0],0.0005596534],
[[1500.0,500.0,500.0],0.0006072668],
[[1500.0,550.0,550.0],0.0005326371],
[[1500.0,600.0,600.0],0.0005711117],
[[1500.0,650.0,650.0],0.0005645797],
[[1500.0,700.0,700.0],0.0005624984],
[[1500.0,750.0,750.0],0.0005483242],
[[1550.0,1.0,1.0],0.000585487],
[[1550.0,75.0,75.0],0.0005686996],
[[1550.0,150.0,150.0],0.0005709735],
[[1550.0,200.0,200.0],0.0005266738],
[[1550.0,250.0,250.0],0.0006364463],
[[1550.0,300.0,300.0],0.0006068533],
[[1550.0,350.0,350.0],0.000586943],
[[1550.0,400.0,400.0],0.0006181262],
[[1550.0,450.0,450.0],0.0006835431],
[[1550.0,500.0,500.0],0.0005975767],
[[1550.0,550.0,550.0],0.0005931953],
[[1550.0,600.0,600.0],0.0006358127],
[[1550.0,650.0,650.0],0.0006269366],
[[1550.0,700.0,700.0],0.0006040489],
[[1550.0,750.0,750.0],0.000638822],
[[1600.0,1.0,1.0],0.0005246834],
[[1600.0,75.0,75.0],0.0005996056],
[[1600.0,150.0,150.0],0.0005752389],
[[1600.0,200.0,200.0],0.0006255139],
[[1600.0,250.0,250.0],0.0006103387],
[[1600.0,300.0,300.0],0.0005761122],
[[1600.0,350.0,350.0],0.0007416407],
[[1600.0,400.0,400.0],0.0005545525],
[[1600.0,450.0,450.0],0.0005959179],
[[1600.0,500.0,500.0],0.0005971827],
[[1600.0,550.0,550.0],0.0006922729],
[[1600.0,600.0,600.0],0.0006650062],
[[1600.0,650.0,650.0],0.000618764],
[[1600.0,700.0,700.0],0.0007035263],
[[1600.0,750.0,750.0],0.0006679913],
[[1650.0,1.0,1.0],0.0005704643],
[[1650.0,75.0,75.0],0.000584937],
[[1650.0,150.0,150.0],0.0006839888],
[[1650.0,200.0,200.0],0.0006446395],
[[1650.0,250.0,250.0],0.0006730899],
[[1650.0,300.0,300.0],0.0006046313],
[[1650.0,350.0,350.0],0.0005754713],
[[1650.0,400.0,400.0],0.0006424764],
[[1650.0,450.0,450.0],0.000556471],
[[1650.0,500.0,500.0],0.0006350406],
[[1650.0,550.0,550.0],0.000701455],
[[1650.0,600.0,600.0],0.0007056541],
[[1650.0,650.0,650.0],0.0006010718],
[[1650.0,700.0,700.0],0.0006526733],
[[1650.0,750.0,750.0],0.0006147272],
[[1650.0,800.0,800.0],0.0006449714],
[[1700.0,1.0,1.0],0.0006520444],
[[1700.0,75.0,75.0],0.0006194616],
[[1700.0,150.0,150.0],0.0006387375],
[[1700.0,200.0,200.0],0.0006413132],
[[1700.0,250.0,250.0],0.0006057686],
[[1700.0,300.0,300.0],0.0007041623],
[[1700.0,350.0,350.0],0.0006851688],
[[1700.0,400.0,400.0],0.0007059626],
[[1700.0,450.0,450.0],0.0006279384],
[[1700.0,500.0,500.0],0.0006595007],
[[1700.0,550.0,550.0],0.0007890917],
[[1700.0,600.0,600.0],0.0006450127],
[[1700.0,650.0,650.0],0.0006654923],
[[1700.0,700.0,700.0],0.0006418382],
[[1700.0,750.0,750.0],0.0006405639],
[[1700.0,800.0,800.0],0.0006305781],
[[1750.0,1.0,1.0],0.000621534],
[[1750.0,10.0,10.0],0.000575449],
[[1750.0,75.0,75.0],0.0006539917],
[[1750.0,150.0,150.0],0.0006300992],
[[1750.0,200.0,200.0],0.0006844171],
[[1750.0,250.0,250.0],0.0006477516],
[[1750.0,300.0,300.0],0.0005726839],
[[1750.0,350.0,350.0],0.0006683794],
[[1750.0,400.0,400.0],0.0006517243],
[[1750.0,450.0,450.0],0.0007332564],
[[1750.0,500.0,500.0],0.0006800759],
[[1750.0,550.0,550.0],0.0006740998],
[[1750.0,600.0,600.0],0.0006358295],
[[1750.0,650.0,650.0],0.0007212027],
[[1750.0,700.0,700.0],0.0006919458],
[[1750.0,750.0,750.0],0.000705772],
[[1750.0,800.0,800.0],0.0007455371],
[[1750.0,850.0,850.0],0.000704347],
[[1800.0,1.0,1.0],0.0006775317],
[[1800.0,75.0,75.0],0.000591516],
[[1800.0,150.0,150.0],0.0005824045],
[[1800.0,200.0,200.0],0.0006985174],
[[1800.0,250.0,250.0],0.0006351382],
[[1800.0,300.0,300.0],0.0006859984],
[[1800.0,350.0,350.0],0.0007639207],
[[1800.0,400.0,400.0],0.0006341768],
[[1800.0,450.0,450.0],0.0006704368],
[[1800.0,500.0,500.0],0.0007267565],
[[1800.0,550.0,550.0],0.0006287491],
[[1800.0,600.0,600.0],0.0007147337],
[[1800.0,650.0,650.0],0.0006373338],
[[1800.0,700.0,700.0],0.0006826594],
[[1800.0,750.0,750.0],0.0006917736],
[[1800.0,800.0,800.0],0.0007088153],
[[1800.0,850.0,850.0],0.0007389691],
[[1850.0,1.0,1.0],0.0006632192],
[[1850.0,75.0,75.0],0.0006241578],
[[1850.0,150.0,150.0],0.0006615248],
[[1850.0,200.0,200.0],0.0007433455],
[[1850.0,250.0,250.0],0.0006201834],
[[1850.0,300.0,300.0],0.0006699425],
[[1850.0,350.0,350.0],0.0007368137],
[[1850.0,400.0,400.0],0.000631495],
[[1850.0,450.0,450.0],0.0007164872],
[[1850.0,500.0,500.0],0.000647559],
[[1850.0,550.0,550.0],0.0006260981],
[[1850.0,600.0,600.0],0.0006506023],
[[1850.0,650.0,650.0],0.0006039143],
[[1850.0,700.0,700.0],0.0006124917],
[[1850.0,750.0,750.0],0.0006495015],
[[1850.0,800.0,800.0],0.0006746029],
[[1850.0,850.0,850.0],0.0007082534],
[[1850.0,900.0,900.0],0.0006261465],
[[1900.0,1.0,1.0],0.0006153066],
[[1900.0,75.0,75.0],0.0006046908],
[[1900.0,150.0,150.0],0.0006472376],
[[1900.0,200.0,200.0],0.0006352403],
[[1900.0,250.0,250.0],0.0006395424],
[[1900.0,300.0,300.0],0.0007481211],
[[1900.0,350.0,350.0],0.0006988548],
[[1900.0,400.0,400.0],0.0006426656],
[[1900.0,450.0,450.0],0.0006764336],
[[1900.0,500.0,500.0],0.0006661132],
[[1900.0,550.0,550.0],0.0007057266],
[[1900.0,600.0,600.0],0.0006816555],
[[1900.0,650.0,650.0],0.0007374167],
[[1900.0,700.0,700.0],0.000739698],
[[1900.0,750.0,750.0],0.0007181845],
[[1900.0,800.0,800.0],0.0006831037],
[[1900.0,850.0,850.0],0.0007526465],
[[1900.0,900.0,900.0],0.0008382428],
[[1950.0,1.0,1.0],0.0006552942],
[[1950.0,75.0,75.0],0.0006728974],
[[1950.0,150.0,150.0],0.0006088132],
[[1950.0,200.0,200.0],0.0006966663],
[[1950.0,250.0,250.0],0.0007481194],
[[1950.0,300.0,300.0],0.0006461689],
[[1950.0,350.0,350.0],0.0007317961],
[[1950.0,400.0,400.0],0.0006407157],
[[1950.0,450.0,450.0],0.0006894399],
[[1950.0,500.0,500.0],0.0007551594],
[[1950.0,550.0,550.0],0.0007372945],
[[1950.0,600.0,600.0],0.0006312408],
[[1950.0,650.0,650.0],0.0007642728],
[[1950.0,700.0,700.0],0.0007723625],
[[1950.0,750.0,750.0],0.0006935872],
[[1950.0,800.0,800.0],0.0006891201],
[[1950.0,850.0,850.0],0.0007155884],
[[1950.0,900.0,900.0],0.0006999181],
[[1950.0,950.0,950.0],0.000739603],
[[2000.0,1.0,1.0],0.0007463595],
[[2000.0,75.0,75.0],0.0007407638],
[[2000.0,150.0,150.0],0.0007524309],
[[2000.0,200.0,200.0],0.0007345656],
[[2000.0,250.0,250.0],0.0006531515],
[[2000.0,300.0,300.0],0.0006950541],
[[2000.0,350.0,350.0],0.0007486756],
[[2000.0,400.0,400.0],0.0007718396],
[[2000.0,450.0,450.0],0.0006794353],
[[2000.0,500.0,500.0],0.000814047],
[[2000.0,550.0,550.0],0.0007990538],
[[2000.0,600.0,600.0],0.0006758333],
[[2000.0,650.0,650.0],0.0007234032],
[[2000.0,700.0,700.0],0.0007491144],
[[2000.0,750.0,750.0],0.0007524585],
[[2000.0,800.0,800.0],0.0007771006],
[[2000.0,850.0,850.0],0.0007741075],
[[2000.0,900.0,900.0],0.0006857438],
[[2000.0,950.0,950.0],0.0007134098],
[[2250.0,1.0,1.0],0.0007391049],
[[2250.0,75.0,75.0],0.0007531321],
[[2250.0,150.0,150.0],0.0007738474],
[[2250.0,300.0,300.0],0.0007093195],
[[2250.0,500.0,500.0],0.0007361041],
[[2250.0,750.0,750.0],0.0008316541],
[[2250.0,1000.0,1000.0],0.0007520678],
[[2500.0,1.0,1.0],0.0008168363],
[[2500.0,75.0,75.0],0.000786402],
[[2500.0,150.0,150.0],0.0008212675],
[[2500.0,300.0,300.0],0.0007558974],
[[2500.0,500.0,500.0],0.0007186435],
[[2500.0,750.0,750.0],0.0007310846],
[[2500.0,1000.0,1000.0],0.0007458233],
[[2500.0,1200.0,1200.0],0.0008375635],
[[2750.0,1.0,1.0],0.0008036404],
[[2750.0,75.0,75.0],0.0008014933],
[[2750.0,150.0,150.0],0.0008040191],
[[2750.0,300.0,300.0],0.0008079926],
[[2750.0,500.0,500.0],0.000830838],
[[2750.0,750.0,750.0],0.0007835871],
[[2750.0,1000.0,1000.0],0.0009502583],
[[2750.0,1200.0,1200.0],0.0009183906],
[[3000.0,1.0,1.0],0.0008385774],
[[3000.0,75.0,75.0],0.0008241821],
[[3000.0,150.0,150.0],0.000795855],
[[3000.0,300.0,300.0],0.0007983573],
[[3000.0,500.0,500.0],0.0008292894],
[[3000.0,750.0,750.0],0.0008821071],
[[3000.0,1000.0,1000.0],0.0008726757],
[[3000.0,1200.0,1200.0],0.0007598563],
[[3000.0,1400.0,1400.0],0.0008265324]]
