txName: TRV1
constraint: {(PV > Zprime(1)), (Zprime(1) > MET(2),MET(3))}
condition: None
conditionDescription: None
figureUrl: None
source: Recast by CM2
validated: True
axesMap: [{0: 'x', 1: 'y', 2: 'y'}]
dataMap: {0: (1, 'mass', GeV), 1: (2, 'mass', GeV), 2: (3, 'mass', GeV)}
finalState: ['MET', 'MET']
intermediateState: None
efficiencyMap: [[[50.0,0,0],0.0],
[[50.0,1.0,1.0],0.0],
[[50.0,10.0,10.0],0.0],
[[50.0,20.0,20.0],0.0],
[[100.0,0,0],0.0],
[[100.0,1.0,1.0],0.0],
[[100.0,10.0,10.0],0.0],
[[150.0,0,0],0],
[[150.0,1.0,1.0],0],
[[150.0,10.0,10.0],0],
[[150.0,50.0,50.0],0],
[[150.0,70.0,70.0],0],
[[200.0,0,0],0.0],
[[200.0,1.0,1.0],0],
[[200.0,10.0,10.0],0],
[[200.0,50.0,50.0],0],
[[200.0,75.0,75.0],0.0],
[[250.0,0,0],0],
[[250.0,1.0,1.0],0],
[[250.0,10.0,10.0],0.0],
[[250.0,50.0,50.0],0],
[[250.0,75.0,75.0],0],
[[250.0,100.0,100.0],0],
[[250.0,120.0,120.0],0],
[[300.0,0,0],0],
[[300.0,1.0,1.0],0],
[[300.0,10.0,10.0],0],
[[300.0,50.0,50.0],0],
[[300.0,75.0,75.0],0],
[[300.0,100.0,100.0],0],
[[350.0,0,0],0],
[[350.0,1.0,1.0],0],
[[350.0,10.0,10.0],0],
[[350.0,50.0,50.0],0],
[[350.0,75.0,75.0],0],
[[350.0,100.0,100.0],0],
[[350.0,150.0,150.0],0],
[[350.0,170.0,170.0],0],
[[400.0,0,0],0],
[[400.0,1.0,1.0],0],
[[400.0,10.0,10.0],0],
[[400.0,50.0,50.0],0],
[[400.0,75.0,75.0],0],
[[400.0,100.0,100.0],0],
[[400.0,150.0,150.0],0],
[[450.0,0,0],0],
[[450.0,1.0,1.0],0],
[[450.0,10.0,10.0],0],
[[450.0,50.0,50.0],0],
[[450.0,75.0,75.0],0],
[[450.0,100.0,100.0],0],
[[450.0,150.0,150.0],0],
[[450.0,200.0,200.0],0],
[[450.0,220.0,220.0],0],
[[500.0,0,0],0],
[[500.0,1.0,1.0],0],
[[500.0,10.0,10.0],0],
[[500.0,50.0,50.0],0],
[[500.0,75.0,75.0],0],
[[500.0,100.0,100.0],0],
[[500.0,150.0,150.0],0],
[[500.0,200.0,200.0],0],
[[550.0,1.0,1.0],0],
[[550.0,10.0,10.0],0],
[[550.0,75.0,75.0],0],
[[550.0,150.0,150.0],0],
[[550.0,200.0,200.0],0],
[[550.0,250.0,250.0],0],
[[550.0,270.0,270.0],0],
[[600.0,0,0],0],
[[600.0,1.0,1.0],0],
[[600.0,10.0,10.0],0],
[[600.0,50.0,50.0],0],
[[600.0,75.0,75.0],0],
[[600.0,100.0,100.0],0],
[[600.0,150.0,150.0],0],
[[600.0,200.0,200.0],0],
[[600.0,250.0,250.0],0],
[[600.0,295.0,295.0],0],
[[650.0,1.0,1.0],0],
[[650.0,10.0,10.0],0],
[[650.0,75.0,75.0],0],
[[650.0,150.0,150.0],0],
[[650.0,200.0,200.0],0],
[[650.0,250.0,250.0],0],
[[650.0,300.0,300.0],0],
[[650.0,320.0,320.0],0],
[[700.0,0,0],0],
[[700.0,1.0,1.0],0],
[[700.0,10.0,10.0],0],
[[700.0,50.0,50.0],0],
[[700.0,75.0,75.0],0],
[[700.0,100.0,100.0],0],
[[700.0,150.0,150.0],0],
[[700.0,200.0,200.0],0],
[[700.0,250.0,250.0],0],
[[700.0,300.0,300.0],0],
[[750.0,1.0,1.0],0],
[[750.0,10.0,10.0],0],
[[750.0,75.0,75.0],0],
[[750.0,150.0,150.0],0],
[[750.0,200.0,200.0],0],
[[750.0,250.0,250.0],0],
[[750.0,300.0,300.0],0],
[[750.0,350.0,350.0],0],
[[750.0,370.0,370.0],0],
[[800.0,0,0],0],
[[800.0,1.0,1.0],0],
[[800.0,10.0,10.0],0],
[[800.0,50.0,50.0],0],
[[800.0,75.0,75.0],0],
[[800.0,100.0,100.0],0],
[[800.0,150.0,150.0],0],
[[800.0,200.0,200.0],0],
[[800.0,250.0,250.0],0],
[[800.0,300.0,300.0],0],
[[800.0,350.0,350.0],0],
[[850.0,1.0,1.0],0],
[[850.0,10.0,10.0],0],
[[850.0,75.0,75.0],0],
[[850.0,150.0,150.0],0],
[[850.0,200.0,200.0],1.697941e-06],
[[850.0,250.0,250.0],1.84085e-06],
[[850.0,300.0,300.0],1.730618e-06],
[[850.0,350.0,350.0],0],
[[850.0,400.0,400.0],2.076842e-06],
[[850.0,420.0,420.0],1.691551e-06],
[[900.0,0,0],1.88665e-06],
[[900.0,1.0,1.0],1.999072e-06],
[[900.0,10.0,10.0],2.484616e-06],
[[900.0,50.0,50.0],2.119764e-06],
[[900.0,75.0,75.0],1.917143e-06],
[[900.0,100.0,100.0],1.869698e-06],
[[900.0,150.0,150.0],0],
[[900.0,200.0,200.0],1.897749e-06],
[[900.0,250.0,250.0],1.892832e-06],
[[900.0,300.0,300.0],2.173676e-06],
[[900.0,350.0,350.0],0],
[[900.0,400.0,400.0],2.197323e-06],
[[950.0,1.0,1.0],1.825535e-06],
[[950.0,10.0,10.0],2.230593e-06],
[[950.0,75.0,75.0],2.207412e-06],
[[950.0,150.0,150.0],2.322444e-06],
[[950.0,200.0,200.0],2.0298e-06],
[[950.0,250.0,250.0],2.505689e-06],
[[950.0,300.0,300.0],2.458345e-06],
[[950.0,350.0,350.0],2.341251e-06],
[[950.0,400.0,400.0],2.497939e-06],
[[950.0,450.0,450.0],2.262222e-06],
[[950.0,470.0,470.0],2.347704e-06],
[[1000.0,0,0],2.40658e-06],
[[1000.0,50.0,50.0],2.131061e-06],
[[1000.0,100.0,100.0],3.148728e-06],
[[1000.0,150.0,150.0],2.065472e-06],
[[1000.0,200.0,200.0],2.672901e-06],
[[1000.0,250.0,250.0],2.546685e-06],
[[1000.0,300.0,300.0],2.586182e-06],
[[1000.0,350.0,350.0],2.349109e-06],
[[1000.0,400.0,400.0],2.203191e-06],
[[1000.0,450.0,450.0],2.513008e-06],
[[1050.0,520.0,520.0],4.936976e-06],
[[1100.0,0,0],3.209493e-06],
[[1100.0,100.0,100.0],2.671728e-06],
[[1100.0,200.0,200.0],2.843675e-06],
[[1100.0,300.0,300.0],3.828786e-06],
[[1100.0,400.0,400.0],3.323341e-06],
[[1100.0,500.0,500.0],3.376325e-06],
[[1150.0,570.0,570.0],5.614485e-06],
[[1200.0,0,0],4.488819e-06],
[[1200.0,100.0,100.0],3.462693e-06],
[[1200.0,200.0,200.0],5.018839e-06],
[[1200.0,300.0,300.0],4.504083e-06],
[[1200.0,400.0,400.0],4.314277e-06],
[[1200.0,500.0,500.0],3.787895e-06],
[[1250.0,620.0,620.0],5.264899e-06],
[[1300.0,0,0],6.053961e-06],
[[1300.0,100.0,100.0],3.872907e-06],
[[1300.0,200.0,200.0],5.212357e-06],
[[1300.0,300.0,300.0],5.308747e-06],
[[1300.0,400.0,400.0],5.742982e-06],
[[1300.0,500.0,500.0],5.440016e-06],
[[1300.0,600.0,600.0],5.045572e-06],
[[1350.0,670.0,670.0],7.110491e-06],
[[1400.0,0,0],6.889533e-06],
[[1400.0,100.0,100.0],6.39674e-06],
[[1400.0,200.0,200.0],5.88442e-06],
[[1400.0,300.0,300.0],8.077034e-06],
[[1400.0,400.0,400.0],6.463608e-06],
[[1400.0,500.0,500.0],8.106967e-06],
[[1400.0,600.0,600.0],7.472869e-06],
[[1450.0,720.0,720.0],6.729953e-06],
[[1500.0,0,0],8.189604e-06],
[[1500.0,100.0,100.0],7.096726e-06],
[[1500.0,200.0,200.0],7.548662e-06],
[[1500.0,300.0,300.0],7.175854e-06],
[[1500.0,400.0,400.0],8.719885e-06],
[[1500.0,500.0,500.0],7.994415e-06],
[[1500.0,600.0,600.0],8.411675e-06],
[[1500.0,700.0,700.0],8.958469e-06],
[[1550.0,770.0,770.0],9.334748e-06],
[[1600.0,0,0],1.016542e-05],
[[1600.0,100.0,100.0],9.68529e-06],
[[1600.0,200.0,200.0],8.464141e-06],
[[1600.0,300.0,300.0],7.217286e-06],
[[1600.0,400.0,400.0],8.636586e-06],
[[1600.0,500.0,500.0],9.062694e-06],
[[1600.0,600.0,600.0],9.151279e-06],
[[1600.0,700.0,700.0],1.017298e-05],
[[1650.0,820.0,820.0],1.259711e-05],
[[1700.0,0,0],9.130759e-06],
[[1700.0,100.0,100.0],9.075976e-06],
[[1700.0,200.0,200.0],9.409259e-06],
[[1700.0,300.0,300.0],9.879549e-06],
[[1700.0,400.0,400.0],1.107343e-05],
[[1700.0,500.0,500.0],1.062164e-05],
[[1700.0,600.0,600.0],9.890185e-06],
[[1700.0,700.0,700.0],1.253447e-05],
[[1700.0,800.0,800.0],1.055521e-05],
[[1750.0,870.0,870.0],1.368843e-05],
[[1800.0,0,0],1.249072e-05],
[[1800.0,100.0,100.0],1.010493e-05],
[[1800.0,200.0,200.0],1.029361e-05],
[[1800.0,300.0,300.0],1.161274e-05],
[[1800.0,400.0,400.0],1.217261e-05],
[[1800.0,500.0,500.0],9.881878e-06],
[[1800.0,600.0,600.0],1.326133e-05],
[[1800.0,700.0,700.0],1.188741e-05],
[[1800.0,800.0,800.0],1.361541e-05],
[[1850.0,920.0,920.0],1.468446e-05],
[[1900.0,0,0],1.331548e-05],
[[1900.0,100.0,100.0],1.165424e-05],
[[1900.0,200.0,200.0],1.178653e-05],
[[1900.0,300.0,300.0],1.400225e-05],
[[1900.0,400.0,400.0],1.561227e-05],
[[1900.0,500.0,500.0],1.441514e-05],
[[1900.0,600.0,600.0],1.253078e-05],
[[1900.0,700.0,700.0],1.451568e-05],
[[1900.0,800.0,800.0],1.31918e-05],
[[1900.0,900.0,900.0],1.463268e-05],
[[1950.0,970.0,970.0],1.594335e-05],
[[2000.0,0,0],1.351931e-05],
[[2000.0,100.0,100.0],1.366321e-05],
[[2000.0,200.0,200.0],1.477939e-05],
[[2000.0,300.0,300.0],1.378091e-05],
[[2000.0,400.0,400.0],1.426999e-05],
[[2000.0,500.0,500.0],1.641877e-05],
[[2000.0,600.0,600.0],1.514781e-05],
[[2000.0,700.0,700.0],1.359188e-05],
[[2000.0,800.0,800.0],1.874441e-05],
[[2000.0,900.0,900.0],1.538872e-05],
[[2050.0,1020.0,1020.0],1.817638e-05],
[[2100.0,0,0],1.568577e-05],
[[2100.0,100.0,100.0],1.410614e-05],
[[2100.0,200.0,200.0],1.670778e-05],
[[2100.0,300.0,300.0],1.647893e-05],
[[2100.0,400.0,400.0],1.539694e-05],
[[2100.0,500.0,500.0],1.607582e-05],
[[2100.0,600.0,600.0],1.631859e-05],
[[2100.0,700.0,700.0],1.640348e-05],
[[2100.0,800.0,800.0],1.645308e-05],
[[2100.0,900.0,900.0],1.70869e-05],
[[2100.0,1000.0,1000.0],1.842989e-05],
[[2150.0,1070.0,1070.0],2.014594e-05],
[[2200.0,0,0],1.482546e-05],
[[2200.0,100.0,100.0],1.491386e-05],
[[2200.0,200.0,200.0],1.708558e-05],
[[2200.0,300.0,300.0],1.81099e-05],
[[2200.0,400.0,400.0],1.576483e-05],
[[2200.0,500.0,500.0],1.795683e-05],
[[2200.0,600.0,600.0],1.72011e-05],
[[2200.0,700.0,700.0],1.991512e-05],
[[2200.0,800.0,800.0],2.005382e-05],
[[2200.0,900.0,900.0],1.986234e-05],
[[2200.0,1000.0,1000.0],2.163714e-05],
[[2250.0,1120.0,1120.0],2.052211e-05],
[[2300.0,0,0],1.729487e-05],
[[2300.0,100.0,100.0],1.776504e-05],
[[2300.0,200.0,200.0],1.809863e-05],
[[2300.0,300.0,300.0],2.000936e-05],
[[2300.0,400.0,400.0],1.80554e-05],
[[2300.0,500.0,500.0],1.956604e-05],
[[2300.0,600.0,600.0],2.016229e-05],
[[2300.0,700.0,700.0],1.997034e-05],
[[2300.0,800.0,800.0],1.929498e-05],
[[2300.0,900.0,900.0],1.774461e-05],
[[2300.0,1000.0,1000.0],2.046031e-05],
[[2300.0,1100.0,1100.0],2.224769e-05],
[[2350.0,1170.0,1170.0],2.152249e-05],
[[2400.0,0,0],1.879908e-05],
[[2400.0,100.0,100.0],1.890804e-05],
[[2400.0,200.0,200.0],1.899182e-05],
[[2400.0,300.0,300.0],2.051701e-05],
[[2400.0,400.0,400.0],2.023183e-05],
[[2400.0,500.0,500.0],2.028921e-05],
[[2400.0,600.0,600.0],1.967729e-05],
[[2400.0,700.0,700.0],2.074065e-05],
[[2400.0,800.0,800.0],2.199416e-05],
[[2400.0,900.0,900.0],1.985195e-05],
[[2400.0,1000.0,1000.0],2.241067e-05],
[[2400.0,1100.0,1100.0],1.951965e-05],
[[2450.0,1220.0,1220.0],2.498173e-05],
[[2500.0,0,0],1.944844e-05],
[[2500.0,100.0,100.0],2.04521e-05],
[[2500.0,200.0,200.0],2.00098e-05],
[[2500.0,300.0,300.0],2.034702e-05],
[[2500.0,400.0,400.0],2.007258e-05],
[[2500.0,500.0,500.0],2.05755e-05],
[[2500.0,600.0,600.0],2.143203e-05],
[[2500.0,700.0,700.0],2.25922e-05],
[[2500.0,800.0,800.0],2.229691e-05],
[[2500.0,900.0,900.0],2.420955e-05],
[[2500.0,1000.0,1000.0],2.207405e-05],
[[2500.0,1100.0,1100.0],2.491773e-05],
[[2500.0,1200.0,1200.0],2.808056e-05],
[[2550.0,1270.0,1270.0],2.469463e-05],
[[2600.0,0,0],1.891272e-05],
[[2600.0,100.0,100.0],2.173666e-05],
[[2600.0,200.0,200.0],2.140123e-05],
[[2600.0,300.0,300.0],2.234247e-05],
[[2600.0,400.0,400.0],2.299518e-05],
[[2600.0,500.0,500.0],2.487619e-05],
[[2600.0,600.0,600.0],2.079431e-05],
[[2600.0,700.0,700.0],2.472585e-05],
[[2600.0,800.0,800.0],2.319116e-05],
[[2600.0,900.0,900.0],2.454417e-05],
[[2600.0,1000.0,1000.0],2.993586e-05],
[[2600.0,1100.0,1100.0],3.268889e-05],
[[2600.0,1200.0,1200.0],3.664323e-05],
[[2650.0,1320.0,1320.0],3.324629e-05],
[[2700.0,0,0],1.815594e-05],
[[2700.0,100.0,100.0],2.235684e-05],
[[2700.0,200.0,200.0],2.685133e-05],
[[2700.0,300.0,300.0],2.331585e-05],
[[2700.0,400.0,400.0],2.744456e-05],
[[2700.0,500.0,500.0],2.122993e-05],
[[2700.0,600.0,600.0],2.349204e-05],
[[2700.0,700.0,700.0],2.391611e-05],
[[2700.0,800.0,800.0],2.841019e-05],
[[2700.0,900.0,900.0],2.538641e-05],
[[2700.0,1000.0,1000.0],2.658686e-05],
[[2700.0,1100.0,1100.0],2.543631e-05],
[[2700.0,1200.0,1200.0],2.831822e-05],
[[2700.0,1300.0,1300.0],2.77378e-05],
[[2750.0,1370.0,1370.0],2.978672e-05],
[[2800.0,0,0],1.930989e-05],
[[2800.0,100.0,100.0],2.123707e-05],
[[2800.0,200.0,200.0],2.280806e-05],
[[2800.0,300.0,300.0],2.275136e-05],
[[2800.0,400.0,400.0],2.190799e-05],
[[2800.0,500.0,500.0],2.596018e-05],
[[2800.0,600.0,600.0],2.599305e-05],
[[2800.0,700.0,700.0],2.396822e-05],
[[2800.0,800.0,800.0],2.850897e-05],
[[2800.0,900.0,900.0],2.768755e-05],
[[2800.0,1000.0,1000.0],2.945115e-05],
[[2800.0,1100.0,1100.0],2.855805e-05],
[[2800.0,1200.0,1200.0],2.832196e-05],
[[2800.0,1300.0,1300.0],3.332586e-05],
[[2850.0,1420.0,1420.0],2.844684e-05],
[[2900.0,0,0],1.995587e-05],
[[2900.0,100.0,100.0],2.392454e-05],
[[2900.0,200.0,200.0],2.470634e-05],
[[2900.0,300.0,300.0],3.020737e-05],
[[2900.0,400.0,400.0],2.76694e-05],
[[2900.0,500.0,500.0],4.400728e-05],
[[2900.0,600.0,600.0],2.539015e-05],
[[2900.0,700.0,700.0],2.666832e-05],
[[2900.0,800.0,800.0],2.259331e-05],
[[2900.0,900.0,900.0],1.261914e-05],
[[2900.0,1000.0,1000.0],2.662291e-05],
[[2900.0,1100.0,1100.0],3.124247e-05],
[[2900.0,1200.0,1200.0],2.699207e-05],
[[2900.0,1300.0,1300.0],3.161259e-05],
[[2900.0,1400.0,1400.0],3.227983e-05],
[[2950.0,1470.0,1470.0],3.122681e-05],
[[3000.0,0,0],2.362708e-05],
[[3000.0,100.0,100.0],2.441973e-05],
[[3000.0,200.0,200.0],2.524554e-05],
[[3000.0,300.0,300.0],2.80233e-05],
[[3000.0,400.0,400.0],2.945853e-05],
[[3000.0,500.0,500.0],2.728224e-05],
[[3000.0,600.0,600.0],3.090501e-05],
[[3000.0,700.0,700.0],2.886229e-05],
[[3000.0,800.0,800.0],3.3611e-05],
[[3000.0,900.0,900.0],2.982913e-05],
[[3000.0,1000.0,1000.0],3.109877e-05],
[[3000.0,1100.0,1100.0],2.857622e-05],
[[3000.0,1200.0,1200.0],3.522902e-05],
[[3000.0,1300.0,1300.0],3.077716e-05],
[[3000.0,1400.0,1400.0],3.111715e-05]]
