txName: TRS1
constraint: {(PV > H0(1)), (H0(1) > MET(2),MET(3))}
condition: None
conditionDescription: None
figureUrl: https://cms-results.web.cern.ch/cms-results/public-results/publications/EXO-20-004/CMS-EXO-20-004_Figure_009-a.png
source: https://doi.org/10.5281/zenodo.13324003
validated: True
axesMap: [{0: 'x', 1: '1.0', 2: '1.0'}, {0: 'x', 1: 'y', 2: 'y'}]
dataMap: {0: (1, 'mass', GeV), 1: (2, 'mass', GeV), 2: (3, 'mass', GeV)}
finalState: ['MET', 'MET']
intermediateState: None
efficiencyMap: [[[100.0,1.0,1.0],8.441147e-05],
[[100.0,10.0,10.0],8.21431e-05],
[[150.0,1.0,1.0],0.0001310626],
[[150.0,50.0,50.0],0.0001497951],
[[200.0,1.0,1.0],0.0002099061],
[[200.0,50.0,50.0],0.0002498574],
[[200.0,100.0,100.0],0.0003770766],
[[250.0,1.0,1.0],0.0003210225],
[[250.0,10.0,10.0],0.000327784],
[[250.0,50.0,50.0],0.0003013522],
[[250.0,100.0,100.0],0.0003087329],
[[300.0,1.0,1.0],0.0004271772],
[[300.0,50.0,50.0],0.0004157043],
[[300.0,100.0,100.0],0.0003946617],
[[350.0,1.0,1.0],0.0004138725],
[[350.0,50.0,50.0],0.0004376107],
[[350.0,100.0,100.0],0.0004155472],
[[350.0,150.0,150.0],0.0003753118],
[[400.0,1.0,1.0],0.0007094394],
[[400.0,50.0,50.0],0.0004807267],
[[400.0,100.0,100.0],0.0004855114],
[[400.0,150.0,150.0],0.0005086629],
[[450.0,1.0,1.0],0.0006524262],
[[450.0,50.0,50.0],0.0005958809],
[[450.0,100.0,100.0],0.0005728156],
[[450.0,150.0,150.0],0.0006270205],
[[450.0,200.0,200.0],0.0007079301],
[[500.0,1.0,1.0],0.0007805527],
[[500.0,10.0,10.0],0.0007095491],
[[500.0,50.0,50.0],0.0007675822],
[[500.0,100.0,100.0],0.0007605656],
[[500.0,150.0,150.0],0.0007956672],
[[500.0,200.0,200.0],0.0008040931],
[[550.0,1.0,1.0],0.0009850051],
[[550.0,50.0,50.0],0.0009820983],
[[550.0,100.0,100.0],0.0009523254],
[[550.0,150.0,150.0],0.0009843078],
[[550.0,200.0,200.0],0.0009005881],
[[550.0,250.0,250.0],0.001568163],
[[600.0,1.0,1.0],0.001209327],
[[600.0,50.0,50.0],0.001014761],
[[600.0,100.0,100.0],0.001049536],
[[600.0,150.0,150.0],0.001119955],
[[600.0,200.0,200.0],0.001136278],
[[600.0,250.0,250.0],0.001036139],
[[650.0,1.0,1.0],0.001352196],
[[650.0,50.0,50.0],0.001214692],
[[650.0,100.0,100.0],0.001170892],
[[650.0,150.0,150.0],0.001344416],
[[650.0,200.0,200.0],0.001279387],
[[650.0,250.0,250.0],0.00115327],
[[650.0,300.0,300.0],0.00122204],
[[700.0,1.0,1.0],0.001460082],
[[700.0,50.0,50.0],0.001444567],
[[700.0,100.0,100.0],0.00146606],
[[700.0,150.0,150.0],0.001318369],
[[700.0,200.0,200.0],0.001347876],
[[700.0,250.0,250.0],0.001431281],
[[700.0,300.0,300.0],0.001415279],
[[750.0,1.0,1.0],0.001646316],
[[750.0,10.0,10.0],0.001338628],
[[750.0,50.0,50.0],0.001393398],
[[750.0,100.0,100.0],0.001504041],
[[750.0,150.0,150.0],0.00146657],
[[750.0,200.0,200.0],0.001658238],
[[750.0,250.0,250.0],0.001576496],
[[750.0,300.0,300.0],0.001576843],
[[750.0,350.0,350.0],0.001636528],
[[800.0,1.0,1.0],0.001567636],
[[800.0,150.0,150.0],0.002126368],
[[800.0,200.0,200.0],0.001586794],
[[800.0,250.0,250.0],0.001871011],
[[800.0,300.0,300.0],0.001782787],
[[800.0,350.0,350.0],0.001678407],
[[850.0,1.0,1.0],0.001690879],
[[850.0,150.0,150.0],0.001507212],
[[850.0,200.0,200.0],0.00210085],
[[850.0,250.0,250.0],0.001829972],
[[850.0,300.0,300.0],0.001906558],
[[850.0,350.0,350.0],0.001733231],
[[850.0,400.0,400.0],0.002329105],
[[900.0,1.0,1.0],0.002333494],
[[900.0,150.0,150.0],0.002640815],
[[900.0,200.0,200.0],0.001646434],
[[900.0,250.0,250.0],0.001823665],
[[900.0,300.0,300.0],0.002378959],
[[900.0,350.0,350.0],0.0019282],
[[900.0,400.0,400.0],0.002657558],
[[950.0,1.0,1.0],0.001836384],
[[950.0,150.0,150.0],0.001861034],
[[950.0,200.0,200.0],0.001936564],
[[950.0,250.0,250.0],0.002173242],
[[950.0,300.0,300.0],0.002070723],
[[950.0,350.0,350.0],0.002035133],
[[950.0,400.0,400.0],0.002273707],
[[950.0,450.0,450.0],0.002460657],
[[1000.0,1.0,1.0],0.00193781],
[[1000.0,10.0,10.0],0.00181035],
[[1000.0,50.0,50.0],0.002190432],
[[1000.0,100.0,100.0],0.002219232],
[[1000.0,150.0,150.0],0.00220637],
[[1000.0,200.0,200.0],0.00206677],
[[1000.0,250.0,250.0],0.003217881],
[[1000.0,300.0,300.0],0.002254965],
[[1000.0,350.0,350.0],0.002486274],
[[1000.0,400.0,400.0],0.002639823],
[[1000.0,450.0,450.0],0.002395648],
[[1050.0,1.0,1.0],0.001952209],
[[1050.0,150.0,150.0],0.002124328],
[[1050.0,200.0,200.0],0.001995173],
[[1050.0,250.0,250.0],0.002306515],
[[1050.0,300.0,300.0],0.002254998],
[[1050.0,350.0,350.0],0.00327016],
[[1050.0,400.0,400.0],0.002192334],
[[1050.0,450.0,450.0],0.002245239],
[[1050.0,500.0,500.0],0.002410991],
[[1100.0,1.0,1.0],0.002288916],
[[1100.0,150.0,150.0],0.001988222],
[[1100.0,200.0,200.0],0.002594675],
[[1100.0,250.0,250.0],0.002624729],
[[1100.0,300.0,300.0],0.00243217],
[[1100.0,350.0,350.0],0.002157965],
[[1100.0,400.0,400.0],0.002642782],
[[1100.0,450.0,450.0],0.003152945],
[[1100.0,500.0,500.0],0.002545856],
[[1150.0,1.0,1.0],0.001994225],
[[1150.0,150.0,150.0],0.002562573],
[[1150.0,200.0,200.0],0.002480203],
[[1150.0,250.0,250.0],0.002263073],
[[1150.0,300.0,300.0],0.002681811],
[[1150.0,350.0,350.0],0.002575363],
[[1150.0,400.0,400.0],0.002675033],
[[1150.0,450.0,450.0],0.002609933],
[[1150.0,500.0,500.0],0.002658787],
[[1150.0,550.0,550.0],0.002715341],
[[1200.0,1.0,1.0],0.002328768],
[[1200.0,150.0,150.0],0.002631564],
[[1200.0,200.0,200.0],0.002901397],
[[1200.0,250.0,250.0],0.002441268],
[[1200.0,300.0,300.0],0.002776173],
[[1200.0,350.0,350.0],0.002543254],
[[1200.0,400.0,400.0],0.002924897],
[[1200.0,450.0,450.0],0.002588712],
[[1200.0,500.0,500.0],0.002665343],
[[1200.0,550.0,550.0],0.002395899],
[[1250.0,1.0,1.0],0.002050898],
[[1250.0,10.0,10.0],0.002304771],
[[1250.0,50.0,50.0],0.002095027],
[[1250.0,100.0,100.0],0.001985344],
[[1250.0,150.0,150.0],0.002762202],
[[1250.0,200.0,200.0],0.00226301],
[[1250.0,250.0,250.0],0.002945779],
[[1250.0,300.0,300.0],0.002939997],
[[1250.0,350.0,350.0],0.002724859],
[[1250.0,400.0,400.0],0.002801053],
[[1250.0,450.0,450.0],0.0028494],
[[1250.0,500.0,500.0],0.002381465],
[[1250.0,550.0,550.0],0.002895914],
[[1250.0,600.0,600.0],0.003067439],
[[1300.0,1.0,1.0],0.002061519],
[[1300.0,150.0,150.0],0.003110298],
[[1300.0,200.0,200.0],0.002830209],
[[1300.0,250.0,250.0],0.002599121],
[[1300.0,300.0,300.0],0.002935526],
[[1300.0,350.0,350.0],0.003008684],
[[1300.0,400.0,400.0],0.003007654],
[[1300.0,450.0,450.0],0.002826662],
[[1300.0,500.0,500.0],0.002992104],
[[1300.0,550.0,550.0],0.003038611],
[[1300.0,600.0,600.0],0.00281738],
[[1350.0,1.0,1.0],0.002323028],
[[1350.0,150.0,150.0],0.002640329],
[[1350.0,200.0,200.0],0.002902034],
[[1350.0,250.0,250.0],0.00282771],
[[1350.0,300.0,300.0],0.003163977],
[[1350.0,350.0,350.0],0.003290251],
[[1350.0,400.0,400.0],0.00276517],
[[1350.0,450.0,450.0],0.003285933],
[[1350.0,500.0,500.0],0.003052597],
[[1350.0,550.0,550.0],0.002716378],
[[1350.0,600.0,600.0],0.003358784],
[[1350.0,650.0,650.0],0.002970077],
[[1400.0,1.0,1.0],0.002230842],
[[1400.0,150.0,150.0],0.002628601],
[[1400.0,200.0,200.0],0.002638834],
[[1400.0,250.0,250.0],0.002763069],
[[1400.0,300.0,300.0],0.003552898],
[[1400.0,350.0,350.0],0.003096746],
[[1400.0,400.0,400.0],0.002892347],
[[1400.0,450.0,450.0],0.003046973],
[[1400.0,500.0,500.0],0.00312757],
[[1400.0,550.0,550.0],0.003223848],
[[1400.0,600.0,600.0],0.002678986],
[[1400.0,650.0,650.0],0.003189071],
[[1450.0,1.0,1.0],0.002093448],
[[1450.0,150.0,150.0],0.002633484],
[[1450.0,200.0,200.0],0.00253478],
[[1450.0,250.0,250.0],0.002439306],
[[1450.0,300.0,300.0],0.002738947],
[[1450.0,350.0,350.0],0.003126452],
[[1450.0,400.0,400.0],0.002857729],
[[1450.0,450.0,450.0],0.003396985],
[[1450.0,500.0,500.0],0.002871041],
[[1450.0,550.0,550.0],0.003194744],
[[1450.0,600.0,600.0],0.002869657],
[[1450.0,650.0,650.0],0.002878838],
[[1450.0,700.0,700.0],0.003926698],
[[1500.0,1.0,1.0],0.002046567],
[[1500.0,10.0,10.0],0.002472428],
[[1500.0,50.0,50.0],0.002271943],
[[1500.0,100.0,100.0],0.002193939],
[[1500.0,150.0,150.0],0.002377201],
[[1500.0,200.0,200.0],0.002607171],
[[1500.0,250.0,250.0],0.002505892],
[[1500.0,300.0,300.0],0.002871183],
[[1500.0,350.0,350.0],0.002638134],
[[1500.0,400.0,400.0],0.003384514],
[[1500.0,450.0,450.0],0.002750685],
[[1500.0,500.0,500.0],0.003008391],
[[1500.0,550.0,550.0],0.002988266],
[[1500.0,600.0,600.0],0.002979886],
[[1500.0,650.0,650.0],0.002720795],
[[1500.0,700.0,700.0],0.003715339],
[[1500.0,750.0,750.0],0.003327677],
[[1550.0,1.0,1.0],0.002660299],
[[1550.0,150.0,150.0],0.002566417],
[[1550.0,200.0,200.0],0.002692378],
[[1550.0,250.0,250.0],0.003242143],
[[1550.0,300.0,300.0],0.003736885],
[[1550.0,350.0,350.0],0.003434772],
[[1550.0,400.0,400.0],0.002605564],
[[1550.0,450.0,450.0],0.002779419],
[[1550.0,500.0,500.0],0.00366482],
[[1550.0,550.0,550.0],0.003110956],
[[1550.0,600.0,600.0],0.003677354],
[[1550.0,650.0,650.0],0.003950252],
[[1550.0,700.0,700.0],0.00310173],
[[1550.0,750.0,750.0],0.003917944],
[[1600.0,1.0,1.0],0.002354676],
[[1600.0,150.0,150.0],0.002362149],
[[1600.0,200.0,200.0],0.002426785],
[[1600.0,250.0,250.0],0.003523047],
[[1600.0,300.0,300.0],0.002715724],
[[1600.0,350.0,350.0],0.003124143],
[[1600.0,400.0,400.0],0.003042504],
[[1600.0,450.0,450.0],0.002978612],
[[1600.0,500.0,500.0],0.00319083],
[[1600.0,550.0,550.0],0.003003738],
[[1600.0,600.0,600.0],0.002933789],
[[1600.0,650.0,650.0],0.003337766],
[[1600.0,700.0,700.0],0.003159592],
[[1600.0,750.0,750.0],0.003842872],
[[1650.0,1.0,1.0],0.002074558],
[[1650.0,150.0,150.0],0.002566579],
[[1650.0,200.0,200.0],0.003280614],
[[1650.0,250.0,250.0],0.003000007],
[[1650.0,300.0,300.0],0.00294793],
[[1650.0,350.0,350.0],0.003065176],
[[1650.0,400.0,400.0],0.003262521],
[[1650.0,450.0,450.0],0.003204489],
[[1650.0,500.0,500.0],0.00341237],
[[1650.0,550.0,550.0],0.002793664],
[[1650.0,600.0,600.0],0.003683521],
[[1650.0,650.0,650.0],0.003043717],
[[1650.0,700.0,700.0],0.003519459],
[[1650.0,750.0,750.0],0.003558022],
[[1650.0,800.0,800.0],0.003803963],
[[1700.0,1.0,1.0],0.002413263],
[[1700.0,150.0,150.0],0.002899115],
[[1700.0,200.0,200.0],0.002758388],
[[1700.0,250.0,250.0],0.002890293],
[[1700.0,300.0,300.0],0.003086336],
[[1700.0,350.0,350.0],0.002961446],
[[1700.0,400.0,400.0],0.003437468],
[[1700.0,450.0,450.0],0.003036465],
[[1700.0,500.0,500.0],0.003032044],
[[1700.0,550.0,550.0],0.002972562],
[[1700.0,600.0,600.0],0.003076977],
[[1700.0,650.0,650.0],0.003378427],
[[1700.0,700.0,700.0],0.003135425],
[[1700.0,750.0,750.0],0.003586751],
[[1700.0,800.0,800.0],0.003184719],
[[1750.0,1.0,1.0],0.002316399],
[[1750.0,10.0,10.0],0.002164887],
[[1750.0,50.0,50.0],0.002150525],
[[1750.0,100.0,100.0],0.002638683],
[[1750.0,150.0,150.0],0.002603967],
[[1750.0,200.0,200.0],0.002642997],
[[1750.0,250.0,250.0],0.002881634],
[[1750.0,300.0,300.0],0.00300544],
[[1750.0,350.0,350.0],0.003341069],
[[1750.0,400.0,400.0],0.003384539],
[[1750.0,450.0,450.0],0.003122286],
[[1750.0,500.0,500.0],0.003945422],
[[1750.0,550.0,550.0],0.00340857],
[[1750.0,600.0,600.0],0.003355971],
[[1750.0,650.0,650.0],0.00332939],
[[1750.0,700.0,700.0],0.003559489],
[[1750.0,750.0,750.0],0.003625152],
[[1750.0,800.0,800.0],0.003623593],
[[1750.0,850.0,850.0],0.003585685],
[[1800.0,1.0,1.0],0.002153179],
[[1800.0,150.0,150.0],0.002972134],
[[1800.0,200.0,200.0],0.002978251],
[[1800.0,250.0,250.0],0.002941596],
[[1800.0,300.0,300.0],0.002874917],
[[1800.0,350.0,350.0],0.003128876],
[[1800.0,400.0,400.0],0.003644609],
[[1800.0,450.0,450.0],0.003640434],
[[1800.0,500.0,500.0],0.003687667],
[[1800.0,550.0,550.0],0.003822193],
[[1800.0,600.0,600.0],0.003492042],
[[1800.0,650.0,650.0],0.003391423],
[[1800.0,700.0,700.0],0.003773917],
[[1800.0,750.0,750.0],0.003484184],
[[1800.0,800.0,800.0],0.003527285],
[[1800.0,850.0,850.0],0.004274296],
[[1850.0,1.0,1.0],0.002186751],
[[1850.0,150.0,150.0],0.002640852],
[[1850.0,200.0,200.0],0.002351244],
[[1850.0,250.0,250.0],0.003387341],
[[1850.0,300.0,300.0],0.003590498],
[[1850.0,350.0,350.0],0.003268244],
[[1850.0,400.0,400.0],0.00353652],
[[1850.0,450.0,450.0],0.00362535],
[[1850.0,500.0,500.0],0.003220642],
[[1850.0,550.0,550.0],0.003695995],
[[1850.0,600.0,600.0],0.003042294],
[[1850.0,650.0,650.0],0.003382599],
[[1850.0,700.0,700.0],0.003593181],
[[1850.0,750.0,750.0],0.00332226],
[[1850.0,800.0,800.0],0.003448434],
[[1850.0,850.0,850.0],0.00434034],
[[1850.0,900.0,900.0],0.003543381],
[[1900.0,1.0,1.0],0.002237589],
[[1900.0,150.0,150.0],0.002236953],
[[1900.0,200.0,200.0],0.002913536],
[[1900.0,250.0,250.0],0.003031265],
[[1900.0,300.0,300.0],0.003541664],
[[1900.0,350.0,350.0],0.003966938],
[[1900.0,400.0,400.0],0.003596912],
[[1900.0,450.0,450.0],0.003684295],
[[1900.0,500.0,500.0],0.003141065],
[[1900.0,550.0,550.0],0.003388075],
[[1900.0,600.0,600.0],0.002988149],
[[1900.0,650.0,650.0],0.003519435],
[[1900.0,700.0,700.0],0.0032003],
[[1900.0,750.0,750.0],0.003774502],
[[1900.0,800.0,800.0],0.003475348],
[[1900.0,850.0,850.0],0.003421156],
[[1900.0,900.0,900.0],0.003262213],
[[1950.0,1.0,1.0],0.002124444],
[[1950.0,150.0,150.0],0.002311211],
[[1950.0,200.0,200.0],0.002554351],
[[1950.0,250.0,250.0],0.002971659],
[[1950.0,300.0,300.0],0.003538895],
[[1950.0,350.0,350.0],0.003215851],
[[1950.0,400.0,400.0],0.00383126],
[[1950.0,450.0,450.0],0.003864726],
[[1950.0,500.0,500.0],0.003276591],
[[1950.0,550.0,550.0],0.003482819],
[[1950.0,600.0,600.0],0.004021528],
[[1950.0,650.0,650.0],0.003270862],
[[1950.0,700.0,700.0],0.003585221],
[[1950.0,750.0,750.0],0.004085003],
[[1950.0,800.0,800.0],0.003724207],
[[1950.0,850.0,850.0],0.00321949],
[[1950.0,900.0,900.0],0.003323378],
[[1950.0,950.0,950.0],0.003264881],
[[2000.0,1.0,1.0],0.002585329],
[[2000.0,10.0,10.0],0.001935221],
[[2000.0,50.0,50.0],0.002161105],
[[2000.0,100.0,100.0],0.002532964],
[[2000.0,150.0,150.0],0.002654955],
[[2000.0,200.0,200.0],0.002549781],
[[2000.0,250.0,250.0],0.002921467],
[[2000.0,300.0,300.0],0.003095785],
[[2000.0,350.0,350.0],0.0032972],
[[2000.0,400.0,400.0],0.002966047],
[[2000.0,450.0,450.0],0.003562612],
[[2000.0,500.0,500.0],0.003710165],
[[2000.0,550.0,550.0],0.003014039],
[[2000.0,600.0,600.0],0.004151969],
[[2000.0,650.0,650.0],0.00316128],
[[2000.0,700.0,700.0],0.004218259],
[[2000.0,750.0,750.0],0.003678038],
[[2000.0,800.0,800.0],0.004061508],
[[2000.0,850.0,850.0],0.004227711],
[[2000.0,900.0,900.0],0.003949886],
[[2000.0,950.0,950.0],0.003345554],
[[2250.0,1.0,1.0],0.001982827],
[[2250.0,10.0,10.0],0.002049816],
[[2250.0,50.0,50.0],0.002049435],
[[2250.0,100.0,100.0],0.002251335],
[[2250.0,150.0,150.0],0.002614585],
[[2250.0,300.0,300.0],0.00338507],
[[2250.0,500.0,500.0],0.003732897],
[[2250.0,750.0,750.0],0.003763185],
[[2250.0,1000.0,1000.0],0.003796595],
[[2500.0,1.0,1.0],0.00197207],
[[2500.0,10.0,10.0],0.001845043],
[[2500.0,50.0,50.0],0.0019055],
[[2500.0,100.0,100.0],0.002210046],
[[2500.0,150.0,150.0],0.002375049],
[[2500.0,300.0,300.0],0.003152827],
[[2500.0,500.0,500.0],0.003677205],
[[2500.0,750.0,750.0],0.003829556],
[[2500.0,1000.0,1000.0],0.003875607],
[[2500.0,1200.0,1200.0],0.004181842],
[[2750.0,1.0,1.0],0.001882367],
[[2750.0,10.0,10.0],0.001706922],
[[2750.0,50.0,50.0],0.0019672],
[[2750.0,100.0,100.0],0.0022525],
[[2750.0,150.0,150.0],0.002438932],
[[2750.0,300.0,300.0],0.003169585],
[[2750.0,500.0,500.0],0.003919232],
[[2750.0,750.0,750.0],0.003842422],
[[2750.0,1000.0,1000.0],0.003899208],
[[2750.0,1200.0,1200.0],0.004261909],
[[3000.0,1.0,1.0],0.001603966],
[[3000.0,10.0,10.0],0.001914216],
[[3000.0,50.0,50.0],0.002279563],
[[3000.0,100.0,100.0],0.002361618],
[[3000.0,150.0,150.0],0.002220238],
[[3000.0,300.0,300.0],0.003269622],
[[3000.0,500.0,500.0],0.003570013],
[[3000.0,750.0,750.0],0.003860497],
[[3000.0,1000.0,1000.0],0.004170283],
[[3000.0,1200.0,1200.0],0.004493075],
[[3000.0,1400.0,1400.0],0.004374809]]
