txName: TRV1
constraint: {(PV > Zprime(1)), (Zprime(1) > MET(2),MET(3))}
condition: None
conditionDescription: None
figureUrl: https://cms-results.web.cern.ch/cms-results/public-results/publications/EXO-20-004/CMS-EXO-20-004_Figure_007-b.png
source: https://doi.org/10.5281/zenodo.13324003
validated: True
axesMap: [{0: 'x', 1: 'y', 2: 'y'}]
dataMap: {0: (1, 'mass', GeV), 1: (2, 'mass', GeV), 2: (3, 'mass', GeV)}
finalState: ['MET', 'MET']
intermediateState: None
efficiencyMap: [[[50.0,1.0,1.0],1.119111e-06],
[[100.0,1.0,1.0],7.81376e-06],
[[100.0,10.0,10.0],1.01156e-05],
[[150.0,1.0,1.0],2.100317e-05],
[[150.0,75.0,75.0],2.870376e-05],
[[200.0,1.0,1.0],5.388754e-05],
[[200.0,75.0,75.0],5.478808e-05],
[[250.0,1.0,1.0],8.20949e-05],
[[250.0,10.0,10.0],9.432381e-05],
[[250.0,75.0,75.0],9.555684e-05],
[[300.0,1.0,1.0],0.0001318217],
[[300.0,75.0,75.0],0.0001314546],
[[350.0,1.0,1.0],0.0002029182],
[[350.0,75.0,75.0],0.0001839957],
[[350.0,150.0,150.0],0.0002142964],
[[400.0,1.0,1.0],0.0002381473],
[[400.0,75.0,75.0],0.0002405779],
[[400.0,150.0,150.0],0.0002789536],
[[450.0,1.0,1.0],0.0002925991],
[[450.0,75.0,75.0],0.0002709949],
[[450.0,150.0,150.0],0.0002969103],
[[450.0,200.0,200.0],0.0002940122],
[[500.0,1.0,1.0],0.0003376077],
[[500.0,10.0,10.0],0.0003233901],
[[500.0,75.0,75.0],0.0003460588],
[[500.0,150.0,150.0],0.0003648268],
[[500.0,200.0,200.0],0.0005153506],
[[550.0,1.0,1.0],0.0004697502],
[[550.0,75.0,75.0],0.0004356577],
[[550.0,150.0,150.0],0.0004960328],
[[550.0,200.0,200.0],0.0004303008],
[[550.0,250.0,250.0],0.000431643],
[[600.0,1.0,1.0],0.0005120372],
[[600.0,75.0,75.0],0.0005508269],
[[600.0,150.0,150.0],0.0004389674],
[[600.0,200.0,200.0],0.0005274757],
[[600.0,250.0,250.0],0.0005843849],
[[650.0,1.0,1.0],0.00056527],
[[650.0,75.0,75.0],0.0005597738],
[[650.0,150.0,150.0],0.0005503535],
[[650.0,200.0,200.0],0.000613193],
[[650.0,250.0,250.0],0.0006640619],
[[650.0,300.0,300.0],0.0006094675],
[[700.0,1.0,1.0],0.0005496903],
[[700.0,75.0,75.0],0.0005724035],
[[700.0,150.0,150.0],0.0006316573],
[[700.0,200.0,200.0],0.0005787323],
[[700.0,250.0,250.0],0.0006117275],
[[700.0,300.0,300.0],0.0005482829],
[[750.0,1.0,1.0],0.0006282281],
[[750.0,10.0,10.0],0.0006732545],
[[750.0,75.0,75.0],0.0007031085],
[[750.0,150.0,150.0],0.0006181093],
[[750.0,200.0,200.0],0.0006704685],
[[750.0,250.0,250.0],0.0006902634],
[[750.0,300.0,300.0],0.0006818658],
[[750.0,350.0,350.0],0.0007504871],
[[800.0,1.0,1.0],0.0006266274],
[[800.0,75.0,75.0],0.0006185452],
[[800.0,150.0,150.0],0.0006967249],
[[800.0,200.0,200.0],0.000816834],
[[800.0,250.0,250.0],0.0008040557],
[[800.0,300.0,300.0],0.0007442579],
[[800.0,350.0,350.0],0.0007724696],
[[850.0,1.0,1.0],0.0007187644],
[[850.0,75.0,75.0],0.0007180651],
[[850.0,150.0,150.0],0.0007453692],
[[850.0,200.0,200.0],0.0008090694],
[[850.0,250.0,250.0],0.0007413429],
[[850.0,300.0,300.0],0.0007884957],
[[850.0,350.0,350.0],0.0006992543],
[[850.0,400.0,400.0],0.0007930635],
[[900.0,1.0,1.0],0.0007556342],
[[900.0,75.0,75.0],0.0007888653],
[[900.0,150.0,150.0],0.000759869],
[[900.0,200.0,200.0],0.0008067954],
[[900.0,250.0,250.0],0.0008296974],
[[900.0,300.0,300.0],0.0007178995],
[[900.0,350.0,350.0],0.0007269559],
[[900.0,400.0,400.0],0.0007540269],
[[950.0,1.0,1.0],0.0008590288],
[[950.0,75.0,75.0],0.0008481238],
[[950.0,150.0,150.0],0.0007064096],
[[950.0,200.0,200.0],0.0008266447],
[[950.0,250.0,250.0],0.000896587],
[[950.0,300.0,300.0],0.0008079089],
[[950.0,350.0,350.0],0.0007751954],
[[950.0,400.0,400.0],0.0008230585],
[[950.0,450.0,450.0],0.0008323384],
[[1000.0,1.0,1.0],0.000857253],
[[1000.0,10.0,10.0],0.0008031512],
[[1000.0,75.0,75.0],0.0008357371],
[[1000.0,150.0,150.0],0.0008875159],
[[1000.0,200.0,200.0],0.0007897198],
[[1000.0,250.0,250.0],0.0007803084],
[[1000.0,300.0,300.0],0.000832143],
[[1000.0,350.0,350.0],0.0008087694],
[[1000.0,400.0,400.0],0.0008863864],
[[1000.0,450.0,450.0],0.0009071877],
[[1050.0,1.0,1.0],0.0008106476],
[[1050.0,75.0,75.0],0.0008520131],
[[1050.0,150.0,150.0],0.0009737464],
[[1050.0,200.0,200.0],0.0009315998],
[[1050.0,250.0,250.0],0.0008771079],
[[1050.0,300.0,300.0],0.0008990883],
[[1050.0,350.0,350.0],0.0009906437],
[[1050.0,400.0,400.0],0.0009130656],
[[1050.0,450.0,450.0],0.0008761665],
[[1050.0,500.0,500.0],0.0009157964],
[[1100.0,1.0,1.0],0.0008779701],
[[1100.0,75.0,75.0],0.0008788153],
[[1100.0,150.0,150.0],0.0009608935],
[[1100.0,200.0,200.0],0.0009051909],
[[1100.0,250.0,250.0],0.001014035],
[[1100.0,300.0,300.0],0.0008275819],
[[1100.0,350.0,350.0],0.0008881186],
[[1100.0,400.0,400.0],0.0008683108],
[[1100.0,450.0,450.0],0.0009699753],
[[1100.0,500.0,500.0],0.000976782],
[[1150.0,1.0,1.0],0.0009477823],
[[1150.0,75.0,75.0],0.000879853],
[[1150.0,150.0,150.0],0.0009459036],
[[1150.0,200.0,200.0],0.0009752495],
[[1150.0,250.0,250.0],0.0009853585],
[[1150.0,300.0,300.0],0.001005921],
[[1150.0,350.0,350.0],0.00110515],
[[1150.0,400.0,400.0],0.0009312834],
[[1150.0,450.0,450.0],0.001024248],
[[1150.0,500.0,500.0],0.0009652784],
[[1150.0,550.0,550.0],0.001102375],
[[1200.0,1.0,1.0],0.0009812438],
[[1200.0,75.0,75.0],0.001064113],
[[1200.0,150.0,150.0],0.001063031],
[[1200.0,200.0,200.0],0.001040303],
[[1200.0,250.0,250.0],0.001016017],
[[1200.0,300.0,300.0],0.0008732331],
[[1200.0,350.0,350.0],0.001005265],
[[1200.0,400.0,400.0],0.001039014],
[[1200.0,450.0,450.0],0.001048441],
[[1200.0,500.0,500.0],0.0009376143],
[[1200.0,550.0,550.0],0.0009621627],
[[1250.0,1.0,1.0],0.0009682081],
[[1250.0,10.0,10.0],0.001050801],
[[1250.0,75.0,75.0],0.000967454],
[[1250.0,150.0,150.0],0.0009515463],
[[1250.0,200.0,200.0],0.001015839],
[[1250.0,250.0,250.0],0.0009603277],
[[1250.0,300.0,300.0],0.001029128],
[[1250.0,350.0,350.0],0.001110479],
[[1250.0,400.0,400.0],0.001145755],
[[1250.0,450.0,450.0],0.001076256],
[[1250.0,500.0,500.0],0.001037894],
[[1250.0,550.0,550.0],0.0009886819],
[[1250.0,600.0,600.0],0.0009837814],
[[1300.0,1.0,1.0],0.0009800581],
[[1300.0,75.0,75.0],0.001000092],
[[1300.0,150.0,150.0],0.001025517],
[[1300.0,200.0,200.0],0.001017699],
[[1300.0,250.0,250.0],0.0009658082],
[[1300.0,300.0,300.0],0.001133546],
[[1300.0,350.0,350.0],0.001077145],
[[1300.0,400.0,400.0],0.001096214],
[[1300.0,450.0,450.0],0.0009908405],
[[1300.0,500.0,500.0],0.001031744],
[[1300.0,550.0,550.0],0.001209782],
[[1300.0,600.0,600.0],0.001042824],
[[1350.0,1.0,1.0],0.001027623],
[[1350.0,75.0,75.0],0.001008778],
[[1350.0,150.0,150.0],0.001029029],
[[1350.0,200.0,200.0],0.001084894],
[[1350.0,250.0,250.0],0.001138051],
[[1350.0,300.0,300.0],0.001158432],
[[1350.0,350.0,350.0],0.001049929],
[[1350.0,400.0,400.0],0.001173176],
[[1350.0,450.0,450.0],0.001190111],
[[1350.0,500.0,500.0],0.001013884],
[[1350.0,550.0,550.0],0.001123099],
[[1350.0,600.0,600.0],0.001195045],
[[1350.0,650.0,650.0],0.0009893643],
[[1400.0,1.0,1.0],0.001090859],
[[1400.0,75.0,75.0],0.001131465],
[[1400.0,150.0,150.0],0.00108068],
[[1400.0,200.0,200.0],0.001099216],
[[1400.0,250.0,250.0],0.001126129],
[[1400.0,300.0,300.0],0.001031947],
[[1400.0,350.0,350.0],0.001062977],
[[1400.0,400.0,400.0],0.001051402],
[[1400.0,450.0,450.0],0.0009862709],
[[1400.0,500.0,500.0],0.001030519],
[[1400.0,550.0,550.0],0.00106567],
[[1400.0,600.0,600.0],0.001132891],
[[1400.0,650.0,650.0],0.001179693],
[[1450.0,1.0,1.0],0.001041124],
[[1450.0,75.0,75.0],0.001007689],
[[1450.0,150.0,150.0],0.001074552],
[[1450.0,200.0,200.0],0.001215534],
[[1450.0,250.0,250.0],0.001152609],
[[1450.0,300.0,300.0],0.001057628],
[[1450.0,350.0,350.0],0.001164309],
[[1450.0,400.0,400.0],0.001181765],
[[1450.0,450.0,450.0],0.001128359],
[[1450.0,500.0,500.0],0.00113598],
[[1450.0,550.0,550.0],0.001226574],
[[1450.0,600.0,600.0],0.001186863],
[[1450.0,650.0,650.0],0.001105329],
[[1450.0,700.0,700.0],0.001371174],
[[1500.0,1.0,1.0],0.001086583],
[[1500.0,10.0,10.0],0.001022981],
[[1500.0,75.0,75.0],0.001162055],
[[1500.0,150.0,150.0],0.001135137],
[[1500.0,200.0,200.0],0.001130615],
[[1500.0,250.0,250.0],0.001186811],
[[1500.0,300.0,300.0],0.001055089],
[[1500.0,350.0,350.0],0.001192846],
[[1500.0,400.0,400.0],0.001158948],
[[1500.0,450.0,450.0],0.00110238],
[[1500.0,500.0,500.0],0.001102103],
[[1500.0,550.0,550.0],0.001276483],
[[1500.0,600.0,600.0],0.001114264],
[[1500.0,650.0,650.0],0.00119326],
[[1500.0,700.0,700.0],0.001263204],
[[1500.0,750.0,750.0],0.001182434],
[[1550.0,1.0,1.0],0.001122909],
[[1550.0,75.0,75.0],0.001148967],
[[1550.0,150.0,150.0],0.001108312],
[[1550.0,200.0,200.0],0.001070219],
[[1550.0,250.0,250.0],0.001086914],
[[1550.0,300.0,300.0],0.0009693666],
[[1550.0,350.0,350.0],0.001179713],
[[1550.0,400.0,400.0],0.001121894],
[[1550.0,450.0,450.0],0.001128849],
[[1550.0,500.0,500.0],0.00105768],
[[1550.0,550.0,550.0],0.001126069],
[[1550.0,600.0,600.0],0.001341474],
[[1550.0,650.0,650.0],0.00127449],
[[1550.0,700.0,700.0],0.001252161],
[[1550.0,750.0,750.0],0.001188583],
[[1600.0,1.0,1.0],0.001141748],
[[1600.0,75.0,75.0],0.001129693],
[[1600.0,150.0,150.0],0.001247977],
[[1600.0,200.0,200.0],0.001097853],
[[1600.0,250.0,250.0],0.001115215],
[[1600.0,300.0,300.0],0.001084886],
[[1600.0,350.0,350.0],0.001175776],
[[1600.0,400.0,400.0],0.001219049],
[[1600.0,450.0,450.0],0.001271018],
[[1600.0,500.0,500.0],0.001080238],
[[1600.0,550.0,550.0],0.001166426],
[[1600.0,600.0,600.0],0.001149854],
[[1600.0,650.0,650.0],0.001206066],
[[1600.0,700.0,700.0],0.001138854],
[[1600.0,750.0,750.0],0.00113013],
[[1650.0,1.0,1.0],0.001163653],
[[1650.0,75.0,75.0],0.001121209],
[[1650.0,150.0,150.0],0.001185908],
[[1650.0,200.0,200.0],0.001072125],
[[1650.0,250.0,250.0],0.001097361],
[[1650.0,300.0,300.0],0.001099815],
[[1650.0,350.0,350.0],0.001154928],
[[1650.0,400.0,400.0],0.001143303],
[[1650.0,450.0,450.0],0.001224685],
[[1650.0,500.0,500.0],0.001246908],
[[1650.0,550.0,550.0],0.001187002],
[[1650.0,600.0,600.0],0.001356867],
[[1650.0,650.0,650.0],0.001269447],
[[1650.0,700.0,700.0],0.001156743],
[[1650.0,750.0,750.0],0.001209527],
[[1650.0,800.0,800.0],0.001260522],
[[1700.0,1.0,1.0],0.001208966],
[[1700.0,75.0,75.0],0.001141958],
[[1700.0,150.0,150.0],0.001138534],
[[1700.0,200.0,200.0],0.001227485],
[[1700.0,250.0,250.0],0.001064679],
[[1700.0,300.0,300.0],0.001227981],
[[1700.0,350.0,350.0],0.001188532],
[[1700.0,400.0,400.0],0.001230553],
[[1700.0,450.0,450.0],0.00107503],
[[1700.0,500.0,500.0],0.001175428],
[[1700.0,550.0,550.0],0.001123023],
[[1700.0,600.0,600.0],0.001349115],
[[1700.0,650.0,650.0],0.001112476],
[[1700.0,700.0,700.0],0.001269088],
[[1700.0,750.0,750.0],0.001229052],
[[1700.0,800.0,800.0],0.001333849],
[[1750.0,1.0,1.0],0.001128887],
[[1750.0,10.0,10.0],0.001146014],
[[1750.0,75.0,75.0],0.001178961],
[[1750.0,150.0,150.0],0.001229173],
[[1750.0,200.0,200.0],0.001311095],
[[1750.0,250.0,250.0],0.001217389],
[[1750.0,300.0,300.0],0.001281492],
[[1750.0,350.0,350.0],0.001185205],
[[1750.0,400.0,400.0],0.001243553],
[[1750.0,450.0,450.0],0.001242573],
[[1750.0,500.0,500.0],0.001246835],
[[1750.0,550.0,550.0],0.001255521],
[[1750.0,600.0,600.0],0.001248241],
[[1750.0,650.0,650.0],0.001192594],
[[1750.0,700.0,700.0],0.001137332],
[[1750.0,750.0,750.0],0.001257101],
[[1750.0,800.0,800.0],0.001339784],
[[1750.0,850.0,850.0],0.001270996],
[[1800.0,1.0,1.0],0.001232593],
[[1800.0,75.0,75.0],0.001224863],
[[1800.0,150.0,150.0],0.001099083],
[[1800.0,200.0,200.0],0.001310877],
[[1800.0,250.0,250.0],0.001252522],
[[1800.0,300.0,300.0],0.001157252],
[[1800.0,350.0,350.0],0.00115043],
[[1800.0,400.0,400.0],0.001185304],
[[1800.0,450.0,450.0],0.001393313],
[[1800.0,500.0,500.0],0.00119364],
[[1800.0,550.0,550.0],0.00125912],
[[1800.0,600.0,600.0],0.001328931],
[[1800.0,650.0,650.0],0.001458556],
[[1800.0,700.0,700.0],0.001243628],
[[1800.0,750.0,750.0],0.001162272],
[[1800.0,800.0,800.0],0.001360008],
[[1800.0,850.0,850.0],0.001311281],
[[1850.0,1.0,1.0],0.001233585],
[[1850.0,75.0,75.0],0.001187918],
[[1850.0,150.0,150.0],0.001395137],
[[1850.0,200.0,200.0],0.001225634],
[[1850.0,250.0,250.0],0.001297516],
[[1850.0,300.0,300.0],0.001243374],
[[1850.0,350.0,350.0],0.001218357],
[[1850.0,400.0,400.0],0.001285557],
[[1850.0,450.0,450.0],0.001447392],
[[1850.0,500.0,500.0],0.001261102],
[[1850.0,550.0,550.0],0.001290209],
[[1850.0,600.0,600.0],0.001365786],
[[1850.0,650.0,650.0],0.001306738],
[[1850.0,700.0,700.0],0.001238218],
[[1850.0,750.0,750.0],0.001273204],
[[1850.0,800.0,800.0],0.001233106],
[[1850.0,850.0,850.0],0.001407588],
[[1850.0,900.0,900.0],0.001292218],
[[1900.0,1.0,1.0],0.001195364],
[[1900.0,75.0,75.0],0.001176535],
[[1900.0,150.0,150.0],0.001241276],
[[1900.0,200.0,200.0],0.001322799],
[[1900.0,250.0,250.0],0.001268488],
[[1900.0,300.0,300.0],0.001215866],
[[1900.0,350.0,350.0],0.001171609],
[[1900.0,400.0,400.0],0.001272245],
[[1900.0,450.0,450.0],0.001276672],
[[1900.0,500.0,500.0],0.001224347],
[[1900.0,550.0,550.0],0.0012072],
[[1900.0,600.0,600.0],0.001295284],
[[1900.0,650.0,650.0],0.001304376],
[[1900.0,700.0,700.0],0.001440368],
[[1900.0,750.0,750.0],0.001308267],
[[1900.0,800.0,800.0],0.001248476],
[[1900.0,850.0,850.0],0.00130139],
[[1900.0,900.0,900.0],0.001468266],
[[1950.0,1.0,1.0],0.001206479],
[[1950.0,75.0,75.0],0.001277237],
[[1950.0,150.0,150.0],0.001286721],
[[1950.0,200.0,200.0],0.001286392],
[[1950.0,250.0,250.0],0.001245134],
[[1950.0,300.0,300.0],0.001336602],
[[1950.0,350.0,350.0],0.001158488],
[[1950.0,400.0,400.0],0.001215067],
[[1950.0,450.0,450.0],0.001212088],
[[1950.0,500.0,500.0],0.001384541],
[[1950.0,550.0,550.0],0.001275258],
[[1950.0,600.0,600.0],0.001222169],
[[1950.0,650.0,650.0],0.001415302],
[[1950.0,700.0,700.0],0.001261654],
[[1950.0,750.0,750.0],0.001370469],
[[1950.0,800.0,800.0],0.001366519],
[[1950.0,850.0,850.0],0.001197815],
[[1950.0,900.0,900.0],0.001391653],
[[1950.0,950.0,950.0],0.001457638],
[[2000.0,1.0,1.0],0.001300578],
[[2000.0,75.0,75.0],0.001289494],
[[2000.0,150.0,150.0],0.001294385],
[[2000.0,200.0,200.0],0.0013521],
[[2000.0,250.0,250.0],0.001088984],
[[2000.0,300.0,300.0],0.001267361],
[[2000.0,350.0,350.0],0.001213723],
[[2000.0,400.0,400.0],0.001451681],
[[2000.0,450.0,450.0],0.001359186],
[[2000.0,500.0,500.0],0.001242415],
[[2000.0,550.0,550.0],0.0010984],
[[2000.0,600.0,600.0],0.001460062],
[[2000.0,650.0,650.0],0.001373412],
[[2000.0,700.0,700.0],0.001319353],
[[2000.0,750.0,750.0],0.001320874],
[[2000.0,800.0,800.0],0.001417128],
[[2000.0,850.0,850.0],0.001405814],
[[2000.0,900.0,900.0],0.001323348],
[[2000.0,950.0,950.0],0.001326404],
[[2250.0,1.0,1.0],0.00129349],
[[2250.0,75.0,75.0],0.001353801],
[[2250.0,150.0,150.0],0.001503882],
[[2250.0,300.0,300.0],0.001366293],
[[2250.0,500.0,500.0],0.001321995],
[[2250.0,750.0,750.0],0.001328937],
[[2250.0,1000.0,1000.0],0.00125053],
[[2500.0,1.0,1.0],0.00133722],
[[2500.0,75.0,75.0],0.001338188],
[[2500.0,150.0,150.0],0.001364509],
[[2500.0,300.0,300.0],0.001369656],
[[2500.0,500.0,500.0],0.001406318],
[[2500.0,750.0,750.0],0.001391184],
[[2500.0,1000.0,1000.0],0.001468235],
[[2500.0,1200.0,1200.0],0.001498001],
[[2750.0,1.0,1.0],0.001441433],
[[2750.0,75.0,75.0],0.001361229],
[[2750.0,150.0,150.0],0.001386637],
[[2750.0,300.0,300.0],0.001432901],
[[2750.0,500.0,500.0],0.001380952],
[[2750.0,750.0,750.0],0.001482027],
[[2750.0,1000.0,1000.0],0.001488965],
[[2750.0,1200.0,1200.0],0.001397174],
[[3000.0,1.0,1.0],0.001319309],
[[3000.0,75.0,75.0],0.001376305],
[[3000.0,150.0,150.0],0.001522134],
[[3000.0,300.0,300.0],0.001483607],
[[3000.0,500.0,500.0],0.001504694],
[[3000.0,750.0,750.0],0.001450172],
[[3000.0,1000.0,1000.0],0.001478116],
[[3000.0,1200.0,1200.0],0.001585435],
[[3000.0,1400.0,1400.0],0.001430444]]
