txName: TRV1
constraint: {(PV > Zprime(1)), (Zprime(1) > MET(2),MET(3))}
condition: None
conditionDescription: None
figureUrl: None
source: Recast by CM2
validated: True
axesMap: [{0: 'x', 1: 'y', 2: 'y'}]
dataMap: {0: (1, 'mass', GeV), 1: (2, 'mass', GeV), 2: (3, 'mass', GeV)}
finalState: ['MET', 'MET']
intermediateState: None
efficiencyMap: [[[50.0,0,0],0.0],
[[50.0,1.0,1.0],0.0],
[[50.0,10.0,10.0],0.0],
[[50.0,20.0,20.0],0.0],
[[100.0,0,0],0.0],
[[100.0,1.0,1.0],0.0],
[[100.0,10.0,10.0],0],
[[150.0,0,0],0],
[[150.0,1.0,1.0],0],
[[150.0,10.0,10.0],0],
[[150.0,50.0,50.0],0],
[[150.0,70.0,70.0],0],
[[200.0,0,0],0],
[[200.0,1.0,1.0],0],
[[200.0,10.0,10.0],0],
[[200.0,50.0,50.0],0],
[[200.0,75.0,75.0],0],
[[250.0,0,0],0],
[[250.0,1.0,1.0],0],
[[250.0,10.0,10.0],0],
[[250.0,50.0,50.0],0],
[[250.0,75.0,75.0],0],
[[250.0,100.0,100.0],0],
[[250.0,120.0,120.0],0],
[[300.0,0,0],0],
[[300.0,1.0,1.0],0],
[[300.0,10.0,10.0],0],
[[300.0,50.0,50.0],0],
[[300.0,75.0,75.0],0],
[[300.0,100.0,100.0],0],
[[350.0,0,0],0],
[[350.0,1.0,1.0],0],
[[350.0,10.0,10.0],0],
[[350.0,50.0,50.0],0],
[[350.0,75.0,75.0],0],
[[350.0,100.0,100.0],0],
[[350.0,150.0,150.0],0],
[[350.0,170.0,170.0],0],
[[400.0,0,0],0],
[[400.0,1.0,1.0],0],
[[400.0,10.0,10.0],0],
[[400.0,50.0,50.0],0],
[[400.0,75.0,75.0],0],
[[400.0,100.0,100.0],0],
[[400.0,150.0,150.0],0],
[[450.0,0,0],0],
[[450.0,1.0,1.0],0],
[[450.0,10.0,10.0],1.856541e-06],
[[450.0,50.0,50.0],0],
[[450.0,75.0,75.0],0],
[[450.0,100.0,100.0],0],
[[450.0,150.0,150.0],0],
[[450.0,200.0,200.0],1.939703e-06],
[[450.0,220.0,220.0],0],
[[500.0,0,0],1.798128e-06],
[[500.0,1.0,1.0],0],
[[500.0,10.0,10.0],1.944478e-06],
[[500.0,50.0,50.0],0],
[[500.0,75.0,75.0],0],
[[500.0,100.0,100.0],2.03485e-06],
[[500.0,150.0,150.0],0],
[[500.0,200.0,200.0],0],
[[550.0,1.0,1.0],2.34264e-06],
[[550.0,10.0,10.0],2.150194e-06],
[[550.0,75.0,75.0],3.06671e-06],
[[550.0,150.0,150.0],3.07276e-06],
[[550.0,200.0,200.0],3.07738e-06],
[[550.0,250.0,250.0],2.507888e-06],
[[550.0,270.0,270.0],3.533743e-06],
[[600.0,0,0],2.679657e-06],
[[600.0,1.0,1.0],2.692936e-06],
[[600.0,10.0,10.0],3.284917e-06],
[[600.0,50.0,50.0],2.597213e-06],
[[600.0,75.0,75.0],5.109568e-06],
[[600.0,100.0,100.0],2.614794e-06],
[[600.0,150.0,150.0],3.919782e-06],
[[600.0,200.0,200.0],4.172551e-06],
[[600.0,250.0,250.0],3.49676e-06],
[[600.0,295.0,295.0],3.310036e-06],
[[650.0,1.0,1.0],4.425571e-06],
[[650.0,10.0,10.0],2.307013e-06],
[[650.0,75.0,75.0],5.136197e-06],
[[650.0,150.0,150.0],3.865502e-06],
[[650.0,200.0,200.0],4.680217e-06],
[[650.0,250.0,250.0],3.950084e-06],
[[650.0,300.0,300.0],5.286629e-06],
[[650.0,320.0,320.0],5.662034e-06],
[[700.0,0,0],4.426418e-06],
[[700.0,1.0,1.0],2.512575e-06],
[[700.0,10.0,10.0],3.743605e-06],
[[700.0,50.0,50.0],4.933594e-06],
[[700.0,75.0,75.0],4.230253e-06],
[[700.0,100.0,100.0],2.813542e-06],
[[700.0,150.0,150.0],1.14709e-05],
[[700.0,200.0,200.0],6.411133e-06],
[[700.0,250.0,250.0],4.888667e-06],
[[700.0,300.0,300.0],2.897293e-06],
[[750.0,1.0,1.0],5.248514e-06],
[[750.0,10.0,10.0],7.320486e-06],
[[750.0,75.0,75.0],6.514658e-06],
[[750.0,150.0,150.0],7.223831e-06],
[[750.0,200.0,200.0],6.502027e-06],
[[750.0,250.0,250.0],9.062408e-06],
[[750.0,300.0,300.0],6.57692e-06],
[[750.0,350.0,350.0],7.60603e-06],
[[750.0,370.0,370.0],7.322791e-06],
[[800.0,0,0],5.589843e-06],
[[800.0,1.0,1.0],5.569136e-06],
[[800.0,10.0,10.0],7.137744e-06],
[[800.0,50.0,50.0],7.844112e-06],
[[800.0,75.0,75.0],7.458387e-06],
[[800.0,100.0,100.0],6.099057e-06],
[[800.0,150.0,150.0],1.024528e-05],
[[800.0,200.0,200.0],7.908881e-06],
[[800.0,250.0,250.0],6.775245e-06],
[[800.0,300.0,300.0],7.043713e-06],
[[800.0,350.0,350.0],6.78299e-06],
[[850.0,1.0,1.0],7.033639e-06],
[[850.0,10.0,10.0],7.667294e-06],
[[850.0,75.0,75.0],6.33153e-06],
[[850.0,150.0,150.0],9.559113e-06],
[[850.0,200.0,200.0],8.81232e-06],
[[850.0,250.0,250.0],9.512761e-06],
[[850.0,300.0,300.0],9.40688e-06],
[[850.0,350.0,350.0],9.883345e-06],
[[850.0,400.0,400.0],1.18972e-05],
[[850.0,420.0,420.0],8.35191e-06],
[[900.0,0,0],9.300351e-06],
[[900.0,1.0,1.0],9.182245e-06],
[[900.0,10.0,10.0],8.315755e-06],
[[900.0,50.0,50.0],8.725284e-06],
[[900.0,75.0,75.0],9.97003e-06],
[[900.0,100.0,100.0],1.087084e-05],
[[900.0,150.0,150.0],9.394489e-06],
[[900.0,200.0,200.0],9.761261e-06],
[[900.0,250.0,250.0],9.818528e-06],
[[900.0,300.0,300.0],1.164899e-05],
[[900.0,350.0,350.0],7.903842e-06],
[[900.0,400.0,400.0],1.550666e-05],
[[950.0,1.0,1.0],1.288782e-05],
[[950.0,10.0,10.0],1.173436e-05],
[[950.0,75.0,75.0],8.549412e-06],
[[950.0,150.0,150.0],9.234528e-06],
[[950.0,200.0,200.0],1.246848e-05],
[[950.0,250.0,250.0],8.67281e-06],
[[950.0,300.0,300.0],9.081416e-06],
[[950.0,350.0,350.0],1.308818e-05],
[[950.0,400.0,400.0],1.308551e-05],
[[950.0,450.0,450.0],1.074334e-05],
[[950.0,470.0,470.0],1.538894e-05],
[[1000.0,0,0],1.200641e-05],
[[1000.0,50.0,50.0],1.255067e-05],
[[1000.0,100.0,100.0],9.401974e-06],
[[1000.0,150.0,150.0],1.213023e-05],
[[1000.0,200.0,200.0],9.261299e-06],
[[1000.0,250.0,250.0],1.3289e-05],
[[1000.0,300.0,300.0],1.271577e-05],
[[1000.0,350.0,350.0],1.482017e-05],
[[1000.0,400.0,400.0],9.976137e-06],
[[1000.0,450.0,450.0],1.282309e-05],
[[1050.0,520.0,520.0],1.645309e-05],
[[1100.0,0,0],1.592968e-05],
[[1100.0,100.0,100.0],1.701307e-05],
[[1100.0,200.0,200.0],1.898602e-05],
[[1100.0,300.0,300.0],1.607021e-05],
[[1100.0,400.0,400.0],1.147249e-05],
[[1100.0,500.0,500.0],1.420126e-05],
[[1150.0,570.0,570.0],2.184865e-05],
[[1200.0,0,0],1.986036e-05],
[[1200.0,100.0,100.0],1.839086e-05],
[[1200.0,200.0,200.0],1.780032e-05],
[[1200.0,300.0,300.0],2.159669e-05],
[[1200.0,400.0,400.0],1.989925e-05],
[[1200.0,500.0,500.0],1.883661e-05],
[[1250.0,620.0,620.0],2.260684e-05],
[[1300.0,0,0],2.153758e-05],
[[1300.0,100.0,100.0],2.41667e-05],
[[1300.0,200.0,200.0],2.883985e-05],
[[1300.0,300.0,300.0],1.631545e-05],
[[1300.0,400.0,400.0],2.183683e-05],
[[1300.0,500.0,500.0],2.770643e-05],
[[1300.0,600.0,600.0],2.409455e-05],
[[1350.0,670.0,670.0],2.966321e-05],
[[1400.0,0,0],2.570207e-05],
[[1400.0,100.0,100.0],2.35059e-05],
[[1400.0,200.0,200.0],2.773427e-05],
[[1400.0,300.0,300.0],2.470169e-05],
[[1400.0,400.0,400.0],3.135811e-05],
[[1400.0,500.0,500.0],2.492915e-05],
[[1400.0,600.0,600.0],2.476342e-05],
[[1450.0,720.0,720.0],2.901833e-05],
[[1500.0,0,0],3.286043e-05],
[[1500.0,100.0,100.0],2.741217e-05],
[[1500.0,200.0,200.0],2.588975e-05],
[[1500.0,300.0,300.0],2.329353e-05],
[[1500.0,400.0,400.0],2.890508e-05],
[[1500.0,500.0,500.0],2.985577e-05],
[[1500.0,600.0,600.0],2.916276e-05],
[[1500.0,700.0,700.0],3.257182e-05],
[[1550.0,770.0,770.0],3.453782e-05],
[[1600.0,0,0],2.447356e-05],
[[1600.0,100.0,100.0],3.098491e-05],
[[1600.0,200.0,200.0],3.322872e-05],
[[1600.0,300.0,300.0],2.752108e-05],
[[1600.0,400.0,400.0],3.076079e-05],
[[1600.0,500.0,500.0],3.60558e-05],
[[1600.0,600.0,600.0],3.591556e-05],
[[1600.0,700.0,700.0],3.461585e-05],
[[1650.0,820.0,820.0],3.612121e-05],
[[1700.0,0,0],3.261241e-05],
[[1700.0,100.0,100.0],2.950733e-05],
[[1700.0,200.0,200.0],3.111025e-05],
[[1700.0,300.0,300.0],3.36648e-05],
[[1700.0,400.0,400.0],4.226046e-05],
[[1700.0,500.0,500.0],3.297354e-05],
[[1700.0,600.0,600.0],3.886901e-05],
[[1700.0,700.0,700.0],5.451037e-05],
[[1700.0,800.0,800.0],4.791756e-05],
[[1750.0,870.0,870.0],4.979271e-05],
[[1800.0,0,0],4.397427e-05],
[[1800.0,100.0,100.0],4.315985e-05],
[[1800.0,200.0,200.0],4.627461e-05],
[[1800.0,300.0,300.0],4.177961e-05],
[[1800.0,400.0,400.0],4.964475e-05],
[[1800.0,500.0,500.0],4.206082e-05],
[[1800.0,600.0,600.0],3.774315e-05],
[[1800.0,700.0,700.0],4.640992e-05],
[[1800.0,800.0,800.0],3.935457e-05],
[[1850.0,920.0,920.0],3.926879e-05],
[[1900.0,0,0],3.56805e-05],
[[1900.0,100.0,100.0],3.553559e-05],
[[1900.0,200.0,200.0],3.811936e-05],
[[1900.0,300.0,300.0],3.52929e-05],
[[1900.0,400.0,400.0],3.95925e-05],
[[1900.0,500.0,500.0],4.76989e-05],
[[1900.0,600.0,600.0],4.459681e-05],
[[1900.0,700.0,700.0],5.289407e-05],
[[1900.0,800.0,800.0],4.958991e-05],
[[1900.0,900.0,900.0],3.519278e-05],
[[1950.0,970.0,970.0],6.246473e-05],
[[2000.0,0,0],4.373451e-05],
[[2000.0,100.0,100.0],3.71417e-05],
[[2000.0,200.0,200.0],4.051635e-05],
[[2000.0,300.0,300.0],3.88615e-05],
[[2000.0,400.0,400.0],5.20253e-05],
[[2000.0,500.0,500.0],5.178751e-05],
[[2000.0,600.0,600.0],5.853647e-05],
[[2000.0,700.0,700.0],5.056919e-05],
[[2000.0,800.0,800.0],3.787305e-05],
[[2000.0,900.0,900.0],3.832361e-05],
[[2050.0,1020.0,1020.0],4.118133e-05],
[[2100.0,0,0],3.928335e-05],
[[2100.0,100.0,100.0],3.990092e-05],
[[2100.0,200.0,200.0],5.761405e-05],
[[2100.0,300.0,300.0],4.033175e-05],
[[2100.0,400.0,400.0],5.168301e-05],
[[2100.0,500.0,500.0],4.037295e-05],
[[2100.0,600.0,600.0],5.062487e-05],
[[2100.0,700.0,700.0],5.663303e-05],
[[2100.0,800.0,800.0],4.633727e-05],
[[2100.0,900.0,900.0],4.006603e-05],
[[2100.0,1000.0,1000.0],5.677789e-05],
[[2150.0,1070.0,1070.0],4.325845e-05],
[[2200.0,0,0],4.705501e-05],
[[2200.0,100.0,100.0],5.289564e-05],
[[2200.0,200.0,200.0],4.396598e-05],
[[2200.0,300.0,300.0],4.362942e-05],
[[2200.0,400.0,400.0],4.854262e-05],
[[2200.0,500.0,500.0],5.25599e-05],
[[2200.0,600.0,600.0],5.507715e-05],
[[2200.0,700.0,700.0],5.484271e-05],
[[2200.0,800.0,800.0],5.49484e-05],
[[2200.0,900.0,900.0],4.615962e-05],
[[2200.0,1000.0,1000.0],4.590659e-05],
[[2250.0,1120.0,1120.0],5.477905e-05],
[[2300.0,0,0],5.129427e-05],
[[2300.0,100.0,100.0],4.984433e-05],
[[2300.0,200.0,200.0],5.306064e-05],
[[2300.0,300.0,300.0],6.027889e-05],
[[2300.0,400.0,400.0],5.507673e-05],
[[2300.0,500.0,500.0],5.723676e-05],
[[2300.0,600.0,600.0],6.420994e-05],
[[2300.0,700.0,700.0],5.959325e-05],
[[2300.0,800.0,800.0],5.603616e-05],
[[2300.0,900.0,900.0],4.593726e-05],
[[2300.0,1000.0,1000.0],5.835574e-05],
[[2300.0,1100.0,1100.0],5.317735e-05],
[[2350.0,1170.0,1170.0],5.782806e-05],
[[2400.0,0,0],5.626292e-05],
[[2400.0,100.0,100.0],5.39776e-05],
[[2400.0,200.0,200.0],5.14441e-05],
[[2400.0,300.0,300.0],5.249583e-05],
[[2400.0,400.0,400.0],5.094496e-05],
[[2400.0,500.0,500.0],5.385017e-05],
[[2400.0,600.0,600.0],5.410877e-05],
[[2400.0,700.0,700.0],6.238182e-05],
[[2400.0,800.0,800.0],6.009265e-05],
[[2400.0,900.0,900.0],6.137879e-05],
[[2400.0,1000.0,1000.0],4.7338e-05],
[[2400.0,1100.0,1100.0],6.748856e-05],
[[2450.0,1220.0,1220.0],6.077354e-05],
[[2500.0,0,0],5.599613e-05],
[[2500.0,100.0,100.0],5.701629e-05],
[[2500.0,200.0,200.0],6.25576e-05],
[[2500.0,300.0,300.0],5.742957e-05],
[[2500.0,400.0,400.0],5.801773e-05],
[[2500.0,500.0,500.0],4.65526e-05],
[[2500.0,600.0,600.0],5.032476e-05],
[[2500.0,700.0,700.0],7.507292e-05],
[[2500.0,800.0,800.0],5.188307e-05],
[[2500.0,900.0,900.0],8.228154e-05],
[[2500.0,1000.0,1000.0],5.649224e-05],
[[2500.0,1100.0,1100.0],5.61464e-05],
[[2500.0,1200.0,1200.0],6.368863e-05],
[[2550.0,1270.0,1270.0],7.896519e-05],
[[2600.0,0,0],5.199668e-05],
[[2600.0,100.0,100.0],4.611149e-05],
[[2600.0,200.0,200.0],5.305624e-05],
[[2600.0,300.0,300.0],5.071241e-05],
[[2600.0,400.0,400.0],5.470372e-05],
[[2600.0,500.0,500.0],6.109107e-05],
[[2600.0,600.0,600.0],5.285016e-05],
[[2600.0,700.0,700.0],7.515277e-05],
[[2600.0,800.0,800.0],7.162675e-05],
[[2600.0,900.0,900.0],5.626089e-05],
[[2600.0,1000.0,1000.0],6.846052e-05],
[[2600.0,1100.0,1100.0],5.947213e-05],
[[2600.0,1200.0,1200.0],6.827314e-05],
[[2650.0,1320.0,1320.0],6.051348e-05],
[[2700.0,0,0],7.015205e-05],
[[2700.0,100.0,100.0],4.611872e-05],
[[2700.0,200.0,200.0],5.13722e-05],
[[2700.0,300.0,300.0],5.057068e-05],
[[2700.0,400.0,400.0],6.318683e-05],
[[2700.0,500.0,500.0],5.876666e-05],
[[2700.0,600.0,600.0],5.570906e-05],
[[2700.0,700.0,700.0],6.330801e-05],
[[2700.0,800.0,800.0],6.179806e-05],
[[2700.0,900.0,900.0],6.800944e-05],
[[2700.0,1000.0,1000.0],6.863885e-05],
[[2700.0,1100.0,1100.0],6.274e-05],
[[2700.0,1200.0,1200.0],5.811842e-05],
[[2700.0,1300.0,1300.0],5.430037e-05],
[[2750.0,1370.0,1370.0],7.343329e-05],
[[2800.0,0,0],4.551829e-05],
[[2800.0,100.0,100.0],5.68333e-05],
[[2800.0,200.0,200.0],6.72093e-05],
[[2800.0,300.0,300.0],5.329524e-05],
[[2800.0,400.0,400.0],8.26978e-05],
[[2800.0,500.0,500.0],5.470596e-05],
[[2800.0,600.0,600.0],6.161208e-05],
[[2800.0,700.0,700.0],6.272043e-05],
[[2800.0,800.0,800.0],6.810171e-05],
[[2800.0,900.0,900.0],6.384604e-05],
[[2800.0,1000.0,1000.0],6.881568e-05],
[[2800.0,1100.0,1100.0],6.179603e-05],
[[2800.0,1200.0,1200.0],7.084642e-05],
[[2800.0,1300.0,1300.0],5.701952e-05],
[[2850.0,1420.0,1420.0],6.451098e-05],
[[2900.0,0,0],5.385362e-05],
[[2900.0,100.0,100.0],5.512165e-05],
[[2900.0,200.0,200.0],5.601569e-05],
[[2900.0,300.0,300.0],6.125082e-05],
[[2900.0,400.0,400.0],6.872027e-05],
[[2900.0,500.0,500.0],0.0001136502],
[[2900.0,600.0,600.0],6.498293e-05],
[[2900.0,700.0,700.0],6.35419e-05],
[[2900.0,800.0,800.0],7.993338e-05],
[[2900.0,900.0,900.0],3.564337e-05],
[[2900.0,1000.0,1000.0],6.9097e-05],
[[2900.0,1100.0,1100.0],6.628776e-05],
[[2900.0,1200.0,1200.0],6.060668e-05],
[[2900.0,1300.0,1300.0],6.408225e-05],
[[2900.0,1400.0,1400.0],7.643138e-05],
[[2950.0,1470.0,1470.0],6.066716e-05],
[[3000.0,0,0],5.042073e-05],
[[3000.0,100.0,100.0],6.134604e-05],
[[3000.0,200.0,200.0],4.485218e-05],
[[3000.0,300.0,300.0],6.294863e-05],
[[3000.0,400.0,400.0],5.941026e-05],
[[3000.0,500.0,500.0],6.655556e-05],
[[3000.0,600.0,600.0],6.602925e-05],
[[3000.0,700.0,700.0],7.351387e-05],
[[3000.0,800.0,800.0],6.768418e-05],
[[3000.0,900.0,900.0],6.796912e-05],
[[3000.0,1000.0,1000.0],6.742813e-05],
[[3000.0,1100.0,1100.0],8.284038e-05],
[[3000.0,1200.0,1200.0],6.223933e-05],
[[3000.0,1300.0,1300.0],7.888762e-05],
[[3000.0,1400.0,1400.0],6.610883e-05]]
