txName: TRS1
constraint: {(PV > H0(1)), (H0(1) > MET(2),MET(3))}
condition: None
conditionDescription: None
figureUrl: https://cms-results.web.cern.ch/cms-results/public-results/publications/EXO-20-004/CMS-EXO-20-004_Figure_009-a.png
source: https://doi.org/10.5281/zenodo.13324003
validated: True
axesMap: [{0: 'x', 1: '1.0', 2: '1.0'}, {0: 'x', 1: 'y', 2: 'y'}]
dataMap: {0: (1, 'mass', GeV), 1: (2, 'mass', GeV), 2: (3, 'mass', GeV)}
finalState: ['MET', 'MET']
intermediateState: None
efficiencyMap: [[[100.0,1.0,1.0],4.341792e-05],
[[100.0,10.0,10.0],4.537264e-05],
[[150.0,1.0,1.0],9.184896e-05],
[[150.0,50.0,50.0],8.477988e-05],
[[200.0,1.0,1.0],0.000147848],
[[200.0,50.0,50.0],0.0001297923],
[[200.0,100.0,100.0],0.0002174769],
[[250.0,1.0,1.0],0.0002019209],
[[250.0,10.0,10.0],0.0002062996],
[[250.0,50.0,50.0],0.000175561],
[[250.0,100.0,100.0],0.0001907788],
[[300.0,1.0,1.0],0.0002330017],
[[300.0,50.0,50.0],0.0002260101],
[[300.0,100.0,100.0],0.0002201906],
[[350.0,1.0,1.0],0.0002634264],
[[350.0,50.0,50.0],0.0002428958],
[[350.0,100.0,100.0],0.0002595159],
[[350.0,150.0,150.0],0.0002677873],
[[400.0,1.0,1.0],0.0003461163],
[[400.0,50.0,50.0],0.0002637382],
[[400.0,100.0,100.0],0.0003102182],
[[400.0,150.0,150.0],0.0002647979],
[[450.0,1.0,1.0],0.0003995971],
[[450.0,50.0,50.0],0.0004076247],
[[450.0,100.0,100.0],0.0004042763],
[[450.0,150.0,150.0],0.0003573329],
[[450.0,200.0,200.0],0.0003705993],
[[500.0,1.0,1.0],0.0004650652],
[[500.0,10.0,10.0],0.0004862042],
[[500.0,50.0,50.0],0.0004629872],
[[500.0,100.0,100.0],0.0005262482],
[[500.0,150.0,150.0],0.0005258391],
[[500.0,200.0,200.0],0.0005478528],
[[550.0,1.0,1.0],0.0005608952],
[[550.0,50.0,50.0],0.0006253647],
[[550.0,100.0,100.0],0.0006413718],
[[550.0,150.0,150.0],0.000655706],
[[550.0,200.0,200.0],0.000651301],
[[550.0,250.0,250.0],0.0007592048],
[[600.0,1.0,1.0],0.0008507288],
[[600.0,50.0,50.0],0.0007991028],
[[600.0,100.0,100.0],0.0007160405],
[[600.0,150.0,150.0],0.0006796464],
[[600.0,200.0,200.0],0.0008528609],
[[600.0,250.0,250.0],0.0007406728],
[[650.0,1.0,1.0],0.0009115363],
[[650.0,50.0,50.0],0.0007691241],
[[650.0,100.0,100.0],0.0009141296],
[[650.0,150.0,150.0],0.0009698036],
[[650.0,200.0,200.0],0.0009765126],
[[650.0,250.0,250.0],0.0008466469],
[[650.0,300.0,300.0],0.001048813],
[[700.0,1.0,1.0],0.001031363],
[[700.0,50.0,50.0],0.0009555007],
[[700.0,100.0,100.0],0.0009309295],
[[700.0,150.0,150.0],0.00104701],
[[700.0,200.0,200.0],0.000946861],
[[700.0,250.0,250.0],0.001044693],
[[700.0,300.0,300.0],0.001703455],
[[750.0,1.0,1.0],0.001203629],
[[750.0,10.0,10.0],0.001096331],
[[750.0,50.0,50.0],0.001094329],
[[750.0,100.0,100.0],0.001187385],
[[750.0,150.0,150.0],0.001422585],
[[750.0,200.0,200.0],0.001111635],
[[750.0,250.0,250.0],0.001110838],
[[750.0,300.0,300.0],0.001419652],
[[750.0,350.0,350.0],0.001370458],
[[800.0,1.0,1.0],0.001231756],
[[800.0,150.0,150.0],0.002125637],
[[800.0,200.0,200.0],0.00124945],
[[800.0,250.0,250.0],0.001677231],
[[800.0,300.0,300.0],0.001352839],
[[800.0,350.0,350.0],0.00136297],
[[850.0,1.0,1.0],0.001477137],
[[850.0,150.0,150.0],0.00156122],
[[850.0,200.0,200.0],0.001490754],
[[850.0,250.0,250.0],0.001437278],
[[850.0,300.0,300.0],0.001962508],
[[850.0,350.0,350.0],0.001446403],
[[850.0,400.0,400.0],0.001941365],
[[900.0,1.0,1.0],0.001370329],
[[900.0,150.0,150.0],0.001979399],
[[900.0,200.0,200.0],0.001504873],
[[900.0,250.0,250.0],0.001575916],
[[900.0,300.0,300.0],0.001447439],
[[900.0,350.0,350.0],0.001571248],
[[900.0,400.0,400.0],0.001840909],
[[950.0,1.0,1.0],0.001616926],
[[950.0,150.0,150.0],0.001700638],
[[950.0,200.0,200.0],0.001551282],
[[950.0,250.0,250.0],0.001630338],
[[950.0,300.0,300.0],0.001682055],
[[950.0,350.0,350.0],0.001483435],
[[950.0,400.0,400.0],0.001908892],
[[950.0,450.0,450.0],0.002128973],
[[1000.0,1.0,1.0],0.001476766],
[[1000.0,10.0,10.0],0.001633974],
[[1000.0,50.0,50.0],0.001742644],
[[1000.0,100.0,100.0],0.001507799],
[[1000.0,150.0,150.0],0.001642147],
[[1000.0,200.0,200.0],0.001669634],
[[1000.0,250.0,250.0],0.001682794],
[[1000.0,300.0,300.0],0.001874818],
[[1000.0,350.0,350.0],0.002160979],
[[1000.0,400.0,400.0],0.001902792],
[[1000.0,450.0,450.0],0.001908436],
[[1050.0,1.0,1.0],0.001619864],
[[1050.0,150.0,150.0],0.001790228],
[[1050.0,200.0,200.0],0.001931325],
[[1050.0,250.0,250.0],0.002024619],
[[1050.0,300.0,300.0],0.00208882],
[[1050.0,350.0,350.0],0.001672126],
[[1050.0,400.0,400.0],0.002130117],
[[1050.0,450.0,450.0],0.001989689],
[[1050.0,500.0,500.0],0.002253524],
[[1100.0,1.0,1.0],0.001649716],
[[1100.0,150.0,150.0],0.002432883],
[[1100.0,200.0,200.0],0.002499028],
[[1100.0,250.0,250.0],0.002043977],
[[1100.0,300.0,300.0],0.00203157],
[[1100.0,350.0,350.0],0.002031315],
[[1100.0,400.0,400.0],0.001954047],
[[1100.0,450.0,450.0],0.002456377],
[[1100.0,500.0,500.0],0.002131593],
[[1150.0,1.0,1.0],0.001989285],
[[1150.0,150.0,150.0],0.002092413],
[[1150.0,200.0,200.0],0.002050709],
[[1150.0,250.0,250.0],0.002283569],
[[1150.0,300.0,300.0],0.002153486],
[[1150.0,350.0,350.0],0.002534811],
[[1150.0,400.0,400.0],0.001949583],
[[1150.0,450.0,450.0],0.002383365],
[[1150.0,500.0,500.0],0.002689158],
[[1150.0,550.0,550.0],0.003041171],
[[1200.0,1.0,1.0],0.001746677],
[[1200.0,150.0,150.0],0.002100583],
[[1200.0,200.0,200.0],0.002276733],
[[1200.0,250.0,250.0],0.002074149],
[[1200.0,300.0,300.0],0.002646428],
[[1200.0,350.0,350.0],0.00251004],
[[1200.0,400.0,400.0],0.00217149],
[[1200.0,450.0,450.0],0.002454664],
[[1200.0,500.0,500.0],0.001885412],
[[1200.0,550.0,550.0],0.002223603],
[[1250.0,1.0,1.0],0.001841754],
[[1250.0,10.0,10.0],0.001946694],
[[1250.0,50.0,50.0],0.001874299],
[[1250.0,100.0,100.0],0.001999259],
[[1250.0,150.0,150.0],0.002342754],
[[1250.0,200.0,200.0],0.00241749],
[[1250.0,250.0,250.0],0.002104111],
[[1250.0,300.0,300.0],0.002315621],
[[1250.0,350.0,350.0],0.00195802],
[[1250.0,400.0,400.0],0.002352512],
[[1250.0,450.0,450.0],0.002433162],
[[1250.0,500.0,500.0],0.002351133],
[[1250.0,550.0,550.0],0.002545436],
[[1250.0,600.0,600.0],0.002335597],
[[1300.0,1.0,1.0],0.002122492],
[[1300.0,150.0,150.0],0.002163969],
[[1300.0,200.0,200.0],0.002576301],
[[1300.0,250.0,250.0],0.00209293],
[[1300.0,300.0,300.0],0.003174735],
[[1300.0,350.0,350.0],0.002383503],
[[1300.0,400.0,400.0],0.002645084],
[[1300.0,450.0,450.0],0.002347852],
[[1300.0,500.0,500.0],0.002761817],
[[1300.0,550.0,550.0],0.002594614],
[[1300.0,600.0,600.0],0.002901836],
[[1350.0,1.0,1.0],0.00203882],
[[1350.0,150.0,150.0],0.002057187],
[[1350.0,200.0,200.0],0.002523772],
[[1350.0,250.0,250.0],0.002916927],
[[1350.0,300.0,300.0],0.00252572],
[[1350.0,350.0,350.0],0.002289721],
[[1350.0,400.0,400.0],0.002398987],
[[1350.0,450.0,450.0],0.002558966],
[[1350.0,500.0,500.0],0.002462055],
[[1350.0,550.0,550.0],0.002967218],
[[1350.0,600.0,600.0],0.002812023],
[[1350.0,650.0,650.0],0.003359443],
[[1400.0,1.0,1.0],0.002119802],
[[1400.0,150.0,150.0],0.002535475],
[[1400.0,200.0,200.0],0.002377489],
[[1400.0,250.0,250.0],0.002286261],
[[1400.0,300.0,300.0],0.002853803],
[[1400.0,350.0,350.0],0.002195753],
[[1400.0,400.0,400.0],0.002858938],
[[1400.0,450.0,450.0],0.002617012],
[[1400.0,500.0,500.0],0.002896324],
[[1400.0,550.0,550.0],0.002381001],
[[1400.0,600.0,600.0],0.002640128],
[[1400.0,650.0,650.0],0.002757685],
[[1450.0,1.0,1.0],0.002096509],
[[1450.0,150.0,150.0],0.002477398],
[[1450.0,200.0,200.0],0.002324027],
[[1450.0,250.0,250.0],0.002648114],
[[1450.0,300.0,300.0],0.002475934],
[[1450.0,350.0,350.0],0.002960144],
[[1450.0,400.0,400.0],0.002924083],
[[1450.0,450.0,450.0],0.002982205],
[[1450.0,500.0,500.0],0.002385891],
[[1450.0,550.0,550.0],0.00253875],
[[1450.0,600.0,600.0],0.00245904],
[[1450.0,650.0,650.0],0.002914261],
[[1450.0,700.0,700.0],0.003737364],
[[1500.0,1.0,1.0],0.001998445],
[[1500.0,10.0,10.0],0.00186219],
[[1500.0,50.0,50.0],0.002175486],
[[1500.0,100.0,100.0],0.002140629],
[[1500.0,150.0,150.0],0.002309514],
[[1500.0,200.0,200.0],0.002636318],
[[1500.0,250.0,250.0],0.00242627],
[[1500.0,300.0,300.0],0.002344689],
[[1500.0,350.0,350.0],0.002900587],
[[1500.0,400.0,400.0],0.002825956],
[[1500.0,450.0,450.0],0.002517159],
[[1500.0,500.0,500.0],0.003466914],
[[1500.0,550.0,550.0],0.002952982],
[[1500.0,600.0,600.0],0.002667907],
[[1500.0,650.0,650.0],0.002901636],
[[1500.0,700.0,700.0],0.002542159],
[[1500.0,750.0,750.0],0.003421242],
[[1550.0,1.0,1.0],0.002200396],
[[1550.0,150.0,150.0],0.002325474],
[[1550.0,200.0,200.0],0.00243155],
[[1550.0,250.0,250.0],0.002307834],
[[1550.0,300.0,300.0],0.002767638],
[[1550.0,350.0,350.0],0.002925715],
[[1550.0,400.0,400.0],0.003045588],
[[1550.0,450.0,450.0],0.002791099],
[[1550.0,500.0,500.0],0.003134819],
[[1550.0,550.0,550.0],0.003404605],
[[1550.0,600.0,600.0],0.002544194],
[[1550.0,650.0,650.0],0.003168584],
[[1550.0,700.0,700.0],0.00322679],
[[1550.0,750.0,750.0],0.003271906],
[[1600.0,1.0,1.0],0.001955068],
[[1600.0,150.0,150.0],0.002264581],
[[1600.0,200.0,200.0],0.002755989],
[[1600.0,250.0,250.0],0.002918305],
[[1600.0,300.0,300.0],0.002209194],
[[1600.0,350.0,350.0],0.003450565],
[[1600.0,400.0,400.0],0.002909774],
[[1600.0,450.0,450.0],0.002894859],
[[1600.0,500.0,500.0],0.002677128],
[[1600.0,550.0,550.0],0.002825149],
[[1600.0,600.0,600.0],0.004048589],
[[1600.0,650.0,650.0],0.00328111],
[[1600.0,700.0,700.0],0.003097186],
[[1600.0,750.0,750.0],0.003439468],
[[1650.0,1.0,1.0],0.002035735],
[[1650.0,150.0,150.0],0.002233067],
[[1650.0,200.0,200.0],0.002309555],
[[1650.0,250.0,250.0],0.00281576],
[[1650.0,300.0,300.0],0.002625531],
[[1650.0,350.0,350.0],0.002796816],
[[1650.0,400.0,400.0],0.003398032],
[[1650.0,450.0,450.0],0.002793968],
[[1650.0,500.0,500.0],0.002909541],
[[1650.0,550.0,550.0],0.002773178],
[[1650.0,600.0,600.0],0.003150564],
[[1650.0,650.0,650.0],0.003811478],
[[1650.0,700.0,700.0],0.003353556],
[[1650.0,750.0,750.0],0.003483331],
[[1650.0,800.0,800.0],0.003279781],
[[1700.0,1.0,1.0],0.001936083],
[[1700.0,150.0,150.0],0.002446108],
[[1700.0,200.0,200.0],0.002559843],
[[1700.0,250.0,250.0],0.002598438],
[[1700.0,300.0,300.0],0.003197427],
[[1700.0,350.0,350.0],0.002798864],
[[1700.0,400.0,400.0],0.003065212],
[[1700.0,450.0,450.0],0.003051889],
[[1700.0,500.0,500.0],0.003245084],
[[1700.0,550.0,550.0],0.002655264],
[[1700.0,600.0,600.0],0.003168331],
[[1700.0,650.0,650.0],0.002542759],
[[1700.0,700.0,700.0],0.003008427],
[[1700.0,750.0,750.0],0.003378195],
[[1700.0,800.0,800.0],0.003122245],
[[1750.0,1.0,1.0],0.00199818],
[[1750.0,10.0,10.0],0.002075174],
[[1750.0,50.0,50.0],0.002236685],
[[1750.0,100.0,100.0],0.002227922],
[[1750.0,150.0,150.0],0.002276984],
[[1750.0,200.0,200.0],0.002633856],
[[1750.0,250.0,250.0],0.002450343],
[[1750.0,300.0,300.0],0.002756319],
[[1750.0,350.0,350.0],0.002839463],
[[1750.0,400.0,400.0],0.002554206],
[[1750.0,450.0,450.0],0.002658323],
[[1750.0,500.0,500.0],0.003179532],
[[1750.0,550.0,550.0],0.003029904],
[[1750.0,600.0,600.0],0.003110013],
[[1750.0,650.0,650.0],0.002875612],
[[1750.0,700.0,700.0],0.002968789],
[[1750.0,750.0,750.0],0.003230902],
[[1750.0,800.0,800.0],0.002974829],
[[1750.0,850.0,850.0],0.003177089],
[[1800.0,1.0,1.0],0.001739512],
[[1800.0,150.0,150.0],0.002779198],
[[1800.0,200.0,200.0],0.002527744],
[[1800.0,250.0,250.0],0.002540434],
[[1800.0,300.0,300.0],0.002950712],
[[1800.0,350.0,350.0],0.003375923],
[[1800.0,400.0,400.0],0.002636627],
[[1800.0,450.0,450.0],0.002848161],
[[1800.0,500.0,500.0],0.003294937],
[[1800.0,550.0,550.0],0.003059087],
[[1800.0,600.0,600.0],0.002897682],
[[1800.0,650.0,650.0],0.003581165],
[[1800.0,700.0,700.0],0.00356755],
[[1800.0,750.0,750.0],0.003223162],
[[1800.0,800.0,800.0],0.003790321],
[[1800.0,850.0,850.0],0.003106024],
[[1850.0,1.0,1.0],0.002204248],
[[1850.0,150.0,150.0],0.002600308],
[[1850.0,200.0,200.0],0.002837205],
[[1850.0,250.0,250.0],0.002267158],
[[1850.0,300.0,300.0],0.003119047],
[[1850.0,350.0,350.0],0.003208605],
[[1850.0,400.0,400.0],0.003760047],
[[1850.0,450.0,450.0],0.002988319],
[[1850.0,500.0,500.0],0.0030702],
[[1850.0,550.0,550.0],0.003369165],
[[1850.0,600.0,600.0],0.002993155],
[[1850.0,650.0,650.0],0.003812813],
[[1850.0,700.0,700.0],0.003054072],
[[1850.0,750.0,750.0],0.003775287],
[[1850.0,800.0,800.0],0.003552138],
[[1850.0,850.0,850.0],0.003212904],
[[1850.0,900.0,900.0],0.0035496],
[[1900.0,1.0,1.0],0.002039711],
[[1900.0,150.0,150.0],0.002051989],
[[1900.0,200.0,200.0],0.002665567],
[[1900.0,250.0,250.0],0.002992338],
[[1900.0,300.0,300.0],0.003092],
[[1900.0,350.0,350.0],0.002779973],
[[1900.0,400.0,400.0],0.003245767],
[[1900.0,450.0,450.0],0.002944962],
[[1900.0,500.0,500.0],0.003559726],
[[1900.0,550.0,550.0],0.00317385],
[[1900.0,600.0,600.0],0.003315534],
[[1900.0,650.0,650.0],0.003362435],
[[1900.0,700.0,700.0],0.003119634],
[[1900.0,750.0,750.0],0.003276021],
[[1900.0,800.0,800.0],0.002956858],
[[1900.0,850.0,850.0],0.003605826],
[[1900.0,900.0,900.0],0.003802683],
[[1950.0,1.0,1.0],0.001792621],
[[1950.0,150.0,150.0],0.002445057],
[[1950.0,200.0,200.0],0.002593552],
[[1950.0,250.0,250.0],0.00317693],
[[1950.0,300.0,300.0],0.003171828],
[[1950.0,350.0,350.0],0.003290465],
[[1950.0,400.0,400.0],0.003045466],
[[1950.0,450.0,450.0],0.00314365],
[[1950.0,500.0,500.0],0.003219992],
[[1950.0,550.0,550.0],0.003271055],
[[1950.0,600.0,600.0],0.003176066],
[[1950.0,650.0,650.0],0.003130823],
[[1950.0,700.0,700.0],0.003598972],
[[1950.0,750.0,750.0],0.003783118],
[[1950.0,800.0,800.0],0.003827399],
[[1950.0,850.0,850.0],0.004046782],
[[1950.0,900.0,900.0],0.003106179],
[[1950.0,950.0,950.0],0.003052791],
[[2000.0,1.0,1.0],0.001800777],
[[2000.0,10.0,10.0],0.001833633],
[[2000.0,50.0,50.0],0.001889857],
[[2000.0,100.0,100.0],0.002068279],
[[2000.0,150.0,150.0],0.002154258],
[[2000.0,200.0,200.0],0.002729104],
[[2000.0,250.0,250.0],0.002750239],
[[2000.0,300.0,300.0],0.003109847],
[[2000.0,350.0,350.0],0.002735377],
[[2000.0,400.0,400.0],0.002906157],
[[2000.0,450.0,450.0],0.003787164],
[[2000.0,500.0,500.0],0.002976419],
[[2000.0,550.0,550.0],0.003834263],
[[2000.0,600.0,600.0],0.003233788],
[[2000.0,650.0,650.0],0.003219728],
[[2000.0,700.0,700.0],0.003662199],
[[2000.0,750.0,750.0],0.003535544],
[[2000.0,800.0,800.0],0.003551088],
[[2000.0,850.0,850.0],0.003793843],
[[2000.0,900.0,900.0],0.003428913],
[[2000.0,950.0,950.0],0.003961619],
[[2250.0,1.0,1.0],0.001592646],
[[2250.0,10.0,10.0],0.001641107],
[[2250.0,50.0,50.0],0.001653605],
[[2250.0,100.0,100.0],0.002069204],
[[2250.0,150.0,150.0],0.00218158],
[[2250.0,300.0,300.0],0.002864622],
[[2250.0,500.0,500.0],0.003774488],
[[2250.0,750.0,750.0],0.003793574],
[[2250.0,1000.0,1000.0],0.003486346],
[[2500.0,1.0,1.0],0.001667027],
[[2500.0,10.0,10.0],0.001559329],
[[2500.0,50.0,50.0],0.001634458],
[[2500.0,100.0,100.0],0.001897749],
[[2500.0,150.0,150.0],0.002028096],
[[2500.0,300.0,300.0],0.003195527],
[[2500.0,500.0,500.0],0.003465379],
[[2500.0,750.0,750.0],0.003603311],
[[2500.0,1000.0,1000.0],0.003651548],
[[2500.0,1200.0,1200.0],0.00384601],
[[2750.0,1.0,1.0],0.001524821],
[[2750.0,10.0,10.0],0.001466101],
[[2750.0,50.0,50.0],0.001554189],
[[2750.0,100.0,100.0],0.001754827],
[[2750.0,150.0,150.0],0.00203206],
[[2750.0,300.0,300.0],0.003249697],
[[2750.0,500.0,500.0],0.003818526],
[[2750.0,750.0,750.0],0.003648899],
[[2750.0,1000.0,1000.0],0.003898974],
[[2750.0,1200.0,1200.0],0.003827553],
[[3000.0,1.0,1.0],0.001218129],
[[3000.0,10.0,10.0],0.001234074],
[[3000.0,50.0,50.0],0.001565371],
[[3000.0,100.0,100.0],0.001797015],
[[3000.0,150.0,150.0],0.001786767],
[[3000.0,300.0,300.0],0.002607833],
[[3000.0,500.0,500.0],0.003651147],
[[3000.0,750.0,750.0],0.004042003],
[[3000.0,1000.0,1000.0],0.003771479],
[[3000.0,1200.0,1200.0],0.004023136],
[[3000.0,1400.0,1400.0],0.004284363]]
