txName: TRV1
constraint: {(PV > Zprime(1)), (Zprime(1) > MET(2),MET(3))}
condition: None
conditionDescription: None
figureUrl: https://cms-results.web.cern.ch/cms-results/public-results/publications/EXO-20-004/CMS-EXO-20-004_Figure_007-b.png
source: https://doi.org/10.5281/zenodo.13324003
validated: True
axesMap: [{0: 'x', 1: 'y', 2: 'y'}]
dataMap: {0: (1, 'mass', GeV), 1: (2, 'mass', GeV), 2: (3, 'mass', GeV)}
finalState: ['MET', 'MET']
intermediateState: None
efficiencyMap: [[[50.0,1.0,1.0],6.966263e-07],
[[100.0,1.0,1.0],4.084036e-06],
[[100.0,10.0,10.0],4.605076e-06],
[[150.0,1.0,1.0],1.285477e-05],
[[150.0,75.0,75.0],1.695092e-05],
[[200.0,1.0,1.0],3.032148e-05],
[[200.0,75.0,75.0],3.107969e-05],
[[250.0,1.0,1.0],5.275797e-05],
[[250.0,10.0,10.0],5.86262e-05],
[[250.0,75.0,75.0],5.231109e-05],
[[300.0,1.0,1.0],8.357009e-05],
[[300.0,75.0,75.0],8.462421e-05],
[[350.0,1.0,1.0],0.000125549],
[[350.0,75.0,75.0],0.0001288721],
[[350.0,150.0,150.0],0.0001376977],
[[400.0,1.0,1.0],0.0001727337],
[[400.0,75.0,75.0],0.000167639],
[[400.0,150.0,150.0],0.0001746493],
[[450.0,1.0,1.0],0.0001892878],
[[450.0,75.0,75.0],0.0002283962],
[[450.0,150.0,150.0],0.0002177984],
[[450.0,200.0,200.0],0.0002137804],
[[500.0,1.0,1.0],0.0002639391],
[[500.0,10.0,10.0],0.0002495228],
[[500.0,75.0,75.0],0.0002467796],
[[500.0,150.0,150.0],0.0002520862],
[[500.0,200.0,200.0],0.0002628667],
[[550.0,1.0,1.0],0.0002813414],
[[550.0,75.0,75.0],0.0003394339],
[[550.0,150.0,150.0],0.0002965367],
[[550.0,200.0,200.0],0.0003391111],
[[550.0,250.0,250.0],0.0003590613],
[[600.0,1.0,1.0],0.0004002614],
[[600.0,75.0,75.0],0.0003557457],
[[600.0,150.0,150.0],0.0003640823],
[[600.0,200.0,200.0],0.0003491747],
[[600.0,250.0,250.0],0.0003904243],
[[650.0,1.0,1.0],0.0003762547],
[[650.0,75.0,75.0],0.0004303215],
[[650.0,150.0,150.0],0.0004085811],
[[650.0,200.0,200.0],0.0004397809],
[[650.0,250.0,250.0],0.0004280832],
[[650.0,300.0,300.0],0.0005423914],
[[700.0,1.0,1.0],0.0004539688],
[[700.0,75.0,75.0],0.0004079193],
[[700.0,150.0,150.0],0.0004435702],
[[700.0,200.0,200.0],0.0004976735],
[[700.0,250.0,250.0],0.0004229313],
[[700.0,300.0,300.0],0.0004882415],
[[750.0,1.0,1.0],0.0004826522],
[[750.0,10.0,10.0],0.0004918271],
[[750.0,75.0,75.0],0.0004969228],
[[750.0,150.0,150.0],0.0005341946],
[[750.0,200.0,200.0],0.0004845874],
[[750.0,250.0,250.0],0.0004796207],
[[750.0,300.0,300.0],0.000537626],
[[750.0,350.0,350.0],0.0005734599],
[[800.0,1.0,1.0],0.0005674844],
[[800.0,75.0,75.0],0.0005088839],
[[800.0,150.0,150.0],0.0005154328],
[[800.0,200.0,200.0],0.0005770861],
[[800.0,250.0,250.0],0.0005936367],
[[800.0,300.0,300.0],0.0005696683],
[[800.0,350.0,350.0],0.0005485285],
[[850.0,1.0,1.0],0.0006208707],
[[850.0,75.0,75.0],0.0005723617],
[[850.0,150.0,150.0],0.0006679737],
[[850.0,200.0,200.0],0.0005653449],
[[850.0,250.0,250.0],0.0005773037],
[[850.0,300.0,300.0],0.000585071],
[[850.0,350.0,350.0],0.0006746862],
[[850.0,400.0,400.0],0.0006967213],
[[900.0,1.0,1.0],0.0006101946],
[[900.0,75.0,75.0],0.0006512534],
[[900.0,150.0,150.0],0.000545781],
[[900.0,200.0,200.0],0.0005309682],
[[900.0,250.0,250.0],0.0005906304],
[[900.0,300.0,300.0],0.0007798976],
[[900.0,350.0,350.0],0.0007408348],
[[900.0,400.0,400.0],0.0007067746],
[[950.0,1.0,1.0],0.0006117187],
[[950.0,75.0,75.0],0.0006334508],
[[950.0,150.0,150.0],0.0006122024],
[[950.0,200.0,200.0],0.0007089936],
[[950.0,250.0,250.0],0.0006266063],
[[950.0,300.0,300.0],0.0007802057],
[[950.0,350.0,350.0],0.0006493831],
[[950.0,400.0,400.0],0.0007254316],
[[950.0,450.0,450.0],0.0006515906],
[[1000.0,1.0,1.0],0.0006413193],
[[1000.0,10.0,10.0],0.0006851357],
[[1000.0,75.0,75.0],0.0007016861],
[[1000.0,150.0,150.0],0.000609832],
[[1000.0,200.0,200.0],0.0007271053],
[[1000.0,250.0,250.0],0.0007091781],
[[1000.0,300.0,300.0],0.0008030115],
[[1000.0,350.0,350.0],0.0006811268],
[[1000.0,400.0,400.0],0.0007237006],
[[1000.0,450.0,450.0],0.0006933115],
[[1050.0,1.0,1.0],0.0006456772],
[[1050.0,75.0,75.0],0.0006926055],
[[1050.0,150.0,150.0],0.0007840588],
[[1050.0,200.0,200.0],0.0006981625],
[[1050.0,250.0,250.0],0.0007935651],
[[1050.0,300.0,300.0],0.0007001513],
[[1050.0,350.0,350.0],0.0007710471],
[[1050.0,400.0,400.0],0.0007474979],
[[1050.0,450.0,450.0],0.0008332257],
[[1050.0,500.0,500.0],0.0008324838],
[[1100.0,1.0,1.0],0.0008060878],
[[1100.0,75.0,75.0],0.0007379638],
[[1100.0,150.0,150.0],0.0007742621],
[[1100.0,200.0,200.0],0.0007190469],
[[1100.0,250.0,250.0],0.0007285028],
[[1100.0,300.0,300.0],0.0007760414],
[[1100.0,350.0,350.0],0.0007388848],
[[1100.0,400.0,400.0],0.0008718259],
[[1100.0,450.0,450.0],0.0008255787],
[[1100.0,500.0,500.0],0.0007666265],
[[1150.0,1.0,1.0],0.0007402749],
[[1150.0,75.0,75.0],0.0007133067],
[[1150.0,150.0,150.0],0.000820609],
[[1150.0,200.0,200.0],0.0007943767],
[[1150.0,250.0,250.0],0.0007500809],
[[1150.0,300.0,300.0],0.0009344857],
[[1150.0,350.0,350.0],0.0008096126],
[[1150.0,400.0,400.0],0.0008002945],
[[1150.0,450.0,450.0],0.0008510944],
[[1150.0,500.0,500.0],0.0009622072],
[[1150.0,550.0,550.0],0.0007872716],
[[1200.0,1.0,1.0],0.0008591633],
[[1200.0,75.0,75.0],0.0008054296],
[[1200.0,150.0,150.0],0.0008291397],
[[1200.0,200.0,200.0],0.0008418882],
[[1200.0,250.0,250.0],0.0008019512],
[[1200.0,300.0,300.0],0.0008063816],
[[1200.0,350.0,350.0],0.0008269137],
[[1200.0,400.0,400.0],0.0008040181],
[[1200.0,450.0,450.0],0.0008093284],
[[1200.0,500.0,500.0],0.0007911168],
[[1200.0,550.0,550.0],0.0009000271],
[[1250.0,1.0,1.0],0.0008081606],
[[1250.0,10.0,10.0],0.0006977739],
[[1250.0,75.0,75.0],0.0008776709],
[[1250.0,150.0,150.0],0.000916431],
[[1250.0,200.0,200.0],0.0008586673],
[[1250.0,250.0,250.0],0.000865812],
[[1250.0,300.0,300.0],0.0009028567],
[[1250.0,350.0,350.0],0.0008827759],
[[1250.0,400.0,400.0],0.0008134592],
[[1250.0,450.0,450.0],0.0008724677],
[[1250.0,500.0,500.0],0.0008981145],
[[1250.0,550.0,550.0],0.0009094364],
[[1250.0,600.0,600.0],0.0009167517],
[[1300.0,1.0,1.0],0.0008781341],
[[1300.0,75.0,75.0],0.0008374551],
[[1300.0,150.0,150.0],0.0009447318],
[[1300.0,200.0,200.0],0.0008605533],
[[1300.0,250.0,250.0],0.0009283437],
[[1300.0,300.0,300.0],0.000873298],
[[1300.0,350.0,350.0],0.0008711942],
[[1300.0,400.0,400.0],0.0007814577],
[[1300.0,450.0,450.0],0.0009681849],
[[1300.0,500.0,500.0],0.0009041236],
[[1300.0,550.0,550.0],0.0009350023],
[[1300.0,600.0,600.0],0.0009056468],
[[1350.0,1.0,1.0],0.0008834696],
[[1350.0,75.0,75.0],0.0008751675],
[[1350.0,150.0,150.0],0.0008895003],
[[1350.0,200.0,200.0],0.0009040029],
[[1350.0,250.0,250.0],0.0008101579],
[[1350.0,300.0,300.0],0.0007853939],
[[1350.0,350.0,350.0],0.0009711743],
[[1350.0,400.0,400.0],0.0009842349],
[[1350.0,450.0,450.0],0.0009384637],
[[1350.0,500.0,500.0],0.000942078],
[[1350.0,550.0,550.0],0.0009340708],
[[1350.0,600.0,600.0],0.0008984477],
[[1350.0,650.0,650.0],0.0009864616],
[[1400.0,1.0,1.0],0.000832086],
[[1400.0,75.0,75.0],0.0008732839],
[[1400.0,150.0,150.0],0.0008387856],
[[1400.0,200.0,200.0],0.0009820467],
[[1400.0,250.0,250.0],0.001037644],
[[1400.0,300.0,300.0],0.0008930018],
[[1400.0,350.0,350.0],0.001023819],
[[1400.0,400.0,400.0],0.0009128628],
[[1400.0,450.0,450.0],0.001024768],
[[1400.0,500.0,500.0],0.0008466138],
[[1400.0,550.0,550.0],0.0008846347],
[[1400.0,600.0,600.0],0.0009763779],
[[1400.0,650.0,650.0],0.001037453],
[[1450.0,1.0,1.0],0.0008645793],
[[1450.0,75.0,75.0],0.0009267069],
[[1450.0,150.0,150.0],0.0009852663],
[[1450.0,200.0,200.0],0.001000697],
[[1450.0,250.0,250.0],0.0008748987],
[[1450.0,300.0,300.0],0.0009253373],
[[1450.0,350.0,350.0],0.0009170872],
[[1450.0,400.0,400.0],0.001054162],
[[1450.0,450.0,450.0],0.0009518595],
[[1450.0,500.0,500.0],0.001006491],
[[1450.0,550.0,550.0],0.001012592],
[[1450.0,600.0,600.0],0.0009500802],
[[1450.0,650.0,650.0],0.001031943],
[[1450.0,700.0,700.0],0.0009945035],
[[1500.0,1.0,1.0],0.0009201776],
[[1500.0,10.0,10.0],0.0009307326],
[[1500.0,75.0,75.0],0.0009763206],
[[1500.0,150.0,150.0],0.00100383],
[[1500.0,200.0,200.0],0.0009954677],
[[1500.0,250.0,250.0],0.001009081],
[[1500.0,300.0,300.0],0.001143013],
[[1500.0,350.0,350.0],0.001035914],
[[1500.0,400.0,400.0],0.001065005],
[[1500.0,450.0,450.0],0.0009981039],
[[1500.0,500.0,500.0],0.0009371951],
[[1500.0,550.0,550.0],0.0009584647],
[[1500.0,600.0,600.0],0.0009937652],
[[1500.0,650.0,650.0],0.0009991467],
[[1500.0,700.0,700.0],0.001057213],
[[1500.0,750.0,750.0],0.001001628],
[[1550.0,1.0,1.0],0.0009264325],
[[1550.0,75.0,75.0],0.001032047],
[[1550.0,150.0,150.0],0.0009493266],
[[1550.0,200.0,200.0],0.0009343227],
[[1550.0,250.0,250.0],0.0009737461],
[[1550.0,300.0,300.0],0.0009797299],
[[1550.0,350.0,350.0],0.0009378847],
[[1550.0,400.0,400.0],0.00100168],
[[1550.0,450.0,450.0],0.001055599],
[[1550.0,500.0,500.0],0.001098125],
[[1550.0,550.0,550.0],0.001054881],
[[1550.0,600.0,600.0],0.0009908136],
[[1550.0,650.0,650.0],0.0009281275],
[[1550.0,700.0,700.0],0.001011693],
[[1550.0,750.0,750.0],0.001084818],
[[1600.0,1.0,1.0],0.0009619264],
[[1600.0,75.0,75.0],0.001000819],
[[1600.0,150.0,150.0],0.0009685165],
[[1600.0,200.0,200.0],0.0009778249],
[[1600.0,250.0,250.0],0.0009571158],
[[1600.0,300.0,300.0],0.000982378],
[[1600.0,350.0,350.0],0.001028345],
[[1600.0,400.0,400.0],0.001008672],
[[1600.0,450.0,450.0],0.0009977939],
[[1600.0,500.0,500.0],0.001075438],
[[1600.0,550.0,550.0],0.001090111],
[[1600.0,600.0,600.0],0.001142192],
[[1600.0,650.0,650.0],0.001026294],
[[1600.0,700.0,700.0],0.001037594],
[[1600.0,750.0,750.0],0.001095996],
[[1650.0,1.0,1.0],0.0009610386],
[[1650.0,75.0,75.0],0.0009495472],
[[1650.0,150.0,150.0],0.001006137],
[[1650.0,200.0,200.0],0.001036767],
[[1650.0,250.0,250.0],0.001056658],
[[1650.0,300.0,300.0],0.001100822],
[[1650.0,350.0,350.0],0.001138223],
[[1650.0,400.0,400.0],0.0009711962],
[[1650.0,450.0,450.0],0.001088195],
[[1650.0,500.0,500.0],0.001130643],
[[1650.0,550.0,550.0],0.001029136],
[[1650.0,600.0,600.0],0.0009516686],
[[1650.0,650.0,650.0],0.001033478],
[[1650.0,700.0,700.0],0.001026804],
[[1650.0,750.0,750.0],0.001046223],
[[1650.0,800.0,800.0],0.001146845],
[[1700.0,1.0,1.0],0.001057828],
[[1700.0,75.0,75.0],0.0009631325],
[[1700.0,150.0,150.0],0.001030741],
[[1700.0,200.0,200.0],0.00101211],
[[1700.0,250.0,250.0],0.000998511],
[[1700.0,300.0,300.0],0.00103872],
[[1700.0,350.0,350.0],0.001089514],
[[1700.0,400.0,400.0],0.001077561],
[[1700.0,450.0,450.0],0.001031144],
[[1700.0,500.0,500.0],0.001044566],
[[1700.0,550.0,550.0],0.001089804],
[[1700.0,600.0,600.0],0.001073214],
[[1700.0,650.0,650.0],0.001093722],
[[1700.0,700.0,700.0],0.001151761],
[[1700.0,750.0,750.0],0.001127684],
[[1700.0,800.0,800.0],0.001121629],
[[1750.0,1.0,1.0],0.0009322464],
[[1750.0,10.0,10.0],0.0009951271],
[[1750.0,75.0,75.0],0.001101486],
[[1750.0,150.0,150.0],0.001037466],
[[1750.0,200.0,200.0],0.001028596],
[[1750.0,250.0,250.0],0.000988978],
[[1750.0,300.0,300.0],0.001107901],
[[1750.0,350.0,350.0],0.001127995],
[[1750.0,400.0,400.0],0.001157948],
[[1750.0,450.0,450.0],0.001095746],
[[1750.0,500.0,500.0],0.001094881],
[[1750.0,550.0,550.0],0.001109063],
[[1750.0,600.0,600.0],0.001005577],
[[1750.0,650.0,650.0],0.001167499],
[[1750.0,700.0,700.0],0.001216649],
[[1750.0,750.0,750.0],0.001099196],
[[1750.0,800.0,800.0],0.001224881],
[[1750.0,850.0,850.0],0.001159342],
[[1800.0,1.0,1.0],0.001032133],
[[1800.0,75.0,75.0],0.001033277],
[[1800.0,150.0,150.0],0.001179472],
[[1800.0,200.0,200.0],0.001186578],
[[1800.0,250.0,250.0],0.001032374],
[[1800.0,300.0,300.0],0.001064125],
[[1800.0,350.0,350.0],0.00106853],
[[1800.0,400.0,400.0],0.0009968512],
[[1800.0,450.0,450.0],0.001061783],
[[1800.0,500.0,500.0],0.001192831],
[[1800.0,550.0,550.0],0.001126975],
[[1800.0,600.0,600.0],0.001112282],
[[1800.0,650.0,650.0],0.001117501],
[[1800.0,700.0,700.0],0.001088932],
[[1800.0,750.0,750.0],0.001233107],
[[1800.0,800.0,800.0],0.001098284],
[[1800.0,850.0,850.0],0.001206456],
[[1850.0,1.0,1.0],0.001003353],
[[1850.0,75.0,75.0],0.001027802],
[[1850.0,150.0,150.0],0.001058335],
[[1850.0,200.0,200.0],0.001156973],
[[1850.0,250.0,250.0],0.001100675],
[[1850.0,300.0,300.0],0.001127658],
[[1850.0,350.0,350.0],0.00115807],
[[1850.0,400.0,400.0],0.001189896],
[[1850.0,450.0,450.0],0.001131531],
[[1850.0,500.0,500.0],0.001196242],
[[1850.0,550.0,550.0],0.001092363],
[[1850.0,600.0,600.0],0.001116304],
[[1850.0,650.0,650.0],0.001247349],
[[1850.0,700.0,700.0],0.001158471],
[[1850.0,750.0,750.0],0.001112265],
[[1850.0,800.0,800.0],0.001112493],
[[1850.0,850.0,850.0],0.001139474],
[[1850.0,900.0,900.0],0.001104444],
[[1900.0,1.0,1.0],0.001079962],
[[1900.0,75.0,75.0],0.00111469],
[[1900.0,150.0,150.0],0.001003091],
[[1900.0,200.0,200.0],0.001045769],
[[1900.0,250.0,250.0],0.001106733],
[[1900.0,300.0,300.0],0.001107587],
[[1900.0,350.0,350.0],0.001181132],
[[1900.0,400.0,400.0],0.001143812],
[[1900.0,450.0,450.0],0.00110482],
[[1900.0,500.0,500.0],0.001201676],
[[1900.0,550.0,550.0],0.001199782],
[[1900.0,600.0,600.0],0.001065583],
[[1900.0,650.0,650.0],0.001008163],
[[1900.0,700.0,700.0],0.001160046],
[[1900.0,750.0,750.0],0.001190129],
[[1900.0,800.0,800.0],0.001148092],
[[1900.0,850.0,850.0],0.001076571],
[[1900.0,900.0,900.0],0.001232698],
[[1950.0,1.0,1.0],0.0009753636],
[[1950.0,75.0,75.0],0.001082549],
[[1950.0,150.0,150.0],0.001048727],
[[1950.0,200.0,200.0],0.00121604],
[[1950.0,250.0,250.0],0.001122858],
[[1950.0,300.0,300.0],0.001086305],
[[1950.0,350.0,350.0],0.001150201],
[[1950.0,400.0,400.0],0.001152341],
[[1950.0,450.0,450.0],0.001112888],
[[1950.0,500.0,500.0],0.001137698],
[[1950.0,550.0,550.0],0.001069198],
[[1950.0,600.0,600.0],0.001145501],
[[1950.0,650.0,650.0],0.001137948],
[[1950.0,700.0,700.0],0.001127963],
[[1950.0,750.0,750.0],0.001164792],
[[1950.0,800.0,800.0],0.001164423],
[[1950.0,850.0,850.0],0.001094812],
[[1950.0,900.0,900.0],0.001247028],
[[1950.0,950.0,950.0],0.001114455],
[[2000.0,1.0,1.0],0.001185205],
[[2000.0,75.0,75.0],0.001258678],
[[2000.0,150.0,150.0],0.001125517],
[[2000.0,200.0,200.0],0.00104667],
[[2000.0,250.0,250.0],0.001172721],
[[2000.0,300.0,300.0],0.001010397],
[[2000.0,350.0,350.0],0.001175861],
[[2000.0,400.0,400.0],0.001094409],
[[2000.0,450.0,450.0],0.001229604],
[[2000.0,500.0,500.0],0.001150729],
[[2000.0,550.0,550.0],0.001067273],
[[2000.0,600.0,600.0],0.001186224],
[[2000.0,650.0,650.0],0.001162939],
[[2000.0,700.0,700.0],0.001131345],
[[2000.0,750.0,750.0],0.001094888],
[[2000.0,800.0,800.0],0.001253832],
[[2000.0,850.0,850.0],0.001294863],
[[2000.0,900.0,900.0],0.001133893],
[[2000.0,950.0,950.0],0.001193158],
[[2250.0,1.0,1.0],0.001263682],
[[2250.0,75.0,75.0],0.001375641],
[[2250.0,150.0,150.0],0.00122292],
[[2250.0,300.0,300.0],0.001217552],
[[2250.0,500.0,500.0],0.001277173],
[[2250.0,750.0,750.0],0.001290567],
[[2250.0,1000.0,1000.0],0.001310335],
[[2500.0,1.0,1.0],0.001319393],
[[2500.0,75.0,75.0],0.001281997],
[[2500.0,150.0,150.0],0.001195322],
[[2500.0,300.0,300.0],0.001270118],
[[2500.0,500.0,500.0],0.001178652],
[[2500.0,750.0,750.0],0.00128866],
[[2500.0,1000.0,1000.0],0.001270282],
[[2500.0,1200.0,1200.0],0.001173452],
[[2750.0,1.0,1.0],0.001336989],
[[2750.0,75.0,75.0],0.001193032],
[[2750.0,150.0,150.0],0.00128635],
[[2750.0,300.0,300.0],0.001337655],
[[2750.0,500.0,500.0],0.001219393],
[[2750.0,750.0,750.0],0.001323543],
[[2750.0,1000.0,1000.0],0.001235931],
[[2750.0,1200.0,1200.0],0.001387441],
[[3000.0,1.0,1.0],0.001420656],
[[3000.0,75.0,75.0],0.001244369],
[[3000.0,150.0,150.0],0.00129222],
[[3000.0,300.0,300.0],0.001193583],
[[3000.0,500.0,500.0],0.001238685],
[[3000.0,750.0,750.0],0.001258241],
[[3000.0,1000.0,1000.0],0.001266636],
[[3000.0,1200.0,1200.0],0.001276794],
[[3000.0,1400.0,1400.0],0.001300229]]
