txName: TRS1
constraint: {(PV > H0(1)), (H0(1) > MET(2),MET(3))}
condition: None
conditionDescription: None
figureUrl: https://cms-results.web.cern.ch/cms-results/public-results/publications/EXO-20-004/CMS-EXO-20-004_Figure_009-a.png
source: CMS
validated: True
axesMap: [{0: 'x', 1: '1.0', 2: '1.0'}, {0: 'x', 1: 'y', 2: 'y'}]
dataMap: {0: (1, 'mass', GeV), 1: (2, 'mass', GeV), 2: (3, 'mass', GeV)}
finalState: ['MET', 'MET']
intermediateState: None
efficiencyMap: [[[100.0,10.0,10.0],8.962945e-08],
[[150.0,1.0,1.0],2.030967e-07],
[[150.0,50.0,50.0],2.1994e-07],
[[200.0,1.0,1.0],4.043191e-07],
[[200.0,50.0,50.0],3.839747e-07],
[[200.0,100.0,100.0],1.046561e-06],
[[250.0,1.0,1.0],6.428773e-07],
[[250.0,10.0,10.0],5.320382e-07],
[[250.0,50.0,50.0],5.366022e-07],
[[250.0,100.0,100.0],8.422626e-07],
[[300.0,1.0,1.0],8.570006e-07],
[[300.0,50.0,50.0],7.591566e-07],
[[300.0,100.0,100.0],8.679359e-07],
[[350.0,1.0,1.0],1.280803e-06],
[[350.0,50.0,50.0],9.665448e-07],
[[350.0,100.0,100.0],9.561443e-07],
[[350.0,150.0,150.0],8.021838e-07],
[[400.0,1.0,1.0],1.336747e-06],
[[400.0,50.0,50.0],9.497595e-07],
[[400.0,100.0,100.0],9.619398e-07],
[[400.0,150.0,150.0],1.317397e-06],
[[450.0,1.0,1.0],1.711771e-06],
[[450.0,50.0,50.0],1.301761e-06],
[[450.0,100.0,100.0],1.518679e-06],
[[450.0,150.0,150.0],9.845963e-07],
[[450.0,200.0,200.0],1.228756e-06],
[[500.0,1.0,1.0],2.824045e-06],
[[500.0,10.0,10.0],2.015884e-06],
[[500.0,50.0,50.0],2.193168e-06],
[[500.0,100.0,100.0],2.635516e-06],
[[500.0,150.0,150.0],2.349439e-06],
[[500.0,200.0,200.0],2.030024e-06],
[[550.0,1.0,1.0],3.025297e-06],
[[550.0,50.0,50.0],3.544711e-06],
[[550.0,100.0,100.0],3.496435e-06],
[[550.0,150.0,150.0],3.105808e-06],
[[550.0,200.0,200.0],2.525795e-06],
[[550.0,250.0,250.0],3.459241e-06],
[[600.0,1.0,1.0],5.382011e-06],
[[600.0,50.0,50.0],4.241333e-06],
[[600.0,100.0,100.0],4.58183e-06],
[[600.0,150.0,150.0],5.094891e-06],
[[600.0,200.0,200.0],5.430412e-06],
[[600.0,250.0,250.0],4.989454e-06],
[[650.0,1.0,1.0],6.36705e-06],
[[650.0,50.0,50.0],5.384285e-06],
[[650.0,100.0,100.0],5.701479e-06],
[[650.0,150.0,150.0],4.902007e-06],
[[650.0,200.0,200.0],7.061104e-06],
[[650.0,250.0,250.0],6.912266e-06],
[[650.0,300.0,300.0],7.198321e-06],
[[700.0,1.0,1.0],6.577202e-06],
[[700.0,50.0,50.0],8.289203e-06],
[[700.0,100.0,100.0],7.741032e-06],
[[700.0,150.0,150.0],8.552695e-06],
[[700.0,200.0,200.0],7.295971e-06],
[[700.0,250.0,250.0],9.433539e-06],
[[700.0,300.0,300.0],7.672985e-06],
[[750.0,1.0,1.0],1.104963e-05],
[[750.0,10.0,10.0],1.053566e-05],
[[750.0,50.0,50.0],1.056141e-05],
[[750.0,100.0,100.0],1.012288e-05],
[[750.0,150.0,150.0],8.793335e-06],
[[750.0,200.0,200.0],1.247691e-05],
[[750.0,250.0,250.0],1.283156e-05],
[[750.0,300.0,300.0],1.248028e-05],
[[750.0,350.0,350.0],1.429775e-05],
[[800.0,1.0,1.0],1.088989e-05],
[[800.0,150.0,150.0],1.455644e-05],
[[800.0,200.0,200.0],1.29108e-05],
[[800.0,250.0,250.0],1.40843e-05],
[[800.0,300.0,300.0],1.644873e-05],
[[800.0,350.0,350.0],2.169691e-05],
[[850.0,1.0,1.0],1.470552e-05],
[[850.0,150.0,150.0],2.052414e-05],
[[850.0,200.0,200.0],1.935832e-05],
[[850.0,250.0,250.0],1.672671e-05],
[[850.0,300.0,300.0],2.242743e-05],
[[850.0,350.0,350.0],1.877136e-05],
[[850.0,400.0,400.0],2.091101e-05],
[[900.0,1.0,1.0],2.006906e-05],
[[900.0,150.0,150.0],2.016823e-05],
[[900.0,200.0,200.0],2.088215e-05],
[[900.0,250.0,250.0],2.633954e-05],
[[900.0,300.0,300.0],2.126407e-05],
[[900.0,350.0,350.0],1.963671e-05],
[[900.0,400.0,400.0],2.463944e-05],
[[950.0,1.0,1.0],2.150355e-05],
[[950.0,150.0,150.0],2.091515e-05],
[[950.0,200.0,200.0],2.855563e-05],
[[950.0,250.0,250.0],2.766197e-05],
[[950.0,300.0,300.0],4.139238e-05],
[[950.0,350.0,350.0],3.039864e-05],
[[950.0,400.0,400.0],3.713163e-05],
[[950.0,450.0,450.0],3.649616e-05],
[[1000.0,1.0,1.0],2.567434e-05],
[[1000.0,10.0,10.0],2.943793e-05],
[[1000.0,50.0,50.0],2.436148e-05],
[[1000.0,100.0,100.0],2.306078e-05],
[[1000.0,150.0,150.0],3.164047e-05],
[[1000.0,200.0,200.0],2.624977e-05],
[[1000.0,250.0,250.0],3.185235e-05],
[[1000.0,300.0,300.0],3.211002e-05],
[[1000.0,350.0,350.0],3.682709e-05],
[[1000.0,400.0,400.0],3.583919e-05],
[[1000.0,450.0,450.0],3.185072e-05],
[[1050.0,1.0,1.0],3.102378e-05],
[[1050.0,150.0,150.0],3.312033e-05],
[[1050.0,200.0,200.0],4.30655e-05],
[[1050.0,250.0,250.0],3.934641e-05],
[[1050.0,300.0,300.0],3.7793e-05],
[[1050.0,350.0,350.0],4.374e-05],
[[1050.0,400.0,400.0],4.597542e-05],
[[1050.0,450.0,450.0],4.180548e-05],
[[1050.0,500.0,500.0],5.121874e-05],
[[1100.0,1.0,1.0],3.416532e-05],
[[1100.0,150.0,150.0],3.781995e-05],
[[1100.0,200.0,200.0],3.797353e-05],
[[1100.0,250.0,250.0],4.288709e-05],
[[1100.0,300.0,300.0],3.884257e-05],
[[1100.0,350.0,350.0],4.84787e-05],
[[1100.0,400.0,400.0],5.165837e-05],
[[1100.0,450.0,450.0],4.596442e-05],
[[1100.0,500.0,500.0],5.829201e-05],
[[1150.0,1.0,1.0],3.780172e-05],
[[1150.0,150.0,150.0],4.826343e-05],
[[1150.0,200.0,200.0],4.26987e-05],
[[1150.0,250.0,250.0],5.239974e-05],
[[1150.0,300.0,300.0],4.95257e-05],
[[1150.0,350.0,350.0],5.341076e-05],
[[1150.0,400.0,400.0],5.930069e-05],
[[1150.0,450.0,450.0],5.495172e-05],
[[1150.0,500.0,500.0],5.996698e-05],
[[1150.0,550.0,550.0],6.653587e-05],
[[1200.0,1.0,1.0],4.364732e-05],
[[1200.0,150.0,150.0],5.752439e-05],
[[1200.0,200.0,200.0],5.487247e-05],
[[1200.0,250.0,250.0],5.420827e-05],
[[1200.0,300.0,300.0],6.501509e-05],
[[1200.0,350.0,350.0],6.116796e-05],
[[1200.0,400.0,400.0],6.247774e-05],
[[1200.0,450.0,450.0],6.7067e-05],
[[1200.0,500.0,500.0],6.240559e-05],
[[1200.0,550.0,550.0],7.777322e-05],
[[1250.0,1.0,1.0],4.946031e-05],
[[1250.0,10.0,10.0],5.138264e-05],
[[1250.0,50.0,50.0],5.651541e-05],
[[1250.0,100.0,100.0],5.076806e-05],
[[1250.0,150.0,150.0],5.353305e-05],
[[1250.0,200.0,200.0],6.138199e-05],
[[1250.0,250.0,250.0],6.58397e-05],
[[1250.0,300.0,300.0],6.474883e-05],
[[1250.0,350.0,350.0],7.404771e-05],
[[1250.0,400.0,400.0],7.515026e-05],
[[1250.0,450.0,450.0],6.953432e-05],
[[1250.0,500.0,500.0],8.161742e-05],
[[1250.0,550.0,550.0],7.055122e-05],
[[1250.0,600.0,600.0],0.0001002847],
[[1300.0,1.0,1.0],5.792423e-05],
[[1300.0,150.0,150.0],5.887649e-05],
[[1300.0,200.0,200.0],6.537891e-05],
[[1300.0,250.0,250.0],8.590353e-05],
[[1300.0,300.0,300.0],6.94706e-05],
[[1300.0,350.0,350.0],7.050462e-05],
[[1300.0,400.0,400.0],8.682348e-05],
[[1300.0,450.0,450.0],8.92727e-05],
[[1300.0,500.0,500.0],7.715625e-05],
[[1300.0,550.0,550.0],8.919435e-05],
[[1300.0,600.0,600.0],0.0001048253],
[[1350.0,1.0,1.0],6.595048e-05],
[[1350.0,150.0,150.0],7.882919e-05],
[[1350.0,200.0,200.0],6.887841e-05],
[[1350.0,250.0,250.0],7.896916e-05],
[[1350.0,300.0,300.0],8.564581e-05],
[[1350.0,350.0,350.0],8.842203e-05],
[[1350.0,400.0,400.0],9.421984e-05],
[[1350.0,450.0,450.0],9.765492e-05],
[[1350.0,500.0,500.0],8.947575e-05],
[[1350.0,550.0,550.0],9.263589e-05],
[[1350.0,600.0,600.0],0.0001015601],
[[1350.0,650.0,650.0],0.0001248452],
[[1400.0,1.0,1.0],0.0001277297],
[[1400.0,150.0,150.0],7.28712e-05],
[[1400.0,200.0,200.0],8.070927e-05],
[[1400.0,250.0,250.0],8.827127e-05],
[[1400.0,300.0,300.0],0.0001069788],
[[1400.0,350.0,350.0],9.886047e-05],
[[1400.0,400.0,400.0],9.823893e-05],
[[1400.0,450.0,450.0],8.752886e-05],
[[1400.0,500.0,500.0],9.643172e-05],
[[1400.0,550.0,550.0],0.0001025749],
[[1400.0,600.0,600.0],9.974669e-05],
[[1400.0,650.0,650.0],0.0001144479],
[[1450.0,1.0,1.0],6.815606e-05],
[[1450.0,150.0,150.0],7.38131e-05],
[[1450.0,200.0,200.0],9.745374e-05],
[[1450.0,250.0,250.0],8.861376e-05],
[[1450.0,300.0,300.0],0.0001069025],
[[1450.0,350.0,350.0],0.0001057175],
[[1450.0,400.0,400.0],0.000112442],
[[1450.0,450.0,450.0],0.0001028624],
[[1450.0,500.0,500.0],0.0001268684],
[[1450.0,550.0,550.0],0.0001177493],
[[1450.0,600.0,600.0],0.000115578],
[[1450.0,650.0,650.0],0.0001259512],
[[1450.0,700.0,700.0],0.0001384824],
[[1500.0,1.0,1.0],7.318181e-05],
[[1500.0,10.0,10.0],7.173828e-05],
[[1500.0,50.0,50.0],7.541403e-05],
[[1500.0,100.0,100.0],7.905831e-05],
[[1500.0,150.0,150.0],8.795097e-05],
[[1500.0,200.0,200.0],0.00010501],
[[1500.0,250.0,250.0],0.0001005319],
[[1500.0,300.0,300.0],0.0001056588],
[[1500.0,350.0,350.0],0.0001021054],
[[1500.0,400.0,400.0],0.0001193041],
[[1500.0,450.0,450.0],0.0001207019],
[[1500.0,500.0,500.0],0.0001276743],
[[1500.0,550.0,550.0],0.0001302438],
[[1500.0,600.0,600.0],0.0001318264],
[[1500.0,650.0,650.0],0.0001545583],
[[1500.0,700.0,700.0],0.0001247999],
[[1500.0,750.0,750.0],0.0001711417],
[[1550.0,1.0,1.0],0.0001065769],
[[1550.0,150.0,150.0],8.643311e-05],
[[1550.0,200.0,200.0],0.000101719],
[[1550.0,250.0,250.0],0.0001196746],
[[1550.0,300.0,300.0],0.0001263505],
[[1550.0,350.0,350.0],0.0001197398],
[[1550.0,400.0,400.0],0.0001486525],
[[1550.0,450.0,450.0],0.0001284791],
[[1550.0,500.0,500.0],0.0001352379],
[[1550.0,550.0,550.0],0.0001363235],
[[1550.0,600.0,600.0],0.0001503071],
[[1550.0,650.0,650.0],0.0001397642],
[[1550.0,700.0,700.0],0.0001819808],
[[1550.0,750.0,750.0],0.0001968715],
[[1600.0,1.0,1.0],8.295765e-05],
[[1600.0,150.0,150.0],9.513555e-05],
[[1600.0,200.0,200.0],0.0001124313],
[[1600.0,250.0,250.0],0.0001082835],
[[1600.0,300.0,300.0],0.000141093],
[[1600.0,350.0,350.0],0.0001283154],
[[1600.0,400.0,400.0],0.0001581485],
[[1600.0,450.0,450.0],0.0001639139],
[[1600.0,500.0,500.0],0.00012652],
[[1600.0,550.0,550.0],0.0001469329],
[[1600.0,600.0,600.0],0.00015734],
[[1600.0,650.0,650.0],0.0001568207],
[[1600.0,700.0,700.0],0.0001541798],
[[1600.0,750.0,750.0],0.000181779],
[[1650.0,1.0,1.0],9.421385e-05],
[[1650.0,150.0,150.0],0.000127454],
[[1650.0,200.0,200.0],0.0001239255],
[[1650.0,250.0,250.0],0.000127441],
[[1650.0,300.0,300.0],0.0001294957],
[[1650.0,350.0,350.0],0.000124932],
[[1650.0,400.0,400.0],0.0001368156],
[[1650.0,450.0,450.0],0.0001371232],
[[1650.0,500.0,500.0],0.0001486177],
[[1650.0,550.0,550.0],0.0003134289],
[[1650.0,600.0,600.0],0.0001427257],
[[1650.0,650.0,650.0],0.0001704418],
[[1650.0,700.0,700.0],0.0001645855],
[[1650.0,750.0,750.0],0.0001950292],
[[1650.0,800.0,800.0],0.0001951388],
[[1700.0,1.0,1.0],0.0001034331],
[[1700.0,150.0,150.0],0.0001141881],
[[1700.0,200.0,200.0],0.0001182599],
[[1700.0,250.0,250.0],0.0001415139],
[[1700.0,300.0,300.0],0.0001922268],
[[1700.0,350.0,350.0],0.00014182],
[[1700.0,400.0,400.0],0.000190064],
[[1700.0,450.0,450.0],0.0001806137],
[[1700.0,500.0,500.0],0.0002117889],
[[1700.0,550.0,550.0],0.0001725904],
[[1700.0,600.0,600.0],0.0003903971],
[[1700.0,650.0,650.0],0.0002267309],
[[1700.0,700.0,700.0],0.0001895416],
[[1700.0,750.0,750.0],0.0001782342],
[[1700.0,800.0,800.0],0.0004283458],
[[1750.0,1.0,1.0],8.105246e-05],
[[1750.0,10.0,10.0],0.0001293578],
[[1750.0,50.0,50.0],9.954005e-05],
[[1750.0,100.0,100.0],9.815415e-05],
[[1750.0,150.0,150.0],0.0001212978],
[[1750.0,200.0,200.0],0.0001239054],
[[1750.0,250.0,250.0],0.0001229143],
[[1750.0,300.0,300.0],0.0001558973],
[[1750.0,350.0,350.0],0.0001648098],
[[1750.0,400.0,400.0],0.000174358],
[[1750.0,450.0,450.0],0.0002267201],
[[1750.0,500.0,500.0],0.0001817592],
[[1750.0,550.0,550.0],0.0001840123],
[[1750.0,600.0,600.0],0.0001815767],
[[1750.0,650.0,650.0],0.0002112179],
[[1750.0,700.0,700.0],0.0001877236],
[[1750.0,750.0,750.0],0.0001986613],
[[1750.0,800.0,800.0],0.000231418],
[[1750.0,850.0,850.0],0.0002282612],
[[1800.0,1.0,1.0],0.0001055726],
[[1800.0,150.0,150.0],0.0001036199],
[[1800.0,200.0,200.0],0.0001448977],
[[1800.0,250.0,250.0],0.0001431814],
[[1800.0,300.0,300.0],0.0001385895],
[[1800.0,350.0,350.0],0.0001663035],
[[1800.0,400.0,400.0],0.0001850526],
[[1800.0,450.0,450.0],0.0001714332],
[[1800.0,500.0,500.0],0.0001914865],
[[1800.0,550.0,550.0],0.0002267675],
[[1800.0,600.0,600.0],0.0002078113],
[[1800.0,650.0,650.0],0.0002648215],
[[1800.0,700.0,700.0],0.0002084682],
[[1800.0,750.0,750.0],0.0002997088],
[[1800.0,800.0,800.0],0.0002503557],
[[1800.0,850.0,850.0],0.0002463091],
[[1850.0,1.0,1.0],9.116825e-05],
[[1850.0,150.0,150.0],0.0001267039],
[[1850.0,200.0,200.0],0.0001561181],
[[1850.0,250.0,250.0],0.0001652237],
[[1850.0,300.0,300.0],0.0001683948],
[[1850.0,350.0,350.0],0.0002053895],
[[1850.0,400.0,400.0],0.0002293172],
[[1850.0,450.0,450.0],0.0002649387],
[[1850.0,500.0,500.0],0.0002270185],
[[1850.0,550.0,550.0],0.0001843409],
[[1850.0,600.0,600.0],0.000378267],
[[1850.0,650.0,650.0],0.0002620101],
[[1850.0,700.0,700.0],0.0002220665],
[[1850.0,750.0,750.0],0.0002273029],
[[1850.0,800.0,800.0],0.000238979],
[[1850.0,850.0,850.0],0.0001959222],
[[1850.0,900.0,900.0],0.0002765158],
[[1900.0,1.0,1.0],0.0001075009],
[[1900.0,150.0,150.0],0.0001309158],
[[1900.0,200.0,200.0],0.0001452678],
[[1900.0,250.0,250.0],0.0001542395],
[[1900.0,300.0,300.0],0.0001719472],
[[1900.0,350.0,350.0],0.0001874426],
[[1900.0,400.0,400.0],0.0002140829],
[[1900.0,450.0,450.0],0.00024934],
[[1900.0,500.0,500.0],0.0002095836],
[[1900.0,550.0,550.0],0.0002467967],
[[1900.0,600.0,600.0],0.0002473549],
[[1900.0,650.0,650.0],0.0002274138],
[[1900.0,700.0,700.0],0.0002307113],
[[1900.0,750.0,750.0],0.0002514795],
[[1900.0,800.0,800.0],0.0003097085],
[[1900.0,850.0,850.0],0.0002546426],
[[1900.0,900.0,900.0],0.0002549227],
[[1950.0,1.0,1.0],0.0001062833],
[[1950.0,150.0,150.0],0.0001385887],
[[1950.0,200.0,200.0],0.0001697962],
[[1950.0,250.0,250.0],0.0001649194],
[[1950.0,300.0,300.0],0.000212559],
[[1950.0,350.0,350.0],0.0001910686],
[[1950.0,400.0,400.0],0.0002197481],
[[1950.0,450.0,450.0],0.0002833867],
[[1950.0,500.0,500.0],0.0002749568],
[[1950.0,550.0,550.0],0.0002128834],
[[1950.0,600.0,600.0],0.0002460988],
[[1950.0,650.0,650.0],0.0002517578],
[[1950.0,700.0,700.0],0.0003103291],
[[1950.0,750.0,750.0],0.0002503489],
[[1950.0,800.0,800.0],0.000264827],
[[1950.0,850.0,850.0],0.0002660502],
[[1950.0,900.0,900.0],0.0002533277],
[[1950.0,950.0,950.0],0.0002881409],
[[2000.0,1.0,1.0],0.0001506438],
[[2000.0,10.0,10.0],0.0001003871],
[[2000.0,50.0,50.0],0.0001002571],
[[2000.0,100.0,100.0],0.0001242857],
[[2000.0,150.0,150.0],0.0001507598],
[[2000.0,200.0,200.0],0.0001579003],
[[2000.0,250.0,250.0],0.000180128],
[[2000.0,300.0,300.0],0.0002362863],
[[2000.0,350.0,350.0],0.0002312562],
[[2000.0,400.0,400.0],0.0002182826],
[[2000.0,450.0,450.0],0.0002852131],
[[2000.0,500.0,500.0],0.0003419273],
[[2000.0,550.0,550.0],0.0004957366],
[[2000.0,600.0,600.0],0.0003683693],
[[2000.0,650.0,650.0],0.0002459606],
[[2000.0,700.0,700.0],0.0002422779],
[[2000.0,750.0,750.0],0.00029659],
[[2000.0,800.0,800.0],0.0002603593],
[[2000.0,850.0,850.0],0.0002701319],
[[2000.0,900.0,900.0],0.0002332193],
[[2000.0,950.0,950.0],0.0002807875],
[[2250.0,1.0,1.0],0.0001081031],
[[2250.0,10.0,10.0],0.0001153747],
[[2250.0,50.0,50.0],0.0001279109],
[[2250.0,100.0,100.0],0.0001359309],
[[2250.0,150.0,150.0],0.0001417883],
[[2250.0,300.0,300.0],0.0003170636],
[[2250.0,500.0,500.0],0.0002862988],
[[2250.0,750.0,750.0],0.0003624098],
[[2250.0,1000.0,1000.0],0.0004648578],
[[2500.0,1.0,1.0],9.305232e-05],
[[2500.0,10.0,10.0],0.0001033211],
[[2500.0,50.0,50.0],9.340045e-05],
[[2500.0,100.0,100.0],0.0001103335],
[[2500.0,150.0,150.0],0.0002105109],
[[2500.0,300.0,300.0],0.0002542193],
[[2500.0,500.0,500.0],0.0004294094],
[[2500.0,750.0,750.0],0.0004081401],
[[2500.0,1000.0,1000.0],0.0004051944],
[[2500.0,1200.0,1200.0],0.0004305198],
[[2750.0,1.0,1.0],0.0001008704],
[[2750.0,10.0,10.0],9.302109e-05],
[[2750.0,50.0,50.0],9.182391e-05],
[[2750.0,100.0,100.0],0.0001134982],
[[2750.0,150.0,150.0],0.0001671218],
[[2750.0,300.0,300.0],0.0002477673],
[[2750.0,500.0,500.0],0.0003246679],
[[2750.0,750.0,750.0],0.0004181549],
[[2750.0,1000.0,1000.0],0.0004480226],
[[2750.0,1200.0,1200.0],0.0004603174],
[[3000.0,1.0,1.0],7.064e-05],
[[3000.0,10.0,10.0],7.302023e-05],
[[3000.0,50.0,50.0],7.336566e-05],
[[3000.0,100.0,100.0],9.527411e-05],
[[3000.0,150.0,150.0],0.0001168361],
[[3000.0,300.0,300.0],0.0002161264],
[[3000.0,500.0,500.0],0.0004044779],
[[3000.0,750.0,750.0],0.0004563199],
[[3000.0,1000.0,1000.0],0.0005095777],
[[3000.0,1200.0,1200.0],0.0005171127],
[[3000.0,1400.0,1400.0],0.0005906326]]
