txName: TRV1
constraint: {(PV > Zprime(1)), (Zprime(1) > MET(2),MET(3))}
condition: None
conditionDescription: None
figureUrl: https://cms-results.web.cern.ch/cms-results/public-results/publications/EXO-20-004/CMS-EXO-20-004_Figure_007-b.png
source: https://doi.org/10.5281/zenodo.13324003
validated: True
axesMap: [{0: 'x', 1: 'y', 2: 'y'}]
dataMap: {0: (1, 'mass', GeV), 1: (2, 'mass', GeV), 2: (3, 'mass', GeV)}
finalState: ['MET', 'MET']
intermediateState: None
efficiencyMap: [[[50.0,1.0,1.0],3.49091e-09],
[[100.0,1.0,1.0],1.202121e-08],
[[100.0,10.0,10.0],1.571961e-08],
[[150.0,1.0,1.0],6.825865e-08],
[[150.0,75.0,75.0],1.429349e-07],
[[200.0,1.0,1.0],1.795516e-07],
[[200.0,75.0,75.0],6.867751e-08],
[[250.0,1.0,1.0],3.408271e-07],
[[250.0,10.0,10.0],2.929022e-07],
[[250.0,75.0,75.0],3.747499e-07],
[[300.0,1.0,1.0],8.033762e-07],
[[300.0,75.0,75.0],7.768047e-07],
[[350.0,1.0,1.0],1.299031e-06],
[[350.0,75.0,75.0],1.28931e-06],
[[350.0,150.0,150.0],1.186853e-06],
[[400.0,1.0,1.0],1.795711e-06],
[[400.0,75.0,75.0],1.674902e-06],
[[400.0,150.0,150.0],1.923728e-06],
[[450.0,1.0,1.0],2.388525e-06],
[[450.0,75.0,75.0],2.906498e-06],
[[450.0,150.0,150.0],3.762788e-06],
[[450.0,200.0,200.0],2.627172e-06],
[[500.0,1.0,1.0],3.662243e-06],
[[500.0,10.0,10.0],3.26783e-06],
[[500.0,75.0,75.0],3.028164e-06],
[[500.0,150.0,150.0],4.143433e-06],
[[500.0,200.0,200.0],3.341123e-06],
[[550.0,1.0,1.0],4.981306e-06],
[[550.0,75.0,75.0],5.088617e-06],
[[550.0,150.0,150.0],5.165464e-06],
[[550.0,200.0,200.0],3.98206e-06],
[[550.0,250.0,250.0],5.03496e-06],
[[600.0,1.0,1.0],6.5798e-06],
[[600.0,75.0,75.0],5.619346e-06],
[[600.0,150.0,150.0],6.366058e-06],
[[600.0,200.0,200.0],5.263847e-06],
[[600.0,250.0,250.0],5.386665e-06],
[[650.0,1.0,1.0],6.744073e-06],
[[650.0,75.0,75.0],7.490016e-06],
[[650.0,150.0,150.0],8.332222e-06],
[[650.0,200.0,200.0],7.863139e-06],
[[650.0,250.0,250.0],8.069785e-06],
[[650.0,300.0,300.0],1.019294e-05],
[[700.0,1.0,1.0],7.552512e-06],
[[700.0,75.0,75.0],1.024987e-05],
[[700.0,150.0,150.0],8.971508e-06],
[[700.0,200.0,200.0],8.979563e-06],
[[700.0,250.0,250.0],8.83873e-06],
[[700.0,300.0,300.0],8.395966e-06],
[[750.0,1.0,1.0],8.225539e-06],
[[750.0,10.0,10.0],1.051934e-05],
[[750.0,75.0,75.0],1.577648e-05],
[[750.0,150.0,150.0],9.388981e-06],
[[750.0,200.0,200.0],1.30016e-05],
[[750.0,250.0,250.0],1.013063e-05],
[[750.0,300.0,300.0],1.033807e-05],
[[750.0,350.0,350.0],1.246007e-05],
[[800.0,1.0,1.0],1.212984e-05],
[[800.0,75.0,75.0],1.139118e-05],
[[800.0,150.0,150.0],1.098924e-05],
[[800.0,200.0,200.0],1.383757e-05],
[[800.0,250.0,250.0],1.443685e-05],
[[800.0,300.0,300.0],1.10875e-05],
[[800.0,350.0,350.0],1.663728e-05],
[[850.0,1.0,1.0],1.504202e-05],
[[850.0,75.0,75.0],1.453067e-05],
[[850.0,150.0,150.0],1.78998e-05],
[[850.0,200.0,200.0],1.249291e-05],
[[850.0,250.0,250.0],1.572787e-05],
[[850.0,300.0,300.0],1.579521e-05],
[[850.0,350.0,350.0],1.691408e-05],
[[850.0,400.0,400.0],1.653229e-05],
[[900.0,1.0,1.0],1.892911e-05],
[[900.0,75.0,75.0],1.770128e-05],
[[900.0,150.0,150.0],1.871207e-05],
[[900.0,200.0,200.0],1.755776e-05],
[[900.0,250.0,250.0],1.93143e-05],
[[900.0,300.0,300.0],1.753015e-05],
[[900.0,350.0,350.0],5.176976e-05],
[[900.0,400.0,400.0],1.81248e-05],
[[950.0,1.0,1.0],1.800301e-05],
[[950.0,75.0,75.0],2.004664e-05],
[[950.0,150.0,150.0],1.360113e-05],
[[950.0,200.0,200.0],2.071997e-05],
[[950.0,250.0,250.0],1.903678e-05],
[[950.0,300.0,300.0],2.284436e-05],
[[950.0,350.0,350.0],2.424867e-05],
[[950.0,400.0,400.0],2.172978e-05],
[[950.0,450.0,450.0],2.473149e-05],
[[1000.0,1.0,1.0],2.324322e-05],
[[1000.0,10.0,10.0],2.08868e-05],
[[1000.0,75.0,75.0],2.103736e-05],
[[1000.0,150.0,150.0],2.731729e-05],
[[1000.0,200.0,200.0],2.114571e-05],
[[1000.0,250.0,250.0],2.398415e-05],
[[1000.0,300.0,300.0],2.236786e-05],
[[1000.0,350.0,350.0],1.911456e-05],
[[1000.0,400.0,400.0],2.30024e-05],
[[1000.0,450.0,450.0],2.391126e-05],
[[1050.0,1.0,1.0],2.599648e-05],
[[1050.0,75.0,75.0],2.591345e-05],
[[1050.0,150.0,150.0],2.726332e-05],
[[1050.0,200.0,200.0],2.293789e-05],
[[1050.0,250.0,250.0],2.538786e-05],
[[1050.0,300.0,300.0],2.320324e-05],
[[1050.0,350.0,350.0],1.882242e-05],
[[1050.0,400.0,400.0],2.779703e-05],
[[1050.0,450.0,450.0],2.516652e-05],
[[1050.0,500.0,500.0],2.798607e-05],
[[1100.0,1.0,1.0],2.637598e-05],
[[1100.0,75.0,75.0],2.68237e-05],
[[1100.0,150.0,150.0],3.33162e-05],
[[1100.0,200.0,200.0],2.61553e-05],
[[1100.0,250.0,250.0],3.950013e-05],
[[1100.0,300.0,300.0],2.588121e-05],
[[1100.0,350.0,350.0],2.498614e-05],
[[1100.0,400.0,400.0],3.081429e-05],
[[1100.0,450.0,450.0],2.968003e-05],
[[1100.0,500.0,500.0],2.983833e-05],
[[1150.0,1.0,1.0],3.174139e-05],
[[1150.0,75.0,75.0],3.395262e-05],
[[1150.0,150.0,150.0],3.340135e-05],
[[1150.0,200.0,200.0],3.203907e-05],
[[1150.0,250.0,250.0],2.800246e-05],
[[1150.0,300.0,300.0],3.032212e-05],
[[1150.0,350.0,350.0],2.791127e-05],
[[1150.0,400.0,400.0],2.898788e-05],
[[1150.0,450.0,450.0],3.579293e-05],
[[1150.0,500.0,500.0],2.895887e-05],
[[1150.0,550.0,550.0],3.713054e-05],
[[1200.0,1.0,1.0],2.983495e-05],
[[1200.0,75.0,75.0],3.167068e-05],
[[1200.0,150.0,150.0],3.653769e-05],
[[1200.0,200.0,200.0],2.860447e-05],
[[1200.0,250.0,250.0],3.648351e-05],
[[1200.0,300.0,300.0],3.723096e-05],
[[1200.0,350.0,350.0],3.293557e-05],
[[1200.0,400.0,400.0],3.288914e-05],
[[1200.0,450.0,450.0],3.329531e-05],
[[1200.0,500.0,500.0],3.627185e-05],
[[1200.0,550.0,550.0],3.68268e-05],
[[1250.0,1.0,1.0],3.542752e-05],
[[1250.0,10.0,10.0],3.456012e-05],
[[1250.0,75.0,75.0],3.380885e-05],
[[1250.0,150.0,150.0],3.57185e-05],
[[1250.0,200.0,200.0],3.364922e-05],
[[1250.0,250.0,250.0],3.645753e-05],
[[1250.0,300.0,300.0],3.996427e-05],
[[1250.0,350.0,350.0],3.702545e-05],
[[1250.0,400.0,400.0],3.955587e-05],
[[1250.0,450.0,450.0],4.006921e-05],
[[1250.0,500.0,500.0],3.829844e-05],
[[1250.0,550.0,550.0],4.098792e-05],
[[1250.0,600.0,600.0],4.544917e-05],
[[1300.0,1.0,1.0],3.69021e-05],
[[1300.0,75.0,75.0],3.882386e-05],
[[1300.0,150.0,150.0],4.434166e-05],
[[1300.0,200.0,200.0],3.89001e-05],
[[1300.0,250.0,250.0],4.620082e-05],
[[1300.0,300.0,300.0],4.496085e-05],
[[1300.0,350.0,350.0],4.021717e-05],
[[1300.0,400.0,400.0],3.908685e-05],
[[1300.0,450.0,450.0],4.709378e-05],
[[1300.0,500.0,500.0],4.40978e-05],
[[1300.0,550.0,550.0],3.900465e-05],
[[1300.0,600.0,600.0],4.394689e-05],
[[1350.0,1.0,1.0],4.075439e-05],
[[1350.0,75.0,75.0],3.82503e-05],
[[1350.0,150.0,150.0],4.553116e-05],
[[1350.0,200.0,200.0],3.862706e-05],
[[1350.0,250.0,250.0],4.678897e-05],
[[1350.0,300.0,300.0],4.081615e-05],
[[1350.0,350.0,350.0],4.385113e-05],
[[1350.0,400.0,400.0],4.406854e-05],
[[1350.0,450.0,450.0],4.848524e-05],
[[1350.0,500.0,500.0],5.015029e-05],
[[1350.0,550.0,550.0],4.81842e-05],
[[1350.0,600.0,600.0],4.333779e-05],
[[1350.0,650.0,650.0],5.755236e-05],
[[1400.0,1.0,1.0],4.1238e-05],
[[1400.0,75.0,75.0],3.981998e-05],
[[1400.0,150.0,150.0],4.268202e-05],
[[1400.0,200.0,200.0],4.089629e-05],
[[1400.0,250.0,250.0],3.785422e-05],
[[1400.0,300.0,300.0],4.524748e-05],
[[1400.0,350.0,350.0],4.211883e-05],
[[1400.0,400.0,400.0],4.691707e-05],
[[1400.0,450.0,450.0],5.101632e-05],
[[1400.0,500.0,500.0],5.093583e-05],
[[1400.0,550.0,550.0],4.99644e-05],
[[1400.0,600.0,600.0],5.099334e-05],
[[1400.0,650.0,650.0],5.671498e-05],
[[1450.0,1.0,1.0],4.614528e-05],
[[1450.0,75.0,75.0],4.503963e-05],
[[1450.0,150.0,150.0],4.482737e-05],
[[1450.0,200.0,200.0],4.230257e-05],
[[1450.0,250.0,250.0],5.006243e-05],
[[1450.0,300.0,300.0],4.741661e-05],
[[1450.0,350.0,350.0],4.231436e-05],
[[1450.0,400.0,400.0],5.198529e-05],
[[1450.0,450.0,450.0],4.715214e-05],
[[1450.0,500.0,500.0],4.818113e-05],
[[1450.0,550.0,550.0],5.130216e-05],
[[1450.0,600.0,600.0],5.397694e-05],
[[1450.0,650.0,650.0],4.323193e-05],
[[1450.0,700.0,700.0],4.349214e-05],
[[1500.0,1.0,1.0],4.487547e-05],
[[1500.0,10.0,10.0],5.023669e-05],
[[1500.0,75.0,75.0],4.532151e-05],
[[1500.0,150.0,150.0],5.015008e-05],
[[1500.0,200.0,200.0],5.145592e-05],
[[1500.0,250.0,250.0],5.57824e-05],
[[1500.0,300.0,300.0],4.971864e-05],
[[1500.0,350.0,350.0],5.051373e-05],
[[1500.0,400.0,400.0],5.562061e-05],
[[1500.0,450.0,450.0],5.460257e-05],
[[1500.0,500.0,500.0],5.308042e-05],
[[1500.0,550.0,550.0],5.285369e-05],
[[1500.0,600.0,600.0],5.025273e-05],
[[1500.0,650.0,650.0],5.458569e-05],
[[1500.0,700.0,700.0],5.011214e-05],
[[1500.0,750.0,750.0],5.46779e-05],
[[1550.0,1.0,1.0],4.964127e-05],
[[1550.0,75.0,75.0],4.924772e-05],
[[1550.0,150.0,150.0],6.56994e-05],
[[1550.0,200.0,200.0],5.772561e-05],
[[1550.0,250.0,250.0],5.07791e-05],
[[1550.0,300.0,300.0],5.030552e-05],
[[1550.0,350.0,350.0],5.743293e-05],
[[1550.0,400.0,400.0],5.444012e-05],
[[1550.0,450.0,450.0],6.084005e-05],
[[1550.0,500.0,500.0],5.894904e-05],
[[1550.0,550.0,550.0],6.624463e-05],
[[1550.0,600.0,600.0],5.707566e-05],
[[1550.0,650.0,650.0],6.41105e-05],
[[1550.0,700.0,700.0],5.314671e-05],
[[1550.0,750.0,750.0],5.749867e-05],
[[1600.0,1.0,1.0],5.088424e-05],
[[1600.0,75.0,75.0],5.38408e-05],
[[1600.0,150.0,150.0],5.579999e-05],
[[1600.0,200.0,200.0],5.79318e-05],
[[1600.0,250.0,250.0],4.875531e-05],
[[1600.0,300.0,300.0],5.869579e-05],
[[1600.0,350.0,350.0],5.429967e-05],
[[1600.0,400.0,400.0],5.289548e-05],
[[1600.0,450.0,450.0],5.729081e-05],
[[1600.0,500.0,500.0],6.046677e-05],
[[1600.0,550.0,550.0],5.20989e-05],
[[1600.0,600.0,600.0],6.197272e-05],
[[1600.0,650.0,650.0],6.349969e-05],
[[1600.0,700.0,700.0],5.777418e-05],
[[1600.0,750.0,750.0],6.227165e-05],
[[1650.0,1.0,1.0],5.438756e-05],
[[1650.0,75.0,75.0],6.473357e-05],
[[1650.0,150.0,150.0],6.075179e-05],
[[1650.0,200.0,200.0],5.433335e-05],
[[1650.0,250.0,250.0],5.696839e-05],
[[1650.0,300.0,300.0],5.807907e-05],
[[1650.0,350.0,350.0],6.444553e-05],
[[1650.0,400.0,400.0],5.574913e-05],
[[1650.0,450.0,450.0],6.662023e-05],
[[1650.0,500.0,500.0],6.362174e-05],
[[1650.0,550.0,550.0],5.78436e-05],
[[1650.0,600.0,600.0],7.041579e-05],
[[1650.0,650.0,650.0],6.695082e-05],
[[1650.0,700.0,700.0],6.510079e-05],
[[1650.0,750.0,750.0],5.553894e-05],
[[1650.0,800.0,800.0],6.555384e-05],
[[1700.0,1.0,1.0],6.717413e-05],
[[1700.0,75.0,75.0],5.829632e-05],
[[1700.0,150.0,150.0],5.685291e-05],
[[1700.0,200.0,200.0],6.374454e-05],
[[1700.0,250.0,250.0],5.46789e-05],
[[1700.0,300.0,300.0],6.352911e-05],
[[1700.0,350.0,350.0],6.661581e-05],
[[1700.0,400.0,400.0],7.032506e-05],
[[1700.0,450.0,450.0],6.368708e-05],
[[1700.0,500.0,500.0],6.662866e-05],
[[1700.0,550.0,550.0],5.967046e-05],
[[1700.0,600.0,600.0],7.142948e-05],
[[1700.0,650.0,650.0],7.122883e-05],
[[1700.0,700.0,700.0],7.068154e-05],
[[1700.0,750.0,750.0],7.083873e-05],
[[1700.0,800.0,800.0],6.572425e-05],
[[1750.0,1.0,1.0],6.523682e-05],
[[1750.0,10.0,10.0],6.052651e-05],
[[1750.0,75.0,75.0],6.052463e-05],
[[1750.0,150.0,150.0],5.604253e-05],
[[1750.0,200.0,200.0],7.010086e-05],
[[1750.0,250.0,250.0],7.037633e-05],
[[1750.0,300.0,300.0],6.877318e-05],
[[1750.0,350.0,350.0],6.460012e-05],
[[1750.0,400.0,400.0],7.154688e-05],
[[1750.0,450.0,450.0],7.402616e-05],
[[1750.0,500.0,500.0],6.94209e-05],
[[1750.0,550.0,550.0],7.394374e-05],
[[1750.0,600.0,600.0],6.604595e-05],
[[1750.0,650.0,650.0],8.85181e-05],
[[1750.0,700.0,700.0],6.68928e-05],
[[1750.0,750.0,750.0],7.500821e-05],
[[1750.0,800.0,800.0],6.870923e-05],
[[1750.0,850.0,850.0],6.882595e-05],
[[1800.0,1.0,1.0],6.0896e-05],
[[1800.0,75.0,75.0],6.161546e-05],
[[1800.0,150.0,150.0],6.824953e-05],
[[1800.0,200.0,200.0],6.881663e-05],
[[1800.0,250.0,250.0],6.114233e-05],
[[1800.0,300.0,300.0],6.55105e-05],
[[1800.0,350.0,350.0],7.659957e-05],
[[1800.0,400.0,400.0],7.18028e-05],
[[1800.0,450.0,450.0],6.819081e-05],
[[1800.0,500.0,500.0],6.564573e-05],
[[1800.0,550.0,550.0],6.358944e-05],
[[1800.0,600.0,600.0],8.703984e-05],
[[1800.0,650.0,650.0],8.508759e-05],
[[1800.0,700.0,700.0],7.4784e-05],
[[1800.0,750.0,750.0],7.105037e-05],
[[1800.0,800.0,800.0],6.285346e-05],
[[1800.0,850.0,850.0],8.753425e-05],
[[1850.0,1.0,1.0],6.220587e-05],
[[1850.0,75.0,75.0],7.160715e-05],
[[1850.0,150.0,150.0],6.596526e-05],
[[1850.0,200.0,200.0],7.050046e-05],
[[1850.0,250.0,250.0],8.16074e-05],
[[1850.0,300.0,300.0],6.642402e-05],
[[1850.0,350.0,350.0],7.971963e-05],
[[1850.0,400.0,400.0],9.028342e-05],
[[1850.0,450.0,450.0],7.665637e-05],
[[1850.0,500.0,500.0],5.949248e-05],
[[1850.0,550.0,550.0],7.090938e-05],
[[1850.0,600.0,600.0],7.630116e-05],
[[1850.0,650.0,650.0],8.659463e-05],
[[1850.0,700.0,700.0],8.379496e-05],
[[1850.0,750.0,750.0],7.249661e-05],
[[1850.0,800.0,800.0],7.994807e-05],
[[1850.0,850.0,850.0],9.754318e-05],
[[1850.0,900.0,900.0],6.527792e-05],
[[1900.0,1.0,1.0],7.31835e-05],
[[1900.0,75.0,75.0],7.120234e-05],
[[1900.0,150.0,150.0],7.684793e-05],
[[1900.0,200.0,200.0],7.709309e-05],
[[1900.0,250.0,250.0],7.569868e-05],
[[1900.0,300.0,300.0],6.354261e-05],
[[1900.0,350.0,350.0],6.591267e-05],
[[1900.0,400.0,400.0],9.481837e-05],
[[1900.0,450.0,450.0],9.73126e-05],
[[1900.0,500.0,500.0],5.513282e-05],
[[1900.0,550.0,550.0],7.872369e-05],
[[1900.0,600.0,600.0],7.288139e-05],
[[1900.0,650.0,650.0],8.880309e-05],
[[1900.0,700.0,700.0],7.666381e-05],
[[1900.0,750.0,750.0],7.83373e-05],
[[1900.0,800.0,800.0],7.402631e-05],
[[1900.0,850.0,850.0],8.335448e-05],
[[1900.0,900.0,900.0],7.034725e-05],
[[1950.0,1.0,1.0],7.058668e-05],
[[1950.0,75.0,75.0],7.603546e-05],
[[1950.0,150.0,150.0],6.655701e-05],
[[1950.0,200.0,200.0],8.408012e-05],
[[1950.0,250.0,250.0],6.272571e-05],
[[1950.0,300.0,300.0],8.270285e-05],
[[1950.0,350.0,350.0],8.092969e-05],
[[1950.0,400.0,400.0],6.946934e-05],
[[1950.0,450.0,450.0],9.080502e-05],
[[1950.0,500.0,500.0],5.799032e-05],
[[1950.0,550.0,550.0],8.530567e-05],
[[1950.0,600.0,600.0],0.0001027866],
[[1950.0,650.0,650.0],7.450496e-05],
[[1950.0,700.0,700.0],9.739851e-05],
[[1950.0,750.0,750.0],8.343896e-05],
[[1950.0,800.0,800.0],8.481775e-05],
[[1950.0,850.0,850.0],8.229193e-05],
[[1950.0,900.0,900.0],8.727883e-05],
[[1950.0,950.0,950.0],8.218869e-05],
[[2000.0,1.0,1.0],8.100145e-05],
[[2000.0,75.0,75.0],7.9012e-05],
[[2000.0,150.0,150.0],9.417869e-05],
[[2000.0,200.0,200.0],7.079997e-05],
[[2000.0,250.0,250.0],8.112786e-05],
[[2000.0,300.0,300.0],7.295983e-05],
[[2000.0,350.0,350.0],9.969761e-05],
[[2000.0,400.0,400.0],9.978741e-05],
[[2000.0,450.0,450.0],7.833487e-05],
[[2000.0,500.0,500.0],8.588524e-05],
[[2000.0,550.0,550.0],0.0001002831],
[[2000.0,600.0,600.0],8.453247e-05],
[[2000.0,650.0,650.0],7.663159e-05],
[[2000.0,700.0,700.0],7.271662e-05],
[[2000.0,750.0,750.0],8.325925e-05],
[[2000.0,800.0,800.0],8.240374e-05],
[[2000.0,850.0,850.0],9.042646e-05],
[[2000.0,900.0,900.0],7.666088e-05],
[[2000.0,950.0,950.0],8.268653e-05],
[[2250.0,1.0,1.0],9.668568e-05],
[[2250.0,75.0,75.0],9.800764e-05],
[[2250.0,150.0,150.0],8.825863e-05],
[[2250.0,300.0,300.0],8.466499e-05],
[[2250.0,500.0,500.0],8.945065e-05],
[[2250.0,750.0,750.0],9.481347e-05],
[[2250.0,1000.0,1000.0],0.0001121435],
[[2500.0,1.0,1.0],9.992982e-05],
[[2500.0,75.0,75.0],0.0001101752],
[[2500.0,150.0,150.0],0.0001068212],
[[2500.0,300.0,300.0],9.711543e-05],
[[2500.0,500.0,500.0],8.437358e-05],
[[2500.0,750.0,750.0],9.376426e-05],
[[2500.0,1000.0,1000.0],0.0001038313],
[[2500.0,1200.0,1200.0],0.0001032946],
[[2750.0,1.0,1.0],0.0001066851],
[[2750.0,75.0,75.0],0.000113677],
[[2750.0,150.0,150.0],0.0001117958],
[[2750.0,300.0,300.0],0.0001082808],
[[2750.0,500.0,500.0],9.697996e-05],
[[2750.0,750.0,750.0],9.712101e-05],
[[2750.0,1000.0,1000.0],9.880765e-05],
[[2750.0,1200.0,1200.0],9.948577e-05],
[[3000.0,1.0,1.0],0.0001067254],
[[3000.0,75.0,75.0],0.0001093773],
[[3000.0,150.0,150.0],0.0001081008],
[[3000.0,300.0,300.0],0.0001065145],
[[3000.0,500.0,500.0],0.0001096399],
[[3000.0,750.0,750.0],8.893988e-05],
[[3000.0,1000.0,1000.0],0.0001033664],
[[3000.0,1200.0,1200.0],0.0001108455],
[[3000.0,1400.0,1400.0],0.0001149241]]
