txName: TRV1
constraint: {(PV > Zprime(1)), (Zprime(1) > MET(2),MET(3))}
condition: None
conditionDescription: None
figureUrl: None
source: Recast by CM2
validated: True
axesMap: [{0: 'x', 1: 'y', 2: 'y'}]
dataMap: {0: (1, 'mass', GeV), 1: (2, 'mass', GeV), 2: (3, 'mass', GeV)}
finalState: ['MET', 'MET']
intermediateState: None
efficiencyMap: [[[50.0,0,0],0.0],
[[50.0,1.0,1.0],0.0],
[[50.0,10.0,10.0],0.0],
[[50.0,20.0,20.0],0],
[[100.0,0,0],0],
[[100.0,1.0,1.0],0],
[[100.0,10.0,10.0],0],
[[150.0,0,0],0],
[[150.0,1.0,1.0],0],
[[150.0,10.0,10.0],0],
[[150.0,50.0,50.0],0],
[[150.0,70.0,70.0],0],
[[200.0,0,0],0],
[[200.0,1.0,1.0],0],
[[200.0,10.0,10.0],0],
[[200.0,50.0,50.0],0],
[[200.0,75.0,75.0],0],
[[250.0,0,0],8.337895e-06],
[[250.0,1.0,1.0],0],
[[250.0,10.0,10.0],0],
[[250.0,50.0,50.0],0],
[[250.0,75.0,75.0],0],
[[250.0,100.0,100.0],2.255355e-06],
[[250.0,120.0,120.0],2.279294e-06],
[[300.0,0,0],2.705385e-06],
[[300.0,1.0,1.0],2.850353e-06],
[[300.0,10.0,10.0],2.220092e-06],
[[300.0,50.0,50.0],8.274722e-06],
[[300.0,75.0,75.0],1.744353e-06],
[[300.0,100.0,100.0],2.945443e-06],
[[350.0,0,0],6.375517e-06],
[[350.0,1.0,1.0],3.018491e-06],
[[350.0,10.0,10.0],5.716521e-06],
[[350.0,50.0,50.0],7.283642e-06],
[[350.0,75.0,75.0],3.214329e-06],
[[350.0,100.0,100.0],4.546599e-06],
[[350.0,150.0,150.0],7.222935e-06],
[[350.0,170.0,170.0],5.918949e-06],
[[400.0,0,0],4.674099e-06],
[[400.0,1.0,1.0],5.491082e-06],
[[400.0,10.0,10.0],4.787608e-06],
[[400.0,50.0,50.0],4.88108e-06],
[[400.0,75.0,75.0],6.318358e-06],
[[400.0,100.0,100.0],5.37586e-06],
[[400.0,150.0,150.0],7.666296e-06],
[[450.0,0,0],4.277216e-06],
[[450.0,1.0,1.0],7.281106e-06],
[[450.0,10.0,10.0],9.040144e-06],
[[450.0,50.0,50.0],9.382974e-06],
[[450.0,75.0,75.0],8.480451e-06],
[[450.0,100.0,100.0],7.888195e-06],
[[450.0,150.0,150.0],7.536491e-06],
[[450.0,200.0,200.0],8.960958e-06],
[[450.0,220.0,220.0],5.839345e-06],
[[500.0,0,0],8.820111e-06],
[[500.0,1.0,1.0],2.682989e-05],
[[500.0,10.0,10.0],6.092533e-06],
[[500.0,50.0,50.0],9.057583e-06],
[[500.0,75.0,75.0],1.073352e-05],
[[500.0,100.0,100.0],1.204041e-05],
[[500.0,150.0,150.0],1.026228e-05],
[[500.0,200.0,200.0],1.149508e-05],
[[550.0,1.0,1.0],1.072342e-05],
[[550.0,10.0,10.0],8.818659e-06],
[[550.0,75.0,75.0],1.468791e-05],
[[550.0,150.0,150.0],9.040885e-06],
[[550.0,200.0,200.0],7.628659e-06],
[[550.0,250.0,250.0],1.219906e-05],
[[550.0,270.0,270.0],1.462328e-05],
[[600.0,0,0],1.426335e-05],
[[600.0,1.0,1.0],1.450501e-05],
[[600.0,10.0,10.0],1.518164e-05],
[[600.0,50.0,50.0],1.177247e-05],
[[600.0,75.0,75.0],1.45028e-05],
[[600.0,100.0,100.0],9.92839e-06],
[[600.0,150.0,150.0],1.132656e-05],
[[600.0,200.0,200.0],2.355133e-05],
[[600.0,250.0,250.0],1.678694e-05],
[[600.0,295.0,295.0],1.964551e-05],
[[650.0,1.0,1.0],1.458723e-05],
[[650.0,10.0,10.0],1.435562e-05],
[[650.0,75.0,75.0],2.649898e-05],
[[650.0,150.0,150.0],1.389172e-05],
[[650.0,200.0,200.0],1.484556e-05],
[[650.0,250.0,250.0],2.711356e-05],
[[650.0,300.0,300.0],1.645508e-05],
[[650.0,320.0,320.0],1.508464e-05],
[[700.0,0,0],2.628766e-05],
[[700.0,1.0,1.0],2.237516e-05],
[[700.0,10.0,10.0],1.555953e-05],
[[700.0,50.0,50.0],1.989006e-05],
[[700.0,75.0,75.0],1.863515e-05],
[[700.0,100.0,100.0],1.174021e-05],
[[700.0,150.0,150.0],1.333436e-05],
[[700.0,200.0,200.0],1.81548e-05],
[[700.0,250.0,250.0],1.397654e-05],
[[700.0,300.0,300.0],1.389338e-05],
[[750.0,1.0,1.0],1.859742e-05],
[[750.0,10.0,10.0],1.735466e-05],
[[750.0,75.0,75.0],2.235455e-05],
[[750.0,150.0,150.0],2.19109e-05],
[[750.0,200.0,200.0],2.251706e-05],
[[750.0,250.0,250.0],1.553021e-05],
[[750.0,300.0,300.0],3.247207e-05],
[[750.0,350.0,350.0],2.294373e-05],
[[750.0,370.0,370.0],2.203542e-05],
[[800.0,0,0],2.240105e-05],
[[800.0,1.0,1.0],2.872173e-05],
[[800.0,10.0,10.0],2.631804e-05],
[[800.0,50.0,50.0],1.546661e-05],
[[800.0,75.0,75.0],2.843359e-05],
[[800.0,100.0,100.0],2.459547e-05],
[[800.0,150.0,150.0],2.969127e-05],
[[800.0,200.0,200.0],2.481241e-05],
[[800.0,250.0,250.0],2.382756e-05],
[[800.0,300.0,300.0],2.267552e-05],
[[800.0,350.0,350.0],2.961505e-05],
[[850.0,1.0,1.0],2.621138e-05],
[[850.0,10.0,10.0],2.914353e-05],
[[850.0,75.0,75.0],2.72882e-05],
[[850.0,150.0,150.0],3.219463e-05],
[[850.0,200.0,200.0],3.491613e-05],
[[850.0,250.0,250.0],3.002376e-05],
[[850.0,300.0,300.0],4.030341e-05],
[[850.0,350.0,350.0],2.650062e-05],
[[850.0,400.0,400.0],4.144018e-05],
[[850.0,420.0,420.0],4.900832e-05],
[[900.0,0,0],2.410439e-05],
[[900.0,1.0,1.0],2.555113e-05],
[[900.0,10.0,10.0],2.906464e-05],
[[900.0,50.0,50.0],2.766935e-05],
[[900.0,75.0,75.0],2.90422e-05],
[[900.0,100.0,100.0],2.260489e-05],
[[900.0,150.0,150.0],4.911958e-05],
[[900.0,200.0,200.0],3.315126e-05],
[[900.0,250.0,250.0],3.338322e-05],
[[900.0,300.0,300.0],4.406711e-05],
[[900.0,350.0,350.0],2.064558e-05],
[[900.0,400.0,400.0],3.564982e-05],
[[950.0,1.0,1.0],3.144231e-05],
[[950.0,10.0,10.0],4.436068e-05],
[[950.0,75.0,75.0],4.585381e-05],
[[950.0,150.0,150.0],2.947565e-05],
[[950.0,200.0,200.0],3.170805e-05],
[[950.0,250.0,250.0],2.970892e-05],
[[950.0,300.0,300.0],2.838853e-05],
[[950.0,350.0,350.0],3.06019e-05],
[[950.0,400.0,400.0],3.678744e-05],
[[950.0,450.0,450.0],2.696091e-05],
[[950.0,470.0,470.0],3.293281e-05],
[[1000.0,0,0],2.914085e-05],
[[1000.0,50.0,50.0],4.075158e-05],
[[1000.0,100.0,100.0],3.6175e-05],
[[1000.0,150.0,150.0],2.445802e-05],
[[1000.0,200.0,200.0],2.843413e-05],
[[1000.0,250.0,250.0],3.365621e-05],
[[1000.0,300.0,300.0],4.741056e-05],
[[1000.0,350.0,350.0],4.408974e-05],
[[1000.0,400.0,400.0],2.855416e-05],
[[1000.0,450.0,450.0],3.81881e-05],
[[1050.0,520.0,520.0],4.857706e-05],
[[1100.0,0,0],4.278344e-05],
[[1100.0,100.0,100.0],3.672424e-05],
[[1100.0,200.0,200.0],3.211316e-05],
[[1100.0,300.0,300.0],4.940058e-05],
[[1100.0,400.0,400.0],3.97215e-05],
[[1100.0,500.0,500.0],3.881414e-05],
[[1150.0,570.0,570.0],4.487653e-05],
[[1200.0,0,0],4.233689e-05],
[[1200.0,100.0,100.0],3.707228e-05],
[[1200.0,200.0,200.0],3.092142e-05],
[[1200.0,300.0,300.0],5.856745e-05],
[[1200.0,400.0,400.0],6.115912e-05],
[[1200.0,500.0,500.0],4.444373e-05],
[[1250.0,620.0,620.0],5.570525e-05],
[[1300.0,0,0],5.18392e-05],
[[1300.0,100.0,100.0],3.569839e-05],
[[1300.0,200.0,200.0],3.065283e-05],
[[1300.0,300.0,300.0],3.834498e-05],
[[1300.0,400.0,400.0],5.776318e-05],
[[1300.0,500.0,500.0],4.564763e-05],
[[1300.0,600.0,600.0],4.328319e-05],
[[1350.0,670.0,670.0],6.092007e-05],
[[1400.0,0,0],5.557848e-05],
[[1400.0,100.0,100.0],5.188334e-05],
[[1400.0,200.0,200.0],5.264633e-05],
[[1400.0,300.0,300.0],4.200778e-05],
[[1400.0,400.0,400.0],5.325156e-05],
[[1400.0,500.0,500.0],7.639383e-05],
[[1400.0,600.0,600.0],5.89674e-05],
[[1450.0,720.0,720.0],4.317132e-05],
[[1500.0,0,0],6.900463e-05],
[[1500.0,100.0,100.0],5.308153e-05],
[[1500.0,200.0,200.0],5.725029e-05],
[[1500.0,300.0,300.0],6.483682e-05],
[[1500.0,400.0,400.0],4.002051e-05],
[[1500.0,500.0,500.0],4.619693e-05],
[[1500.0,600.0,600.0],5.37478e-05],
[[1500.0,700.0,700.0],6.445484e-05],
[[1550.0,770.0,770.0],9.754353e-05],
[[1600.0,0,0],4.935869e-05],
[[1600.0,100.0,100.0],6.419319e-05],
[[1600.0,200.0,200.0],4.327147e-05],
[[1600.0,300.0,300.0],5.774307e-05],
[[1600.0,400.0,400.0],5.544294e-05],
[[1600.0,500.0,500.0],5.537126e-05],
[[1600.0,600.0,600.0],5.672269e-05],
[[1600.0,700.0,700.0],5.131444e-05],
[[1650.0,820.0,820.0],0.0001137837],
[[1700.0,0,0],8.962865e-05],
[[1700.0,100.0,100.0],7.45462e-05],
[[1700.0,200.0,200.0],5.138512e-05],
[[1700.0,300.0,300.0],6.858637e-05],
[[1700.0,400.0,400.0],8.233451e-05],
[[1700.0,500.0,500.0],6.601296e-05],
[[1700.0,600.0,600.0],9.66489e-05],
[[1700.0,700.0,700.0],6.986887e-05],
[[1700.0,800.0,800.0],6.024772e-05],
[[1750.0,870.0,870.0],7.418389e-05],
[[1800.0,0,0],5.120992e-05],
[[1800.0,100.0,100.0],6.578087e-05],
[[1800.0,200.0,200.0],4.4982e-05],
[[1800.0,300.0,300.0],7.407078e-05],
[[1800.0,400.0,400.0],5.686104e-05],
[[1800.0,500.0,500.0],4.735961e-05],
[[1800.0,600.0,600.0],7.683991e-05],
[[1800.0,700.0,700.0],0.0001011759],
[[1800.0,800.0,800.0],6.819826e-05],
[[1850.0,920.0,920.0],7.391352e-05],
[[1900.0,0,0],6.330748e-05],
[[1900.0,100.0,100.0],7.586743e-05],
[[1900.0,200.0,200.0],8.683253e-05],
[[1900.0,300.0,300.0],6.525168e-05],
[[1900.0,400.0,400.0],5.612276e-05],
[[1900.0,500.0,500.0],7.002557e-05],
[[1900.0,600.0,600.0],5.002123e-05],
[[1900.0,700.0,700.0],8.089017e-05],
[[1900.0,800.0,800.0],4.87018e-05],
[[1900.0,900.0,900.0],7.32048e-05],
[[1950.0,970.0,970.0],6.652266e-05],
[[2000.0,0,0],4.448245e-05],
[[2000.0,100.0,100.0],8.223136e-05],
[[2000.0,200.0,200.0],7.291452e-05],
[[2000.0,300.0,300.0],8.179885e-05],
[[2000.0,400.0,400.0],6.157199e-05],
[[2000.0,500.0,500.0],6.962687e-05],
[[2000.0,600.0,600.0],5.361641e-05],
[[2000.0,700.0,700.0],7.028543e-05],
[[2000.0,800.0,800.0],8.802222e-05],
[[2000.0,900.0,900.0],7.572196e-05],
[[2050.0,1020.0,1020.0],8.100424e-05],
[[2100.0,0,0],8.99284e-05],
[[2100.0,100.0,100.0],7.248166e-05],
[[2100.0,200.0,200.0],8.300605e-05],
[[2100.0,300.0,300.0],7.268155e-05],
[[2100.0,400.0,400.0],6.907106e-05],
[[2100.0,500.0,500.0],6.161179e-05],
[[2100.0,600.0,600.0],6.659289e-05],
[[2100.0,700.0,700.0],7.689135e-05],
[[2100.0,800.0,800.0],8.600916e-05],
[[2100.0,900.0,900.0],6.226217e-05],
[[2100.0,1000.0,1000.0],6.866993e-05],
[[2150.0,1070.0,1070.0],7.672614e-05],
[[2200.0,0,0],6.184345e-05],
[[2200.0,100.0,100.0],5.776467e-05],
[[2200.0,200.0,200.0],6.781251e-05],
[[2200.0,300.0,300.0],7.285761e-05],
[[2200.0,400.0,400.0],7.670983e-05],
[[2200.0,500.0,500.0],7.35743e-05],
[[2200.0,600.0,600.0],9.358767e-05],
[[2200.0,700.0,700.0],8.968413e-05],
[[2200.0,800.0,800.0],6.310768e-05],
[[2200.0,900.0,900.0],7.181112e-05],
[[2200.0,1000.0,1000.0],8.756645e-05],
[[2250.0,1120.0,1120.0],8.574995e-05],
[[2300.0,0,0],8.219401e-05],
[[2300.0,100.0,100.0],7.640203e-05],
[[2300.0,200.0,200.0],0.0001055148],
[[2300.0,300.0,300.0],7.555362e-05],
[[2300.0,400.0,400.0],0.000128676],
[[2300.0,500.0,500.0],7.181008e-05],
[[2300.0,600.0,600.0],6.56497e-05],
[[2300.0,700.0,700.0],5.863275e-05],
[[2300.0,800.0,800.0],0.0001040938],
[[2300.0,900.0,900.0],6.915904e-05],
[[2300.0,1000.0,1000.0],8.978954e-05],
[[2300.0,1100.0,1100.0],9.180468e-05],
[[2350.0,1170.0,1170.0],9.470661e-05],
[[2400.0,0,0],8.411268e-05],
[[2400.0,100.0,100.0],8.428561e-05],
[[2400.0,200.0,200.0],6.580811e-05],
[[2400.0,300.0,300.0],8.236635e-05],
[[2400.0,400.0,400.0],0.0001189088],
[[2400.0,500.0,500.0],5.356753e-05],
[[2400.0,600.0,600.0],7.052802e-05],
[[2400.0,700.0,700.0],6.699026e-05],
[[2400.0,800.0,800.0],9.601622e-05],
[[2400.0,900.0,900.0],8.361929e-05],
[[2400.0,1000.0,1000.0],7.598993e-05],
[[2400.0,1100.0,1100.0],8.334171e-05],
[[2450.0,1220.0,1220.0],0.0001176502],
[[2500.0,0,0],7.420164e-05],
[[2500.0,100.0,100.0],9.278514e-05],
[[2500.0,200.0,200.0],9.822274e-05],
[[2500.0,300.0,300.0],8.670831e-05],
[[2500.0,400.0,400.0],0.000102045],
[[2500.0,500.0,500.0],9.909843e-05],
[[2500.0,600.0,600.0],8.457831e-05],
[[2500.0,700.0,700.0],9.238996e-05],
[[2500.0,800.0,800.0],5.623263e-05],
[[2500.0,900.0,900.0],6.38944e-05],
[[2500.0,1000.0,1000.0],7.41389e-05],
[[2500.0,1100.0,1100.0],9.291885e-05],
[[2500.0,1200.0,1200.0],6.774812e-05],
[[2550.0,1270.0,1270.0],0.0001088736],
[[2600.0,0,0],7.968479e-05],
[[2600.0,100.0,100.0],7.783748e-05],
[[2600.0,200.0,200.0],6.083535e-05],
[[2600.0,300.0,300.0],7.778659e-05],
[[2600.0,400.0,400.0],9.162143e-05],
[[2600.0,500.0,500.0],7.684387e-05],
[[2600.0,600.0,600.0],8.704805e-05],
[[2600.0,700.0,700.0],8.003621e-05],
[[2600.0,800.0,800.0],8.679994e-05],
[[2600.0,900.0,900.0],9.865999e-05],
[[2600.0,1000.0,1000.0],7.330441e-05],
[[2600.0,1100.0,1100.0],8.350347e-05],
[[2600.0,1200.0,1200.0],7.896435e-05],
[[2650.0,1320.0,1320.0],7.424564e-05],
[[2700.0,0,0],6.891364e-05],
[[2700.0,100.0,100.0],7.155178e-05],
[[2700.0,200.0,200.0],5.359559e-05],
[[2700.0,300.0,300.0],8.642025e-05],
[[2700.0,400.0,400.0],7.259112e-05],
[[2700.0,500.0,500.0],7.620454e-05],
[[2700.0,600.0,600.0],8.389725e-05],
[[2700.0,700.0,700.0],7.772157e-05],
[[2700.0,800.0,800.0],6.743471e-05],
[[2700.0,900.0,900.0],0.0001135461],
[[2700.0,1000.0,1000.0],8.786842e-05],
[[2700.0,1100.0,1100.0],7.808266e-05],
[[2700.0,1200.0,1200.0],8.284718e-05],
[[2700.0,1300.0,1300.0],0.0001067974],
[[2750.0,1370.0,1370.0],9.598223e-05],
[[2800.0,0,0],7.744528e-05],
[[2800.0,100.0,100.0],7.012323e-05],
[[2800.0,200.0,200.0],6.858853e-05],
[[2800.0,300.0,300.0],7.134033e-05],
[[2800.0,400.0,400.0],8.744941e-05],
[[2800.0,500.0,500.0],8.428869e-05],
[[2800.0,600.0,600.0],9.319997e-05],
[[2800.0,700.0,700.0],0.0001205259],
[[2800.0,800.0,800.0],8.834015e-05],
[[2800.0,900.0,900.0],9.144452e-05],
[[2800.0,1000.0,1000.0],9.083828e-05],
[[2800.0,1100.0,1100.0],9.128288e-05],
[[2800.0,1200.0,1200.0],8.170815e-05],
[[2800.0,1300.0,1300.0],8.390786e-05],
[[2850.0,1420.0,1420.0],9.270142e-05],
[[2900.0,0,0],8.247392e-05],
[[2900.0,100.0,100.0],6.887515e-05],
[[2900.0,200.0,200.0],7.554062e-05],
[[2900.0,300.0,300.0],7.279304e-05],
[[2900.0,400.0,400.0],6.937625e-05],
[[2900.0,500.0,500.0],0.0001840093],
[[2900.0,600.0,600.0],8.278414e-05],
[[2900.0,700.0,700.0],7.986491e-05],
[[2900.0,800.0,800.0],0.0001126065],
[[2900.0,900.0,900.0],3.243933e-05],
[[2900.0,1000.0,1000.0],0.0001133292],
[[2900.0,1100.0,1100.0],7.300846e-05],
[[2900.0,1200.0,1200.0],0.0001213696],
[[2900.0,1300.0,1300.0],7.907439e-05],
[[2900.0,1400.0,1400.0],6.524901e-05],
[[2950.0,1470.0,1470.0],9.572975e-05],
[[3000.0,0,0],7.640797e-05],
[[3000.0,100.0,100.0],6.604481e-05],
[[3000.0,200.0,200.0],6.671207e-05],
[[3000.0,300.0,300.0],9.337486e-05],
[[3000.0,400.0,400.0],9.290225e-05],
[[3000.0,500.0,500.0],7.638927e-05],
[[3000.0,600.0,600.0],0.0001005691],
[[3000.0,700.0,700.0],0.000106691],
[[3000.0,800.0,800.0],9.097077e-05],
[[3000.0,900.0,900.0],8.849329e-05],
[[3000.0,1000.0,1000.0],7.314764e-05],
[[3000.0,1100.0,1100.0],7.072331e-05],
[[3000.0,1200.0,1200.0],8.064351e-05],
[[3000.0,1300.0,1300.0],7.882849e-05],
[[3000.0,1400.0,1400.0],9.640279e-05]]
