txName: TRV1
constraint: {(PV > Zprime(1)), (Zprime(1) > MET(2),MET(3))}
condition: None
conditionDescription: None
figureUrl: None
source: Recast by CM2
validated: True
axesMap: [{0: 'x', 1: 'y', 2: 'y'}]
dataMap: {0: (1, 'mass', GeV), 1: (2, 'mass', GeV), 2: (3, 'mass', GeV)}
finalState: ['MET', 'MET']
intermediateState: None
efficiencyMap: [[[50.0,0,0],0],
[[50.0,1.0,1.0],0],
[[50.0,10.0,10.0],0],
[[50.0,20.0,20.0],0],
[[100.0,0,0],0],
[[100.0,1.0,1.0],0],
[[100.0,10.0,10.0],0],
[[150.0,0,0],0],
[[150.0,1.0,1.0],0],
[[150.0,10.0,10.0],0],
[[150.0,50.0,50.0],0],
[[150.0,70.0,70.0],0],
[[200.0,0,0],0],
[[200.0,1.0,1.0],0],
[[200.0,10.0,10.0],0],
[[200.0,50.0,50.0],0],
[[200.0,75.0,75.0],0],
[[250.0,0,0],3.765086e-06],
[[250.0,1.0,1.0],0],
[[250.0,10.0,10.0],0],
[[250.0,50.0,50.0],0],
[[250.0,75.0,75.0],0],
[[250.0,100.0,100.0],0],
[[250.0,120.0,120.0],0],
[[300.0,0,0],0],
[[300.0,1.0,1.0],0],
[[300.0,10.0,10.0],0],
[[300.0,50.0,50.0],2.858654e-06],
[[300.0,75.0,75.0],0],
[[300.0,100.0,100.0],0],
[[350.0,0,0],0],
[[350.0,1.0,1.0],0],
[[350.0,10.0,10.0],2.062727e-06],
[[350.0,50.0,50.0],1.673396e-06],
[[350.0,75.0,75.0],3.172282e-06],
[[350.0,100.0,100.0],1.855791e-06],
[[350.0,150.0,150.0],2.695382e-06],
[[350.0,170.0,170.0],2.432671e-06],
[[400.0,0,0],1.901696e-06],
[[400.0,1.0,1.0],0],
[[400.0,10.0,10.0],3.103725e-06],
[[400.0,50.0,50.0],2.032665e-06],
[[400.0,75.0,75.0],2.187708e-06],
[[400.0,100.0,100.0],1.941539e-06],
[[400.0,150.0,150.0],1.996265e-06],
[[450.0,0,0],2.965802e-06],
[[450.0,1.0,1.0],3.38479e-06],
[[450.0,10.0,10.0],2.951763e-06],
[[450.0,50.0,50.0],3.107167e-06],
[[450.0,75.0,75.0],4.554689e-06],
[[450.0,100.0,100.0],3.471623e-06],
[[450.0,150.0,150.0],3.196746e-06],
[[450.0,200.0,200.0],2.62876e-06],
[[450.0,220.0,220.0],3.5883e-06],
[[500.0,0,0],4.871303e-06],
[[500.0,1.0,1.0],4.60162e-06],
[[500.0,10.0,10.0],4.596152e-06],
[[500.0,50.0,50.0],4.59894e-06],
[[500.0,75.0,75.0],5.287382e-06],
[[500.0,100.0,100.0],4.40385e-06],
[[500.0,150.0,150.0],3.532196e-06],
[[500.0,200.0,200.0],5.071076e-06],
[[550.0,1.0,1.0],6.325127e-06],
[[550.0,10.0,10.0],6.408193e-06],
[[550.0,75.0,75.0],4.893716e-06],
[[550.0,150.0,150.0],8.617796e-06],
[[550.0,200.0,200.0],4.161398e-06],
[[550.0,250.0,250.0],4.270348e-06],
[[550.0,270.0,270.0],6.486761e-06],
[[600.0,0,0],5.208596e-06],
[[600.0,1.0,1.0],5.738435e-06],
[[600.0,10.0,10.0],8.312981e-06],
[[600.0,50.0,50.0],7.834703e-06],
[[600.0,75.0,75.0],7.092726e-06],
[[600.0,100.0,100.0],4.795963e-06],
[[600.0,150.0,150.0],5.942392e-06],
[[600.0,200.0,200.0],7.628599e-06],
[[600.0,250.0,250.0],9.848515e-06],
[[600.0,295.0,295.0],7.537748e-06],
[[650.0,1.0,1.0],5.447445e-06],
[[650.0,10.0,10.0],1.285634e-05],
[[650.0,75.0,75.0],1.097273e-05],
[[650.0,150.0,150.0],7.832619e-06],
[[650.0,200.0,200.0],8.07985e-06],
[[650.0,250.0,250.0],9.497245e-06],
[[650.0,300.0,300.0],7.984115e-06],
[[650.0,320.0,320.0],1.442709e-05],
[[700.0,0,0],1.027422e-05],
[[700.0,1.0,1.0],1.146404e-05],
[[700.0,10.0,10.0],1.078168e-05],
[[700.0,50.0,50.0],7.47146e-06],
[[700.0,75.0,75.0],9.211076e-06],
[[700.0,100.0,100.0],4.326505e-06],
[[700.0,150.0,150.0],9.476004e-06],
[[700.0,200.0,200.0],9.600723e-06],
[[700.0,250.0,250.0],1.579252e-05],
[[700.0,300.0,300.0],1.185643e-05],
[[750.0,1.0,1.0],1.250783e-05],
[[750.0,10.0,10.0],1.325913e-05],
[[750.0,75.0,75.0],1.35683e-05],
[[750.0,150.0,150.0],1.111488e-05],
[[750.0,200.0,200.0],8.576583e-06],
[[750.0,250.0,250.0],1.416335e-05],
[[750.0,300.0,300.0],1.469597e-05],
[[750.0,350.0,350.0],1.751557e-05],
[[750.0,370.0,370.0],1.004044e-05],
[[800.0,0,0],1.563947e-05],
[[800.0,1.0,1.0],1.334254e-05],
[[800.0,10.0,10.0],1.720669e-05],
[[800.0,50.0,50.0],1.481598e-05],
[[800.0,75.0,75.0],1.271112e-05],
[[800.0,100.0,100.0],1.044017e-05],
[[800.0,150.0,150.0],1.4027e-05],
[[800.0,200.0,200.0],2.151359e-05],
[[800.0,250.0,250.0],1.588033e-05],
[[800.0,300.0,300.0],3.030254e-05],
[[800.0,350.0,350.0],9.711038e-06],
[[850.0,1.0,1.0],1.217176e-05],
[[850.0,10.0,10.0],2.811842e-05],
[[850.0,75.0,75.0],1.338437e-05],
[[850.0,150.0,150.0],2.285721e-05],
[[850.0,200.0,200.0],1.92755e-05],
[[850.0,250.0,250.0],1.48308e-05],
[[850.0,300.0,300.0],1.597057e-05],
[[850.0,350.0,350.0],2.350097e-05],
[[850.0,400.0,400.0],1.756845e-05],
[[850.0,420.0,420.0],1.990444e-05],
[[900.0,0,0],1.715461e-05],
[[900.0,1.0,1.0],1.52984e-05],
[[900.0,10.0,10.0],2.082566e-05],
[[900.0,50.0,50.0],1.976543e-05],
[[900.0,75.0,75.0],1.896319e-05],
[[900.0,100.0,100.0],1.981676e-05],
[[900.0,150.0,150.0],1.860195e-05],
[[900.0,200.0,200.0],1.833309e-05],
[[900.0,250.0,250.0],1.847015e-05],
[[900.0,300.0,300.0],1.565668e-05],
[[900.0,350.0,350.0],3.293944e-05],
[[900.0,400.0,400.0],2.991026e-05],
[[950.0,1.0,1.0],2.190789e-05],
[[950.0,10.0,10.0],2.124457e-05],
[[950.0,75.0,75.0],1.612803e-05],
[[950.0,150.0,150.0],2.178629e-05],
[[950.0,200.0,200.0],1.919979e-05],
[[950.0,250.0,250.0],1.214758e-05],
[[950.0,300.0,300.0],2.155373e-05],
[[950.0,350.0,350.0],2.640094e-05],
[[950.0,400.0,400.0],2.667799e-05],
[[950.0,450.0,450.0],3.220631e-05],
[[950.0,470.0,470.0],3.720878e-05],
[[1000.0,0,0],2.675847e-05],
[[1000.0,50.0,50.0],2.261591e-05],
[[1000.0,100.0,100.0],2.165221e-05],
[[1000.0,150.0,150.0],1.631516e-05],
[[1000.0,200.0,200.0],2.345374e-05],
[[1000.0,250.0,250.0],2.452299e-05],
[[1000.0,300.0,300.0],2.374184e-05],
[[1000.0,350.0,350.0],2.519108e-05],
[[1000.0,400.0,400.0],2.462212e-05],
[[1000.0,450.0,450.0],2.434983e-05],
[[1050.0,520.0,520.0],2.683487e-05],
[[1100.0,0,0],3.683503e-05],
[[1100.0,100.0,100.0],3.398826e-05],
[[1100.0,200.0,200.0],2.954715e-05],
[[1100.0,300.0,300.0],3.097184e-05],
[[1100.0,400.0,400.0],3.108974e-05],
[[1100.0,500.0,500.0],2.859432e-05],
[[1150.0,570.0,570.0],4.423266e-05],
[[1200.0,0,0],3.485509e-05],
[[1200.0,100.0,100.0],6.58886e-05],
[[1200.0,200.0,200.0],3.199114e-05],
[[1200.0,300.0,300.0],3.091052e-05],
[[1200.0,400.0,400.0],3.99141e-05],
[[1200.0,500.0,500.0],3.704618e-05],
[[1250.0,620.0,620.0],7.008247e-05],
[[1300.0,0,0],7.7056e-05],
[[1300.0,100.0,100.0],4.327467e-05],
[[1300.0,200.0,200.0],3.564097e-05],
[[1300.0,300.0,300.0],3.958004e-05],
[[1300.0,400.0,400.0],5.59396e-05],
[[1300.0,500.0,500.0],4.865079e-05],
[[1300.0,600.0,600.0],3.656982e-05],
[[1350.0,670.0,670.0],4.868312e-05],
[[1400.0,0,0],3.677119e-05],
[[1400.0,100.0,100.0],4.150852e-05],
[[1400.0,200.0,200.0],5.411483e-05],
[[1400.0,300.0,300.0],3.762265e-05],
[[1400.0,400.0,400.0],5.218528e-05],
[[1400.0,500.0,500.0],5.381007e-05],
[[1400.0,600.0,600.0],4.777666e-05],
[[1450.0,720.0,720.0],4.517885e-05],
[[1500.0,0,0],5.252247e-05],
[[1500.0,100.0,100.0],5.559338e-05],
[[1500.0,200.0,200.0],4.930925e-05],
[[1500.0,300.0,300.0],5.534615e-05],
[[1500.0,400.0,400.0],7.171791e-05],
[[1500.0,500.0,500.0],5.52447e-05],
[[1500.0,600.0,600.0],5.514421e-05],
[[1500.0,700.0,700.0],6.195746e-05],
[[1550.0,770.0,770.0],6.360499e-05],
[[1600.0,0,0],7.260267e-05],
[[1600.0,100.0,100.0],5.822972e-05],
[[1600.0,200.0,200.0],4.913323e-05],
[[1600.0,300.0,300.0],5.994142e-05],
[[1600.0,400.0,400.0],6.048323e-05],
[[1600.0,500.0,500.0],9.654184e-05],
[[1600.0,600.0,600.0],5.887244e-05],
[[1600.0,700.0,700.0],6.834369e-05],
[[1650.0,820.0,820.0],6.481197e-05],
[[1700.0,0,0],6.791012e-05],
[[1700.0,100.0,100.0],5.874632e-05],
[[1700.0,200.0,200.0],6.748328e-05],
[[1700.0,300.0,300.0],6.78176e-05],
[[1700.0,400.0,400.0],7.534349e-05],
[[1700.0,500.0,500.0],7.247958e-05],
[[1700.0,600.0,600.0],8.870235e-05],
[[1700.0,700.0,700.0],6.94879e-05],
[[1700.0,800.0,800.0],5.638895e-05],
[[1750.0,870.0,870.0],7.736633e-05],
[[1800.0,0,0],9.134239e-05],
[[1800.0,100.0,100.0],7.056255e-05],
[[1800.0,200.0,200.0],7.601474e-05],
[[1800.0,300.0,300.0],9.851322e-05],
[[1800.0,400.0,400.0],6.681838e-05],
[[1800.0,500.0,500.0],6.581696e-05],
[[1800.0,600.0,600.0],7.178232e-05],
[[1800.0,700.0,700.0],7.94858e-05],
[[1800.0,800.0,800.0],9.14666e-05],
[[1850.0,920.0,920.0],6.900874e-05],
[[1900.0,0,0],8.123329e-05],
[[1900.0,100.0,100.0],7.715118e-05],
[[1900.0,200.0,200.0],8.490048e-05],
[[1900.0,300.0,300.0],7.592017e-05],
[[1900.0,400.0,400.0],7.901416e-05],
[[1900.0,500.0,500.0],0.000115071],
[[1900.0,600.0,600.0],8.886449e-05],
[[1900.0,700.0,700.0],0.000112206],
[[1900.0,800.0,800.0],9.374155e-05],
[[1900.0,900.0,900.0],7.562974e-05],
[[1950.0,970.0,970.0],9.376834e-05],
[[2000.0,0,0],7.331579e-05],
[[2000.0,100.0,100.0],7.282392e-05],
[[2000.0,200.0,200.0],7.57147e-05],
[[2000.0,300.0,300.0],7.116301e-05],
[[2000.0,400.0,400.0],9.422029e-05],
[[2000.0,500.0,500.0],7.07337e-05],
[[2000.0,600.0,600.0],8.367351e-05],
[[2000.0,700.0,700.0],0.0001190684],
[[2000.0,800.0,800.0],9.90865e-05],
[[2000.0,900.0,900.0],9.399608e-05],
[[2050.0,1020.0,1020.0],8.711511e-05],
[[2100.0,0,0],6.762013e-05],
[[2100.0,100.0,100.0],9.401935e-05],
[[2100.0,200.0,200.0],9.085995e-05],
[[2100.0,300.0,300.0],0.0001070568],
[[2100.0,400.0,400.0],9.575105e-05],
[[2100.0,500.0,500.0],8.099742e-05],
[[2100.0,600.0,600.0],0.0001130732],
[[2100.0,700.0,700.0],0.0001155449],
[[2100.0,800.0,800.0],8.48252e-05],
[[2100.0,900.0,900.0],9.927111e-05],
[[2100.0,1000.0,1000.0],0.0001170089],
[[2150.0,1070.0,1070.0],7.904095e-05],
[[2200.0,0,0],8.793072e-05],
[[2200.0,100.0,100.0],9.265668e-05],
[[2200.0,200.0,200.0],8.572552e-05],
[[2200.0,300.0,300.0],8.686245e-05],
[[2200.0,400.0,400.0],0.0001183122],
[[2200.0,500.0,500.0],9.969183e-05],
[[2200.0,600.0,600.0],9.029893e-05],
[[2200.0,700.0,700.0],0.0001035524],
[[2200.0,800.0,800.0],0.0001044057],
[[2200.0,900.0,900.0],0.0001159764],
[[2200.0,1000.0,1000.0],0.000130502],
[[2250.0,1120.0,1120.0],0.0001238845],
[[2300.0,0,0],9.691948e-05],
[[2300.0,100.0,100.0],0.0001025253],
[[2300.0,200.0,200.0],0.000101422],
[[2300.0,300.0,300.0],0.0001198008],
[[2300.0,400.0,400.0],8.706875e-05],
[[2300.0,500.0,500.0],0.0001172765],
[[2300.0,600.0,600.0],9.256821e-05],
[[2300.0,700.0,700.0],0.0001021521],
[[2300.0,800.0,800.0],9.858595e-05],
[[2300.0,900.0,900.0],0.0001319227],
[[2300.0,1000.0,1000.0],0.0001229565],
[[2300.0,1100.0,1100.0],9.616157e-05],
[[2350.0,1170.0,1170.0],0.000150648],
[[2400.0,0,0],9.348698e-05],
[[2400.0,100.0,100.0],9.13939e-05],
[[2400.0,200.0,200.0],8.973691e-05],
[[2400.0,300.0,300.0],0.0001005421],
[[2400.0,400.0,400.0],9.985617e-05],
[[2400.0,500.0,500.0],9.040477e-05],
[[2400.0,600.0,600.0],8.067253e-05],
[[2400.0,700.0,700.0],0.0001188012],
[[2400.0,800.0,800.0],0.0001140381],
[[2400.0,900.0,900.0],0.0001109945],
[[2400.0,1000.0,1000.0],0.000118911],
[[2400.0,1100.0,1100.0],9.537947e-05],
[[2450.0,1220.0,1220.0],0.0001213585],
[[2500.0,0,0],9.851696e-05],
[[2500.0,100.0,100.0],9.273854e-05],
[[2500.0,200.0,200.0],0.0001432314],
[[2500.0,300.0,300.0],0.0001169669],
[[2500.0,400.0,400.0],8.044051e-05],
[[2500.0,500.0,500.0],8.784938e-05],
[[2500.0,600.0,600.0],0.0001266898],
[[2500.0,700.0,700.0],9.7934e-05],
[[2500.0,800.0,800.0],0.0001172113],
[[2500.0,900.0,900.0],0.0001067628],
[[2500.0,1000.0,1000.0],0.0001428833],
[[2500.0,1100.0,1100.0],0.0001088682],
[[2500.0,1200.0,1200.0],0.0001233942],
[[2550.0,1270.0,1270.0],0.0001300164],
[[2600.0,0,0],9.562613e-05],
[[2600.0,100.0,100.0],9.731555e-05],
[[2600.0,200.0,200.0],0.0001123238],
[[2600.0,300.0,300.0],0.0001010289],
[[2600.0,400.0,400.0],0.0001456101],
[[2600.0,500.0,500.0],0.0001100325],
[[2600.0,600.0,600.0],0.0001023854],
[[2600.0,700.0,700.0],0.0001138288],
[[2600.0,800.0,800.0],9.807029e-05],
[[2600.0,900.0,900.0],0.0001106173],
[[2600.0,1000.0,1000.0],0.000116934],
[[2600.0,1100.0,1100.0],0.0001410995],
[[2600.0,1200.0,1200.0],9.404337e-05],
[[2650.0,1320.0,1320.0],0.0001054413],
[[2700.0,0,0],9.803681e-05],
[[2700.0,100.0,100.0],0.0001021299],
[[2700.0,200.0,200.0],0.0001325659],
[[2700.0,300.0,300.0],0.0001191144],
[[2700.0,400.0,400.0],0.0001019147],
[[2700.0,500.0,500.0],0.0001290459],
[[2700.0,600.0,600.0],0.0001251459],
[[2700.0,700.0,700.0],0.0001048394],
[[2700.0,800.0,800.0],0.0001042304],
[[2700.0,900.0,900.0],0.0001187523],
[[2700.0,1000.0,1000.0],0.000124196],
[[2700.0,1100.0,1100.0],0.0001231257],
[[2700.0,1200.0,1200.0],0.0001043735],
[[2700.0,1300.0,1300.0],0.0001213514],
[[2750.0,1370.0,1370.0],0.0001193175],
[[2800.0,0,0],9.94194e-05],
[[2800.0,100.0,100.0],0.0001014479],
[[2800.0,200.0,200.0],0.0001093631],
[[2800.0,300.0,300.0],0.0001133285],
[[2800.0,400.0,400.0],0.0001089709],
[[2800.0,500.0,500.0],0.0001092159],
[[2800.0,600.0,600.0],0.0001429641],
[[2800.0,700.0,700.0],0.0001213595],
[[2800.0,800.0,800.0],0.000123889],
[[2800.0,900.0,900.0],0.0001396663],
[[2800.0,1000.0,1000.0],0.0001299167],
[[2800.0,1100.0,1100.0],0.0001160618],
[[2800.0,1200.0,1200.0],0.0001104153],
[[2800.0,1300.0,1300.0],0.0001171035],
[[2850.0,1420.0,1420.0],0.0001437988],
[[2900.0,0,0],0.0001020407],
[[2900.0,100.0,100.0],9.593218e-05],
[[2900.0,200.0,200.0],0.0001042208],
[[2900.0,300.0,300.0],0.0001008578],
[[2900.0,400.0,400.0],0.0001217003],
[[2900.0,500.0,500.0],0.0002052854],
[[2900.0,600.0,600.0],0.0001210407],
[[2900.0,700.0,700.0],0.0001265447],
[[2900.0,800.0,800.0],0.000132604],
[[2900.0,900.0,900.0],5.26381e-05],
[[2900.0,1000.0,1000.0],0.0001400445],
[[2900.0,1100.0,1100.0],0.0001331676],
[[2900.0,1200.0,1200.0],0.0001180908],
[[2900.0,1300.0,1300.0],0.0001158292],
[[2900.0,1400.0,1400.0],9.982901e-05],
[[2950.0,1470.0,1470.0],0.0001344872],
[[3000.0,0,0],7.152022e-05],
[[3000.0,100.0,100.0],0.000115086],
[[3000.0,200.0,200.0],0.0001406766],
[[3000.0,300.0,300.0],0.0001183253],
[[3000.0,400.0,400.0],0.0001324997],
[[3000.0,500.0,500.0],0.0001319794],
[[3000.0,600.0,600.0],0.0001134423],
[[3000.0,700.0,700.0],0.0001377465],
[[3000.0,800.0,800.0],0.0001432038],
[[3000.0,900.0,900.0],0.0001329608],
[[3000.0,1000.0,1000.0],0.0001497892],
[[3000.0,1100.0,1100.0],0.000129951],
[[3000.0,1200.0,1200.0],0.0001304768],
[[3000.0,1300.0,1300.0],0.000137094],
[[3000.0,1400.0,1400.0],0.0001628312]]
