txName: TRS1
constraint: {(PV > H0(1)), (H0(1) > MET(2),MET(3))}
condition: None
conditionDescription: None
figureUrl: https://cms-results.web.cern.ch/cms-results/public-results/publications/EXO-20-004/CMS-EXO-20-004_Figure_009-a.png
source: CMS
validated: True
axesMap: [{0: 'x', 1: '1.0', 2: '1.0'}, {0: 'x', 1: 'y', 2: 'y'}]
dataMap: {0: (1, 'mass', GeV), 1: (2, 'mass', GeV), 2: (3, 'mass', GeV)}
finalState: ['MET', 'MET']
intermediateState: None
efficiencyMap: [[[100.0,1.0,1.0],7.592229e-06],
[[100.0,10.0,10.0],8.942859e-06],
[[150.0,1.0,1.0],1.618455e-05],
[[150.0,50.0,50.0],1.685343e-05],
[[200.0,1.0,1.0],2.735423e-05],
[[200.0,50.0,50.0],3.013624e-05],
[[200.0,100.0,100.0],6.411223e-05],
[[250.0,1.0,1.0],4.918132e-05],
[[250.0,10.0,10.0],4.103897e-05],
[[250.0,50.0,50.0],4.11059e-05],
[[250.0,100.0,100.0],3.788639e-05],
[[300.0,1.0,1.0],5.095936e-05],
[[300.0,50.0,50.0],5.134284e-05],
[[300.0,100.0,100.0],5.602021e-05],
[[350.0,1.0,1.0],6.092514e-05],
[[350.0,50.0,50.0],5.696952e-05],
[[350.0,100.0,100.0],6.349047e-05],
[[350.0,150.0,150.0],6.212185e-05],
[[400.0,1.0,1.0],7.673328e-05],
[[400.0,50.0,50.0],7.672837e-05],
[[400.0,100.0,100.0],6.548361e-05],
[[400.0,150.0,150.0],8.68072e-05],
[[450.0,1.0,1.0],9.300213e-05],
[[450.0,50.0,50.0],9.591078e-05],
[[450.0,100.0,100.0],8.958032e-05],
[[450.0,150.0,150.0],8.743715e-05],
[[450.0,200.0,200.0],0.0001055488],
[[500.0,1.0,1.0],0.0001333191],
[[500.0,10.0,10.0],0.0001248323],
[[500.0,50.0,50.0],0.0001368909],
[[500.0,100.0,100.0],0.0001365335],
[[500.0,150.0,150.0],0.0001471627],
[[500.0,200.0,200.0],0.0001232559],
[[550.0,1.0,1.0],0.0002207693],
[[550.0,50.0,50.0],0.0001650113],
[[550.0,100.0,100.0],0.0001747643],
[[550.0,150.0,150.0],0.0001622092],
[[550.0,200.0,200.0],0.0005735186],
[[550.0,250.0,250.0],0.0001998974],
[[600.0,1.0,1.0],0.0002376146],
[[600.0,50.0,50.0],0.0002091322],
[[600.0,100.0,100.0],0.0002276963],
[[600.0,150.0,150.0],0.0002136463],
[[600.0,200.0,200.0],0.0002104119],
[[600.0,250.0,250.0],0.0002640058],
[[650.0,1.0,1.0],0.0002586918],
[[650.0,50.0,50.0],0.0002692928],
[[650.0,100.0,100.0],0.0002920853],
[[650.0,150.0,150.0],0.0002734478],
[[650.0,200.0,200.0],0.0003423313],
[[650.0,250.0,250.0],0.0003052654],
[[650.0,300.0,300.0],0.0002997023],
[[700.0,1.0,1.0],0.0003531076],
[[700.0,50.0,50.0],0.0003181919],
[[700.0,100.0,100.0],0.0003251618],
[[700.0,150.0,150.0],0.0003096935],
[[700.0,200.0,200.0],0.0004683373],
[[700.0,250.0,250.0],0.000389779],
[[700.0,300.0,300.0],0.0003364626],
[[750.0,1.0,1.0],0.0003687527],
[[750.0,10.0,10.0],0.0003392977],
[[750.0,50.0,50.0],0.0003222397],
[[750.0,100.0,100.0],0.0003676751],
[[750.0,150.0,150.0],0.0004258454],
[[750.0,200.0,200.0],0.0003709999],
[[750.0,250.0,250.0],0.0004184292],
[[750.0,300.0,300.0],0.0004086527],
[[750.0,350.0,350.0],0.0004457134],
[[800.0,1.0,1.0],0.0003990672],
[[800.0,150.0,150.0],0.0004400816],
[[800.0,200.0,200.0],0.0004644785],
[[800.0,250.0,250.0],0.000455035],
[[800.0,300.0,300.0],0.0005000502],
[[800.0,350.0,350.0],0.0005096411],
[[850.0,1.0,1.0],0.0004785902],
[[850.0,150.0,150.0],0.0005111051],
[[850.0,200.0,200.0],0.0005893038],
[[850.0,250.0,250.0],0.0005883416],
[[850.0,300.0,300.0],0.0005998342],
[[850.0,350.0,350.0],0.0005484749],
[[850.0,400.0,400.0],0.0005824128],
[[900.0,1.0,1.0],0.0005459513],
[[900.0,150.0,150.0],0.0005528264],
[[900.0,200.0,200.0],0.0005647869],
[[900.0,250.0,250.0],0.0006628049],
[[900.0,300.0,300.0],0.0006284746],
[[900.0,350.0,350.0],0.0007296721],
[[900.0,400.0,400.0],0.0007264274],
[[950.0,1.0,1.0],0.0006134025],
[[950.0,150.0,150.0],0.0006361094],
[[950.0,200.0,200.0],0.0006397839],
[[950.0,250.0,250.0],0.00063622],
[[950.0,300.0,300.0],0.000774321],
[[950.0,350.0,350.0],0.0007619376],
[[950.0,400.0,400.0],0.000714072],
[[950.0,450.0,450.0],0.0007772744],
[[1000.0,1.0,1.0],0.0009301746],
[[1000.0,10.0,10.0],0.0009816859],
[[1000.0,50.0,50.0],0.0007889069],
[[1000.0,100.0,100.0],0.0006796431],
[[1000.0,150.0,150.0],0.0008371373],
[[1000.0,200.0,200.0],0.0007376799],
[[1000.0,250.0,250.0],0.0006925313],
[[1000.0,300.0,300.0],0.0007490026],
[[1000.0,350.0,350.0],0.0008029664],
[[1000.0,400.0,400.0],0.0007800224],
[[1000.0,450.0,450.0],0.0008354619],
[[1050.0,1.0,1.0],0.0007091186],
[[1050.0,150.0,150.0],0.001090001],
[[1050.0,200.0,200.0],0.0009461099],
[[1050.0,250.0,250.0],0.0007636153],
[[1050.0,300.0,300.0],0.0009985407],
[[1050.0,350.0,350.0],0.0008804727],
[[1050.0,400.0,400.0],0.0008064616],
[[1050.0,450.0,450.0],0.000986767],
[[1050.0,500.0,500.0],0.0009737883],
[[1100.0,1.0,1.0],0.000885412],
[[1100.0,150.0,150.0],0.001241888],
[[1100.0,200.0,200.0],0.0009048166],
[[1100.0,250.0,250.0],0.001573581],
[[1100.0,300.0,300.0],0.001117949],
[[1100.0,350.0,350.0],0.001129786],
[[1100.0,400.0,400.0],0.0008729269],
[[1100.0,450.0,450.0],0.001035857],
[[1100.0,500.0,500.0],0.001109776],
[[1150.0,1.0,1.0],0.0007593628],
[[1150.0,150.0,150.0],0.0008896665],
[[1150.0,200.0,200.0],0.0008856352],
[[1150.0,250.0,250.0],0.001253256],
[[1150.0,300.0,300.0],0.0009218724],
[[1150.0,350.0,350.0],0.001427678],
[[1150.0,400.0,400.0],0.001234231],
[[1150.0,450.0,450.0],0.001131184],
[[1150.0,500.0,500.0],0.0008617262],
[[1150.0,550.0,550.0],0.001556152],
[[1200.0,1.0,1.0],0.0008385032],
[[1200.0,150.0,150.0],0.0009507757],
[[1200.0,200.0,200.0],0.0008625122],
[[1200.0,250.0,250.0],0.00107282],
[[1200.0,300.0,300.0],0.001002659],
[[1200.0,350.0,350.0],0.00112906],
[[1200.0,400.0,400.0],0.001343368],
[[1200.0,450.0,450.0],0.001255807],
[[1200.0,500.0,500.0],0.001161762],
[[1200.0,550.0,550.0],0.001125443],
[[1250.0,1.0,1.0],0.0009577486],
[[1250.0,10.0,10.0],0.0008765402],
[[1250.0,50.0,50.0],0.0008672054],
[[1250.0,100.0,100.0],0.000910337],
[[1250.0,150.0,150.0],0.001184175],
[[1250.0,200.0,200.0],0.001115268],
[[1250.0,250.0,250.0],0.0009513551],
[[1250.0,300.0,300.0],0.001016738],
[[1250.0,350.0,350.0],0.001006397],
[[1250.0,400.0,400.0],0.001089804],
[[1250.0,450.0,450.0],0.001013989],
[[1250.0,500.0,500.0],0.001327016],
[[1250.0,550.0,550.0],0.001245203],
[[1250.0,600.0,600.0],0.001259446],
[[1300.0,1.0,1.0],0.001070013],
[[1300.0,150.0,150.0],0.001064588],
[[1300.0,200.0,200.0],0.001090016],
[[1300.0,250.0,250.0],0.001288325],
[[1300.0,300.0,300.0],0.001235608],
[[1300.0,350.0,350.0],0.001169089],
[[1300.0,400.0,400.0],0.001199662],
[[1300.0,450.0,450.0],0.001165771],
[[1300.0,500.0,500.0],0.00113931],
[[1300.0,550.0,550.0],0.001374535],
[[1300.0,600.0,600.0],0.001774284],
[[1350.0,1.0,1.0],0.001048053],
[[1350.0,150.0,150.0],0.001012052],
[[1350.0,200.0,200.0],0.0013726],
[[1350.0,250.0,250.0],0.001225411],
[[1350.0,300.0,300.0],0.001373367],
[[1350.0,350.0,350.0],0.001377932],
[[1350.0,400.0,400.0],0.001623393],
[[1350.0,450.0,450.0],0.001363117],
[[1350.0,500.0,500.0],0.001375497],
[[1350.0,550.0,550.0],0.001431541],
[[1350.0,600.0,600.0],0.001549914],
[[1350.0,650.0,650.0],0.001536163],
[[1400.0,1.0,1.0],0.001034608],
[[1400.0,150.0,150.0],0.001203266],
[[1400.0,200.0,200.0],0.001367963],
[[1400.0,250.0,250.0],0.001669396],
[[1400.0,300.0,300.0],0.001268045],
[[1400.0,350.0,350.0],0.001274218],
[[1400.0,400.0,400.0],0.001331546],
[[1400.0,450.0,450.0],0.00136085],
[[1400.0,500.0,500.0],0.001287371],
[[1400.0,550.0,550.0],0.001837728],
[[1400.0,600.0,600.0],0.001571689],
[[1400.0,650.0,650.0],0.001729625],
[[1450.0,1.0,1.0],0.001095724],
[[1450.0,150.0,150.0],0.001102349],
[[1450.0,200.0,200.0],0.001209645],
[[1450.0,250.0,250.0],0.00118629],
[[1450.0,300.0,300.0],0.001297963],
[[1450.0,350.0,350.0],0.001466617],
[[1450.0,400.0,400.0],0.001638502],
[[1450.0,450.0,450.0],0.00127442],
[[1450.0,500.0,500.0],0.001684],
[[1450.0,550.0,550.0],0.001337323],
[[1450.0,600.0,600.0],0.001598483],
[[1450.0,650.0,650.0],0.001461423],
[[1450.0,700.0,700.0],0.001672231],
[[1500.0,1.0,1.0],0.001145303],
[[1500.0,10.0,10.0],0.001013331],
[[1500.0,50.0,50.0],0.001011164],
[[1500.0,100.0,100.0],0.001121973],
[[1500.0,150.0,150.0],0.001129144],
[[1500.0,200.0,200.0],0.001487866],
[[1500.0,250.0,250.0],0.001502946],
[[1500.0,300.0,300.0],0.001384933],
[[1500.0,350.0,350.0],0.001556479],
[[1500.0,400.0,400.0],0.001700679],
[[1500.0,450.0,450.0],0.001382553],
[[1500.0,500.0,500.0],0.001402587],
[[1500.0,550.0,550.0],0.001417405],
[[1500.0,600.0,600.0],0.001584874],
[[1500.0,650.0,650.0],0.001609026],
[[1500.0,700.0,700.0],0.001570184],
[[1500.0,750.0,750.0],0.001896905],
[[1550.0,1.0,1.0],0.001123322],
[[1550.0,150.0,150.0],0.001550738],
[[1550.0,200.0,200.0],0.001193542],
[[1550.0,250.0,250.0],0.001407887],
[[1550.0,300.0,300.0],0.001327405],
[[1550.0,350.0,350.0],0.001655413],
[[1550.0,400.0,400.0],0.001628758],
[[1550.0,450.0,450.0],0.00182823],
[[1550.0,500.0,500.0],0.001613373],
[[1550.0,550.0,550.0],0.001742195],
[[1550.0,600.0,600.0],0.001799003],
[[1550.0,650.0,650.0],0.001963264],
[[1550.0,700.0,700.0],0.001678498],
[[1550.0,750.0,750.0],0.002123558],
[[1600.0,1.0,1.0],0.001036985],
[[1600.0,150.0,150.0],0.001101213],
[[1600.0,200.0,200.0],0.001440507],
[[1600.0,250.0,250.0],0.001419274],
[[1600.0,300.0,300.0],0.00188788],
[[1600.0,350.0,350.0],0.00130261],
[[1600.0,400.0,400.0],0.001398831],
[[1600.0,450.0,450.0],0.00142479],
[[1600.0,500.0,500.0],0.002109697],
[[1600.0,550.0,550.0],0.001849399],
[[1600.0,600.0,600.0],0.001608794],
[[1600.0,650.0,650.0],0.001785822],
[[1600.0,700.0,700.0],0.001951793],
[[1600.0,750.0,750.0],0.002003756],
[[1650.0,1.0,1.0],0.001018637],
[[1650.0,150.0,150.0],0.001298159],
[[1650.0,200.0,200.0],0.001188363],
[[1650.0,250.0,250.0],0.001625058],
[[1650.0,300.0,300.0],0.001477931],
[[1650.0,350.0,350.0],0.001611343],
[[1650.0,400.0,400.0],0.001447045],
[[1650.0,450.0,450.0],0.001750557],
[[1650.0,500.0,500.0],0.001592491],
[[1650.0,550.0,550.0],0.001998503],
[[1650.0,600.0,600.0],0.001535212],
[[1650.0,650.0,650.0],0.001825876],
[[1650.0,700.0,700.0],0.001621268],
[[1650.0,750.0,750.0],0.001782724],
[[1650.0,800.0,800.0],0.001907639],
[[1700.0,1.0,1.0],0.001025301],
[[1700.0,150.0,150.0],0.001279102],
[[1700.0,200.0,200.0],0.001343387],
[[1700.0,250.0,250.0],0.001491707],
[[1700.0,300.0,300.0],0.001567427],
[[1700.0,350.0,350.0],0.001780046],
[[1700.0,400.0,400.0],0.001752061],
[[1700.0,450.0,450.0],0.001764104],
[[1700.0,500.0,500.0],0.001630494],
[[1700.0,550.0,550.0],0.002094668],
[[1700.0,600.0,600.0],0.001539856],
[[1700.0,650.0,650.0],0.001957351],
[[1700.0,700.0,700.0],0.001732562],
[[1700.0,750.0,750.0],0.001805875],
[[1700.0,800.0,800.0],0.001588732],
[[1750.0,1.0,1.0],0.0009893824],
[[1750.0,10.0,10.0],0.001098819],
[[1750.0,50.0,50.0],0.001031638],
[[1750.0,100.0,100.0],0.001159039],
[[1750.0,150.0,150.0],0.001331636],
[[1750.0,200.0,200.0],0.001362944],
[[1750.0,250.0,250.0],0.00173133],
[[1750.0,300.0,300.0],0.001623928],
[[1750.0,350.0,350.0],0.001730434],
[[1750.0,400.0,400.0],0.001919552],
[[1750.0,450.0,450.0],0.001689815],
[[1750.0,500.0,500.0],0.002011812],
[[1750.0,550.0,550.0],0.001955666],
[[1750.0,600.0,600.0],0.001790688],
[[1750.0,650.0,650.0],0.00192339],
[[1750.0,700.0,700.0],0.002035776],
[[1750.0,750.0,750.0],0.001994757],
[[1750.0,800.0,800.0],0.001933953],
[[1750.0,850.0,850.0],0.001906403],
[[1800.0,1.0,1.0],0.001005122],
[[1800.0,150.0,150.0],0.001250156],
[[1800.0,200.0,200.0],0.001392269],
[[1800.0,250.0,250.0],0.001441201],
[[1800.0,300.0,300.0],0.001836206],
[[1800.0,350.0,350.0],0.001812428],
[[1800.0,400.0,400.0],0.001657278],
[[1800.0,450.0,450.0],0.001700541],
[[1800.0,500.0,500.0],0.002052289],
[[1800.0,550.0,550.0],0.002108744],
[[1800.0,600.0,600.0],0.001926483],
[[1800.0,650.0,650.0],0.002160192],
[[1800.0,700.0,700.0],0.001839719],
[[1800.0,750.0,750.0],0.002105722],
[[1800.0,800.0,800.0],0.001859402],
[[1800.0,850.0,850.0],0.002068282],
[[1850.0,1.0,1.0],0.0009747432],
[[1850.0,150.0,150.0],0.001389587],
[[1850.0,200.0,200.0],0.001578779],
[[1850.0,250.0,250.0],0.001612349],
[[1850.0,300.0,300.0],0.00166799],
[[1850.0,350.0,350.0],0.001504889],
[[1850.0,400.0,400.0],0.002031238],
[[1850.0,450.0,450.0],0.001762794],
[[1850.0,500.0,500.0],0.001790646],
[[1850.0,550.0,550.0],0.001774056],
[[1850.0,600.0,600.0],0.001806729],
[[1850.0,650.0,650.0],0.002162755],
[[1850.0,700.0,700.0],0.001913724],
[[1850.0,750.0,750.0],0.00217312],
[[1850.0,800.0,800.0],0.002400333],
[[1850.0,850.0,850.0],0.001978729],
[[1850.0,900.0,900.0],0.002139669],
[[1900.0,1.0,1.0],0.0009203052],
[[1900.0,150.0,150.0],0.00133469],
[[1900.0,200.0,200.0],0.001295278],
[[1900.0,250.0,250.0],0.001591288],
[[1900.0,300.0,300.0],0.00172682],
[[1900.0,350.0,350.0],0.001828318],
[[1900.0,400.0,400.0],0.001889782],
[[1900.0,450.0,450.0],0.002217791],
[[1900.0,500.0,500.0],0.001917762],
[[1900.0,550.0,550.0],0.001940024],
[[1900.0,600.0,600.0],0.001928012],
[[1900.0,650.0,650.0],0.001969021],
[[1900.0,700.0,700.0],0.002184193],
[[1900.0,750.0,750.0],0.002124292],
[[1900.0,800.0,800.0],0.002137789],
[[1900.0,850.0,850.0],0.001988218],
[[1900.0,900.0,900.0],0.002017633],
[[1950.0,1.0,1.0],0.000997185],
[[1950.0,150.0,150.0],0.001383752],
[[1950.0,200.0,200.0],0.001415738],
[[1950.0,250.0,250.0],0.001563689],
[[1950.0,300.0,300.0],0.001629331],
[[1950.0,350.0,350.0],0.001827154],
[[1950.0,400.0,400.0],0.001712752],
[[1950.0,450.0,450.0],0.001979528],
[[1950.0,500.0,500.0],0.002027131],
[[1950.0,550.0,550.0],0.002328929],
[[1950.0,600.0,600.0],0.002028551],
[[1950.0,650.0,650.0],0.00185417],
[[1950.0,700.0,700.0],0.002066826],
[[1950.0,750.0,750.0],0.002104597],
[[1950.0,800.0,800.0],0.001990072],
[[1950.0,850.0,850.0],0.001834526],
[[1950.0,900.0,900.0],0.002081736],
[[1950.0,950.0,950.0],0.002163679],
[[2000.0,1.0,1.0],0.0009689735],
[[2000.0,10.0,10.0],0.001073869],
[[2000.0,50.0,50.0],0.001059423],
[[2000.0,100.0,100.0],0.001082235],
[[2000.0,150.0,150.0],0.001412366],
[[2000.0,200.0,200.0],0.001305589],
[[2000.0,250.0,250.0],0.001643745],
[[2000.0,300.0,300.0],0.001759054],
[[2000.0,350.0,350.0],0.001896278],
[[2000.0,400.0,400.0],0.001845458],
[[2000.0,450.0,450.0],0.002074225],
[[2000.0,500.0,500.0],0.001986552],
[[2000.0,550.0,550.0],0.002394432],
[[2000.0,600.0,600.0],0.001749762],
[[2000.0,650.0,650.0],0.001830663],
[[2000.0,700.0,700.0],0.002191437],
[[2000.0,750.0,750.0],0.002175314],
[[2000.0,800.0,800.0],0.002131572],
[[2000.0,850.0,850.0],0.002061059],
[[2000.0,900.0,900.0],0.002579875],
[[2000.0,950.0,950.0],0.002091157],
[[2250.0,1.0,1.0],0.0008223805],
[[2250.0,10.0,10.0],0.0009483833],
[[2250.0,50.0,50.0],0.0009881197],
[[2250.0,100.0,100.0],0.001076045],
[[2250.0,150.0,150.0],0.001398526],
[[2250.0,300.0,300.0],0.001809651],
[[2250.0,500.0,500.0],0.001946865],
[[2250.0,750.0,750.0],0.002234781],
[[2250.0,1000.0,1000.0],0.00248625],
[[2500.0,1.0,1.0],0.0008687035],
[[2500.0,10.0,10.0],0.000762258],
[[2500.0,50.0,50.0],0.0007555928],
[[2500.0,100.0,100.0],0.0009334375],
[[2500.0,150.0,150.0],0.001264682],
[[2500.0,300.0,300.0],0.001801546],
[[2500.0,500.0,500.0],0.001971735],
[[2500.0,750.0,750.0],0.002409781],
[[2500.0,1000.0,1000.0],0.002560862],
[[2500.0,1200.0,1200.0],0.002435744],
[[2750.0,1.0,1.0],0.0006874269],
[[2750.0,10.0,10.0],0.0006258833],
[[2750.0,50.0,50.0],0.0008192446],
[[2750.0,100.0,100.0],0.0008229224],
[[2750.0,150.0,150.0],0.0009744348],
[[2750.0,300.0,300.0],0.001613276],
[[2750.0,500.0,500.0],0.002352001],
[[2750.0,750.0,750.0],0.002640555],
[[2750.0,1000.0,1000.0],0.002706913],
[[2750.0,1200.0,1200.0],0.002381612],
[[3000.0,1.0,1.0],0.0006247367],
[[3000.0,10.0,10.0],0.000597741],
[[3000.0,50.0,50.0],0.000776312],
[[3000.0,100.0,100.0],0.0007420528],
[[3000.0,150.0,150.0],0.0009123951],
[[3000.0,300.0,300.0],0.00165352],
[[3000.0,500.0,500.0],0.002355959],
[[3000.0,750.0,750.0],0.002397591],
[[3000.0,1000.0,1000.0],0.00266765],
[[3000.0,1200.0,1200.0],0.002790091],
[[3000.0,1400.0,1400.0],0.002640595]]
