txName: TRV1
constraint: {(PV > Zprime(1)), (Zprime(1) > MET(2),MET(3))}
condition: None
conditionDescription: None
figureUrl: https://cms-results.web.cern.ch/cms-results/public-results/publications/EXO-20-004/CMS-EXO-20-004_Figure_007-b.png
source: https://doi.org/10.5281/zenodo.13324003
validated: True
axesMap: [{0: 'x', 1: 'y', 2: 'y'}]
dataMap: {0: (1, 'mass', GeV), 1: (2, 'mass', GeV), 2: (3, 'mass', GeV)}
finalState: ['MET', 'MET']
intermediateState: None
efficiencyMap: [[[50.0,1.0,1.0],1.086685e-07],
[[100.0,1.0,1.0],1.041753e-06],
[[100.0,10.0,10.0],9.838746e-07],
[[150.0,1.0,1.0],2.950077e-06],
[[150.0,75.0,75.0],5.263042e-06],
[[200.0,1.0,1.0],7.782687e-06],
[[200.0,75.0,75.0],8.221435e-06],
[[250.0,1.0,1.0],1.418897e-05],
[[250.0,10.0,10.0],1.263303e-05],
[[250.0,75.0,75.0],1.357652e-05],
[[300.0,1.0,1.0],2.518086e-05],
[[300.0,75.0,75.0],2.345944e-05],
[[350.0,1.0,1.0],3.288781e-05],
[[350.0,75.0,75.0],3.895051e-05],
[[350.0,150.0,150.0],3.892301e-05],
[[400.0,1.0,1.0],5.668368e-05],
[[400.0,75.0,75.0],5.937203e-05],
[[400.0,150.0,150.0],5.280777e-05],
[[450.0,1.0,1.0],6.270419e-05],
[[450.0,75.0,75.0],6.503179e-05],
[[450.0,150.0,150.0],6.629655e-05],
[[450.0,200.0,200.0],6.739024e-05],
[[500.0,1.0,1.0],8.707165e-05],
[[500.0,10.0,10.0],8.050075e-05],
[[500.0,75.0,75.0],8.356554e-05],
[[500.0,150.0,150.0],9.959005e-05],
[[500.0,200.0,200.0],8.661855e-05],
[[550.0,1.0,1.0],0.0001093614],
[[550.0,75.0,75.0],0.0001089505],
[[550.0,150.0,150.0],0.0001041169],
[[550.0,200.0,200.0],0.0001089701],
[[550.0,250.0,250.0],0.0001146978],
[[600.0,1.0,1.0],0.0001204265],
[[600.0,75.0,75.0],0.0001129382],
[[600.0,150.0,150.0],0.000128294],
[[600.0,200.0,200.0],0.0001233037],
[[600.0,250.0,250.0],0.0001199416],
[[650.0,1.0,1.0],0.0001398542],
[[650.0,75.0,75.0],0.0001461552],
[[650.0,150.0,150.0],0.000157292],
[[650.0,200.0,200.0],0.0001393601],
[[650.0,250.0,250.0],0.0001429172],
[[650.0,300.0,300.0],0.0001511836],
[[700.0,1.0,1.0],0.0001737924],
[[700.0,75.0,75.0],0.0001637411],
[[700.0,150.0,150.0],0.0001608931],
[[700.0,200.0,200.0],0.0001804255],
[[700.0,250.0,250.0],0.0001676571],
[[700.0,300.0,300.0],0.0001624852],
[[750.0,1.0,1.0],0.0002089758],
[[750.0,10.0,10.0],0.0001886214],
[[750.0,75.0,75.0],0.0001881958],
[[750.0,150.0,150.0],0.0001902495],
[[750.0,200.0,200.0],0.0001815366],
[[750.0,250.0,250.0],0.0002084141],
[[750.0,300.0,300.0],0.0001951778],
[[750.0,350.0,350.0],0.0002025308],
[[800.0,1.0,1.0],0.0002198258],
[[800.0,75.0,75.0],0.000257406],
[[800.0,150.0,150.0],0.0002262226],
[[800.0,200.0,200.0],0.0001961211],
[[800.0,250.0,250.0],0.0001941531],
[[800.0,300.0,300.0],0.0002677213],
[[800.0,350.0,350.0],0.0002241258],
[[850.0,1.0,1.0],0.000232203],
[[850.0,75.0,75.0],0.0002481202],
[[850.0,150.0,150.0],0.00026965],
[[850.0,200.0,200.0],0.0002889286],
[[850.0,250.0,250.0],0.0002859276],
[[850.0,300.0,300.0],0.0002692145],
[[850.0,350.0,350.0],0.0002362318],
[[850.0,400.0,400.0],0.0002472865],
[[900.0,1.0,1.0],0.0002207237],
[[900.0,75.0,75.0],0.0002493276],
[[900.0,150.0,150.0],0.0002528567],
[[900.0,200.0,200.0],0.0003134452],
[[900.0,250.0,250.0],0.0002500637],
[[900.0,300.0,300.0],0.000249614],
[[900.0,350.0,350.0],0.0002929329],
[[900.0,400.0,400.0],0.0003077778],
[[950.0,1.0,1.0],0.0002739717],
[[950.0,75.0,75.0],0.0002659471],
[[950.0,150.0,150.0],0.0002746911],
[[950.0,200.0,200.0],0.0002626538],
[[950.0,250.0,250.0],0.0002718795],
[[950.0,300.0,300.0],0.0003118115],
[[950.0,350.0,350.0],0.0003186692],
[[950.0,400.0,400.0],0.0003195722],
[[950.0,450.0,450.0],0.0003395803],
[[1000.0,1.0,1.0],0.0003362386],
[[1000.0,10.0,10.0],0.0003841015],
[[1000.0,75.0,75.0],0.0002918496],
[[1000.0,150.0,150.0],0.0003344628],
[[1000.0,200.0,200.0],0.0003157482],
[[1000.0,250.0,250.0],0.0003154367],
[[1000.0,300.0,300.0],0.0003389252],
[[1000.0,350.0,350.0],0.0002989753],
[[1000.0,400.0,400.0],0.0003781646],
[[1000.0,450.0,450.0],0.0003344861],
[[1050.0,1.0,1.0],0.0003224977],
[[1050.0,75.0,75.0],0.000298615],
[[1050.0,150.0,150.0],0.0003252536],
[[1050.0,200.0,200.0],0.000331308],
[[1050.0,250.0,250.0],0.0003253459],
[[1050.0,300.0,300.0],0.0003650561],
[[1050.0,350.0,350.0],0.0003100042],
[[1050.0,400.0,400.0],0.0003243473],
[[1050.0,450.0,450.0],0.000365522],
[[1050.0,500.0,500.0],0.0003519024],
[[1100.0,1.0,1.0],0.0003217794],
[[1100.0,75.0,75.0],0.0003407763],
[[1100.0,150.0,150.0],0.0003453511],
[[1100.0,200.0,200.0],0.0004153639],
[[1100.0,250.0,250.0],0.0004374034],
[[1100.0,300.0,300.0],0.0003675658],
[[1100.0,350.0,350.0],0.0004214321],
[[1100.0,400.0,400.0],0.0003938081],
[[1100.0,450.0,450.0],0.0003926642],
[[1100.0,500.0,500.0],0.000417285],
[[1150.0,1.0,1.0],0.0003747873],
[[1150.0,75.0,75.0],0.0004211195],
[[1150.0,150.0,150.0],0.0003714318],
[[1150.0,200.0,200.0],0.0004280612],
[[1150.0,250.0,250.0],0.0003826391],
[[1150.0,300.0,300.0],0.0004194175],
[[1150.0,350.0,350.0],0.0003631425],
[[1150.0,400.0,400.0],0.0003972532],
[[1150.0,450.0,450.0],0.0004583536],
[[1150.0,500.0,500.0],0.0004067003],
[[1150.0,550.0,550.0],0.0004516145],
[[1200.0,1.0,1.0],0.000376853],
[[1200.0,75.0,75.0],0.0003647641],
[[1200.0,150.0,150.0],0.0004193179],
[[1200.0,200.0,200.0],0.0003962219],
[[1200.0,250.0,250.0],0.000399711],
[[1200.0,300.0,300.0],0.0004114628],
[[1200.0,350.0,350.0],0.0003983666],
[[1200.0,400.0,400.0],0.0004552719],
[[1200.0,450.0,450.0],0.0003429602],
[[1200.0,500.0,500.0],0.0004182992],
[[1200.0,550.0,550.0],0.0003912703],
[[1250.0,1.0,1.0],0.0003896282],
[[1250.0,10.0,10.0],0.0003456264],
[[1250.0,75.0,75.0],0.0003635858],
[[1250.0,150.0,150.0],0.0004167358],
[[1250.0,200.0,200.0],0.0004389656],
[[1250.0,250.0,250.0],0.0004057036],
[[1250.0,300.0,300.0],0.0004002738],
[[1250.0,350.0,350.0],0.0003750146],
[[1250.0,400.0,400.0],0.0004085559],
[[1250.0,450.0,450.0],0.0004234713],
[[1250.0,500.0,500.0],0.0004201757],
[[1250.0,550.0,550.0],0.000500616],
[[1250.0,600.0,600.0],0.0004486424],
[[1300.0,1.0,1.0],0.0004325761],
[[1300.0,75.0,75.0],0.0004121267],
[[1300.0,150.0,150.0],0.0003895674],
[[1300.0,200.0,200.0],0.0003894713],
[[1300.0,250.0,250.0],0.00049123],
[[1300.0,300.0,300.0],0.0004406773],
[[1300.0,350.0,350.0],0.0004948102],
[[1300.0,400.0,400.0],0.000407391],
[[1300.0,450.0,450.0],0.0004540806],
[[1300.0,500.0,500.0],0.0004917011],
[[1300.0,550.0,550.0],0.0004397079],
[[1300.0,600.0,600.0],0.0005290702],
[[1350.0,1.0,1.0],0.0004318029],
[[1350.0,75.0,75.0],0.0003996962],
[[1350.0,150.0,150.0],0.0004745898],
[[1350.0,200.0,200.0],0.0004754199],
[[1350.0,250.0,250.0],0.0004669875],
[[1350.0,300.0,300.0],0.0004696993],
[[1350.0,350.0,350.0],0.0004602369],
[[1350.0,400.0,400.0],0.0004220641],
[[1350.0,450.0,450.0],0.0004861428],
[[1350.0,500.0,500.0],0.0005357616],
[[1350.0,550.0,550.0],0.0004817031],
[[1350.0,600.0,600.0],0.0004752903],
[[1350.0,650.0,650.0],0.0004920859],
[[1400.0,1.0,1.0],0.0004562463],
[[1400.0,75.0,75.0],0.0004598759],
[[1400.0,150.0,150.0],0.0004589963],
[[1400.0,200.0,200.0],0.0004697446],
[[1400.0,250.0,250.0],0.0004354314],
[[1400.0,300.0,300.0],0.0004744119],
[[1400.0,350.0,350.0],0.0004541976],
[[1400.0,400.0,400.0],0.000426198],
[[1400.0,450.0,450.0],0.0004770415],
[[1400.0,500.0,500.0],0.0005089503],
[[1400.0,550.0,550.0],0.0005269405],
[[1400.0,600.0,600.0],0.0004628445],
[[1400.0,650.0,650.0],0.0005178597],
[[1450.0,1.0,1.0],0.0004477409],
[[1450.0,75.0,75.0],0.0004832143],
[[1450.0,150.0,150.0],0.0004832012],
[[1450.0,200.0,200.0],0.0005080009],
[[1450.0,250.0,250.0],0.0004853192],
[[1450.0,300.0,300.0],0.0004884013],
[[1450.0,350.0,350.0],0.0005028855],
[[1450.0,400.0,400.0],0.0004696861],
[[1450.0,450.0,450.0],0.0004816288],
[[1450.0,500.0,500.0],0.0005031546],
[[1450.0,550.0,550.0],0.0004924022],
[[1450.0,600.0,600.0],0.0005077564],
[[1450.0,650.0,650.0],0.0004680429],
[[1450.0,700.0,700.0],0.0005170847],
[[1500.0,1.0,1.0],0.0004602968],
[[1500.0,10.0,10.0],0.000470292],
[[1500.0,75.0,75.0],0.0004622754],
[[1500.0,150.0,150.0],0.0005306878],
[[1500.0,200.0,200.0],0.0005920591],
[[1500.0,250.0,250.0],0.0005054964],
[[1500.0,300.0,300.0],0.0005084631],
[[1500.0,350.0,350.0],0.0004937075],
[[1500.0,400.0,400.0],0.0005399139],
[[1500.0,450.0,450.0],0.0004870769],
[[1500.0,500.0,500.0],0.0005076586],
[[1500.0,550.0,550.0],0.0005552955],
[[1500.0,600.0,600.0],0.0005085273],
[[1500.0,650.0,650.0],0.0005471429],
[[1500.0,700.0,700.0],0.0005013391],
[[1500.0,750.0,750.0],0.0004844007],
[[1550.0,1.0,1.0],0.0004952252],
[[1550.0,75.0,75.0],0.0004987017],
[[1550.0,150.0,150.0],0.0004652093],
[[1550.0,200.0,200.0],0.000506246],
[[1550.0,250.0,250.0],0.0005273183],
[[1550.0,300.0,300.0],0.0005263243],
[[1550.0,350.0,350.0],0.000516367],
[[1550.0,400.0,400.0],0.000594172],
[[1550.0,450.0,450.0],0.0005177693],
[[1550.0,500.0,500.0],0.0005515201],
[[1550.0,550.0,550.0],0.0005367594],
[[1550.0,600.0,600.0],0.0005073073],
[[1550.0,650.0,650.0],0.0005195849],
[[1550.0,700.0,700.0],0.0005691229],
[[1550.0,750.0,750.0],0.0004739499],
[[1600.0,1.0,1.0],0.0005159169],
[[1600.0,75.0,75.0],0.0004955645],
[[1600.0,150.0,150.0],0.0005010642],
[[1600.0,200.0,200.0],0.0005678188],
[[1600.0,250.0,250.0],0.000555717],
[[1600.0,300.0,300.0],0.0005183387],
[[1600.0,350.0,350.0],0.0005183198],
[[1600.0,400.0,400.0],0.0005491187],
[[1600.0,450.0,450.0],0.00049353],
[[1600.0,500.0,500.0],0.0005672497],
[[1600.0,550.0,550.0],0.0005189936],
[[1600.0,600.0,600.0],0.000512881],
[[1600.0,650.0,650.0],0.0005227078],
[[1600.0,700.0,700.0],0.0005272011],
[[1600.0,750.0,750.0],0.0005778514],
[[1650.0,1.0,1.0],0.0005250177],
[[1650.0,75.0,75.0],0.0005311748],
[[1650.0,150.0,150.0],0.0004869694],
[[1650.0,200.0,200.0],0.0005681046],
[[1650.0,250.0,250.0],0.0005497347],
[[1650.0,300.0,300.0],0.0005444268],
[[1650.0,350.0,350.0],0.0005828191],
[[1650.0,400.0,400.0],0.0005790745],
[[1650.0,450.0,450.0],0.0005515666],
[[1650.0,500.0,500.0],0.0004976746],
[[1650.0,550.0,550.0],0.0005715641],
[[1650.0,600.0,600.0],0.0005561471],
[[1650.0,650.0,650.0],0.0006128995],
[[1650.0,700.0,700.0],0.000572848],
[[1650.0,750.0,750.0],0.0006015364],
[[1650.0,800.0,800.0],0.0005838811],
[[1700.0,1.0,1.0],0.0005052786],
[[1700.0,75.0,75.0],0.0005403005],
[[1700.0,150.0,150.0],0.0005840892],
[[1700.0,200.0,200.0],0.0005258284],
[[1700.0,250.0,250.0],0.0004890173],
[[1700.0,300.0,300.0],0.0005090415],
[[1700.0,350.0,350.0],0.0005885952],
[[1700.0,400.0,400.0],0.0005576362],
[[1700.0,450.0,450.0],0.0005865976],
[[1700.0,500.0,500.0],0.0005582091],
[[1700.0,550.0,550.0],0.0006078685],
[[1700.0,600.0,600.0],0.0005672917],
[[1700.0,650.0,650.0],0.0006017795],
[[1700.0,700.0,700.0],0.0005988077],
[[1700.0,750.0,750.0],0.0006210159],
[[1700.0,800.0,800.0],0.000627698],
[[1750.0,1.0,1.0],0.0005145932],
[[1750.0,10.0,10.0],0.0005152162],
[[1750.0,75.0,75.0],0.0005492418],
[[1750.0,150.0,150.0],0.0005261352],
[[1750.0,200.0,200.0],0.0005184645],
[[1750.0,250.0,250.0],0.0006477649],
[[1750.0,300.0,300.0],0.0005846574],
[[1750.0,350.0,350.0],0.0006100652],
[[1750.0,400.0,400.0],0.0005670044],
[[1750.0,450.0,450.0],0.0005569771],
[[1750.0,500.0,500.0],0.0006016749],
[[1750.0,550.0,550.0],0.0005655639],
[[1750.0,600.0,600.0],0.0006782435],
[[1750.0,650.0,650.0],0.0005953879],
[[1750.0,700.0,700.0],0.0005751613],
[[1750.0,750.0,750.0],0.0005832629],
[[1750.0,800.0,800.0],0.0005576965],
[[1750.0,850.0,850.0],0.0006254284],
[[1800.0,1.0,1.0],0.0005238676],
[[1800.0,75.0,75.0],0.000548009],
[[1800.0,150.0,150.0],0.0005423202],
[[1800.0,200.0,200.0],0.0005772748],
[[1800.0,250.0,250.0],0.0005800878],
[[1800.0,300.0,300.0],0.000556111],
[[1800.0,350.0,350.0],0.0006527094],
[[1800.0,400.0,400.0],0.0005770206],
[[1800.0,450.0,450.0],0.00059548],
[[1800.0,500.0,500.0],0.0006066016],
[[1800.0,550.0,550.0],0.0006380787],
[[1800.0,600.0,600.0],0.0005925588],
[[1800.0,650.0,650.0],0.0006490155],
[[1800.0,700.0,700.0],0.0005878201],
[[1800.0,750.0,750.0],0.0006740615],
[[1800.0,800.0,800.0],0.0006621635],
[[1800.0,850.0,850.0],0.0006206964],
[[1850.0,1.0,1.0],0.0005320294],
[[1850.0,75.0,75.0],0.000559496],
[[1850.0,150.0,150.0],0.0006076416],
[[1850.0,200.0,200.0],0.0005510895],
[[1850.0,250.0,250.0],0.0005573959],
[[1850.0,300.0,300.0],0.0006939587],
[[1850.0,350.0,350.0],0.0006521594],
[[1850.0,400.0,400.0],0.0005809325],
[[1850.0,450.0,450.0],0.000610633],
[[1850.0,500.0,500.0],0.0006183924],
[[1850.0,550.0,550.0],0.0006869047],
[[1850.0,600.0,600.0],0.0006352666],
[[1850.0,650.0,650.0],0.0006141219],
[[1850.0,700.0,700.0],0.0006427723],
[[1850.0,750.0,750.0],0.000631163],
[[1850.0,800.0,800.0],0.0006257071],
[[1850.0,850.0,850.0],0.0006809462],
[[1850.0,900.0,900.0],0.0006575827],
[[1900.0,1.0,1.0],0.0005661705],
[[1900.0,75.0,75.0],0.0005452306],
[[1900.0,150.0,150.0],0.000594422],
[[1900.0,200.0,200.0],0.0005551498],
[[1900.0,250.0,250.0],0.0005889234],
[[1900.0,300.0,300.0],0.0006252326],
[[1900.0,350.0,350.0],0.0006135401],
[[1900.0,400.0,400.0],0.0005571621],
[[1900.0,450.0,450.0],0.000667614],
[[1900.0,500.0,500.0],0.0006227792],
[[1900.0,550.0,550.0],0.0006237861],
[[1900.0,600.0,600.0],0.0006328878],
[[1900.0,650.0,650.0],0.0005870511],
[[1900.0,700.0,700.0],0.0006095235],
[[1900.0,750.0,750.0],0.0006288458],
[[1900.0,800.0,800.0],0.0006751853],
[[1900.0,850.0,850.0],0.0006524164],
[[1900.0,900.0,900.0],0.0006129329],
[[1950.0,1.0,1.0],0.0005790767],
[[1950.0,75.0,75.0],0.0005823996],
[[1950.0,150.0,150.0],0.0005453496],
[[1950.0,200.0,200.0],0.0006307458],
[[1950.0,250.0,250.0],0.0005884305],
[[1950.0,300.0,300.0],0.0006356851],
[[1950.0,350.0,350.0],0.0005170211],
[[1950.0,400.0,400.0],0.0006170099],
[[1950.0,450.0,450.0],0.000670129],
[[1950.0,500.0,500.0],0.0006367301],
[[1950.0,550.0,550.0],0.0006233523],
[[1950.0,600.0,600.0],0.0005838399],
[[1950.0,650.0,650.0],0.0007971311],
[[1950.0,700.0,700.0],0.0007028369],
[[1950.0,750.0,750.0],0.0005830794],
[[1950.0,800.0,800.0],0.0005825639],
[[1950.0,850.0,850.0],0.0006469383],
[[1950.0,900.0,900.0],0.0006740878],
[[1950.0,950.0,950.0],0.0006706508],
[[2000.0,1.0,1.0],0.000631328],
[[2000.0,75.0,75.0],0.0006292503],
[[2000.0,150.0,150.0],0.0006482954],
[[2000.0,200.0,200.0],0.0006226108],
[[2000.0,250.0,250.0],0.0005956027],
[[2000.0,300.0,300.0],0.0006664005],
[[2000.0,350.0,350.0],0.0006124058],
[[2000.0,400.0,400.0],0.0006622985],
[[2000.0,450.0,450.0],0.0006650053],
[[2000.0,500.0,500.0],0.0006139674],
[[2000.0,550.0,550.0],0.0005815149],
[[2000.0,600.0,600.0],0.0006871722],
[[2000.0,650.0,650.0],0.0006931656],
[[2000.0,700.0,700.0],0.0006238528],
[[2000.0,750.0,750.0],0.0006331108],
[[2000.0,800.0,800.0],0.0007025229],
[[2000.0,850.0,850.0],0.0006779918],
[[2000.0,900.0,900.0],0.0006268228],
[[2000.0,950.0,950.0],0.0006542636],
[[2250.0,1.0,1.0],0.0006721341],
[[2250.0,75.0,75.0],0.0006649512],
[[2250.0,150.0,150.0],0.0007381902],
[[2250.0,300.0,300.0],0.0006608219],
[[2250.0,500.0,500.0],0.0006650257],
[[2250.0,750.0,750.0],0.0007257281],
[[2250.0,1000.0,1000.0],0.0007265438],
[[2500.0,1.0,1.0],0.0006939688],
[[2500.0,75.0,75.0],0.000729122],
[[2500.0,150.0,150.0],0.0006968456],
[[2500.0,300.0,300.0],0.0006895608],
[[2500.0,500.0,500.0],0.0007471435],
[[2500.0,750.0,750.0],0.0007412392],
[[2500.0,1000.0,1000.0],0.0006851312],
[[2500.0,1200.0,1200.0],0.0007231806],
[[2750.0,1.0,1.0],0.0007592847],
[[2750.0,75.0,75.0],0.0007161506],
[[2750.0,150.0,150.0],0.0007527593],
[[2750.0,300.0,300.0],0.0007473017],
[[2750.0,500.0,500.0],0.0007402967],
[[2750.0,750.0,750.0],0.0007003182],
[[2750.0,1000.0,1000.0],0.0007850856],
[[2750.0,1200.0,1200.0],0.0007131709],
[[3000.0,1.0,1.0],0.0007771275],
[[3000.0,75.0,75.0],0.0007441523],
[[3000.0,150.0,150.0],0.0007561135],
[[3000.0,300.0,300.0],0.0006368666],
[[3000.0,500.0,500.0],0.0007206293],
[[3000.0,750.0,750.0],0.0007826591],
[[3000.0,1000.0,1000.0],0.0008231737],
[[3000.0,1200.0,1200.0],0.0007647513],
[[3000.0,1400.0,1400.0],0.0007426877]]
