txName: TRS1
constraint: {(PV > H0(1)), (H0(1) > MET(2),MET(3))}
condition: None
conditionDescription: None
figureUrl: https://cms-results.web.cern.ch/cms-results/public-results/publications/EXO-20-004/CMS-EXO-20-004_Figure_009-a.png
source: CMS
validated: True
axesMap: [{0: 'x', 1: '1.0', 2: '1.0'}, {0: 'x', 1: 'y', 2: 'y'}]
dataMap: {0: (1, 'mass', GeV), 1: (2, 'mass', GeV), 2: (3, 'mass', GeV)}
finalState: ['MET', 'MET']
intermediateState: None
efficiencyMap: [[[100.0,10.0,10.0],3.849456e-06],
[[150.0,1.0,1.0],7.304474e-06],
[[150.0,50.0,50.0],8.257932e-06],
[[200.0,1.0,1.0],1.280411e-05],
[[200.0,50.0,50.0],1.249805e-05],
[[200.0,100.0,100.0],3.067746e-05],
[[250.0,1.0,1.0],1.920101e-05],
[[250.0,10.0,10.0],1.975356e-05],
[[250.0,50.0,50.0],2.093595e-05],
[[250.0,100.0,100.0],1.943319e-05],
[[300.0,1.0,1.0],2.627949e-05],
[[300.0,50.0,50.0],2.795613e-05],
[[300.0,100.0,100.0],2.867005e-05],
[[350.0,1.0,1.0],3.062773e-05],
[[350.0,50.0,50.0],3.01665e-05],
[[350.0,100.0,100.0],3.086224e-05],
[[350.0,150.0,150.0],2.845812e-05],
[[400.0,1.0,1.0],4.081493e-05],
[[400.0,50.0,50.0],3.706572e-05],
[[400.0,100.0,100.0],3.324265e-05],
[[400.0,150.0,150.0],3.82551e-05],
[[450.0,1.0,1.0],4.650081e-05],
[[450.0,50.0,50.0],4.510334e-05],
[[450.0,100.0,100.0],5.145921e-05],
[[450.0,150.0,150.0],5.161661e-05],
[[450.0,200.0,200.0],5.594173e-05],
[[500.0,1.0,1.0],6.7536e-05],
[[500.0,10.0,10.0],6.377077e-05],
[[500.0,50.0,50.0],6.528288e-05],
[[500.0,100.0,100.0],7.074723e-05],
[[500.0,150.0,150.0],6.80821e-05],
[[500.0,200.0,200.0],7.523593e-05],
[[550.0,1.0,1.0],9.883349e-05],
[[550.0,50.0,50.0],0.0001062109],
[[550.0,100.0,100.0],8.330357e-05],
[[550.0,150.0,150.0],8.927031e-05],
[[550.0,200.0,200.0],9.035053e-05],
[[550.0,250.0,250.0],0.0001073134],
[[600.0,1.0,1.0],0.0001449517],
[[600.0,50.0,50.0],0.0001274638],
[[600.0,100.0,100.0],0.0001267078],
[[600.0,150.0,150.0],0.0001120865],
[[600.0,200.0,200.0],0.000107372],
[[600.0,250.0,250.0],0.0001317418],
[[650.0,1.0,1.0],0.0001505593],
[[650.0,50.0,50.0],0.0001442007],
[[650.0,100.0,100.0],0.0001556882],
[[650.0,150.0,150.0],0.0001459486],
[[650.0,200.0,200.0],0.0001357332],
[[650.0,250.0,250.0],0.0001646109],
[[650.0,300.0,300.0],0.0001895323],
[[700.0,1.0,1.0],0.0001785645],
[[700.0,50.0,50.0],0.0001887441],
[[700.0,100.0,100.0],0.0001814308],
[[700.0,150.0,150.0],0.0001765518],
[[700.0,200.0,200.0],0.0001811203],
[[700.0,250.0,250.0],0.0002731005],
[[700.0,300.0,300.0],0.0002167988],
[[750.0,1.0,1.0],0.0002214858],
[[750.0,10.0,10.0],0.0002348697],
[[750.0,50.0,50.0],0.0002052232],
[[750.0,100.0,100.0],0.0002295887],
[[750.0,150.0,150.0],0.000231782],
[[750.0,200.0,200.0],0.000250887],
[[750.0,250.0,250.0],0.0002555482],
[[750.0,300.0,300.0],0.0002623827],
[[750.0,350.0,350.0],0.0004157257],
[[800.0,1.0,1.0],0.0002537932],
[[800.0,150.0,150.0],0.0002583077],
[[800.0,200.0,200.0],0.0003087508],
[[800.0,250.0,250.0],0.0002649262],
[[800.0,300.0,300.0],0.0003031914],
[[800.0,350.0,350.0],0.0003620254],
[[850.0,1.0,1.0],0.0002757895],
[[850.0,150.0,150.0],0.0003119206],
[[850.0,200.0,200.0],0.0003564485],
[[850.0,250.0,250.0],0.0003183615],
[[850.0,300.0,300.0],0.000346972],
[[850.0,350.0,350.0],0.0003275504],
[[850.0,400.0,400.0],0.0003883184],
[[900.0,1.0,1.0],0.0003367541],
[[900.0,150.0,150.0],0.0003616861],
[[900.0,200.0,200.0],0.0003536281],
[[900.0,250.0,250.0],0.0003751326],
[[900.0,300.0,300.0],0.0004182862],
[[900.0,350.0,350.0],0.0004012436],
[[900.0,400.0,400.0],0.0004667511],
[[950.0,1.0,1.0],0.000384322],
[[950.0,150.0,150.0],0.0006988289],
[[950.0,200.0,200.0],0.0004258973],
[[950.0,250.0,250.0],0.0004434614],
[[950.0,300.0,300.0],0.0004358804],
[[950.0,350.0,350.0],0.0004833574],
[[950.0,400.0,400.0],0.000517678],
[[950.0,450.0,450.0],0.0006323737],
[[1000.0,1.0,1.0],0.0004062245],
[[1000.0,10.0,10.0],0.0004650074],
[[1000.0,50.0,50.0],0.0004668924],
[[1000.0,100.0,100.0],0.0005185381],
[[1000.0,150.0,150.0],0.0005084119],
[[1000.0,200.0,200.0],0.0004362676],
[[1000.0,250.0,250.0],0.0004686974],
[[1000.0,300.0,300.0],0.0004924872],
[[1000.0,350.0,350.0],0.000511863],
[[1000.0,400.0,400.0],0.0005662529],
[[1000.0,450.0,450.0],0.0005749826],
[[1050.0,1.0,1.0],0.0004429056],
[[1050.0,150.0,150.0],0.0005638115],
[[1050.0,200.0,200.0],0.0005186386],
[[1050.0,250.0,250.0],0.0005735982],
[[1050.0,300.0,300.0],0.0005797175],
[[1050.0,350.0,350.0],0.0008153596],
[[1050.0,400.0,400.0],0.0006837348],
[[1050.0,450.0,450.0],0.0006193415],
[[1050.0,500.0,500.0],0.0006600363],
[[1100.0,1.0,1.0],0.0004946884],
[[1100.0,150.0,150.0],0.0005824619],
[[1100.0,200.0,200.0],0.0007508357],
[[1100.0,250.0,250.0],0.000686445],
[[1100.0,300.0,300.0],0.0005488388],
[[1100.0,350.0,350.0],0.0007858272],
[[1100.0,400.0,400.0],0.000692054],
[[1100.0,450.0,450.0],0.0006729244],
[[1100.0,500.0,500.0],0.0006747041],
[[1150.0,1.0,1.0],0.0005423505],
[[1150.0,150.0,150.0],0.0005425756],
[[1150.0,200.0,200.0],0.000741827],
[[1150.0,250.0,250.0],0.0009556471],
[[1150.0,300.0,300.0],0.0007221382],
[[1150.0,350.0,350.0],0.0006427959],
[[1150.0,400.0,400.0],0.0008421414],
[[1150.0,450.0,450.0],0.0009266511],
[[1150.0,500.0,500.0],0.0007441412],
[[1150.0,550.0,550.0],0.0007934767],
[[1200.0,1.0,1.0],0.000756195],
[[1200.0,150.0,150.0],0.0007161471],
[[1200.0,200.0,200.0],0.0007920322],
[[1200.0,250.0,250.0],0.0008469171],
[[1200.0,300.0,300.0],0.0008339556],
[[1200.0,350.0,350.0],0.0007296464],
[[1200.0,400.0,400.0],0.0008068127],
[[1200.0,450.0,450.0],0.0007636249],
[[1200.0,500.0,500.0],0.0008415537],
[[1200.0,550.0,550.0],0.0008373258],
[[1250.0,1.0,1.0],0.0005883084],
[[1250.0,10.0,10.0],0.0006469682],
[[1250.0,50.0,50.0],0.0006624862],
[[1250.0,100.0,100.0],0.0006949159],
[[1250.0,150.0,150.0],0.0007202023],
[[1250.0,200.0,200.0],0.0007317989],
[[1250.0,250.0,250.0],0.0007445569],
[[1250.0,300.0,300.0],0.0007823871],
[[1250.0,350.0,350.0],0.0009797078],
[[1250.0,400.0,400.0],0.001052119],
[[1250.0,450.0,450.0],0.0009149256],
[[1250.0,500.0,500.0],0.001038379],
[[1250.0,550.0,550.0],0.0008361847],
[[1250.0,600.0,600.0],0.001147169],
[[1300.0,1.0,1.0],0.0006381845],
[[1300.0,150.0,150.0],0.0007004765],
[[1300.0,200.0,200.0],0.0008060239],
[[1300.0,250.0,250.0],0.0008880214],
[[1300.0,300.0,300.0],0.001162611],
[[1300.0,350.0,350.0],0.0008607583],
[[1300.0,400.0,400.0],0.001301751],
[[1300.0,450.0,450.0],0.001003847],
[[1300.0,500.0,500.0],0.001279604],
[[1300.0,550.0,550.0],0.0009697543],
[[1300.0,600.0,600.0],0.001093026],
[[1350.0,1.0,1.0],0.0006526784],
[[1350.0,150.0,150.0],0.0007740304],
[[1350.0,200.0,200.0],0.001104914],
[[1350.0,250.0,250.0],0.001288861],
[[1350.0,300.0,300.0],0.001043776],
[[1350.0,350.0,350.0],0.0008322992],
[[1350.0,400.0,400.0],0.0009171668],
[[1350.0,450.0,450.0],0.001043497],
[[1350.0,500.0,500.0],0.0009820985],
[[1350.0,550.0,550.0],0.001145939],
[[1350.0,600.0,600.0],0.0008960047],
[[1350.0,650.0,650.0],0.001273613],
[[1400.0,1.0,1.0],0.0006726639],
[[1400.0,150.0,150.0],0.0008089998],
[[1400.0,200.0,200.0],0.0007750193],
[[1400.0,250.0,250.0],0.0009679879],
[[1400.0,300.0,300.0],0.0009591913],
[[1400.0,350.0,350.0],0.0008981767],
[[1400.0,400.0,400.0],0.001339508],
[[1400.0,450.0,450.0],0.001200438],
[[1400.0,500.0,500.0],0.001059823],
[[1400.0,550.0,550.0],0.001147877],
[[1400.0,600.0,600.0],0.001090596],
[[1400.0,650.0,650.0],0.001087974],
[[1450.0,1.0,1.0],0.0007477313],
[[1450.0,150.0,150.0],0.0009723981],
[[1450.0,200.0,200.0],0.001332201],
[[1450.0,250.0,250.0],0.0009372092],
[[1450.0,300.0,300.0],0.001326168],
[[1450.0,350.0,350.0],0.0009743045],
[[1450.0,400.0,400.0],0.000983452],
[[1450.0,450.0,450.0],0.00108716],
[[1450.0,500.0,500.0],0.001246138],
[[1450.0,550.0,550.0],0.001260033],
[[1450.0,600.0,600.0],0.001011572],
[[1450.0,650.0,650.0],0.001105347],
[[1450.0,700.0,700.0],0.001181914],
[[1500.0,1.0,1.0],0.0007312194],
[[1500.0,10.0,10.0],0.000779061],
[[1500.0,50.0,50.0],0.0007241082],
[[1500.0,100.0,100.0],0.0007647431],
[[1500.0,150.0,150.0],0.0009585962],
[[1500.0,200.0,200.0],0.0009043893],
[[1500.0,250.0,250.0],0.0009476044],
[[1500.0,300.0,300.0],0.001145122],
[[1500.0,350.0,350.0],0.001058834],
[[1500.0,400.0,400.0],0.0009280336],
[[1500.0,450.0,450.0],0.001159631],
[[1500.0,500.0,500.0],0.001115767],
[[1500.0,550.0,550.0],0.001122304],
[[1500.0,600.0,600.0],0.001267712],
[[1500.0,650.0,650.0],0.001268051],
[[1500.0,700.0,700.0],0.001403529],
[[1500.0,750.0,750.0],0.001418315],
[[1550.0,1.0,1.0],0.0007758349],
[[1550.0,150.0,150.0],0.0009128573],
[[1550.0,200.0,200.0],0.001126201],
[[1550.0,250.0,250.0],0.0009862018],
[[1550.0,300.0,300.0],0.001148773],
[[1550.0,350.0,350.0],0.001309553],
[[1550.0,400.0,400.0],0.001192257],
[[1550.0,450.0,450.0],0.001179578],
[[1550.0,500.0,500.0],0.001199388],
[[1550.0,550.0,550.0],0.001136752],
[[1550.0,600.0,600.0],0.001145991],
[[1550.0,650.0,650.0],0.001268961],
[[1550.0,700.0,700.0],0.001363938],
[[1550.0,750.0,750.0],0.001345922],
[[1600.0,1.0,1.0],0.0008040589],
[[1600.0,150.0,150.0],0.001030608],
[[1600.0,200.0,200.0],0.001076382],
[[1600.0,250.0,250.0],0.001245104],
[[1600.0,300.0,300.0],0.001103997],
[[1600.0,350.0,350.0],0.001220598],
[[1600.0,400.0,400.0],0.001282975],
[[1600.0,450.0,450.0],0.001216022],
[[1600.0,500.0,500.0],0.00155812],
[[1600.0,550.0,550.0],0.001312333],
[[1600.0,600.0,600.0],0.001250869],
[[1600.0,650.0,650.0],0.00127684],
[[1600.0,700.0,700.0],0.001451727],
[[1600.0,750.0,750.0],0.001651552],
[[1650.0,1.0,1.0],0.0008469002],
[[1650.0,150.0,150.0],0.000907756],
[[1650.0,200.0,200.0],0.001056507],
[[1650.0,250.0,250.0],0.001067307],
[[1650.0,300.0,300.0],0.001260079],
[[1650.0,350.0,350.0],0.001307839],
[[1650.0,400.0,400.0],0.001138719],
[[1650.0,450.0,450.0],0.001328798],
[[1650.0,500.0,500.0],0.001369438],
[[1650.0,550.0,550.0],0.001128692],
[[1650.0,600.0,600.0],0.001386504],
[[1650.0,650.0,650.0],0.001450877],
[[1650.0,700.0,700.0],0.001286279],
[[1650.0,750.0,750.0],0.001406448],
[[1650.0,800.0,800.0],0.001760842],
[[1700.0,1.0,1.0],0.0007867785],
[[1700.0,150.0,150.0],0.001007007],
[[1700.0,200.0,200.0],0.00111788],
[[1700.0,250.0,250.0],0.001169419],
[[1700.0,300.0,300.0],0.001318842],
[[1700.0,350.0,350.0],0.001274439],
[[1700.0,400.0,400.0],0.00150166],
[[1700.0,450.0,450.0],0.001461581],
[[1700.0,500.0,500.0],0.001594986],
[[1700.0,550.0,550.0],0.001230767],
[[1700.0,600.0,600.0],0.00143948],
[[1700.0,650.0,650.0],0.00144502],
[[1700.0,700.0,700.0],0.001433628],
[[1700.0,750.0,750.0],0.001522904],
[[1700.0,800.0,800.0],0.001895203],
[[1750.0,1.0,1.0],0.0007274533],
[[1750.0,10.0,10.0],0.0008100579],
[[1750.0,50.0,50.0],0.0008239017],
[[1750.0,100.0,100.0],0.0008440096],
[[1750.0,150.0,150.0],0.0008761378],
[[1750.0,200.0,200.0],0.0009845193],
[[1750.0,250.0,250.0],0.001049874],
[[1750.0,300.0,300.0],0.001388332],
[[1750.0,350.0,350.0],0.001235116],
[[1750.0,400.0,400.0],0.001286365],
[[1750.0,450.0,450.0],0.001476763],
[[1750.0,500.0,500.0],0.001599235],
[[1750.0,550.0,550.0],0.001419042],
[[1750.0,600.0,600.0],0.0015365],
[[1750.0,650.0,650.0],0.001360554],
[[1750.0,700.0,700.0],0.001722756],
[[1750.0,750.0,750.0],0.001844258],
[[1750.0,800.0,800.0],0.001542991],
[[1750.0,850.0,850.0],0.001693782],
[[1800.0,1.0,1.0],0.0008034239],
[[1800.0,150.0,150.0],0.001157018],
[[1800.0,200.0,200.0],0.001093542],
[[1800.0,250.0,250.0],0.00147553],
[[1800.0,300.0,300.0],0.001250816],
[[1800.0,350.0,350.0],0.001511016],
[[1800.0,400.0,400.0],0.001293475],
[[1800.0,450.0,450.0],0.001308778],
[[1800.0,500.0,500.0],0.00167379],
[[1800.0,550.0,550.0],0.001383276],
[[1800.0,600.0,600.0],0.001401284],
[[1800.0,650.0,650.0],0.001526153],
[[1800.0,700.0,700.0],0.001494913],
[[1800.0,750.0,750.0],0.001679924],
[[1800.0,800.0,800.0],0.001575088],
[[1800.0,850.0,850.0],0.001579629],
[[1850.0,1.0,1.0],0.0007514145],
[[1850.0,150.0,150.0],0.001071561],
[[1850.0,200.0,200.0],0.001203705],
[[1850.0,250.0,250.0],0.001183705],
[[1850.0,300.0,300.0],0.001281221],
[[1850.0,350.0,350.0],0.001420274],
[[1850.0,400.0,400.0],0.001592733],
[[1850.0,450.0,450.0],0.001432012],
[[1850.0,500.0,500.0],0.001519425],
[[1850.0,550.0,550.0],0.00184988],
[[1850.0,600.0,600.0],0.001545759],
[[1850.0,650.0,650.0],0.001328304],
[[1850.0,700.0,700.0],0.001576384],
[[1850.0,750.0,750.0],0.001654836],
[[1850.0,800.0,800.0],0.001420665],
[[1850.0,850.0,850.0],0.00185251],
[[1850.0,900.0,900.0],0.001885011],
[[1900.0,1.0,1.0],0.0008693467],
[[1900.0,150.0,150.0],0.001092074],
[[1900.0,200.0,200.0],0.00102671],
[[1900.0,250.0,250.0],0.001450341],
[[1900.0,300.0,300.0],0.001473562],
[[1900.0,350.0,350.0],0.001621526],
[[1900.0,400.0,400.0],0.001600992],
[[1900.0,450.0,450.0],0.001697403],
[[1900.0,500.0,500.0],0.001457632],
[[1900.0,550.0,550.0],0.001627295],
[[1900.0,600.0,600.0],0.00145111],
[[1900.0,650.0,650.0],0.001921546],
[[1900.0,700.0,700.0],0.001566776],
[[1900.0,750.0,750.0],0.001655139],
[[1900.0,800.0,800.0],0.001680575],
[[1900.0,850.0,850.0],0.00161478],
[[1900.0,900.0,900.0],0.001920233],
[[1950.0,1.0,1.0],0.0007920524],
[[1950.0,150.0,150.0],0.001020499],
[[1950.0,200.0,200.0],0.0009992399],
[[1950.0,250.0,250.0],0.001308847],
[[1950.0,300.0,300.0],0.001607272],
[[1950.0,350.0,350.0],0.001291287],
[[1950.0,400.0,400.0],0.001359394],
[[1950.0,450.0,450.0],0.001578916],
[[1950.0,500.0,500.0],0.001600454],
[[1950.0,550.0,550.0],0.001961307],
[[1950.0,600.0,600.0],0.001625169],
[[1950.0,650.0,650.0],0.001506475],
[[1950.0,700.0,700.0],0.001558723],
[[1950.0,750.0,750.0],0.001853328],
[[1950.0,800.0,800.0],0.001739331],
[[1950.0,850.0,850.0],0.001545755],
[[1950.0,900.0,900.0],0.00170702],
[[1950.0,950.0,950.0],0.002032859],
[[2000.0,1.0,1.0],0.0008035664],
[[2000.0,10.0,10.0],0.0007964372],
[[2000.0,50.0,50.0],0.0007820165],
[[2000.0,100.0,100.0],0.0008149229],
[[2000.0,150.0,150.0],0.0009780941],
[[2000.0,200.0,200.0],0.001101604],
[[2000.0,250.0,250.0],0.001164823],
[[2000.0,300.0,300.0],0.001430548],
[[2000.0,350.0,350.0],0.001344949],
[[2000.0,400.0,400.0],0.001656512],
[[2000.0,450.0,450.0],0.001713918],
[[2000.0,500.0,500.0],0.001543831],
[[2000.0,550.0,550.0],0.001750863],
[[2000.0,600.0,600.0],0.001835212],
[[2000.0,650.0,650.0],0.001420822],
[[2000.0,700.0,700.0],0.001346774],
[[2000.0,750.0,750.0],0.001683247],
[[2000.0,800.0,800.0],0.001566447],
[[2000.0,850.0,850.0],0.001978414],
[[2000.0,900.0,900.0],0.002053239],
[[2000.0,950.0,950.0],0.001692088],
[[2250.0,1.0,1.0],0.0007160526],
[[2250.0,10.0,10.0],0.0007540228],
[[2250.0,50.0,50.0],0.000837856],
[[2250.0,100.0,100.0],0.0007674786],
[[2250.0,150.0,150.0],0.001003781],
[[2250.0,300.0,300.0],0.001753814],
[[2250.0,500.0,500.0],0.001923352],
[[2250.0,750.0,750.0],0.002026934],
[[2250.0,1000.0,1000.0],0.00193518],
[[2500.0,1.0,1.0],0.0006054247],
[[2500.0,10.0,10.0],0.0005919772],
[[2500.0,50.0,50.0],0.0006544986],
[[2500.0,100.0,100.0],0.0007574531],
[[2500.0,150.0,150.0],0.0008328133],
[[2500.0,300.0,300.0],0.001516712],
[[2500.0,500.0,500.0],0.001742063],
[[2500.0,750.0,750.0],0.002116652],
[[2500.0,1000.0,1000.0],0.002088629],
[[2500.0,1200.0,1200.0],0.002181023],
[[2750.0,1.0,1.0],0.0006269122],
[[2750.0,10.0,10.0],0.0005227793],
[[2750.0,50.0,50.0],0.0006027665],
[[2750.0,100.0,100.0],0.0006448116],
[[2750.0,150.0,150.0],0.0008121654],
[[2750.0,300.0,300.0],0.001518209],
[[2750.0,500.0,500.0],0.001893185],
[[2750.0,750.0,750.0],0.002319697],
[[2750.0,1000.0,1000.0],0.002267756],
[[2750.0,1200.0,1200.0],0.002287489],
[[3000.0,1.0,1.0],0.0004609431],
[[3000.0,10.0,10.0],0.0004791739],
[[3000.0,50.0,50.0],0.0004736068],
[[3000.0,100.0,100.0],0.0005834032],
[[3000.0,150.0,150.0],0.0007005712],
[[3000.0,300.0,300.0],0.001354555],
[[3000.0,500.0,500.0],0.001809025],
[[3000.0,750.0,750.0],0.002076022],
[[3000.0,1000.0,1000.0],0.002578455],
[[3000.0,1200.0,1200.0],0.002386865],
[[3000.0,1400.0,1400.0],0.002568305]]
