txName: TRV1
constraint: {(PV > Zprime(1)), (Zprime(1) > MET(2),MET(3))}
condition: None
conditionDescription: None
figureUrl: https://cms-results.web.cern.ch/cms-results/public-results/publications/EXO-20-004/CMS-EXO-20-004_Figure_007-b.png
source: CMS
validated: True
axesMap: [{0: 'x', 1: 'y', 2: 'y'}]
dataMap: {0: (1, 'mass', GeV), 1: (2, 'mass', GeV), 2: (3, 'mass', GeV)}
finalState: ['MET', 'MET']
intermediateState: None
efficiencyMap: [[[50.0,1.0,1.0],8.623418e-08],
[[100.0,1.0,1.0],5.166237e-07],
[[100.0,10.0,10.0],5.317809e-07],
[[150.0,1.0,1.0],1.764304e-06],
[[150.0,75.0,75.0],2.065349e-06],
[[200.0,1.0,1.0],4.427652e-06],
[[200.0,75.0,75.0],5.090255e-06],
[[250.0,1.0,1.0],8.801575e-06],
[[250.0,10.0,10.0],8.817853e-06],
[[250.0,75.0,75.0],8.836964e-06],
[[300.0,1.0,1.0],1.32189e-05],
[[300.0,75.0,75.0],1.298534e-05],
[[350.0,1.0,1.0],2.143233e-05],
[[350.0,75.0,75.0],2.00685e-05],
[[350.0,150.0,150.0],2.085885e-05],
[[400.0,1.0,1.0],3.151691e-05],
[[400.0,75.0,75.0],3.025907e-05],
[[400.0,150.0,150.0],2.668672e-05],
[[450.0,1.0,1.0],4.107491e-05],
[[450.0,75.0,75.0],4.597202e-05],
[[450.0,150.0,150.0],4.818772e-05],
[[450.0,200.0,200.0],4.74784e-05],
[[500.0,1.0,1.0],5.715246e-05],
[[500.0,10.0,10.0],5.04363e-05],
[[500.0,75.0,75.0],5.837194e-05],
[[500.0,150.0,150.0],5.75687e-05],
[[500.0,200.0,200.0],5.708298e-05],
[[550.0,1.0,1.0],6.283164e-05],
[[550.0,75.0,75.0],6.452676e-05],
[[550.0,150.0,150.0],6.847187e-05],
[[550.0,200.0,200.0],6.469088e-05],
[[550.0,250.0,250.0],7.282328e-05],
[[600.0,1.0,1.0],8.523993e-05],
[[600.0,75.0,75.0],7.789837e-05],
[[600.0,150.0,150.0],8.625243e-05],
[[600.0,200.0,200.0],7.948624e-05],
[[600.0,250.0,250.0],8.573533e-05],
[[650.0,1.0,1.0],9.896619e-05],
[[650.0,75.0,75.0],0.0001048808],
[[650.0,150.0,150.0],0.0001139739],
[[650.0,200.0,200.0],0.0001002262],
[[650.0,250.0,250.0],0.0001007185],
[[650.0,300.0,300.0],0.0001068777],
[[700.0,1.0,1.0],0.0001133898],
[[700.0,75.0,75.0],0.000102385],
[[700.0,150.0,150.0],9.081365e-05],
[[700.0,200.0,200.0],0.0001093058],
[[700.0,250.0,250.0],0.0001100599],
[[700.0,300.0,300.0],0.0001323689],
[[750.0,1.0,1.0],0.0001273808],
[[750.0,10.0,10.0],0.0001263815],
[[750.0,75.0,75.0],0.0001328633],
[[750.0,150.0,150.0],0.0001330028],
[[750.0,200.0,200.0],0.0001287479],
[[750.0,250.0,250.0],0.0001252099],
[[750.0,300.0,300.0],0.000137871],
[[750.0,350.0,350.0],0.000166671],
[[800.0,1.0,1.0],0.0001498327],
[[800.0,75.0,75.0],0.0001515207],
[[800.0,150.0,150.0],0.0001483692],
[[800.0,200.0,200.0],0.0001553462],
[[800.0,250.0,250.0],0.0001515146],
[[800.0,300.0,300.0],0.0001727838],
[[800.0,350.0,350.0],0.0001543131],
[[850.0,1.0,1.0],0.0001618819],
[[850.0,75.0,75.0],0.0001665258],
[[850.0,150.0,150.0],0.0001543822],
[[850.0,200.0,200.0],0.0001777351],
[[850.0,250.0,250.0],0.0001667881],
[[850.0,300.0,300.0],0.0001796223],
[[850.0,350.0,350.0],0.0001681016],
[[850.0,400.0,400.0],0.0001664104],
[[900.0,1.0,1.0],0.0001827018],
[[900.0,75.0,75.0],0.000181224],
[[900.0,150.0,150.0],0.0001922976],
[[900.0,200.0,200.0],0.0001854271],
[[900.0,250.0,250.0],0.0002058463],
[[900.0,300.0,300.0],0.000198853],
[[900.0,350.0,350.0],0.0002006925],
[[900.0,400.0,400.0],0.0002146931],
[[950.0,1.0,1.0],0.0002055601],
[[950.0,75.0,75.0],0.000201631],
[[950.0,150.0,150.0],0.0002075237],
[[950.0,200.0,200.0],0.0002105874],
[[950.0,250.0,250.0],0.0002538244],
[[950.0,300.0,300.0],0.0002075892],
[[950.0,350.0,350.0],0.0001811985],
[[950.0,400.0,400.0],0.0002179062],
[[950.0,450.0,450.0],0.0002468268],
[[1000.0,1.0,1.0],0.0002006585],
[[1000.0,10.0,10.0],0.0002075827],
[[1000.0,75.0,75.0],0.0002401898],
[[1000.0,150.0,150.0],0.0002198308],
[[1000.0,200.0,200.0],0.0002189543],
[[1000.0,250.0,250.0],0.000241005],
[[1000.0,300.0,300.0],0.0002469883],
[[1000.0,350.0,350.0],0.000235162],
[[1000.0,400.0,400.0],0.0002383468],
[[1000.0,450.0,450.0],0.0002437264],
[[1050.0,1.0,1.0],0.000241596],
[[1050.0,75.0,75.0],0.0002410188],
[[1050.0,150.0,150.0],0.000215584],
[[1050.0,200.0,200.0],0.0002530239],
[[1050.0,250.0,250.0],0.0002728298],
[[1050.0,300.0,300.0],0.0002518513],
[[1050.0,350.0,350.0],0.0002729183],
[[1050.0,400.0,400.0],0.0002846955],
[[1050.0,450.0,450.0],0.0002651731],
[[1050.0,500.0,500.0],0.000247337],
[[1100.0,1.0,1.0],0.0002437062],
[[1100.0,75.0,75.0],0.0002507999],
[[1100.0,150.0,150.0],0.0002917577],
[[1100.0,200.0,200.0],0.0002864304],
[[1100.0,250.0,250.0],0.0002829964],
[[1100.0,300.0,300.0],0.0003255158],
[[1100.0,350.0,350.0],0.0002721612],
[[1100.0,400.0,400.0],0.0002474889],
[[1100.0,450.0,450.0],0.0003168342],
[[1100.0,500.0,500.0],0.0002542202],
[[1150.0,1.0,1.0],0.0002799942],
[[1150.0,75.0,75.0],0.0002537242],
[[1150.0,150.0,150.0],0.0002596558],
[[1150.0,200.0,200.0],0.0003207499],
[[1150.0,250.0,250.0],0.0002805112],
[[1150.0,300.0,300.0],0.0002926064],
[[1150.0,350.0,350.0],0.0002721181],
[[1150.0,400.0,400.0],0.0002745461],
[[1150.0,450.0,450.0],0.0003072555],
[[1150.0,500.0,500.0],0.0002787855],
[[1150.0,550.0,550.0],0.000304613],
[[1200.0,1.0,1.0],0.0002940747],
[[1200.0,75.0,75.0],0.0002875186],
[[1200.0,150.0,150.0],0.0002727777],
[[1200.0,200.0,200.0],0.0003196733],
[[1200.0,250.0,250.0],0.0003074703],
[[1200.0,300.0,300.0],0.0003106151],
[[1200.0,350.0,350.0],0.0002762426],
[[1200.0,400.0,400.0],0.0003386554],
[[1200.0,450.0,450.0],0.0002991752],
[[1200.0,500.0,500.0],0.0003220898],
[[1200.0,550.0,550.0],0.0003273644],
[[1250.0,1.0,1.0],0.0003060225],
[[1250.0,10.0,10.0],0.0003115234],
[[1250.0,75.0,75.0],0.0002930619],
[[1250.0,150.0,150.0],0.0003005963],
[[1250.0,200.0,200.0],0.000370179],
[[1250.0,250.0,250.0],0.0003146973],
[[1250.0,300.0,300.0],0.0003933314],
[[1250.0,350.0,350.0],0.0003050823],
[[1250.0,400.0,400.0],0.000286497],
[[1250.0,450.0,450.0],0.0003572485],
[[1250.0,500.0,500.0],0.0003341839],
[[1250.0,550.0,550.0],0.0003163336],
[[1250.0,600.0,600.0],0.0003460551],
[[1300.0,1.0,1.0],0.0003284709],
[[1300.0,75.0,75.0],0.0003321416],
[[1300.0,150.0,150.0],0.0003400999],
[[1300.0,200.0,200.0],0.0003113468],
[[1300.0,250.0,250.0],0.0003596029],
[[1300.0,300.0,300.0],0.0003443564],
[[1300.0,350.0,350.0],0.0003638068],
[[1300.0,400.0,400.0],0.0003194254],
[[1300.0,450.0,450.0],0.0003120271],
[[1300.0,500.0,500.0],0.0002940141],
[[1300.0,550.0,550.0],0.0003660455],
[[1300.0,600.0,600.0],0.0003503008],
[[1350.0,1.0,1.0],0.0003146911],
[[1350.0,75.0,75.0],0.0003403822],
[[1350.0,150.0,150.0],0.00031878],
[[1350.0,200.0,200.0],0.0003244905],
[[1350.0,250.0,250.0],0.0003421878],
[[1350.0,300.0,300.0],0.0003434881],
[[1350.0,350.0,350.0],0.0003658412],
[[1350.0,400.0,400.0],0.0004383923],
[[1350.0,450.0,450.0],0.0003618528],
[[1350.0,500.0,500.0],0.000370463],
[[1350.0,550.0,550.0],0.0003523385],
[[1350.0,600.0,600.0],0.0003474082],
[[1350.0,650.0,650.0],0.0003743497],
[[1400.0,1.0,1.0],0.0003765978],
[[1400.0,75.0,75.0],0.0003635046],
[[1400.0,150.0,150.0],0.0003514933],
[[1400.0,200.0,200.0],0.0003240332],
[[1400.0,250.0,250.0],0.0003776368],
[[1400.0,300.0,300.0],0.0003746638],
[[1400.0,350.0,350.0],0.0003401288],
[[1400.0,400.0,400.0],0.0003810464],
[[1400.0,450.0,450.0],0.000457709],
[[1400.0,500.0,500.0],0.000353674],
[[1400.0,550.0,550.0],0.0003537115],
[[1400.0,600.0,600.0],0.000355214],
[[1400.0,650.0,650.0],0.0003957742],
[[1450.0,1.0,1.0],0.0003807773],
[[1450.0,75.0,75.0],0.0003761171],
[[1450.0,150.0,150.0],0.0004027913],
[[1450.0,200.0,200.0],0.0004060235],
[[1450.0,250.0,250.0],0.0003481806],
[[1450.0,300.0,300.0],0.0003672468],
[[1450.0,350.0,350.0],0.0004007407],
[[1450.0,400.0,400.0],0.0004254224],
[[1450.0,450.0,450.0],0.0003759194],
[[1450.0,500.0,500.0],0.0003772709],
[[1450.0,550.0,550.0],0.0004224547],
[[1450.0,600.0,600.0],0.0003963228],
[[1450.0,650.0,650.0],0.0004579981],
[[1450.0,700.0,700.0],0.0004105767],
[[1500.0,1.0,1.0],0.0003629992],
[[1500.0,10.0,10.0],0.0003514273],
[[1500.0,75.0,75.0],0.0003703402],
[[1500.0,150.0,150.0],0.0003857288],
[[1500.0,200.0,200.0],0.0003858798],
[[1500.0,250.0,250.0],0.0004116481],
[[1500.0,300.0,300.0],0.0003678087],
[[1500.0,350.0,350.0],0.0004104226],
[[1500.0,400.0,400.0],0.0003973759],
[[1500.0,450.0,450.0],0.0003948779],
[[1500.0,500.0,500.0],0.0003879431],
[[1500.0,550.0,550.0],0.0004128019],
[[1500.0,600.0,600.0],0.000379381],
[[1500.0,650.0,650.0],0.0004172124],
[[1500.0,700.0,700.0],0.0004082879],
[[1500.0,750.0,750.0],0.0004005177],
[[1550.0,1.0,1.0],0.0003992424],
[[1550.0,75.0,75.0],0.0003681999],
[[1550.0,150.0,150.0],0.0004018353],
[[1550.0,200.0,200.0],0.0003753903],
[[1550.0,250.0,250.0],0.0004003965],
[[1550.0,300.0,300.0],0.000378653],
[[1550.0,350.0,350.0],0.000436454],
[[1550.0,400.0,400.0],0.000393791],
[[1550.0,450.0,450.0],0.0004459534],
[[1550.0,500.0,500.0],0.0004044022],
[[1550.0,550.0,550.0],0.0004509483],
[[1550.0,600.0,600.0],0.000368504],
[[1550.0,650.0,650.0],0.0004153541],
[[1550.0,700.0,700.0],0.0004183965],
[[1550.0,750.0,750.0],0.0004418046],
[[1600.0,1.0,1.0],0.0003794566],
[[1600.0,75.0,75.0],0.000424997],
[[1600.0,150.0,150.0],0.0004007401],
[[1600.0,200.0,200.0],0.0003992148],
[[1600.0,250.0,250.0],0.0004833918],
[[1600.0,300.0,300.0],0.0004319519],
[[1600.0,350.0,350.0],0.0004700783],
[[1600.0,400.0,400.0],0.000376582],
[[1600.0,450.0,450.0],0.0003949392],
[[1600.0,500.0,500.0],0.0004670059],
[[1600.0,550.0,550.0],0.0004137495],
[[1600.0,600.0,600.0],0.0004851662],
[[1600.0,650.0,650.0],0.0004585934],
[[1600.0,700.0,700.0],0.000464666],
[[1600.0,750.0,750.0],0.00046108],
[[1650.0,1.0,1.0],0.000436869],
[[1650.0,75.0,75.0],0.0003903701],
[[1650.0,150.0,150.0],0.0004141674],
[[1650.0,200.0,200.0],0.0004744055],
[[1650.0,250.0,250.0],0.00041288],
[[1650.0,300.0,300.0],0.000468643],
[[1650.0,350.0,350.0],0.0004327919],
[[1650.0,400.0,400.0],0.0004743817],
[[1650.0,450.0,450.0],0.0003889591],
[[1650.0,500.0,500.0],0.0004282852],
[[1650.0,550.0,550.0],0.0004940702],
[[1650.0,600.0,600.0],0.0004309382],
[[1650.0,650.0,650.0],0.0004875537],
[[1650.0,700.0,700.0],0.0004577448],
[[1650.0,750.0,750.0],0.0004386572],
[[1650.0,800.0,800.0],0.0004532996],
[[1700.0,1.0,1.0],0.0004202457],
[[1700.0,75.0,75.0],0.0004024959],
[[1700.0,150.0,150.0],0.0003931331],
[[1700.0,200.0,200.0],0.000433471],
[[1700.0,250.0,250.0],0.0004465043],
[[1700.0,300.0,300.0],0.0004561601],
[[1700.0,350.0,350.0],0.0004923978],
[[1700.0,400.0,400.0],0.0005226119],
[[1700.0,450.0,450.0],0.00047075],
[[1700.0,500.0,500.0],0.0005065881],
[[1700.0,550.0,550.0],0.0004893366],
[[1700.0,600.0,600.0],0.0004684495],
[[1700.0,650.0,650.0],0.0004716751],
[[1700.0,700.0,700.0],0.0004963197],
[[1700.0,750.0,750.0],0.0004971173],
[[1700.0,800.0,800.0],0.0004862998],
[[1750.0,1.0,1.0],0.0004208122],
[[1750.0,10.0,10.0],0.000446508],
[[1750.0,75.0,75.0],0.0004386524],
[[1750.0,150.0,150.0],0.0004348127],
[[1750.0,200.0,200.0],0.000431029],
[[1750.0,250.0,250.0],0.0004058029],
[[1750.0,300.0,300.0],0.000417332],
[[1750.0,350.0,350.0],0.0004582789],
[[1750.0,400.0,400.0],0.0004411187],
[[1750.0,450.0,450.0],0.0004658589],
[[1750.0,500.0,500.0],0.0004886248],
[[1750.0,550.0,550.0],0.0004860017],
[[1750.0,600.0,600.0],0.000502706],
[[1750.0,650.0,650.0],0.0004659398],
[[1750.0,700.0,700.0],0.0004531011],
[[1750.0,750.0,750.0],0.0004718682],
[[1750.0,800.0,800.0],0.0004974954],
[[1750.0,850.0,850.0],0.0004813335],
[[1800.0,1.0,1.0],0.0004535001],
[[1800.0,75.0,75.0],0.0005360652],
[[1800.0,150.0,150.0],0.0004509365],
[[1800.0,200.0,200.0],0.0004459057],
[[1800.0,250.0,250.0],0.0003845821],
[[1800.0,300.0,300.0],0.0005114456],
[[1800.0,350.0,350.0],0.0004872256],
[[1800.0,400.0,400.0],0.0004527034],
[[1800.0,450.0,450.0],0.0005176687],
[[1800.0,500.0,500.0],0.0005155994],
[[1800.0,550.0,550.0],0.0004956779],
[[1800.0,600.0,600.0],0.0005006701],
[[1800.0,650.0,650.0],0.0004872404],
[[1800.0,700.0,700.0],0.0005346488],
[[1800.0,750.0,750.0],0.0005095528],
[[1800.0,800.0,800.0],0.000447856],
[[1800.0,850.0,850.0],0.0005070948],
[[1850.0,1.0,1.0],0.0004613157],
[[1850.0,75.0,75.0],0.0004157628],
[[1850.0,150.0,150.0],0.0004726283],
[[1850.0,200.0,200.0],0.0004339],
[[1850.0,250.0,250.0],0.0004767132],
[[1850.0,300.0,300.0],0.0004990679],
[[1850.0,350.0,350.0],0.0004799203],
[[1850.0,400.0,400.0],0.0004794857],
[[1850.0,450.0,450.0],0.0004957575],
[[1850.0,500.0,500.0],0.00050605],
[[1850.0,550.0,550.0],0.0004826681],
[[1850.0,600.0,600.0],0.0005077779],
[[1850.0,650.0,650.0],0.0005145573],
[[1850.0,700.0,700.0],0.0005360849],
[[1850.0,750.0,750.0],0.0004859243],
[[1850.0,800.0,800.0],0.0004509669],
[[1850.0,850.0,850.0],0.0005453563],
[[1850.0,900.0,900.0],0.0005170129],
[[1900.0,1.0,1.0],0.0004484095],
[[1900.0,75.0,75.0],0.0004543471],
[[1900.0,150.0,150.0],0.0004893254],
[[1900.0,200.0,200.0],0.0004660669],
[[1900.0,250.0,250.0],0.0004934565],
[[1900.0,300.0,300.0],0.0004648027],
[[1900.0,350.0,350.0],0.0004520949],
[[1900.0,400.0,400.0],0.0004593315],
[[1900.0,450.0,450.0],0.0005571342],
[[1900.0,500.0,500.0],0.0004872813],
[[1900.0,550.0,550.0],0.0005107889],
[[1900.0,600.0,600.0],0.0004615622],
[[1900.0,650.0,650.0],0.0004855997],
[[1900.0,700.0,700.0],0.0004671253],
[[1900.0,750.0,750.0],0.0004933337],
[[1900.0,800.0,800.0],0.0005176349],
[[1900.0,850.0,850.0],0.0004743858],
[[1900.0,900.0,900.0],0.0004874881],
[[1950.0,1.0,1.0],0.0004354827],
[[1950.0,75.0,75.0],0.0004398204],
[[1950.0,150.0,150.0],0.0004790365],
[[1950.0,200.0,200.0],0.0005141701],
[[1950.0,250.0,250.0],0.0004856022],
[[1950.0,300.0,300.0],0.0005131925],
[[1950.0,350.0,350.0],0.0005375561],
[[1950.0,400.0,400.0],0.000519581],
[[1950.0,450.0,450.0],0.0005148073],
[[1950.0,500.0,500.0],0.0005277444],
[[1950.0,550.0,550.0],0.0005138253],
[[1950.0,600.0,600.0],0.0005006671],
[[1950.0,650.0,650.0],0.0004783401],
[[1950.0,700.0,700.0],0.00048692],
[[1950.0,750.0,750.0],0.0005804073],
[[1950.0,800.0,800.0],0.0005766055],
[[1950.0,850.0,850.0],0.0004837363],
[[1950.0,900.0,900.0],0.0005474324],
[[1950.0,950.0,950.0],0.0005293361],
[[2000.0,1.0,1.0],0.0005116831],
[[2000.0,75.0,75.0],0.0005438083],
[[2000.0,150.0,150.0],0.0005443249],
[[2000.0,200.0,200.0],0.0005804926],
[[2000.0,250.0,250.0],0.0004737946],
[[2000.0,300.0,300.0],0.000487468],
[[2000.0,350.0,350.0],0.0005992941],
[[2000.0,400.0,400.0],0.0004844217],
[[2000.0,450.0,450.0],0.0005220145],
[[2000.0,500.0,500.0],0.0005451357],
[[2000.0,550.0,550.0],0.0005643501],
[[2000.0,600.0,600.0],0.0005035161],
[[2000.0,650.0,650.0],0.0004778855],
[[2000.0,700.0,700.0],0.0005078159],
[[2000.0,750.0,750.0],0.0005242347],
[[2000.0,800.0,800.0],0.0005286182],
[[2000.0,850.0,850.0],0.0005545416],
[[2000.0,900.0,900.0],0.0005177104],
[[2000.0,950.0,950.0],0.0004980252],
[[2250.0,1.0,1.0],0.0005419845],
[[2250.0,75.0,75.0],0.0005599337],
[[2250.0,150.0,150.0],0.0005673037],
[[2250.0,300.0,300.0],0.0005440261],
[[2250.0,500.0,500.0],0.0005571141],
[[2250.0,750.0,750.0],0.0006006962],
[[2250.0,1000.0,1000.0],0.0005986505],
[[2500.0,1.0,1.0],0.0005870857],
[[2500.0,75.0,75.0],0.0006289169],
[[2500.0,150.0,150.0],0.0005930678],
[[2500.0,300.0,300.0],0.0005519608],
[[2500.0,500.0,500.0],0.0005827033],
[[2500.0,750.0,750.0],0.0006154125],
[[2500.0,1000.0,1000.0],0.0006374227],
[[2500.0,1200.0,1200.0],0.0005870066],
[[2750.0,1.0,1.0],0.0005990081],
[[2750.0,75.0,75.0],0.0005922799],
[[2750.0,150.0,150.0],0.0006133204],
[[2750.0,300.0,300.0],0.0005578058],
[[2750.0,500.0,500.0],0.0005740151],
[[2750.0,750.0,750.0],0.0006208176],
[[2750.0,1000.0,1000.0],0.0006609166],
[[2750.0,1200.0,1200.0],0.0006234803],
[[3000.0,1.0,1.0],0.0005826362],
[[3000.0,75.0,75.0],0.000607775],
[[3000.0,150.0,150.0],0.000609039],
[[3000.0,300.0,300.0],0.0006004587],
[[3000.0,500.0,500.0],0.0006002221],
[[3000.0,750.0,750.0],0.00062954],
[[3000.0,1000.0,1000.0],0.0006282029],
[[3000.0,1200.0,1200.0],0.0006693207],
[[3000.0,1400.0,1400.0],0.0006070514]]
