txName: TRV1
constraint: {(PV > Zprime(1)), (Zprime(1) > MET(2),MET(3))}
condition: None
conditionDescription: None
figureUrl: None
source: Recast by CM2
validated: True
axesMap: [{0: 'x', 1: 'y', 2: 'y'}]
dataMap: {0: (1, 'mass', GeV), 1: (2, 'mass', GeV), 2: (3, 'mass', GeV)}
finalState: ['MET', 'MET']
intermediateState: None
efficiencyMap: [[[50.0,0,0],0.0],
[[50.0,1.0,1.0],0],
[[50.0,10.0,10.0],0.0],
[[50.0,20.0,20.0],0.0],
[[100.0,0,0],0.0],
[[100.0,1.0,1.0],0.0],
[[100.0,10.0,10.0],0.0],
[[150.0,0,0],0.0],
[[150.0,1.0,1.0],0.0],
[[150.0,10.0,10.0],0.0],
[[150.0,50.0,50.0],0.0],
[[150.0,70.0,70.0],0.0],
[[200.0,0,0],0.0],
[[200.0,1.0,1.0],0.0],
[[200.0,10.0,10.0],0],
[[200.0,50.0,50.0],0.0],
[[200.0,75.0,75.0],0],
[[250.0,0,0],0.0],
[[250.0,1.0,1.0],0.0],
[[250.0,10.0,10.0],0],
[[250.0,50.0,50.0],0.0],
[[250.0,75.0,75.0],0],
[[250.0,100.0,100.0],0.0],
[[250.0,120.0,120.0],0],
[[300.0,0,0],0],
[[300.0,1.0,1.0],0.0],
[[300.0,10.0,10.0],0],
[[300.0,50.0,50.0],0],
[[300.0,75.0,75.0],0.0],
[[300.0,100.0,100.0],0],
[[350.0,0,0],0],
[[350.0,1.0,1.0],0],
[[350.0,10.0,10.0],0],
[[350.0,50.0,50.0],0.0],
[[350.0,75.0,75.0],0.0],
[[350.0,100.0,100.0],0],
[[350.0,150.0,150.0],0],
[[350.0,170.0,170.0],0.0],
[[400.0,0,0],0.0],
[[400.0,1.0,1.0],0.0],
[[400.0,10.0,10.0],0],
[[400.0,50.0,50.0],0],
[[400.0,75.0,75.0],0],
[[400.0,100.0,100.0],0],
[[400.0,150.0,150.0],0],
[[450.0,0,0],0.0],
[[450.0,1.0,1.0],0],
[[450.0,10.0,10.0],0],
[[450.0,50.0,50.0],0.0],
[[450.0,75.0,75.0],0.0],
[[450.0,100.0,100.0],0],
[[450.0,150.0,150.0],0],
[[450.0,200.0,200.0],0],
[[450.0,220.0,220.0],0],
[[500.0,0,0],0],
[[500.0,1.0,1.0],0],
[[500.0,10.0,10.0],0],
[[500.0,50.0,50.0],0],
[[500.0,75.0,75.0],0],
[[500.0,100.0,100.0],0],
[[500.0,150.0,150.0],0],
[[500.0,200.0,200.0],0.0],
[[550.0,1.0,1.0],0],
[[550.0,10.0,10.0],0],
[[550.0,75.0,75.0],0],
[[550.0,150.0,150.0],0],
[[550.0,200.0,200.0],0],
[[550.0,250.0,250.0],0],
[[550.0,270.0,270.0],0],
[[600.0,0,0],0.0],
[[600.0,1.0,1.0],0],
[[600.0,10.0,10.0],0],
[[600.0,50.0,50.0],0],
[[600.0,75.0,75.0],0],
[[600.0,100.0,100.0],0],
[[600.0,150.0,150.0],0],
[[600.0,200.0,200.0],0],
[[600.0,250.0,250.0],0],
[[600.0,295.0,295.0],0],
[[650.0,1.0,1.0],0],
[[650.0,10.0,10.0],0],
[[650.0,75.0,75.0],0],
[[650.0,150.0,150.0],0],
[[650.0,200.0,200.0],0],
[[650.0,250.0,250.0],1.675752e-06],
[[650.0,300.0,300.0],0],
[[650.0,320.0,320.0],2.648684e-06],
[[700.0,0,0],0],
[[700.0,1.0,1.0],0],
[[700.0,10.0,10.0],1.904755e-06],
[[700.0,50.0,50.0],0],
[[700.0,75.0,75.0],0],
[[700.0,100.0,100.0],0.0],
[[700.0,150.0,150.0],0],
[[700.0,200.0,200.0],0],
[[700.0,250.0,250.0],0],
[[700.0,300.0,300.0],0],
[[750.0,1.0,1.0],0],
[[750.0,10.0,10.0],0],
[[750.0,75.0,75.0],0],
[[750.0,150.0,150.0],0],
[[750.0,200.0,200.0],0],
[[750.0,250.0,250.0],0],
[[750.0,300.0,300.0],0],
[[750.0,350.0,350.0],2.183129e-06],
[[750.0,370.0,370.0],0],
[[800.0,0,0],0],
[[800.0,1.0,1.0],1.696218e-06],
[[800.0,10.0,10.0],0],
[[800.0,50.0,50.0],1.156529e-05],
[[800.0,75.0,75.0],1.650436e-06],
[[800.0,100.0,100.0],0],
[[800.0,150.0,150.0],2.530737e-06],
[[800.0,200.0,200.0],0],
[[800.0,250.0,250.0],2.000137e-06],
[[800.0,300.0,300.0],3.923906e-06],
[[800.0,350.0,350.0],0],
[[850.0,1.0,1.0],3.417248e-06],
[[850.0,10.0,10.0],0],
[[850.0,75.0,75.0],1.84671e-06],
[[850.0,150.0,150.0],0],
[[850.0,200.0,200.0],0],
[[850.0,250.0,250.0],2.777188e-06],
[[850.0,300.0,300.0],1.957682e-06],
[[850.0,350.0,350.0],0],
[[850.0,400.0,400.0],2.749759e-06],
[[850.0,420.0,420.0],3.203054e-06],
[[900.0,0,0],0],
[[900.0,1.0,1.0],1.765312e-06],
[[900.0,10.0,10.0],0],
[[900.0,50.0,50.0],3.368715e-06],
[[900.0,75.0,75.0],1.889824e-06],
[[900.0,100.0,100.0],2.582047e-06],
[[900.0,150.0,150.0],0],
[[900.0,200.0,200.0],0],
[[900.0,250.0,250.0],0],
[[900.0,300.0,300.0],2.338208e-06],
[[900.0,350.0,350.0],0],
[[900.0,400.0,400.0],2.990335e-06],
[[950.0,1.0,1.0],0],
[[950.0,10.0,10.0],4.371221e-06],
[[950.0,75.0,75.0],2.406251e-06],
[[950.0,150.0,150.0],2.344523e-06],
[[950.0,200.0,200.0],0],
[[950.0,250.0,250.0],1.835303e-06],
[[950.0,300.0,300.0],1.962576e-06],
[[950.0,350.0,350.0],7.708775e-06],
[[950.0,400.0,400.0],3.359962e-06],
[[950.0,450.0,450.0],3.471663e-06],
[[950.0,470.0,470.0],2.675883e-06],
[[1000.0,0,0],3.103437e-06],
[[1000.0,50.0,50.0],2.025975e-06],
[[1000.0,100.0,100.0],0],
[[1000.0,150.0,150.0],2.037657e-06],
[[1000.0,200.0,200.0],0],
[[1000.0,250.0,250.0],0],
[[1000.0,300.0,300.0],0],
[[1000.0,350.0,350.0],2.123762e-06],
[[1000.0,400.0,400.0],3.359896e-06],
[[1000.0,450.0,450.0],0],
[[1050.0,520.0,520.0],0],
[[1100.0,0,0],4.528472e-06],
[[1100.0,100.0,100.0],7.608189e-06],
[[1100.0,200.0,200.0],2.41055e-06],
[[1100.0,300.0,300.0],2.083352e-06],
[[1100.0,400.0,400.0],3.967851e-06],
[[1100.0,500.0,500.0],4.429212e-06],
[[1150.0,570.0,570.0],1.761776e-06],
[[1200.0,0,0],4.129707e-06],
[[1200.0,100.0,100.0],3.980027e-06],
[[1200.0,200.0,200.0],3.116672e-06],
[[1200.0,300.0,300.0],3.812125e-06],
[[1200.0,400.0,400.0],0],
[[1200.0,500.0,500.0],2.343723e-06],
[[1250.0,620.0,620.0],3.738011e-06],
[[1300.0,0,0],3.625396e-06],
[[1300.0,100.0,100.0],2.168177e-06],
[[1300.0,200.0,200.0],4.059051e-06],
[[1300.0,300.0,300.0],2.184254e-06],
[[1300.0,400.0,400.0],4.578749e-06],
[[1300.0,500.0,500.0],5.954929e-06],
[[1300.0,600.0,600.0],3.015018e-06],
[[1350.0,670.0,670.0],3.750629e-06],
[[1400.0,0,0],5.141277e-06],
[[1400.0,100.0,100.0],3.35122e-06],
[[1400.0,200.0,200.0],6.569414e-06],
[[1400.0,300.0,300.0],3.15729e-06],
[[1400.0,400.0,400.0],6.294404e-06],
[[1400.0,500.0,500.0],0],
[[1400.0,600.0,600.0],6.321096e-06],
[[1450.0,720.0,720.0],3.50194e-06],
[[1500.0,0,0],2.41506e-06],
[[1500.0,100.0,100.0],6.548865e-06],
[[1500.0,200.0,200.0],6.311216e-06],
[[1500.0,300.0,300.0],4.232796e-06],
[[1500.0,400.0,400.0],1.964636e-06],
[[1500.0,500.0,500.0],2.983062e-06],
[[1500.0,600.0,600.0],1.250213e-05],
[[1500.0,700.0,700.0],9.740029e-06],
[[1550.0,770.0,770.0],5.162675e-06],
[[1600.0,0,0],3.711488e-06],
[[1600.0,100.0,100.0],5.558066e-06],
[[1600.0,200.0,200.0],5.291787e-06],
[[1600.0,300.0,300.0],3.818003e-06],
[[1600.0,400.0,400.0],3.80804e-06],
[[1600.0,500.0,500.0],4.650002e-06],
[[1600.0,600.0,600.0],5.661013e-06],
[[1600.0,700.0,700.0],6.016318e-06],
[[1650.0,820.0,820.0],4.27448e-06],
[[1700.0,0,0],4.960748e-06],
[[1700.0,100.0,100.0],4.183783e-06],
[[1700.0,200.0,200.0],1.020881e-05],
[[1700.0,300.0,300.0],9.05289e-06],
[[1700.0,400.0,400.0],4.992853e-06],
[[1700.0,500.0,500.0],7.628676e-06],
[[1700.0,600.0,600.0],2.874225e-06],
[[1700.0,700.0,700.0],7.848051e-06],
[[1700.0,800.0,800.0],4.611604e-06],
[[1750.0,870.0,870.0],3.29468e-06],
[[1800.0,0,0],2.761618e-06],
[[1800.0,100.0,100.0],9.342126e-06],
[[1800.0,200.0,200.0],6.403459e-06],
[[1800.0,300.0,300.0],3.700797e-06],
[[1800.0,400.0,400.0],5.204715e-06],
[[1800.0,500.0,500.0],7.13866e-06],
[[1800.0,600.0,600.0],1.087892e-05],
[[1800.0,700.0,700.0],1.652947e-05],
[[1800.0,800.0,800.0],4.939262e-06],
[[1850.0,920.0,920.0],1.341145e-05],
[[1900.0,0,0],6.175947e-06],
[[1900.0,100.0,100.0],1.046913e-05],
[[1900.0,200.0,200.0],6.208588e-06],
[[1900.0,300.0,300.0],8.284132e-06],
[[1900.0,400.0,400.0],5.03535e-06],
[[1900.0,500.0,500.0],4.813733e-06],
[[1900.0,600.0,600.0],1.086118e-05],
[[1900.0,700.0,700.0],1.19197e-05],
[[1900.0,800.0,800.0],1.089589e-05],
[[1900.0,900.0,900.0],1.045494e-05],
[[1950.0,970.0,970.0],7.702808e-06],
[[2000.0,0,0],7.631036e-06],
[[2000.0,100.0,100.0],6.016308e-06],
[[2000.0,200.0,200.0],5.239756e-06],
[[2000.0,300.0,300.0],6.653172e-06],
[[2000.0,400.0,400.0],1.088906e-05],
[[2000.0,500.0,500.0],3.625745e-06],
[[2000.0,600.0,600.0],4.700667e-06],
[[2000.0,700.0,700.0],7.564305e-06],
[[2000.0,800.0,800.0],1.074104e-05],
[[2000.0,900.0,900.0],4.316621e-06],
[[2050.0,1020.0,1020.0],4.782191e-06],
[[2100.0,0,0],2.528239e-06],
[[2100.0,100.0,100.0],2.846811e-06],
[[2100.0,200.0,200.0],6.138889e-06],
[[2100.0,300.0,300.0],4.279772e-06],
[[2100.0,400.0,400.0],8.098057e-06],
[[2100.0,500.0,500.0],6.462453e-06],
[[2100.0,600.0,600.0],7.71643e-06],
[[2100.0,700.0,700.0],6.029512e-06],
[[2100.0,800.0,800.0],7.395209e-06],
[[2100.0,900.0,900.0],6.41531e-06],
[[2100.0,1000.0,1000.0],1.405058e-05],
[[2150.0,1070.0,1070.0],5.24237e-06],
[[2200.0,0,0],7.818949e-06],
[[2200.0,100.0,100.0],9.664308e-06],
[[2200.0,200.0,200.0],1.053362e-05],
[[2200.0,300.0,300.0],7.208906e-06],
[[2200.0,400.0,400.0],9.209182e-06],
[[2200.0,500.0,500.0],1.020553e-05],
[[2200.0,600.0,600.0],8.898472e-06],
[[2200.0,700.0,700.0],1.056086e-05],
[[2200.0,800.0,800.0],7.557669e-06],
[[2200.0,900.0,900.0],7.3796e-06],
[[2200.0,1000.0,1000.0],1.132041e-05],
[[2250.0,1120.0,1120.0],1.185504e-05],
[[2300.0,0,0],2.496216e-06],
[[2300.0,100.0,100.0],6.838696e-06],
[[2300.0,200.0,200.0],6.994234e-06],
[[2300.0,300.0,300.0],7.918816e-06],
[[2300.0,400.0,400.0],4.762198e-06],
[[2300.0,500.0,500.0],8.20958e-06],
[[2300.0,600.0,600.0],6.980376e-06],
[[2300.0,700.0,700.0],4.722027e-06],
[[2300.0,800.0,800.0],1.98923e-05],
[[2300.0,900.0,900.0],7.544576e-06],
[[2300.0,1000.0,1000.0],9.071776e-06],
[[2300.0,1100.0,1100.0],1.040959e-05],
[[2350.0,1170.0,1170.0],3.878738e-06],
[[2400.0,0,0],9.367353e-06],
[[2400.0,100.0,100.0],6.29136e-06],
[[2400.0,200.0,200.0],7.341728e-06],
[[2400.0,300.0,300.0],5.26178e-06],
[[2400.0,400.0,400.0],8.046817e-06],
[[2400.0,500.0,500.0],5.72065e-06],
[[2400.0,600.0,600.0],1.135556e-05],
[[2400.0,700.0,700.0],1.5554e-05],
[[2400.0,800.0,800.0],2.707352e-05],
[[2400.0,900.0,900.0],1.278252e-05],
[[2400.0,1000.0,1000.0],6.162646e-06],
[[2400.0,1100.0,1100.0],6.960829e-06],
[[2450.0,1220.0,1220.0],8.286119e-06],
[[2500.0,0,0],5.726254e-06],
[[2500.0,100.0,100.0],5.966252e-06],
[[2500.0,200.0,200.0],1.227125e-05],
[[2500.0,300.0,300.0],1.035659e-05],
[[2500.0,400.0,400.0],7.66843e-06],
[[2500.0,500.0,500.0],1.206302e-05],
[[2500.0,600.0,600.0],8.758587e-06],
[[2500.0,700.0,700.0],1.076285e-05],
[[2500.0,800.0,800.0],8.550759e-06],
[[2500.0,900.0,900.0],1.196653e-05],
[[2500.0,1000.0,1000.0],6.213247e-06],
[[2500.0,1100.0,1100.0],7.730536e-06],
[[2500.0,1200.0,1200.0],7.851056e-06],
[[2550.0,1270.0,1270.0],1.153416e-05],
[[2600.0,0,0],1.496255e-05],
[[2600.0,100.0,100.0],5.353526e-06],
[[2600.0,200.0,200.0],8.675295e-06],
[[2600.0,300.0,300.0],1.024887e-05],
[[2600.0,400.0,400.0],1.009115e-05],
[[2600.0,500.0,500.0],8.161091e-06],
[[2600.0,600.0,600.0],1.015809e-05],
[[2600.0,700.0,700.0],8.477161e-06],
[[2600.0,800.0,800.0],7.064929e-06],
[[2600.0,900.0,900.0],1.164888e-05],
[[2600.0,1000.0,1000.0],4.082433e-06],
[[2600.0,1100.0,1100.0],8.222199e-06],
[[2600.0,1200.0,1200.0],5.419153e-06],
[[2650.0,1320.0,1320.0],9.189629e-06],
[[2700.0,0,0],1.650635e-05],
[[2700.0,100.0,100.0],1.872491e-05],
[[2700.0,200.0,200.0],9.177225e-06],
[[2700.0,300.0,300.0],2.817318e-05],
[[2700.0,400.0,400.0],7.03551e-06],
[[2700.0,500.0,500.0],9.983176e-06],
[[2700.0,600.0,600.0],1.608663e-05],
[[2700.0,700.0,700.0],6.847408e-06],
[[2700.0,800.0,800.0],7.949222e-06],
[[2700.0,900.0,900.0],1.54324e-05],
[[2700.0,1000.0,1000.0],2.377e-05],
[[2700.0,1100.0,1100.0],8.801279e-06],
[[2700.0,1200.0,1200.0],1.08062e-05],
[[2700.0,1300.0,1300.0],9.310077e-06],
[[2750.0,1370.0,1370.0],1.067723e-05],
[[2800.0,0,0],6.592949e-06],
[[2800.0,100.0,100.0],8.378724e-06],
[[2800.0,200.0,200.0],1.068848e-05],
[[2800.0,300.0,300.0],1.018763e-05],
[[2800.0,400.0,400.0],6.418621e-06],
[[2800.0,500.0,500.0],8.373651e-06],
[[2800.0,600.0,600.0],1.018113e-05],
[[2800.0,700.0,700.0],5.622864e-06],
[[2800.0,800.0,800.0],1.26631e-05],
[[2800.0,900.0,900.0],7.568673e-06],
[[2800.0,1000.0,1000.0],7.959872e-06],
[[2800.0,1100.0,1100.0],9.058262e-06],
[[2800.0,1200.0,1200.0],8.006319e-06],
[[2800.0,1300.0,1300.0],8.360373e-06],
[[2850.0,1420.0,1420.0],6.191667e-06],
[[2900.0,0,0],5.466295e-06],
[[2900.0,100.0,100.0],6.390592e-06],
[[2900.0,200.0,200.0],6.101642e-06],
[[2900.0,300.0,300.0],1.256851e-05],
[[2900.0,400.0,400.0],1.017626e-05],
[[2900.0,500.0,500.0],1.965134e-05],
[[2900.0,600.0,600.0],1.245611e-05],
[[2900.0,700.0,700.0],5.185151e-06],
[[2900.0,800.0,800.0],9.458323e-06],
[[2900.0,900.0,900.0],4.957102e-06],
[[2900.0,1000.0,1000.0],1.399947e-05],
[[2900.0,1100.0,1100.0],7.01675e-06],
[[2900.0,1200.0,1200.0],2.815887e-05],
[[2900.0,1300.0,1300.0],1.088761e-05],
[[2900.0,1400.0,1400.0],1.532685e-05],
[[2950.0,1470.0,1470.0],1.120254e-05],
[[3000.0,0,0],4.885792e-06],
[[3000.0,100.0,100.0],7.908326e-06],
[[3000.0,200.0,200.0],1.368197e-05],
[[3000.0,300.0,300.0],1.140554e-05],
[[3000.0,400.0,400.0],1.286464e-05],
[[3000.0,500.0,500.0],1.054804e-05],
[[3000.0,600.0,600.0],7.677229e-06],
[[3000.0,700.0,700.0],1.019333e-05],
[[3000.0,800.0,800.0],1.22518e-05],
[[3000.0,900.0,900.0],1.405996e-05],
[[3000.0,1000.0,1000.0],1.089217e-05],
[[3000.0,1100.0,1100.0],5.314702e-06],
[[3000.0,1200.0,1200.0],9.867397e-06],
[[3000.0,1300.0,1300.0],7.501337e-06],
[[3000.0,1400.0,1400.0],1.120569e-05]]
