txName: TRS1
constraint: {(PV > H0(1)), (H0(1) > MET(2),MET(3))}
condition: None
conditionDescription: None
figureUrl: https://cms-results.web.cern.ch/cms-results/public-results/publications/EXO-20-004/CMS-EXO-20-004_Figure_009-a.png
source: CMS
validated: True
axesMap: [{0: 'x', 1: '1.0', 2: '1.0'}, {0: 'x', 1: 'y', 2: 'y'}]
dataMap: {0: (1, 'mass', GeV), 1: (2, 'mass', GeV), 2: (3, 'mass', GeV)}
finalState: ['MET', 'MET']
intermediateState: None
efficiencyMap: [[[100.0,10.0,10.0],2.527433e-07],
[[150.0,1.0,1.0],6.090966e-07],
[[150.0,50.0,50.0],5.215759e-07],
[[200.0,1.0,1.0],1.165849e-06],
[[200.0,50.0,50.0],1.154874e-06],
[[200.0,100.0,100.0],2.535315e-06],
[[250.0,1.0,1.0],1.339543e-06],
[[250.0,10.0,10.0],1.254556e-06],
[[250.0,50.0,50.0],1.226129e-06],
[[250.0,100.0,100.0],1.814373e-06],
[[300.0,1.0,1.0],2.133146e-06],
[[300.0,50.0,50.0],1.728852e-06],
[[300.0,100.0,100.0],2.447027e-06],
[[350.0,1.0,1.0],2.287864e-06],
[[350.0,50.0,50.0],2.43149e-06],
[[350.0,100.0,100.0],1.694272e-06],
[[350.0,150.0,150.0],2.303033e-06],
[[400.0,1.0,1.0],2.572967e-06],
[[400.0,50.0,50.0],2.535513e-06],
[[400.0,100.0,100.0],2.445686e-06],
[[400.0,150.0,150.0],2.601054e-06],
[[450.0,1.0,1.0],3.487277e-06],
[[450.0,50.0,50.0],3.709691e-06],
[[450.0,100.0,100.0],4.723765e-06],
[[450.0,150.0,150.0],3.114466e-06],
[[450.0,200.0,200.0],4.638441e-06],
[[500.0,1.0,1.0],5.394495e-06],
[[500.0,10.0,10.0],5.666164e-06],
[[500.0,50.0,50.0],5.03311e-06],
[[500.0,100.0,100.0],5.921415e-06],
[[500.0,150.0,150.0],6.519064e-06],
[[500.0,200.0,200.0],5.339968e-06],
[[550.0,1.0,1.0],5.932612e-06],
[[550.0,50.0,50.0],8.069883e-06],
[[550.0,100.0,100.0],6.195548e-06],
[[550.0,150.0,150.0],7.467331e-06],
[[550.0,200.0,200.0],5.504964e-06],
[[550.0,250.0,250.0],9.304081e-06],
[[600.0,1.0,1.0],1.010081e-05],
[[600.0,50.0,50.0],1.044365e-05],
[[600.0,100.0,100.0],9.810097e-06],
[[600.0,150.0,150.0],1.12731e-05],
[[600.0,200.0,200.0],9.675994e-06],
[[600.0,250.0,250.0],1.283564e-05],
[[650.0,1.0,1.0],1.501726e-05],
[[650.0,50.0,50.0],1.279996e-05],
[[650.0,100.0,100.0],1.44126e-05],
[[650.0,150.0,150.0],1.494345e-05],
[[650.0,200.0,200.0],1.349826e-05],
[[650.0,250.0,250.0],1.556251e-05],
[[650.0,300.0,300.0],2.075615e-05],
[[700.0,1.0,1.0],1.553351e-05],
[[700.0,50.0,50.0],1.750228e-05],
[[700.0,100.0,100.0],1.907475e-05],
[[700.0,150.0,150.0],1.971055e-05],
[[700.0,200.0,200.0],1.99133e-05],
[[700.0,250.0,250.0],2.233809e-05],
[[700.0,300.0,300.0],1.995058e-05],
[[750.0,1.0,1.0],1.888413e-05],
[[750.0,10.0,10.0],2.713947e-05],
[[750.0,50.0,50.0],1.888213e-05],
[[750.0,100.0,100.0],2.474354e-05],
[[750.0,150.0,150.0],2.173378e-05],
[[750.0,200.0,200.0],2.627592e-05],
[[750.0,250.0,250.0],2.448485e-05],
[[750.0,300.0,300.0],2.518838e-05],
[[750.0,350.0,350.0],3.229485e-05],
[[800.0,1.0,1.0],2.702539e-05],
[[800.0,150.0,150.0],2.855561e-05],
[[800.0,200.0,200.0],2.912771e-05],
[[800.0,250.0,250.0],3.843967e-05],
[[800.0,300.0,300.0],2.865964e-05],
[[800.0,350.0,350.0],3.01387e-05],
[[850.0,1.0,1.0],3.088357e-05],
[[850.0,150.0,150.0],3.804917e-05],
[[850.0,200.0,200.0],3.523233e-05],
[[850.0,250.0,250.0],3.807802e-05],
[[850.0,300.0,300.0],4.065486e-05],
[[850.0,350.0,350.0],4.28983e-05],
[[850.0,400.0,400.0],4.432075e-05],
[[900.0,1.0,1.0],3.664522e-05],
[[900.0,150.0,150.0],5.013881e-05],
[[900.0,200.0,200.0],4.665382e-05],
[[900.0,250.0,250.0],4.838202e-05],
[[900.0,300.0,300.0],4.720014e-05],
[[900.0,350.0,350.0],4.57683e-05],
[[900.0,400.0,400.0],8.878891e-05],
[[950.0,1.0,1.0],4.861667e-05],
[[950.0,150.0,150.0],4.978697e-05],
[[950.0,200.0,200.0],5.430958e-05],
[[950.0,250.0,250.0],5.841793e-05],
[[950.0,300.0,300.0],6.568774e-05],
[[950.0,350.0,350.0],6.678718e-05],
[[950.0,400.0,400.0],6.361953e-05],
[[950.0,450.0,450.0],6.9752e-05],
[[1000.0,1.0,1.0],6.318939e-05],
[[1000.0,10.0,10.0],5.435996e-05],
[[1000.0,50.0,50.0],5.279646e-05],
[[1000.0,100.0,100.0],5.973474e-05],
[[1000.0,150.0,150.0],5.63755e-05],
[[1000.0,200.0,200.0],7.051385e-05],
[[1000.0,250.0,250.0],7.835697e-05],
[[1000.0,300.0,300.0],6.877442e-05],
[[1000.0,350.0,350.0],7.261466e-05],
[[1000.0,400.0,400.0],7.212012e-05],
[[1000.0,450.0,450.0],7.942664e-05],
[[1050.0,1.0,1.0],6.170564e-05],
[[1050.0,150.0,150.0],6.980302e-05],
[[1050.0,200.0,200.0],7.168619e-05],
[[1050.0,250.0,250.0],6.470651e-05],
[[1050.0,300.0,300.0],8.538247e-05],
[[1050.0,350.0,350.0],8.875252e-05],
[[1050.0,400.0,400.0],7.768502e-05],
[[1050.0,450.0,450.0],9.044441e-05],
[[1050.0,500.0,500.0],8.118561e-05],
[[1100.0,1.0,1.0],7.649216e-05],
[[1100.0,150.0,150.0],7.582564e-05],
[[1100.0,200.0,200.0],7.813362e-05],
[[1100.0,250.0,250.0],7.572414e-05],
[[1100.0,300.0,300.0],8.748337e-05],
[[1100.0,350.0,350.0],8.870987e-05],
[[1100.0,400.0,400.0],9.61125e-05],
[[1100.0,450.0,450.0],9.817822e-05],
[[1100.0,500.0,500.0],0.0001003446],
[[1150.0,1.0,1.0],8.254518e-05],
[[1150.0,150.0,150.0],8.585247e-05],
[[1150.0,200.0,200.0],9.560532e-05],
[[1150.0,250.0,250.0],9.108105e-05],
[[1150.0,300.0,300.0],0.0001236602],
[[1150.0,350.0,350.0],0.0001255697],
[[1150.0,400.0,400.0],9.664432e-05],
[[1150.0,450.0,450.0],0.0001068698],
[[1150.0,500.0,500.0],0.0001153829],
[[1150.0,550.0,550.0],0.0001707877],
[[1200.0,1.0,1.0],7.60097e-05],
[[1200.0,150.0,150.0],0.0001008013],
[[1200.0,200.0,200.0],9.916677e-05],
[[1200.0,250.0,250.0],0.0001061289],
[[1200.0,300.0,300.0],0.0001172153],
[[1200.0,350.0,350.0],0.0001392654],
[[1200.0,400.0,400.0],0.0001183419],
[[1200.0,450.0,450.0],0.0001176838],
[[1200.0,500.0,500.0],0.0001463205],
[[1200.0,550.0,550.0],0.0001641098],
[[1250.0,1.0,1.0],0.0001018716],
[[1250.0,10.0,10.0],9.723072e-05],
[[1250.0,50.0,50.0],0.0001092125],
[[1250.0,100.0,100.0],0.0001044496],
[[1250.0,150.0,150.0],0.0001052698],
[[1250.0,200.0,200.0],0.0001404499],
[[1250.0,250.0,250.0],0.0001231379],
[[1250.0,300.0,300.0],0.0001368418],
[[1250.0,350.0,350.0],0.000147161],
[[1250.0,400.0,400.0],0.0001175867],
[[1250.0,450.0,450.0],0.0001385957],
[[1250.0,500.0,500.0],0.0001366082],
[[1250.0,550.0,550.0],0.0001584599],
[[1250.0,600.0,600.0],0.0001800185],
[[1300.0,1.0,1.0],9.768321e-05],
[[1300.0,150.0,150.0],0.0001212473],
[[1300.0,200.0,200.0],0.0001252992],
[[1300.0,250.0,250.0],0.0001419362],
[[1300.0,300.0,300.0],0.00014297],
[[1300.0,350.0,350.0],0.0001458431],
[[1300.0,400.0,400.0],0.0001685116],
[[1300.0,450.0,450.0],0.000151433],
[[1300.0,500.0,500.0],0.0001519207],
[[1300.0,550.0,550.0],0.0001605369],
[[1300.0,600.0,600.0],0.0001882238],
[[1350.0,1.0,1.0],0.0001860438],
[[1350.0,150.0,150.0],0.0001265805],
[[1350.0,200.0,200.0],0.0001511478],
[[1350.0,250.0,250.0],0.0001470286],
[[1350.0,300.0,300.0],0.000156493],
[[1350.0,350.0,350.0],0.0001822168],
[[1350.0,400.0,400.0],0.0001710292],
[[1350.0,450.0,450.0],0.0001742441],
[[1350.0,500.0,500.0],0.0001748052],
[[1350.0,550.0,550.0],0.0001734205],
[[1350.0,600.0,600.0],0.0002149794],
[[1350.0,650.0,650.0],0.0002060719],
[[1400.0,1.0,1.0],0.0001461758],
[[1400.0,150.0,150.0],0.0001390374],
[[1400.0,200.0,200.0],0.0001721545],
[[1400.0,250.0,250.0],0.0001625995],
[[1400.0,300.0,300.0],0.0001966217],
[[1400.0,350.0,350.0],0.0001978361],
[[1400.0,400.0,400.0],0.0002197826],
[[1400.0,450.0,450.0],0.0002306573],
[[1400.0,500.0,500.0],0.0002006371],
[[1400.0,550.0,550.0],0.0001962775],
[[1400.0,600.0,600.0],0.0002146248],
[[1400.0,650.0,650.0],0.0002365187],
[[1450.0,1.0,1.0],0.0001340618],
[[1450.0,150.0,150.0],0.0001643481],
[[1450.0,200.0,200.0],0.0001925763],
[[1450.0,250.0,250.0],0.0001827152],
[[1450.0,300.0,300.0],0.0001674217],
[[1450.0,350.0,350.0],0.0003130647],
[[1450.0,400.0,400.0],0.0001717243],
[[1450.0,450.0,450.0],0.000217358],
[[1450.0,500.0,500.0],0.0001946837],
[[1450.0,550.0,550.0],0.00021458],
[[1450.0,600.0,600.0],0.0002360175],
[[1450.0,650.0,650.0],0.0002744251],
[[1450.0,700.0,700.0],0.0002782735],
[[1500.0,1.0,1.0],0.0001416163],
[[1500.0,10.0,10.0],0.0001367864],
[[1500.0,50.0,50.0],0.0001317095],
[[1500.0,100.0,100.0],0.0001397989],
[[1500.0,150.0,150.0],0.0001598319],
[[1500.0,200.0,200.0],0.0003441744],
[[1500.0,250.0,250.0],0.0002007639],
[[1500.0,300.0,300.0],0.000203309],
[[1500.0,350.0,350.0],0.0002312329],
[[1500.0,400.0,400.0],0.0002038848],
[[1500.0,450.0,450.0],0.0002384537],
[[1500.0,500.0,500.0],0.0002821505],
[[1500.0,550.0,550.0],0.000279874],
[[1500.0,600.0,600.0],0.0002497297],
[[1500.0,650.0,650.0],0.0002621782],
[[1500.0,700.0,700.0],0.0002784031],
[[1500.0,750.0,750.0],0.0003122621],
[[1550.0,1.0,1.0],0.0001399242],
[[1550.0,150.0,150.0],0.0001677759],
[[1550.0,200.0,200.0],0.0002364122],
[[1550.0,250.0,250.0],0.0001918106],
[[1550.0,300.0,300.0],0.0002081588],
[[1550.0,350.0,350.0],0.0002506374],
[[1550.0,400.0,400.0],0.0002277357],
[[1550.0,450.0,450.0],0.0002581452],
[[1550.0,500.0,500.0],0.0002685544],
[[1550.0,550.0,550.0],0.0002643431],
[[1550.0,600.0,600.0],0.0002467072],
[[1550.0,650.0,650.0],0.0002562766],
[[1550.0,700.0,700.0],0.0002696794],
[[1550.0,750.0,750.0],0.000330024],
[[1600.0,1.0,1.0],0.000156692],
[[1600.0,150.0,150.0],0.0002218088],
[[1600.0,200.0,200.0],0.0001786519],
[[1600.0,250.0,250.0],0.0002001851],
[[1600.0,300.0,300.0],0.0002180159],
[[1600.0,350.0,350.0],0.0002451036],
[[1600.0,400.0,400.0],0.0002509817],
[[1600.0,450.0,450.0],0.000237744],
[[1600.0,500.0,500.0],0.0002961624],
[[1600.0,550.0,550.0],0.0005011997],
[[1600.0,600.0,600.0],0.0002854272],
[[1600.0,650.0,650.0],0.0007143117],
[[1600.0,700.0,700.0],0.0007593728],
[[1600.0,750.0,750.0],0.0003962117],
[[1650.0,1.0,1.0],0.0001852247],
[[1650.0,150.0,150.0],0.0001962986],
[[1650.0,200.0,200.0],0.0002242359],
[[1650.0,250.0,250.0],0.0002589483],
[[1650.0,300.0,300.0],0.0003538775],
[[1650.0,350.0,350.0],0.0002608759],
[[1650.0,400.0,400.0],0.0002526988],
[[1650.0,450.0,450.0],0.0002791085],
[[1650.0,500.0,500.0],0.0002519152],
[[1650.0,550.0,550.0],0.0003007846],
[[1650.0,600.0,600.0],0.0002876222],
[[1650.0,650.0,650.0],0.0002898805],
[[1650.0,700.0,700.0],0.0003620611],
[[1650.0,750.0,750.0],0.0003191515],
[[1650.0,800.0,800.0],0.0003345518],
[[1700.0,1.0,1.0],0.0001977713],
[[1700.0,150.0,150.0],0.0002322327],
[[1700.0,200.0,200.0],0.0003389425],
[[1700.0,250.0,250.0],0.0002303884],
[[1700.0,300.0,300.0],0.0002791639],
[[1700.0,350.0,350.0],0.0002695795],
[[1700.0,400.0,400.0],0.0002717117],
[[1700.0,450.0,450.0],0.0002967497],
[[1700.0,500.0,500.0],0.0003740486],
[[1700.0,550.0,550.0],0.0002563137],
[[1700.0,600.0,600.0],0.0002823698],
[[1700.0,650.0,650.0],0.0005096371],
[[1700.0,700.0,700.0],0.0003274707],
[[1700.0,750.0,750.0],0.0003455015],
[[1700.0,800.0,800.0],0.0004323938],
[[1750.0,1.0,1.0],0.0001599919],
[[1750.0,10.0,10.0],0.0001544216],
[[1750.0,50.0,50.0],0.0001855897],
[[1750.0,100.0,100.0],0.0001731562],
[[1750.0,150.0,150.0],0.0002249717],
[[1750.0,200.0,200.0],0.0002948064],
[[1750.0,250.0,250.0],0.0002543769],
[[1750.0,300.0,300.0],0.000387922],
[[1750.0,350.0,350.0],0.0002428587],
[[1750.0,400.0,400.0],0.0003454071],
[[1750.0,450.0,450.0],0.0003248869],
[[1750.0,500.0,500.0],0.0003203193],
[[1750.0,550.0,550.0],0.0004596306],
[[1750.0,600.0,600.0],0.000517839],
[[1750.0,650.0,650.0],0.0003431852],
[[1750.0,700.0,700.0],0.0003416535],
[[1750.0,750.0,750.0],0.0003640382],
[[1750.0,800.0,800.0],0.0006234256],
[[1750.0,850.0,850.0],0.0004060209],
[[1800.0,1.0,1.0],0.0001792218],
[[1800.0,150.0,150.0],0.000321397],
[[1800.0,200.0,200.0],0.0002204326],
[[1800.0,250.0,250.0],0.0002547659],
[[1800.0,300.0,300.0],0.0002770036],
[[1800.0,350.0,350.0],0.0002507378],
[[1800.0,400.0,400.0],0.0002973817],
[[1800.0,450.0,450.0],0.0003404177],
[[1800.0,500.0,500.0],0.0003013973],
[[1800.0,550.0,550.0],0.0004536293],
[[1800.0,600.0,600.0],0.000363115],
[[1800.0,650.0,650.0],0.0003517868],
[[1800.0,700.0,700.0],0.0004915617],
[[1800.0,750.0,750.0],0.0003740103],
[[1800.0,800.0,800.0],0.000471944],
[[1800.0,850.0,850.0],0.0004588106],
[[1850.0,1.0,1.0],0.000175154],
[[1850.0,150.0,150.0],0.000196367],
[[1850.0,200.0,200.0],0.0002320908],
[[1850.0,250.0,250.0],0.0005152467],
[[1850.0,300.0,300.0],0.0003251912],
[[1850.0,350.0,350.0],0.0003237451],
[[1850.0,400.0,400.0],0.0003628205],
[[1850.0,450.0,450.0],0.0003067269],
[[1850.0,500.0,500.0],0.0003599468],
[[1850.0,550.0,550.0],0.0003395664],
[[1850.0,600.0,600.0],0.0004132804],
[[1850.0,650.0,650.0],0.0003976618],
[[1850.0,700.0,700.0],0.0003743818],
[[1850.0,750.0,750.0],0.0004283495],
[[1850.0,800.0,800.0],0.0003575342],
[[1850.0,850.0,850.0],0.0003709489],
[[1850.0,900.0,900.0],0.0004584133],
[[1900.0,1.0,1.0],0.0001940592],
[[1900.0,150.0,150.0],0.0002214391],
[[1900.0,200.0,200.0],0.0002526221],
[[1900.0,250.0,250.0],0.0004031944],
[[1900.0,300.0,300.0],0.000327577],
[[1900.0,350.0,350.0],0.0003626899],
[[1900.0,400.0,400.0],0.0005040388],
[[1900.0,450.0,450.0],0.0003632295],
[[1900.0,500.0,500.0],0.0003889245],
[[1900.0,550.0,550.0],0.0003587364],
[[1900.0,600.0,600.0],0.0003910986],
[[1900.0,650.0,650.0],0.0003628849],
[[1900.0,700.0,700.0],0.0003368711],
[[1900.0,750.0,750.0],0.0003898551],
[[1900.0,800.0,800.0],0.0005545515],
[[1900.0,850.0,850.0],0.0004704342],
[[1900.0,900.0,900.0],0.0004745353],
[[1950.0,1.0,1.0],0.0001801872],
[[1950.0,150.0,150.0],0.0002470009],
[[1950.0,200.0,200.0],0.0002486216],
[[1950.0,250.0,250.0],0.0002709899],
[[1950.0,300.0,300.0],0.0003449058],
[[1950.0,350.0,350.0],0.0003456376],
[[1950.0,400.0,400.0],0.000333453],
[[1950.0,450.0,450.0],0.0003670061],
[[1950.0,500.0,500.0],0.0003705979],
[[1950.0,550.0,550.0],0.0006085287],
[[1950.0,600.0,600.0],0.0004164405],
[[1950.0,650.0,650.0],0.0004007782],
[[1950.0,700.0,700.0],0.000398447],
[[1950.0,750.0,750.0],0.0003774383],
[[1950.0,800.0,800.0],0.0005104601],
[[1950.0,850.0,850.0],0.0003820964],
[[1950.0,900.0,900.0],0.0004188358],
[[1950.0,950.0,950.0],0.0004923637],
[[2000.0,1.0,1.0],0.0001708139],
[[2000.0,10.0,10.0],0.0002030713],
[[2000.0,50.0,50.0],0.000193026],
[[2000.0,100.0,100.0],0.0002039674],
[[2000.0,150.0,150.0],0.0002230178],
[[2000.0,200.0,200.0],0.0002587555],
[[2000.0,250.0,250.0],0.0002807737],
[[2000.0,300.0,300.0],0.0004520197],
[[2000.0,350.0,350.0],0.0003723621],
[[2000.0,400.0,400.0],0.000383914],
[[2000.0,450.0,450.0],0.0004301184],
[[2000.0,500.0,500.0],0.0004169913],
[[2000.0,550.0,550.0],0.0004020301],
[[2000.0,600.0,600.0],0.0004707949],
[[2000.0,650.0,650.0],0.0003863996],
[[2000.0,700.0,700.0],0.000527287],
[[2000.0,750.0,750.0],0.0004556124],
[[2000.0,800.0,800.0],0.0003827615],
[[2000.0,850.0,850.0],0.0004199447],
[[2000.0,900.0,900.0],0.0005301634],
[[2000.0,950.0,950.0],0.0004830386],
[[2250.0,1.0,1.0],0.0001589211],
[[2250.0,10.0,10.0],0.0001771515],
[[2250.0,50.0,50.0],0.0001906657],
[[2250.0,100.0,100.0],0.0002475386],
[[2250.0,150.0,150.0],0.0002491079],
[[2250.0,300.0,300.0],0.000413705],
[[2250.0,500.0,500.0],0.0004512379],
[[2250.0,750.0,750.0],0.0005009281],
[[2250.0,1000.0,1000.0],0.0005426096],
[[2500.0,1.0,1.0],0.0001616884],
[[2500.0,10.0,10.0],0.0001559957],
[[2500.0,50.0,50.0],0.0001964761],
[[2500.0,100.0,100.0],0.0001802252],
[[2500.0,150.0,150.0],0.0002557844],
[[2500.0,300.0,300.0],0.0004073375],
[[2500.0,500.0,500.0],0.0005043713],
[[2500.0,750.0,750.0],0.0005720725],
[[2500.0,1000.0,1000.0],0.0007850524],
[[2500.0,1200.0,1200.0],0.0007156854],
[[2750.0,1.0,1.0],0.0001290006],
[[2750.0,10.0,10.0],0.0001407874],
[[2750.0,50.0,50.0],0.0001231519],
[[2750.0,100.0,100.0],0.0001569895],
[[2750.0,150.0,150.0],0.0002270456],
[[2750.0,300.0,300.0],0.000393799],
[[2750.0,500.0,500.0],0.0005179564],
[[2750.0,750.0,750.0],0.0006957252],
[[2750.0,1000.0,1000.0],0.0007061806],
[[2750.0,1200.0,1200.0],0.00072228],
[[3000.0,1.0,1.0],0.0001247519],
[[3000.0,10.0,10.0],0.0001157907],
[[3000.0,50.0,50.0],0.0001220319],
[[3000.0,100.0,100.0],0.0001320702],
[[3000.0,150.0,150.0],0.0001705808],
[[3000.0,300.0,300.0],0.0003385102],
[[3000.0,500.0,500.0],0.0006137407],
[[3000.0,750.0,750.0],0.0007283642],
[[3000.0,1000.0,1000.0],0.0007879711],
[[3000.0,1200.0,1200.0],0.0008020574],
[[3000.0,1400.0,1400.0],0.0008998835]]
