txName: TRV1
constraint: {(PV > Zprime(1)), (Zprime(1) > MET(2),MET(3))}
condition: None
conditionDescription: None
figureUrl: https://cms-results.web.cern.ch/cms-results/public-results/publications/EXO-20-004/CMS-EXO-20-004_Figure_007-b.png
source: https://doi.org/10.5281/zenodo.13324003
validated: True
axesMap: [{0: 'x', 1: 'y', 2: 'y'}]
dataMap: {0: (1, 'mass', GeV), 1: (2, 'mass', GeV), 2: (3, 'mass', GeV)}
finalState: ['MET', 'MET']
intermediateState: None
efficiencyMap: [[[50.0,1.0,1.0],6.660861e-09],
[[100.0,1.0,1.0],4.748168e-08],
[[100.0,10.0,10.0],3.709395e-08],
[[150.0,1.0,1.0],2.095924e-07],
[[150.0,75.0,75.0],2.066406e-07],
[[200.0,1.0,1.0],4.979285e-07],
[[200.0,75.0,75.0],3.670759e-07],
[[250.0,1.0,1.0],9.895855e-07],
[[250.0,10.0,10.0],8.638611e-07],
[[250.0,75.0,75.0],1.240385e-06],
[[300.0,1.0,1.0],1.739669e-06],
[[300.0,75.0,75.0],1.59779e-06],
[[350.0,1.0,1.0],2.084242e-06],
[[350.0,75.0,75.0],1.966679e-06],
[[350.0,150.0,150.0],3.273785e-06],
[[400.0,1.0,1.0],3.365776e-06],
[[400.0,75.0,75.0],4.048204e-06],
[[400.0,150.0,150.0],3.410394e-06],
[[450.0,1.0,1.0],5.558903e-06],
[[450.0,75.0,75.0],4.847293e-06],
[[450.0,150.0,150.0],5.378312e-06],
[[450.0,200.0,200.0],4.575079e-06],
[[500.0,1.0,1.0],8.296321e-06],
[[500.0,10.0,10.0],7.257404e-06],
[[500.0,75.0,75.0],7.899424e-06],
[[500.0,150.0,150.0],6.410025e-06],
[[500.0,200.0,200.0],7.219197e-06],
[[550.0,1.0,1.0],8.280706e-06],
[[550.0,75.0,75.0],9.822977e-06],
[[550.0,150.0,150.0],8.671391e-06],
[[550.0,200.0,200.0],1.095954e-05],
[[550.0,250.0,250.0],1.124523e-05],
[[600.0,1.0,1.0],1.15169e-05],
[[600.0,75.0,75.0],1.186909e-05],
[[600.0,150.0,150.0],1.100291e-05],
[[600.0,200.0,200.0],1.0944e-05],
[[600.0,250.0,250.0],1.304191e-05],
[[650.0,1.0,1.0],1.647397e-05],
[[650.0,75.0,75.0],1.330348e-05],
[[650.0,150.0,150.0],1.377106e-05],
[[650.0,200.0,200.0],1.274808e-05],
[[650.0,250.0,250.0],1.46765e-05],
[[650.0,300.0,300.0],1.524435e-05],
[[700.0,1.0,1.0],1.778955e-05],
[[700.0,75.0,75.0],1.892103e-05],
[[700.0,150.0,150.0],1.501803e-05],
[[700.0,200.0,200.0],2.057451e-05],
[[700.0,250.0,250.0],1.945721e-05],
[[700.0,300.0,300.0],1.777842e-05],
[[750.0,1.0,1.0],1.896169e-05],
[[750.0,10.0,10.0],1.937799e-05],
[[750.0,75.0,75.0],1.979043e-05],
[[750.0,150.0,150.0],2.064022e-05],
[[750.0,200.0,200.0],2.101534e-05],
[[750.0,250.0,250.0],2.050165e-05],
[[750.0,300.0,300.0],1.996501e-05],
[[750.0,350.0,350.0],2.200573e-05],
[[800.0,1.0,1.0],2.393022e-05],
[[800.0,75.0,75.0],2.294692e-05],
[[800.0,150.0,150.0],1.989996e-05],
[[800.0,200.0,200.0],2.332628e-05],
[[800.0,250.0,250.0],2.235791e-05],
[[800.0,300.0,300.0],3.046985e-05],
[[800.0,350.0,350.0],2.607778e-05],
[[850.0,1.0,1.0],2.414693e-05],
[[850.0,75.0,75.0],2.16003e-05],
[[850.0,150.0,150.0],3.319772e-05],
[[850.0,200.0,200.0],2.795625e-05],
[[850.0,250.0,250.0],2.660318e-05],
[[850.0,300.0,300.0],2.602097e-05],
[[850.0,350.0,350.0],2.654699e-05],
[[850.0,400.0,400.0],2.997249e-05],
[[900.0,1.0,1.0],2.900793e-05],
[[900.0,75.0,75.0],3.258517e-05],
[[900.0,150.0,150.0],3.385286e-05],
[[900.0,200.0,200.0],3.275723e-05],
[[900.0,250.0,250.0],3.3189e-05],
[[900.0,300.0,300.0],3.346178e-05],
[[900.0,350.0,350.0],3.296635e-05],
[[900.0,400.0,400.0],3.160378e-05],
[[950.0,1.0,1.0],3.132836e-05],
[[950.0,75.0,75.0],3.489033e-05],
[[950.0,150.0,150.0],3.506854e-05],
[[950.0,200.0,200.0],3.554738e-05],
[[950.0,250.0,250.0],3.573206e-05],
[[950.0,300.0,300.0],3.718439e-05],
[[950.0,350.0,350.0],3.812991e-05],
[[950.0,400.0,400.0],3.764612e-05],
[[950.0,450.0,450.0],3.975444e-05],
[[1000.0,1.0,1.0],4.564769e-05],
[[1000.0,10.0,10.0],3.984843e-05],
[[1000.0,75.0,75.0],3.898028e-05],
[[1000.0,150.0,150.0],4.67085e-05],
[[1000.0,200.0,200.0],3.76357e-05],
[[1000.0,250.0,250.0],4.389172e-05],
[[1000.0,300.0,300.0],4.267519e-05],
[[1000.0,350.0,350.0],3.777634e-05],
[[1000.0,400.0,400.0],4.160343e-05],
[[1000.0,450.0,450.0],4.03842e-05],
[[1050.0,1.0,1.0],4.124337e-05],
[[1050.0,75.0,75.0],4.532259e-05],
[[1050.0,150.0,150.0],4.900426e-05],
[[1050.0,200.0,200.0],4.676846e-05],
[[1050.0,250.0,250.0],5.297049e-05],
[[1050.0,300.0,300.0],4.486666e-05],
[[1050.0,350.0,350.0],4.670771e-05],
[[1050.0,400.0,400.0],4.028068e-05],
[[1050.0,450.0,450.0],4.177814e-05],
[[1050.0,500.0,500.0],4.776913e-05],
[[1100.0,1.0,1.0],4.878521e-05],
[[1100.0,75.0,75.0],4.814159e-05],
[[1100.0,150.0,150.0],4.998091e-05],
[[1100.0,200.0,200.0],4.998001e-05],
[[1100.0,250.0,250.0],5.047084e-05],
[[1100.0,300.0,300.0],5.00067e-05],
[[1100.0,350.0,350.0],5.658182e-05],
[[1100.0,400.0,400.0],5.330616e-05],
[[1100.0,450.0,450.0],7.421594e-05],
[[1100.0,500.0,500.0],5.492583e-05],
[[1150.0,1.0,1.0],5.228154e-05],
[[1150.0,75.0,75.0],4.857175e-05],
[[1150.0,150.0,150.0],5.375969e-05],
[[1150.0,200.0,200.0],4.874223e-05],
[[1150.0,250.0,250.0],5.196807e-05],
[[1150.0,300.0,300.0],4.684804e-05],
[[1150.0,350.0,350.0],5.237544e-05],
[[1150.0,400.0,400.0],5.956117e-05],
[[1150.0,450.0,450.0],5.343727e-05],
[[1150.0,500.0,500.0],5.518492e-05],
[[1150.0,550.0,550.0],6.060962e-05],
[[1200.0,1.0,1.0],5.831318e-05],
[[1200.0,75.0,75.0],5.654735e-05],
[[1200.0,150.0,150.0],5.056281e-05],
[[1200.0,200.0,200.0],6.439654e-05],
[[1200.0,250.0,250.0],5.7566e-05],
[[1200.0,300.0,300.0],5.358866e-05],
[[1200.0,350.0,350.0],6.446593e-05],
[[1200.0,400.0,400.0],5.53256e-05],
[[1200.0,450.0,450.0],5.865637e-05],
[[1200.0,500.0,500.0],5.998675e-05],
[[1200.0,550.0,550.0],6.107031e-05],
[[1250.0,1.0,1.0],5.778712e-05],
[[1250.0,10.0,10.0],5.946335e-05],
[[1250.0,75.0,75.0],5.972448e-05],
[[1250.0,150.0,150.0],5.548381e-05],
[[1250.0,200.0,200.0],5.742443e-05],
[[1250.0,250.0,250.0],6.629785e-05],
[[1250.0,300.0,300.0],6.014969e-05],
[[1250.0,350.0,350.0],7.370949e-05],
[[1250.0,400.0,400.0],6.87801e-05],
[[1250.0,450.0,450.0],6.826804e-05],
[[1250.0,500.0,500.0],6.789554e-05],
[[1250.0,550.0,550.0],7.105685e-05],
[[1250.0,600.0,600.0],5.667138e-05],
[[1300.0,1.0,1.0],6.068489e-05],
[[1300.0,75.0,75.0],6.788676e-05],
[[1300.0,150.0,150.0],6.995383e-05],
[[1300.0,200.0,200.0],7.060209e-05],
[[1300.0,250.0,250.0],7.165528e-05],
[[1300.0,300.0,300.0],6.680884e-05],
[[1300.0,350.0,350.0],6.280393e-05],
[[1300.0,400.0,400.0],7.978179e-05],
[[1300.0,450.0,450.0],7.298424e-05],
[[1300.0,500.0,500.0],7.255562e-05],
[[1300.0,550.0,550.0],6.723082e-05],
[[1300.0,600.0,600.0],6.550835e-05],
[[1350.0,1.0,1.0],7.011224e-05],
[[1350.0,75.0,75.0],7.341293e-05],
[[1350.0,150.0,150.0],7.231712e-05],
[[1350.0,200.0,200.0],8.046972e-05],
[[1350.0,250.0,250.0],6.276625e-05],
[[1350.0,300.0,300.0],6.24885e-05],
[[1350.0,350.0,350.0],7.475381e-05],
[[1350.0,400.0,400.0],7.195865e-05],
[[1350.0,450.0,450.0],7.475256e-05],
[[1350.0,500.0,500.0],7.892575e-05],
[[1350.0,550.0,550.0],7.246132e-05],
[[1350.0,600.0,600.0],7.923663e-05],
[[1350.0,650.0,650.0],8.680149e-05],
[[1400.0,1.0,1.0],7.493148e-05],
[[1400.0,75.0,75.0],7.779227e-05],
[[1400.0,150.0,150.0],7.2783e-05],
[[1400.0,200.0,200.0],7.295938e-05],
[[1400.0,250.0,250.0],8.017588e-05],
[[1400.0,300.0,300.0],7.725828e-05],
[[1400.0,350.0,350.0],6.992651e-05],
[[1400.0,400.0,400.0],7.865073e-05],
[[1400.0,450.0,450.0],7.686463e-05],
[[1400.0,500.0,500.0],8.18519e-05],
[[1400.0,550.0,550.0],7.60152e-05],
[[1400.0,600.0,600.0],7.285305e-05],
[[1400.0,650.0,650.0],7.963054e-05],
[[1450.0,1.0,1.0],7.008785e-05],
[[1450.0,75.0,75.0],7.881006e-05],
[[1450.0,150.0,150.0],7.527352e-05],
[[1450.0,200.0,200.0],7.360025e-05],
[[1450.0,250.0,250.0],7.731162e-05],
[[1450.0,300.0,300.0],9.696993e-05],
[[1450.0,350.0,350.0],9.360007e-05],
[[1450.0,400.0,400.0],8.474526e-05],
[[1450.0,450.0,450.0],8.344532e-05],
[[1450.0,500.0,500.0],7.706713e-05],
[[1450.0,550.0,550.0],8.590499e-05],
[[1450.0,600.0,600.0],9.213282e-05],
[[1450.0,650.0,650.0],8.971527e-05],
[[1450.0,700.0,700.0],7.882834e-05],
[[1500.0,1.0,1.0],9.474408e-05],
[[1500.0,10.0,10.0],8.709716e-05],
[[1500.0,75.0,75.0],8.606751e-05],
[[1500.0,150.0,150.0],8.634352e-05],
[[1500.0,200.0,200.0],8.930007e-05],
[[1500.0,250.0,250.0],8.330105e-05],
[[1500.0,300.0,300.0],0.0001057481],
[[1500.0,350.0,350.0],8.341931e-05],
[[1500.0,400.0,400.0],8.25168e-05],
[[1500.0,450.0,450.0],9.657264e-05],
[[1500.0,500.0,500.0],8.913088e-05],
[[1500.0,550.0,550.0],9.066478e-05],
[[1500.0,600.0,600.0],0.0001033522],
[[1500.0,650.0,650.0],9.302566e-05],
[[1500.0,700.0,700.0],8.835873e-05],
[[1500.0,750.0,750.0],0.000104278],
[[1550.0,1.0,1.0],8.500236e-05],
[[1550.0,75.0,75.0],8.510575e-05],
[[1550.0,150.0,150.0],9.210371e-05],
[[1550.0,200.0,200.0],9.366648e-05],
[[1550.0,250.0,250.0],9.267097e-05],
[[1550.0,300.0,300.0],9.736759e-05],
[[1550.0,350.0,350.0],9.227014e-05],
[[1550.0,400.0,400.0],9.276064e-05],
[[1550.0,450.0,450.0],8.78798e-05],
[[1550.0,500.0,500.0],9.293934e-05],
[[1550.0,550.0,550.0],8.687574e-05],
[[1550.0,600.0,600.0],9.978923e-05],
[[1550.0,650.0,650.0],8.43635e-05],
[[1550.0,700.0,700.0],8.752374e-05],
[[1550.0,750.0,750.0],9.437109e-05],
[[1600.0,1.0,1.0],9.832991e-05],
[[1600.0,75.0,75.0],8.610965e-05],
[[1600.0,150.0,150.0],8.928703e-05],
[[1600.0,200.0,200.0],9.114497e-05],
[[1600.0,250.0,250.0],9.747148e-05],
[[1600.0,300.0,300.0],0.0001003462],
[[1600.0,350.0,350.0],9.337347e-05],
[[1600.0,400.0,400.0],0.0001116799],
[[1600.0,450.0,450.0],8.952256e-05],
[[1600.0,500.0,500.0],0.000127356],
[[1600.0,550.0,550.0],9.147548e-05],
[[1600.0,600.0,600.0],9.77386e-05],
[[1600.0,650.0,650.0],0.0001036811],
[[1600.0,700.0,700.0],9.384191e-05],
[[1600.0,750.0,750.0],0.000110627],
[[1650.0,1.0,1.0],9.377341e-05],
[[1650.0,75.0,75.0],9.085426e-05],
[[1650.0,150.0,150.0],0.0001069257],
[[1650.0,200.0,200.0],8.727609e-05],
[[1650.0,250.0,250.0],9.296752e-05],
[[1650.0,300.0,300.0],0.000113724],
[[1650.0,350.0,350.0],0.0001030727],
[[1650.0,400.0,400.0],8.11697e-05],
[[1650.0,450.0,450.0],9.685286e-05],
[[1650.0,500.0,500.0],0.0001147915],
[[1650.0,550.0,550.0],0.0001082608],
[[1650.0,600.0,600.0],0.0001310993],
[[1650.0,650.0,650.0],0.0001039655],
[[1650.0,700.0,700.0],0.0001055482],
[[1650.0,750.0,750.0],0.0001205268],
[[1650.0,800.0,800.0],0.0001071562],
[[1700.0,1.0,1.0],8.719967e-05],
[[1700.0,75.0,75.0],0.0001118206],
[[1700.0,150.0,150.0],9.504323e-05],
[[1700.0,200.0,200.0],0.0001203552],
[[1700.0,250.0,250.0],0.0001028395],
[[1700.0,300.0,300.0],9.888025e-05],
[[1700.0,350.0,350.0],9.702377e-05],
[[1700.0,400.0,400.0],0.0001000078],
[[1700.0,450.0,450.0],0.0001081224],
[[1700.0,500.0,500.0],0.000112994],
[[1700.0,550.0,550.0],9.992317e-05],
[[1700.0,600.0,600.0],0.0001296826],
[[1700.0,650.0,650.0],0.0001248607],
[[1700.0,700.0,700.0],0.0001046467],
[[1700.0,750.0,750.0],0.0001090073],
[[1700.0,800.0,800.0],9.508726e-05],
[[1750.0,1.0,1.0],9.794644e-05],
[[1750.0,10.0,10.0],0.0001045893],
[[1750.0,75.0,75.0],0.0001073934],
[[1750.0,150.0,150.0],0.0001146151],
[[1750.0,200.0,200.0],9.893117e-05],
[[1750.0,250.0,250.0],0.0001059476],
[[1750.0,300.0,300.0],0.0001080115],
[[1750.0,350.0,350.0],9.922859e-05],
[[1750.0,400.0,400.0],0.000114913],
[[1750.0,450.0,450.0],0.0001084639],
[[1750.0,500.0,500.0],9.96911e-05],
[[1750.0,550.0,550.0],0.0001034061],
[[1750.0,600.0,600.0],0.000114391],
[[1750.0,650.0,650.0],0.0001051048],
[[1750.0,700.0,700.0],0.0001440475],
[[1750.0,750.0,750.0],0.0001079269],
[[1750.0,800.0,800.0],0.0001194861],
[[1750.0,850.0,850.0],0.0001128164],
[[1800.0,1.0,1.0],0.0001420502],
[[1800.0,75.0,75.0],0.0001111098],
[[1800.0,150.0,150.0],0.0001274056],
[[1800.0,200.0,200.0],0.0001089752],
[[1800.0,250.0,250.0],0.0001266963],
[[1800.0,300.0,300.0],0.0001389998],
[[1800.0,350.0,350.0],0.0001061689],
[[1800.0,400.0,400.0],9.63608e-05],
[[1800.0,450.0,450.0],0.0001153164],
[[1800.0,500.0,500.0],0.0001017369],
[[1800.0,550.0,550.0],0.0001104528],
[[1800.0,600.0,600.0],0.0001135199],
[[1800.0,650.0,650.0],0.0001174514],
[[1800.0,700.0,700.0],0.0001000641],
[[1800.0,750.0,750.0],0.0001418791],
[[1800.0,800.0,800.0],0.0001177237],
[[1800.0,850.0,850.0],0.0001060872],
[[1850.0,1.0,1.0],0.0001131592],
[[1850.0,75.0,75.0],0.0001119532],
[[1850.0,150.0,150.0],0.0001114777],
[[1850.0,200.0,200.0],0.0001222683],
[[1850.0,250.0,250.0],0.0001173551],
[[1850.0,300.0,300.0],0.0001195023],
[[1850.0,350.0,350.0],0.000118573],
[[1850.0,400.0,400.0],0.0001023632],
[[1850.0,450.0,450.0],0.0001161331],
[[1850.0,500.0,500.0],0.0001452142],
[[1850.0,550.0,550.0],0.000124489],
[[1850.0,600.0,600.0],0.0001231498],
[[1850.0,650.0,650.0],0.0001133481],
[[1850.0,700.0,700.0],0.0001103731],
[[1850.0,750.0,750.0],0.0001358923],
[[1850.0,800.0,800.0],0.0001559188],
[[1850.0,850.0,850.0],0.0001230262],
[[1850.0,900.0,900.0],0.0001353456],
[[1900.0,1.0,1.0],0.0001212255],
[[1900.0,75.0,75.0],0.0001146302],
[[1900.0,150.0,150.0],0.0001121105],
[[1900.0,200.0,200.0],0.0001254455],
[[1900.0,250.0,250.0],0.0001067563],
[[1900.0,300.0,300.0],0.0001253562],
[[1900.0,350.0,350.0],0.0001232724],
[[1900.0,400.0,400.0],0.0001316097],
[[1900.0,450.0,450.0],0.0001253827],
[[1900.0,500.0,500.0],0.0001604528],
[[1900.0,550.0,550.0],0.0001145246],
[[1900.0,600.0,600.0],0.0001301823],
[[1900.0,650.0,650.0],0.0001332244],
[[1900.0,700.0,700.0],0.000114619],
[[1900.0,750.0,750.0],0.0001164392],
[[1900.0,800.0,800.0],0.000136943],
[[1900.0,850.0,850.0],0.0001236333],
[[1900.0,900.0,900.0],0.0001362363],
[[1950.0,1.0,1.0],0.0001044173],
[[1950.0,75.0,75.0],0.0001198731],
[[1950.0,150.0,150.0],0.0001374799],
[[1950.0,200.0,200.0],0.0001347169],
[[1950.0,250.0,250.0],0.0001087533],
[[1950.0,300.0,300.0],0.0001345442],
[[1950.0,350.0,350.0],0.0001179344],
[[1950.0,400.0,400.0],0.0001107712],
[[1950.0,450.0,450.0],0.0001286914],
[[1950.0,500.0,500.0],0.0001186529],
[[1950.0,550.0,550.0],0.0001346099],
[[1950.0,600.0,600.0],0.0001125711],
[[1950.0,650.0,650.0],0.0001444689],
[[1950.0,700.0,700.0],0.0001228289],
[[1950.0,750.0,750.0],0.0001604873],
[[1950.0,800.0,800.0],0.0001454544],
[[1950.0,850.0,850.0],0.0001298722],
[[1950.0,900.0,900.0],0.000126047],
[[1950.0,950.0,950.0],0.0001534084],
[[2000.0,1.0,1.0],0.000129136],
[[2000.0,75.0,75.0],0.000121209],
[[2000.0,150.0,150.0],0.0001392445],
[[2000.0,200.0,200.0],0.0001138756],
[[2000.0,250.0,250.0],0.0001313487],
[[2000.0,300.0,300.0],0.0001146316],
[[2000.0,350.0,350.0],0.0001448149],
[[2000.0,400.0,400.0],0.0001316894],
[[2000.0,450.0,450.0],0.0001392511],
[[2000.0,500.0,500.0],0.0001288182],
[[2000.0,550.0,550.0],0.0001306598],
[[2000.0,600.0,600.0],0.0001264899],
[[2000.0,650.0,650.0],0.0001209616],
[[2000.0,700.0,700.0],0.0001167816],
[[2000.0,750.0,750.0],0.0001237118],
[[2000.0,800.0,800.0],0.0001596525],
[[2000.0,850.0,850.0],0.0001271756],
[[2000.0,900.0,900.0],0.0001397624],
[[2000.0,950.0,950.0],0.0001393983],
[[2250.0,1.0,1.0],0.0001285757],
[[2250.0,75.0,75.0],0.0001331906],
[[2250.0,150.0,150.0],0.0001437405],
[[2250.0,300.0,300.0],0.0001260061],
[[2250.0,500.0,500.0],0.0001463951],
[[2250.0,750.0,750.0],0.0001302898],
[[2250.0,1000.0,1000.0],0.0001570824],
[[2500.0,1.0,1.0],0.0001620443],
[[2500.0,75.0,75.0],0.0001615804],
[[2500.0,150.0,150.0],0.0001441026],
[[2500.0,300.0,300.0],0.0001418767],
[[2500.0,500.0,500.0],0.0001555092],
[[2500.0,750.0,750.0],0.0001762341],
[[2500.0,1000.0,1000.0],0.0002020573],
[[2500.0,1200.0,1200.0],0.0001671456],
[[2750.0,1.0,1.0],0.0001685278],
[[2750.0,75.0,75.0],0.0001584268],
[[2750.0,150.0,150.0],0.0001771179],
[[2750.0,300.0,300.0],0.0001604544],
[[2750.0,500.0,500.0],0.0001689992],
[[2750.0,750.0,750.0],0.0001619533],
[[2750.0,1000.0,1000.0],0.0001667948],
[[2750.0,1200.0,1200.0],0.0001683225],
[[3000.0,1.0,1.0],0.0001461175],
[[3000.0,75.0,75.0],0.0001697835],
[[3000.0,150.0,150.0],0.0001812851],
[[3000.0,300.0,300.0],0.0001438091],
[[3000.0,500.0,500.0],0.0001552062],
[[3000.0,750.0,750.0],0.0001509614],
[[3000.0,1000.0,1000.0],0.0001814068],
[[3000.0,1200.0,1200.0],0.0001565103],
[[3000.0,1400.0,1400.0],0.0001720821]]
