txName: TRS1
constraint: {(PV > H0(1)), (H0(1) > MET(2),MET(3))}
condition: None
conditionDescription: None
figureUrl: https://cms-results.web.cern.ch/cms-results/public-results/publications/EXO-20-004/CMS-EXO-20-004_Figure_009-a.png
source: CMS
validated: True
axesMap: [{0: 'x', 1: '1.0', 2: '1.0'}, {0: 'x', 1: 'y', 2: 'y'}]
dataMap: {0: (1, 'mass', GeV), 1: (2, 'mass', GeV), 2: (3, 'mass', GeV)}
finalState: ['MET', 'MET']
intermediateState: None
efficiencyMap: [[[100.0,1.0,1.0],2.405507e-05],
[[100.0,10.0,10.0],2.574102e-05],
[[150.0,1.0,1.0],4.955148e-05],
[[150.0,50.0,50.0],5.055027e-05],
[[200.0,1.0,1.0],7.781194e-05],
[[200.0,50.0,50.0],7.700365e-05],
[[200.0,100.0,100.0],0.0001493119],
[[250.0,1.0,1.0],0.0001131641],
[[250.0,10.0,10.0],0.0001229577],
[[250.0,50.0,50.0],0.0001216865],
[[250.0,100.0,100.0],0.0001197582],
[[300.0,1.0,1.0],0.0001750251],
[[300.0,50.0,50.0],0.0001430879],
[[300.0,100.0,100.0],0.0001851611],
[[350.0,1.0,1.0],0.0001523009],
[[350.0,50.0,50.0],0.0001684227],
[[350.0,100.0,100.0],0.0001673118],
[[350.0,150.0,150.0],0.0001463325],
[[400.0,1.0,1.0],0.0002041117],
[[400.0,50.0,50.0],0.0001976663],
[[400.0,100.0,100.0],0.0001887096],
[[400.0,150.0,150.0],0.0001874122],
[[450.0,1.0,1.0],0.000266235],
[[450.0,50.0,50.0],0.0002578331],
[[450.0,100.0,100.0],0.0002574093],
[[450.0,150.0,150.0],0.0002714239],
[[450.0,200.0,200.0],0.000246273],
[[500.0,1.0,1.0],0.0002998797],
[[500.0,10.0,10.0],0.0003392061],
[[500.0,50.0,50.0],0.0003256297],
[[500.0,100.0,100.0],0.0003286701],
[[500.0,150.0,150.0],0.0003053952],
[[500.0,200.0,200.0],0.0003725291],
[[550.0,1.0,1.0],0.0003887685],
[[550.0,50.0,50.0],0.0004232365],
[[550.0,100.0,100.0],0.0004042044],
[[550.0,150.0,150.0],0.0004717821],
[[550.0,200.0,200.0],0.000395396],
[[550.0,250.0,250.0],0.0004296806],
[[600.0,1.0,1.0],0.000584101],
[[600.0,50.0,50.0],0.0005843155],
[[600.0,100.0,100.0],0.0006017707],
[[600.0,150.0,150.0],0.0005303195],
[[600.0,200.0,200.0],0.0004959189],
[[600.0,250.0,250.0],0.0004933723],
[[650.0,1.0,1.0],0.0005582758],
[[650.0,50.0,50.0],0.0005877994],
[[650.0,100.0,100.0],0.0005302355],
[[650.0,150.0,150.0],0.0006307359],
[[650.0,200.0,200.0],0.0006750942],
[[650.0,250.0,250.0],0.0006868522],
[[650.0,300.0,300.0],0.0006981189],
[[700.0,1.0,1.0],0.0007078241],
[[700.0,50.0,50.0],0.0006709869],
[[700.0,100.0,100.0],0.0007017128],
[[700.0,150.0,150.0],0.000707824],
[[700.0,200.0,200.0],0.0007178717],
[[700.0,250.0,250.0],0.000735385],
[[700.0,300.0,300.0],0.0007319969],
[[750.0,1.0,1.0],0.0007978757],
[[750.0,10.0,10.0],0.001229215],
[[750.0,50.0,50.0],0.0009100099],
[[750.0,100.0,100.0],0.0007928132],
[[750.0,150.0,150.0],0.0008940058],
[[750.0,200.0,200.0],0.0008199112],
[[750.0,250.0,250.0],0.0008964327],
[[750.0,300.0,300.0],0.0008983842],
[[750.0,350.0,350.0],0.0009979346],
[[800.0,1.0,1.0],0.0009543585],
[[800.0,150.0,150.0],0.0008510712],
[[800.0,200.0,200.0],0.0009873913],
[[800.0,250.0,250.0],0.000926494],
[[800.0,300.0,300.0],0.0009116221],
[[800.0,350.0,350.0],0.001308549],
[[850.0,1.0,1.0],0.0009484692],
[[850.0,150.0,150.0],0.001055903],
[[850.0,200.0,200.0],0.001063351],
[[850.0,250.0,250.0],0.001008086],
[[850.0,300.0,300.0],0.001029346],
[[850.0,350.0,350.0],0.001093821],
[[850.0,400.0,400.0],0.001174499],
[[900.0,1.0,1.0],0.0009587209],
[[900.0,150.0,150.0],0.0009471532],
[[900.0,200.0,200.0],0.00106021],
[[900.0,250.0,250.0],0.001228764],
[[900.0,300.0,300.0],0.001127069],
[[900.0,350.0,350.0],0.001907802],
[[900.0,400.0,400.0],0.001201677],
[[950.0,1.0,1.0],0.00126668],
[[950.0,150.0,150.0],0.001092782],
[[950.0,200.0,200.0],0.001650308],
[[950.0,250.0,250.0],0.001820164],
[[950.0,300.0,300.0],0.001462724],
[[950.0,350.0,350.0],0.00115515],
[[950.0,400.0,400.0],0.002048431],
[[950.0,450.0,450.0],0.001378497],
[[1000.0,1.0,1.0],0.001212197],
[[1000.0,10.0,10.0],0.001386252],
[[1000.0,50.0,50.0],0.001142548],
[[1000.0,100.0,100.0],0.001272904],
[[1000.0,150.0,150.0],0.001242581],
[[1000.0,200.0,200.0],0.001318158],
[[1000.0,250.0,250.0],0.001256451],
[[1000.0,300.0,300.0],0.001502771],
[[1000.0,350.0,350.0],0.001271458],
[[1000.0,400.0,400.0],0.001554178],
[[1000.0,450.0,450.0],0.001289869],
[[1050.0,1.0,1.0],0.001189358],
[[1050.0,150.0,150.0],0.001194946],
[[1050.0,200.0,200.0],0.001602455],
[[1050.0,250.0,250.0],0.001643917],
[[1050.0,300.0,300.0],0.001522407],
[[1050.0,350.0,350.0],0.001615775],
[[1050.0,400.0,400.0],0.001562914],
[[1050.0,450.0,450.0],0.001414801],
[[1050.0,500.0,500.0],0.001797809],
[[1100.0,1.0,1.0],0.001229793],
[[1100.0,150.0,150.0],0.001291662],
[[1100.0,200.0,200.0],0.001422034],
[[1100.0,250.0,250.0],0.001638931],
[[1100.0,300.0,300.0],0.001575812],
[[1100.0,350.0,350.0],0.001481212],
[[1100.0,400.0,400.0],0.001694466],
[[1100.0,450.0,450.0],0.001632399],
[[1100.0,500.0,500.0],0.001611091],
[[1150.0,1.0,1.0],0.001712261],
[[1150.0,150.0,150.0],0.00181122],
[[1150.0,200.0,200.0],0.001571246],
[[1150.0,250.0,250.0],0.001673997],
[[1150.0,300.0,300.0],0.001563765],
[[1150.0,350.0,350.0],0.00163585],
[[1150.0,400.0,400.0],0.001798021],
[[1150.0,450.0,450.0],0.001762019],
[[1150.0,500.0,500.0],0.002042327],
[[1150.0,550.0,550.0],0.001806435],
[[1200.0,1.0,1.0],0.001655669],
[[1200.0,150.0,150.0],0.001962698],
[[1200.0,200.0,200.0],0.001592608],
[[1200.0,250.0,250.0],0.001875772],
[[1200.0,300.0,300.0],0.001745856],
[[1200.0,350.0,350.0],0.001826736],
[[1200.0,400.0,400.0],0.001859323],
[[1200.0,450.0,450.0],0.001731621],
[[1200.0,500.0,500.0],0.0016213],
[[1200.0,550.0,550.0],0.002405378],
[[1250.0,1.0,1.0],0.001437001],
[[1250.0,10.0,10.0],0.001462536],
[[1250.0,50.0,50.0],0.001446412],
[[1250.0,100.0,100.0],0.001427089],
[[1250.0,150.0,150.0],0.001739784],
[[1250.0,200.0,200.0],0.001717977],
[[1250.0,250.0,250.0],0.001839835],
[[1250.0,300.0,300.0],0.001665283],
[[1250.0,350.0,350.0],0.001598107],
[[1250.0,400.0,400.0],0.001689503],
[[1250.0,450.0,450.0],0.002239952],
[[1250.0,500.0,500.0],0.00190955],
[[1250.0,550.0,550.0],0.002473733],
[[1250.0,600.0,600.0],0.002134735],
[[1300.0,1.0,1.0],0.001571188],
[[1300.0,150.0,150.0],0.001925772],
[[1300.0,200.0,200.0],0.001820886],
[[1300.0,250.0,250.0],0.001588621],
[[1300.0,300.0,300.0],0.001714932],
[[1300.0,350.0,350.0],0.001888347],
[[1300.0,400.0,400.0],0.002114164],
[[1300.0,450.0,450.0],0.002034253],
[[1300.0,500.0,500.0],0.002059695],
[[1300.0,550.0,550.0],0.002228822],
[[1300.0,600.0,600.0],0.00270561],
[[1350.0,1.0,1.0],0.001831516],
[[1350.0,150.0,150.0],0.002201443],
[[1350.0,200.0,200.0],0.001726363],
[[1350.0,250.0,250.0],0.001940066],
[[1350.0,300.0,300.0],0.001624139],
[[1350.0,350.0,350.0],0.003028687],
[[1350.0,400.0,400.0],0.002338301],
[[1350.0,450.0,450.0],0.00201952],
[[1350.0,500.0,500.0],0.001974571],
[[1350.0,550.0,550.0],0.001858579],
[[1350.0,600.0,600.0],0.002436142],
[[1350.0,650.0,650.0],0.00226114],
[[1400.0,1.0,1.0],0.001341881],
[[1400.0,150.0,150.0],0.002003308],
[[1400.0,200.0,200.0],0.001891897],
[[1400.0,250.0,250.0],0.002035347],
[[1400.0,300.0,300.0],0.001911753],
[[1400.0,350.0,350.0],0.002007722],
[[1400.0,400.0,400.0],0.002007504],
[[1400.0,450.0,450.0],0.001889161],
[[1400.0,500.0,500.0],0.001988328],
[[1400.0,550.0,550.0],0.001904854],
[[1400.0,600.0,600.0],0.00213509],
[[1400.0,650.0,650.0],0.00256392],
[[1450.0,1.0,1.0],0.001614885],
[[1450.0,150.0,150.0],0.002066336],
[[1450.0,200.0,200.0],0.001698702],
[[1450.0,250.0,250.0],0.002171524],
[[1450.0,300.0,300.0],0.002150187],
[[1450.0,350.0,350.0],0.001954067],
[[1450.0,400.0,400.0],0.002590851],
[[1450.0,450.0,450.0],0.001980347],
[[1450.0,500.0,500.0],0.001913701],
[[1450.0,550.0,550.0],0.00242095],
[[1450.0,600.0,600.0],0.002278986],
[[1450.0,650.0,650.0],0.002222534],
[[1450.0,700.0,700.0],0.002630256],
[[1500.0,1.0,1.0],0.001758414],
[[1500.0,10.0,10.0],0.001851178],
[[1500.0,50.0,50.0],0.001582786],
[[1500.0,100.0,100.0],0.001762328],
[[1500.0,150.0,150.0],0.001825794],
[[1500.0,200.0,200.0],0.001811094],
[[1500.0,250.0,250.0],0.002102973],
[[1500.0,300.0,300.0],0.002005898],
[[1500.0,350.0,350.0],0.002209683],
[[1500.0,400.0,400.0],0.001906125],
[[1500.0,450.0,450.0],0.002034184],
[[1500.0,500.0,500.0],0.002144254],
[[1500.0,550.0,550.0],0.00239565],
[[1500.0,600.0,600.0],0.002425328],
[[1500.0,650.0,650.0],0.002204625],
[[1500.0,700.0,700.0],0.002287858],
[[1500.0,750.0,750.0],0.002538726],
[[1550.0,1.0,1.0],0.001649747],
[[1550.0,150.0,150.0],0.001750542],
[[1550.0,200.0,200.0],0.001833922],
[[1550.0,250.0,250.0],0.001923097],
[[1550.0,300.0,300.0],0.002020712],
[[1550.0,350.0,350.0],0.002132945],
[[1550.0,400.0,400.0],0.002935905],
[[1550.0,450.0,450.0],0.002180606],
[[1550.0,500.0,500.0],0.002076291],
[[1550.0,550.0,550.0],0.002643758],
[[1550.0,600.0,600.0],0.002268836],
[[1550.0,650.0,650.0],0.002537382],
[[1550.0,700.0,700.0],0.002414609],
[[1550.0,750.0,750.0],0.002338525],
[[1600.0,1.0,1.0],0.001527212],
[[1600.0,150.0,150.0],0.001828259],
[[1600.0,200.0,200.0],0.001915827],
[[1600.0,250.0,250.0],0.001942746],
[[1600.0,300.0,300.0],0.00211381],
[[1600.0,350.0,350.0],0.002299344],
[[1600.0,400.0,400.0],0.00218941],
[[1600.0,450.0,450.0],0.002345496],
[[1600.0,500.0,500.0],0.002535903],
[[1600.0,550.0,550.0],0.002318924],
[[1600.0,600.0,600.0],0.002119468],
[[1600.0,650.0,650.0],0.00246084],
[[1600.0,700.0,700.0],0.002715494],
[[1600.0,750.0,750.0],0.003384292],
[[1650.0,1.0,1.0],0.00152866],
[[1650.0,150.0,150.0],0.00178274],
[[1650.0,200.0,200.0],0.002099565],
[[1650.0,250.0,250.0],0.001864729],
[[1650.0,300.0,300.0],0.002234333],
[[1650.0,350.0,350.0],0.002588311],
[[1650.0,400.0,400.0],0.002152937],
[[1650.0,450.0,450.0],0.002042936],
[[1650.0,500.0,500.0],0.002425398],
[[1650.0,550.0,550.0],0.00272438],
[[1650.0,600.0,600.0],0.002486593],
[[1650.0,650.0,650.0],0.00251653],
[[1650.0,700.0,700.0],0.002609437],
[[1650.0,750.0,750.0],0.002448092],
[[1650.0,800.0,800.0],0.002820698],
[[1700.0,1.0,1.0],0.001729995],
[[1700.0,150.0,150.0],0.001987822],
[[1700.0,200.0,200.0],0.002095026],
[[1700.0,250.0,250.0],0.001862625],
[[1700.0,300.0,300.0],0.002263071],
[[1700.0,350.0,350.0],0.002462617],
[[1700.0,400.0,400.0],0.002184752],
[[1700.0,450.0,450.0],0.002261155],
[[1700.0,500.0,500.0],0.002151109],
[[1700.0,550.0,550.0],0.002319675],
[[1700.0,600.0,600.0],0.002791626],
[[1700.0,650.0,650.0],0.002752609],
[[1700.0,700.0,700.0],0.002685896],
[[1700.0,750.0,750.0],0.00256173],
[[1700.0,800.0,800.0],0.002610725],
[[1750.0,1.0,1.0],0.001541977],
[[1750.0,10.0,10.0],0.001485562],
[[1750.0,50.0,50.0],0.001363128],
[[1750.0,100.0,100.0],0.001689782],
[[1750.0,150.0,150.0],0.001736199],
[[1750.0,200.0,200.0],0.001839824],
[[1750.0,250.0,250.0],0.002287022],
[[1750.0,300.0,300.0],0.002671364],
[[1750.0,350.0,350.0],0.002317033],
[[1750.0,400.0,400.0],0.002824674],
[[1750.0,450.0,450.0],0.002434688],
[[1750.0,500.0,500.0],0.002148157],
[[1750.0,550.0,550.0],0.002916497],
[[1750.0,600.0,600.0],0.002366646],
[[1750.0,650.0,650.0],0.002341816],
[[1750.0,700.0,700.0],0.003189697],
[[1750.0,750.0,750.0],0.002664047],
[[1750.0,800.0,800.0],0.002894564],
[[1750.0,850.0,850.0],0.002767953],
[[1800.0,1.0,1.0],0.001499785],
[[1800.0,150.0,150.0],0.001729491],
[[1800.0,200.0,200.0],0.002297837],
[[1800.0,250.0,250.0],0.001982333],
[[1800.0,300.0,300.0],0.002242997],
[[1800.0,350.0,350.0],0.002459281],
[[1800.0,400.0,400.0],0.002319623],
[[1800.0,450.0,450.0],0.002460154],
[[1800.0,500.0,500.0],0.002694876],
[[1800.0,550.0,550.0],0.002583455],
[[1800.0,600.0,600.0],0.002451424],
[[1800.0,650.0,650.0],0.002642317],
[[1800.0,700.0,700.0],0.002531546],
[[1800.0,750.0,750.0],0.002500611],
[[1800.0,800.0,800.0],0.002820439],
[[1800.0,850.0,850.0],0.002952905],
[[1850.0,1.0,1.0],0.001546859],
[[1850.0,150.0,150.0],0.00211657],
[[1850.0,200.0,200.0],0.002027438],
[[1850.0,250.0,250.0],0.00206015],
[[1850.0,300.0,300.0],0.002291132],
[[1850.0,350.0,350.0],0.002546973],
[[1850.0,400.0,400.0],0.002561859],
[[1850.0,450.0,450.0],0.002213907],
[[1850.0,500.0,500.0],0.002705316],
[[1850.0,550.0,550.0],0.002315902],
[[1850.0,600.0,600.0],0.002699494],
[[1850.0,650.0,650.0],0.002565643],
[[1850.0,700.0,700.0],0.003529032],
[[1850.0,750.0,750.0],0.002689415],
[[1850.0,800.0,800.0],0.002848492],
[[1850.0,850.0,850.0],0.002964491],
[[1850.0,900.0,900.0],0.002641103],
[[1900.0,1.0,1.0],0.00158312],
[[1900.0,150.0,150.0],0.001691938],
[[1900.0,200.0,200.0],0.002103115],
[[1900.0,250.0,250.0],0.002146655],
[[1900.0,300.0,300.0],0.002841575],
[[1900.0,350.0,350.0],0.002467643],
[[1900.0,400.0,400.0],0.001979145],
[[1900.0,450.0,450.0],0.002002177],
[[1900.0,500.0,500.0],0.002471939],
[[1900.0,550.0,550.0],0.002561646],
[[1900.0,600.0,600.0],0.002859478],
[[1900.0,650.0,650.0],0.002741512],
[[1900.0,700.0,700.0],0.002481026],
[[1900.0,750.0,750.0],0.002716796],
[[1900.0,800.0,800.0],0.002433623],
[[1900.0,850.0,850.0],0.00243025],
[[1900.0,900.0,900.0],0.003106591],
[[1950.0,1.0,1.0],0.00160746],
[[1950.0,150.0,150.0],0.00198242],
[[1950.0,200.0,200.0],0.001994574],
[[1950.0,250.0,250.0],0.002371059],
[[1950.0,300.0,300.0],0.002290209],
[[1950.0,350.0,350.0],0.002313624],
[[1950.0,400.0,400.0],0.002898303],
[[1950.0,450.0,450.0],0.002572702],
[[1950.0,500.0,500.0],0.002534886],
[[1950.0,550.0,550.0],0.002612714],
[[1950.0,600.0,600.0],0.00282104],
[[1950.0,650.0,650.0],0.003003899],
[[1950.0,700.0,700.0],0.002372208],
[[1950.0,750.0,750.0],0.003060338],
[[1950.0,800.0,800.0],0.002978422],
[[1950.0,850.0,850.0],0.002747963],
[[1950.0,900.0,900.0],0.002584037],
[[1950.0,950.0,950.0],0.00305803],
[[2000.0,1.0,1.0],0.001278689],
[[2000.0,10.0,10.0],0.001523444],
[[2000.0,50.0,50.0],0.001551001],
[[2000.0,100.0,100.0],0.001468537],
[[2000.0,150.0,150.0],0.001966374],
[[2000.0,200.0,200.0],0.002053331],
[[2000.0,250.0,250.0],0.002210411],
[[2000.0,300.0,300.0],0.002073575],
[[2000.0,350.0,350.0],0.002572747],
[[2000.0,400.0,400.0],0.002978708],
[[2000.0,450.0,450.0],0.002971052],
[[2000.0,500.0,500.0],0.002670403],
[[2000.0,550.0,550.0],0.003039512],
[[2000.0,600.0,600.0],0.003133773],
[[2000.0,650.0,650.0],0.002534379],
[[2000.0,700.0,700.0],0.002849165],
[[2000.0,750.0,750.0],0.002728636],
[[2000.0,800.0,800.0],0.002650899],
[[2000.0,850.0,850.0],0.002710066],
[[2000.0,900.0,900.0],0.002929386],
[[2000.0,950.0,950.0],0.003133117],
[[2250.0,1.0,1.0],0.001283201],
[[2250.0,10.0,10.0],0.0012702],
[[2250.0,50.0,50.0],0.001322262],
[[2250.0,100.0,100.0],0.001626296],
[[2250.0,150.0,150.0],0.001781255],
[[2250.0,300.0,300.0],0.002561573],
[[2250.0,500.0,500.0],0.002794834],
[[2250.0,750.0,750.0],0.003065086],
[[2250.0,1000.0,1000.0],0.003029495],
[[2500.0,1.0,1.0],0.001259847],
[[2500.0,10.0,10.0],0.001195911],
[[2500.0,50.0,50.0],0.001313617],
[[2500.0,100.0,100.0],0.001386458],
[[2500.0,150.0,150.0],0.001663344],
[[2500.0,300.0,300.0],0.002259516],
[[2500.0,500.0,500.0],0.002715858],
[[2500.0,750.0,750.0],0.003087334],
[[2500.0,1000.0,1000.0],0.003353795],
[[2500.0,1200.0,1200.0],0.003014887],
[[2750.0,1.0,1.0],0.001179151],
[[2750.0,10.0,10.0],0.001026715],
[[2750.0,50.0,50.0],0.001183847],
[[2750.0,100.0,100.0],0.001167231],
[[2750.0,150.0,150.0],0.001671613],
[[2750.0,300.0,300.0],0.00227274],
[[2750.0,500.0,500.0],0.003184803],
[[2750.0,750.0,750.0],0.003693578],
[[2750.0,1000.0,1000.0],0.003570693],
[[2750.0,1200.0,1200.0],0.00287028],
[[3000.0,1.0,1.0],0.001049482],
[[3000.0,10.0,10.0],0.001010855],
[[3000.0,50.0,50.0],0.001192015],
[[3000.0,100.0,100.0],0.001527481],
[[3000.0,150.0,150.0],0.001451066],
[[3000.0,300.0,300.0],0.001998428],
[[3000.0,500.0,500.0],0.002830393],
[[3000.0,750.0,750.0],0.003101646],
[[3000.0,1000.0,1000.0],0.003421604],
[[3000.0,1200.0,1200.0],0.003292026],
[[3000.0,1400.0,1400.0],0.003008309]]
