txName: TRV1
constraint: {(PV > Zprime(1)), (Zprime(1) > MET(2),MET(3))}
condition: None
conditionDescription: None
figureUrl: https://cms-results.web.cern.ch/cms-results/public-results/publications/EXO-20-004/CMS-EXO-20-004_Figure_007-b.png
source: https://doi.org/10.5281/zenodo.13324003
validated: True
axesMap: [{0: 'x', 1: 'y', 2: 'y'}]
dataMap: {0: (1, 'mass', GeV), 1: (2, 'mass', GeV), 2: (3, 'mass', GeV)}
finalState: ['MET', 'MET']
intermediateState: None
efficiencyMap: [[[50.0,1.0,1.0],3.375578e-07],
[[100.0,1.0,1.0],2.764429e-06],
[[100.0,10.0,10.0],2.789804e-06],
[[150.0,1.0,1.0],9.966446e-06],
[[150.0,75.0,75.0],9.315617e-06],
[[200.0,1.0,1.0],2.032258e-05],
[[200.0,75.0,75.0],2.042298e-05],
[[250.0,1.0,1.0],3.698708e-05],
[[250.0,10.0,10.0],4.060758e-05],
[[250.0,75.0,75.0],3.526311e-05],
[[300.0,1.0,1.0],5.660259e-05],
[[300.0,75.0,75.0],5.759107e-05],
[[350.0,1.0,1.0],8.388612e-05],
[[350.0,75.0,75.0],9.124722e-05],
[[350.0,150.0,150.0],8.885889e-05],
[[400.0,1.0,1.0],0.0001198568],
[[400.0,75.0,75.0],0.0001080189],
[[400.0,150.0,150.0],0.0001072002],
[[450.0,1.0,1.0],0.0001410659],
[[450.0,75.0,75.0],0.000140751],
[[450.0,150.0,150.0],0.0001631234],
[[450.0,200.0,200.0],0.000147985],
[[500.0,1.0,1.0],0.000189699],
[[500.0,10.0,10.0],0.0001856958],
[[500.0,75.0,75.0],0.0001695086],
[[500.0,150.0,150.0],0.0001726707],
[[500.0,200.0,200.0],0.0001868485],
[[550.0,1.0,1.0],0.0002046426],
[[550.0,75.0,75.0],0.0002099359],
[[550.0,150.0,150.0],0.0001870569],
[[550.0,200.0,200.0],0.0002286951],
[[550.0,250.0,250.0],0.0002288718],
[[600.0,1.0,1.0],0.0002575567],
[[600.0,75.0,75.0],0.0002610735],
[[600.0,150.0,150.0],0.0002917614],
[[600.0,200.0,200.0],0.0002559781],
[[600.0,250.0,250.0],0.0002641465],
[[650.0,1.0,1.0],0.0002847214],
[[650.0,75.0,75.0],0.0002993309],
[[650.0,150.0,150.0],0.0002822078],
[[650.0,200.0,200.0],0.0002896598],
[[650.0,250.0,250.0],0.000308475],
[[650.0,300.0,300.0],0.0003482835],
[[700.0,1.0,1.0],0.0003217891],
[[700.0,75.0,75.0],0.0003283707],
[[700.0,150.0,150.0],0.0003044388],
[[700.0,200.0,200.0],0.0003380037],
[[700.0,250.0,250.0],0.0003315415],
[[700.0,300.0,300.0],0.0003298809],
[[750.0,1.0,1.0],0.000320865],
[[750.0,10.0,10.0],0.0003520971],
[[750.0,75.0,75.0],0.0003739688],
[[750.0,150.0,150.0],0.000322223],
[[750.0,200.0,200.0],0.0003872888],
[[750.0,250.0,250.0],0.0003229124],
[[750.0,300.0,300.0],0.0004436096],
[[750.0,350.0,350.0],0.0004061161],
[[800.0,1.0,1.0],0.0003794924],
[[800.0,75.0,75.0],0.0003533295],
[[800.0,150.0,150.0],0.0003431188],
[[800.0,200.0,200.0],0.0004304177],
[[800.0,250.0,250.0],0.0003852453],
[[800.0,300.0,300.0],0.0004427237],
[[800.0,350.0,350.0],0.0003963302],
[[850.0,1.0,1.0],0.0004323787],
[[850.0,75.0,75.0],0.0003933317],
[[850.0,150.0,150.0],0.0004103985],
[[850.0,200.0,200.0],0.0005356965],
[[850.0,250.0,250.0],0.0004798216],
[[850.0,300.0,300.0],0.0004104833],
[[850.0,350.0,350.0],0.0004159051],
[[850.0,400.0,400.0],0.0003715683],
[[900.0,1.0,1.0],0.000408568],
[[900.0,75.0,75.0],0.0004460785],
[[900.0,150.0,150.0],0.0005492057],
[[900.0,200.0,200.0],0.0004569761],
[[900.0,250.0,250.0],0.0004544074],
[[900.0,300.0,300.0],0.0004726181],
[[900.0,350.0,350.0],0.0005312644],
[[900.0,400.0,400.0],0.0005022591],
[[950.0,1.0,1.0],0.0004681732],
[[950.0,75.0,75.0],0.0005429525],
[[950.0,150.0,150.0],0.0005236575],
[[950.0,200.0,200.0],0.0004668562],
[[950.0,250.0,250.0],0.0004594686],
[[950.0,300.0,300.0],0.0004898555],
[[950.0,350.0,350.0],0.0004986897],
[[950.0,400.0,400.0],0.0005506671],
[[950.0,450.0,450.0],0.0005846201],
[[1000.0,1.0,1.0],0.0005092255],
[[1000.0,10.0,10.0],0.000478218],
[[1000.0,75.0,75.0],0.0005226446],
[[1000.0,150.0,150.0],0.0004941615],
[[1000.0,200.0,200.0],0.0005243979],
[[1000.0,250.0,250.0],0.000489683],
[[1000.0,300.0,300.0],0.0005199132],
[[1000.0,350.0,350.0],0.0005508159],
[[1000.0,400.0,400.0],0.0005489479],
[[1000.0,450.0,450.0],0.0005775591],
[[1050.0,1.0,1.0],0.0004672112],
[[1050.0,75.0,75.0],0.0005382505],
[[1050.0,150.0,150.0],0.0006299846],
[[1050.0,200.0,200.0],0.000549744],
[[1050.0,250.0,250.0],0.0005615326],
[[1050.0,300.0,300.0],0.0005893824],
[[1050.0,350.0,350.0],0.0004865774],
[[1050.0,400.0,400.0],0.0006206424],
[[1050.0,450.0,450.0],0.0005975802],
[[1050.0,500.0,500.0],0.0005571668],
[[1100.0,1.0,1.0],0.0005556446],
[[1100.0,75.0,75.0],0.0005986395],
[[1100.0,150.0,150.0],0.0006023958],
[[1100.0,200.0,200.0],0.0005794256],
[[1100.0,250.0,250.0],0.0005272079],
[[1100.0,300.0,300.0],0.0006138574],
[[1100.0,350.0,350.0],0.0005606382],
[[1100.0,400.0,400.0],0.0006889627],
[[1100.0,450.0,450.0],0.00065579],
[[1100.0,500.0,500.0],0.0006255414],
[[1150.0,1.0,1.0],0.0006202138],
[[1150.0,75.0,75.0],0.0005950654],
[[1150.0,150.0,150.0],0.0005740899],
[[1150.0,200.0,200.0],0.0006386589],
[[1150.0,250.0,250.0],0.0006038854],
[[1150.0,300.0,300.0],0.0006158953],
[[1150.0,350.0,350.0],0.00058638],
[[1150.0,400.0,400.0],0.0006134332],
[[1150.0,450.0,450.0],0.0006438703],
[[1150.0,500.0,500.0],0.0006369411],
[[1150.0,550.0,550.0],0.0005824805],
[[1200.0,1.0,1.0],0.0006667958],
[[1200.0,75.0,75.0],0.0006195972],
[[1200.0,150.0,150.0],0.0005982799],
[[1200.0,200.0,200.0],0.0007529919],
[[1200.0,250.0,250.0],0.0006312515],
[[1200.0,300.0,300.0],0.0006088802],
[[1200.0,350.0,350.0],0.0005872173],
[[1200.0,400.0,400.0],0.0005876791],
[[1200.0,450.0,450.0],0.0006557616],
[[1200.0,500.0,500.0],0.0007443057],
[[1200.0,550.0,550.0],0.0006481137],
[[1250.0,1.0,1.0],0.0005927286],
[[1250.0,10.0,10.0],0.0006189063],
[[1250.0,75.0,75.0],0.0006022193],
[[1250.0,150.0,150.0],0.0006441227],
[[1250.0,200.0,200.0],0.000619439],
[[1250.0,250.0,250.0],0.0006188205],
[[1250.0,300.0,300.0],0.0006503721],
[[1250.0,350.0,350.0],0.0007661865],
[[1250.0,400.0,400.0],0.0006594022],
[[1250.0,450.0,450.0],0.0005819326],
[[1250.0,500.0,500.0],0.000639014],
[[1250.0,550.0,550.0],0.0006411649],
[[1250.0,600.0,600.0],0.0006835911],
[[1300.0,1.0,1.0],0.0006289985],
[[1300.0,75.0,75.0],0.0006827356],
[[1300.0,150.0,150.0],0.000628977],
[[1300.0,200.0,200.0],0.0008254688],
[[1300.0,250.0,250.0],0.000716104],
[[1300.0,300.0,300.0],0.0007011116],
[[1300.0,350.0,350.0],0.0006974319],
[[1300.0,400.0,400.0],0.0006787375],
[[1300.0,450.0,450.0],0.0007541721],
[[1300.0,500.0,500.0],0.0006946406],
[[1300.0,550.0,550.0],0.0007470343],
[[1300.0,600.0,600.0],0.0007144309],
[[1350.0,1.0,1.0],0.0006646007],
[[1350.0,75.0,75.0],0.0006883569],
[[1350.0,150.0,150.0],0.0006889387],
[[1350.0,200.0,200.0],0.0006706324],
[[1350.0,250.0,250.0],0.0006874523],
[[1350.0,300.0,300.0],0.0006657646],
[[1350.0,350.0,350.0],0.0007482795],
[[1350.0,400.0,400.0],0.0007809566],
[[1350.0,450.0,450.0],0.0006893486],
[[1350.0,500.0,500.0],0.0007452678],
[[1350.0,550.0,550.0],0.0006698527],
[[1350.0,600.0,600.0],0.0007538036],
[[1350.0,650.0,650.0],0.0006557267],
[[1400.0,1.0,1.0],0.0006476085],
[[1400.0,75.0,75.0],0.0007410964],
[[1400.0,150.0,150.0],0.0006791275],
[[1400.0,200.0,200.0],0.0007032758],
[[1400.0,250.0,250.0],0.0006702153],
[[1400.0,300.0,300.0],0.0006632389],
[[1400.0,350.0,350.0],0.0006491869],
[[1400.0,400.0,400.0],0.0006790438],
[[1400.0,450.0,450.0],0.0006591034],
[[1400.0,500.0,500.0],0.0007686975],
[[1400.0,550.0,550.0],0.0006883347],
[[1400.0,600.0,600.0],0.0007788765],
[[1400.0,650.0,650.0],0.000675144],
[[1450.0,1.0,1.0],0.0007519949],
[[1450.0,75.0,75.0],0.0007132746],
[[1450.0,150.0,150.0],0.0006564032],
[[1450.0,200.0,200.0],0.0007288618],
[[1450.0,250.0,250.0],0.0006446716],
[[1450.0,300.0,300.0],0.0006760353],
[[1450.0,350.0,350.0],0.0006470105],
[[1450.0,400.0,400.0],0.0007320011],
[[1450.0,450.0,450.0],0.0007610567],
[[1450.0,500.0,500.0],0.0008045675],
[[1450.0,550.0,550.0],0.0007647686],
[[1450.0,600.0,600.0],0.0007333635],
[[1450.0,650.0,650.0],0.0007740364],
[[1450.0,700.0,700.0],0.000808649],
[[1500.0,1.0,1.0],0.0007171004],
[[1500.0,10.0,10.0],0.0007805422],
[[1500.0,75.0,75.0],0.0007612],
[[1500.0,150.0,150.0],0.000763589],
[[1500.0,200.0,200.0],0.0007092247],
[[1500.0,250.0,250.0],0.0007403292],
[[1500.0,300.0,300.0],0.0007799921],
[[1500.0,350.0,350.0],0.0008232485],
[[1500.0,400.0,400.0],0.0007837443],
[[1500.0,450.0,450.0],0.0006890321],
[[1500.0,500.0,500.0],0.0007597808],
[[1500.0,550.0,550.0],0.0008205239],
[[1500.0,600.0,600.0],0.0008035009],
[[1500.0,650.0,650.0],0.0007091914],
[[1500.0,700.0,700.0],0.0007645146],
[[1500.0,750.0,750.0],0.0007758573],
[[1550.0,1.0,1.0],0.0007800187],
[[1550.0,75.0,75.0],0.0007402503],
[[1550.0,150.0,150.0],0.0007108802],
[[1550.0,200.0,200.0],0.0006919308],
[[1550.0,250.0,250.0],0.0007663362],
[[1550.0,300.0,300.0],0.0008148838],
[[1550.0,350.0,350.0],0.0007765114],
[[1550.0,400.0,400.0],0.0008398564],
[[1550.0,450.0,450.0],0.0007793051],
[[1550.0,500.0,500.0],0.000811167],
[[1550.0,550.0,550.0],0.0007422734],
[[1550.0,600.0,600.0],0.0008204678],
[[1550.0,650.0,650.0],0.0007888077],
[[1550.0,700.0,700.0],0.0007603714],
[[1550.0,750.0,750.0],0.0007715539],
[[1600.0,1.0,1.0],0.0007343109],
[[1600.0,75.0,75.0],0.00073331],
[[1600.0,150.0,150.0],0.0008467015],
[[1600.0,200.0,200.0],0.0007496015],
[[1600.0,250.0,250.0],0.0007879882],
[[1600.0,300.0,300.0],0.0007484662],
[[1600.0,350.0,350.0],0.0009102146],
[[1600.0,400.0,400.0],0.0007754538],
[[1600.0,450.0,450.0],0.0007158175],
[[1600.0,500.0,500.0],0.0007717711],
[[1600.0,550.0,550.0],0.0007795758],
[[1600.0,600.0,600.0],0.0008942253],
[[1600.0,650.0,650.0],0.0007916001],
[[1600.0,700.0,700.0],0.000759143],
[[1600.0,750.0,750.0],0.0007598522],
[[1650.0,1.0,1.0],0.0007712542],
[[1650.0,75.0,75.0],0.0007173168],
[[1650.0,150.0,150.0],0.0008031088],
[[1650.0,200.0,200.0],0.000785763],
[[1650.0,250.0,250.0],0.000779717],
[[1650.0,300.0,300.0],0.0007927071],
[[1650.0,350.0,350.0],0.0009060367],
[[1650.0,400.0,400.0],0.0008240212],
[[1650.0,450.0,450.0],0.0007698133],
[[1650.0,500.0,500.0],0.000922409],
[[1650.0,550.0,550.0],0.0007789498],
[[1650.0,600.0,600.0],0.0008870254],
[[1650.0,650.0,650.0],0.0008611318],
[[1650.0,700.0,700.0],0.0008494531],
[[1650.0,750.0,750.0],0.0009298251],
[[1650.0,800.0,800.0],0.0007613944],
[[1700.0,1.0,1.0],0.0007326872],
[[1700.0,75.0,75.0],0.0008487868],
[[1700.0,150.0,150.0],0.0008390128],
[[1700.0,200.0,200.0],0.0008479391],
[[1700.0,250.0,250.0],0.0007634918],
[[1700.0,300.0,300.0],0.0008476123],
[[1700.0,350.0,350.0],0.0008085946],
[[1700.0,400.0,400.0],0.0007802353],
[[1700.0,450.0,450.0],0.0008039921],
[[1700.0,500.0,500.0],0.0007804838],
[[1700.0,550.0,550.0],0.0008497052],
[[1700.0,600.0,600.0],0.0007253469],
[[1700.0,650.0,650.0],0.0007780747],
[[1700.0,700.0,700.0],0.0009844461],
[[1700.0,750.0,750.0],0.0009041384],
[[1700.0,800.0,800.0],0.0008687866],
[[1750.0,1.0,1.0],0.000742985],
[[1750.0,10.0,10.0],0.0007516548],
[[1750.0,75.0,75.0],0.0008145444],
[[1750.0,150.0,150.0],0.0007209277],
[[1750.0,200.0,200.0],0.0008410371],
[[1750.0,250.0,250.0],0.0007765093],
[[1750.0,300.0,300.0],0.0008697133],
[[1750.0,350.0,350.0],0.0008960209],
[[1750.0,400.0,400.0],0.0007710539],
[[1750.0,450.0,450.0],0.0008703281],
[[1750.0,500.0,500.0],0.0008049348],
[[1750.0,550.0,550.0],0.0008925594],
[[1750.0,600.0,600.0],0.0009092649],
[[1750.0,650.0,650.0],0.0008246489],
[[1750.0,700.0,700.0],0.0008207437],
[[1750.0,750.0,750.0],0.0008478961],
[[1750.0,800.0,800.0],0.0008338227],
[[1750.0,850.0,850.0],0.0009246957],
[[1800.0,1.0,1.0],0.0008069413],
[[1800.0,75.0,75.0],0.0008022356],
[[1800.0,150.0,150.0],0.0008224896],
[[1800.0,200.0,200.0],0.0007991861],
[[1800.0,250.0,250.0],0.0008756548],
[[1800.0,300.0,300.0],0.0007960622],
[[1800.0,350.0,350.0],0.0008617692],
[[1800.0,400.0,400.0],0.0008851359],
[[1800.0,450.0,450.0],0.0009252923],
[[1800.0,500.0,500.0],0.0008051853],
[[1800.0,550.0,550.0],0.0008441738],
[[1800.0,600.0,600.0],0.0008039587],
[[1800.0,650.0,650.0],0.0007968207],
[[1800.0,700.0,700.0],0.0008184493],
[[1800.0,750.0,750.0],0.0008471607],
[[1800.0,800.0,800.0],0.0008820795],
[[1800.0,850.0,850.0],0.0008897703],
[[1850.0,1.0,1.0],0.0007775575],
[[1850.0,75.0,75.0],0.0007776888],
[[1850.0,150.0,150.0],0.0008974857],
[[1850.0,200.0,200.0],0.0008967063],
[[1850.0,250.0,250.0],0.0007658969],
[[1850.0,300.0,300.0],0.0009174313],
[[1850.0,350.0,350.0],0.0009103956],
[[1850.0,400.0,400.0],0.0008362087],
[[1850.0,450.0,450.0],0.0008219643],
[[1850.0,500.0,500.0],0.0008570813],
[[1850.0,550.0,550.0],0.0009058705],
[[1850.0,600.0,600.0],0.0008679246],
[[1850.0,650.0,650.0],0.0009531199],
[[1850.0,700.0,700.0],0.0008219659],
[[1850.0,750.0,750.0],0.0009733606],
[[1850.0,800.0,800.0],0.0009143987],
[[1850.0,850.0,850.0],0.0008506821],
[[1850.0,900.0,900.0],0.0008750295],
[[1900.0,1.0,1.0],0.0007990106],
[[1900.0,75.0,75.0],0.0008231664],
[[1900.0,150.0,150.0],0.0007299867],
[[1900.0,200.0,200.0],0.0008476086],
[[1900.0,250.0,250.0],0.000782836],
[[1900.0,300.0,300.0],0.0008195079],
[[1900.0,350.0,350.0],0.0008706309],
[[1900.0,400.0,400.0],0.0008674209],
[[1900.0,450.0,450.0],0.0009513685],
[[1900.0,500.0,500.0],0.0009580125],
[[1900.0,550.0,550.0],0.0009577226],
[[1900.0,600.0,600.0],0.0009864766],
[[1900.0,650.0,650.0],0.0009554453],
[[1900.0,700.0,700.0],0.0009387474],
[[1900.0,750.0,750.0],0.0009668032],
[[1900.0,800.0,800.0],0.0009191531],
[[1900.0,850.0,850.0],0.0009729765],
[[1900.0,900.0,900.0],0.0008292057],
[[1950.0,1.0,1.0],0.0008305379],
[[1950.0,75.0,75.0],0.0008669473],
[[1950.0,150.0,150.0],0.0008715881],
[[1950.0,200.0,200.0],0.000905981],
[[1950.0,250.0,250.0],0.0008955171],
[[1950.0,300.0,300.0],0.0008148996],
[[1950.0,350.0,350.0],0.0009245446],
[[1950.0,400.0,400.0],0.0009564049],
[[1950.0,450.0,450.0],0.0008516728],
[[1950.0,500.0,500.0],0.0008969335],
[[1950.0,550.0,550.0],0.0009249791],
[[1950.0,600.0,600.0],0.0008167453],
[[1950.0,650.0,650.0],0.0009749287],
[[1950.0,700.0,700.0],0.0008554588],
[[1950.0,750.0,750.0],0.000941577],
[[1950.0,800.0,800.0],0.0009424913],
[[1950.0,850.0,850.0],0.000931929],
[[1950.0,900.0,900.0],0.001008918],
[[1950.0,950.0,950.0],0.0009572847],
[[2000.0,1.0,1.0],0.0009033417],
[[2000.0,75.0,75.0],0.0009510266],
[[2000.0,150.0,150.0],0.0009291113],
[[2000.0,200.0,200.0],0.0008794791],
[[2000.0,250.0,250.0],0.00082361],
[[2000.0,300.0,300.0],0.0008856177],
[[2000.0,350.0,350.0],0.0009252585],
[[2000.0,400.0,400.0],0.0009348811],
[[2000.0,450.0,450.0],0.0009215422],
[[2000.0,500.0,500.0],0.001012307],
[[2000.0,550.0,550.0],0.0009071356],
[[2000.0,600.0,600.0],0.0009013859],
[[2000.0,650.0,650.0],0.0009050654],
[[2000.0,700.0,700.0],0.000884823],
[[2000.0,750.0,750.0],0.0009467032],
[[2000.0,800.0,800.0],0.0009146024],
[[2000.0,850.0,850.0],0.0009324849],
[[2000.0,900.0,900.0],0.0009142052],
[[2000.0,950.0,950.0],0.0008593258],
[[2250.0,1.0,1.0],0.001035722],
[[2250.0,75.0,75.0],0.0009597328],
[[2250.0,150.0,150.0],0.0009413991],
[[2250.0,300.0,300.0],0.0009524971],
[[2250.0,500.0,500.0],0.0009379243],
[[2250.0,750.0,750.0],0.0009434365],
[[2250.0,1000.0,1000.0],0.001077461],
[[2500.0,1.0,1.0],0.001026478],
[[2500.0,75.0,75.0],0.0009505413],
[[2500.0,150.0,150.0],0.00103556],
[[2500.0,300.0,300.0],0.001059092],
[[2500.0,500.0,500.0],0.001039846],
[[2500.0,750.0,750.0],0.0009767359],
[[2500.0,1000.0,1000.0],0.0009765571],
[[2500.0,1200.0,1200.0],0.000976348],
[[2750.0,1.0,1.0],0.001009608],
[[2750.0,75.0,75.0],0.0008701325],
[[2750.0,150.0,150.0],0.001007782],
[[2750.0,300.0,300.0],0.0009420944],
[[2750.0,500.0,500.0],0.001055753],
[[2750.0,750.0,750.0],0.001151044],
[[2750.0,1000.0,1000.0],0.0009841856],
[[2750.0,1200.0,1200.0],0.001043919],
[[3000.0,1.0,1.0],0.001034298],
[[3000.0,75.0,75.0],0.0009754309],
[[3000.0,150.0,150.0],0.001058299],
[[3000.0,300.0,300.0],0.0009497547],
[[3000.0,500.0,500.0],0.0008506099],
[[3000.0,750.0,750.0],0.001095028],
[[3000.0,1000.0,1000.0],0.00106748],
[[3000.0,1200.0,1200.0],0.001116201],
[[3000.0,1400.0,1400.0],0.001079504]]
