txName: TRV1
constraint: {(PV > Zprime(1)), (Zprime(1) > MET(2),MET(3))}
condition: None
conditionDescription: None
figureUrl: None
source: Recast by CM2
validated: True
axesMap: [{0: 'x', 1: 'y', 2: 'y'}]
dataMap: {0: (1, 'mass', GeV), 1: (2, 'mass', GeV), 2: (3, 'mass', GeV)}
finalState: ['MET', 'MET']
intermediateState: None
efficiencyMap: [[[50.0,0,0],0],
[[50.0,1.0,1.0],0],
[[50.0,10.0,10.0],0.0],
[[50.0,20.0,20.0],0],
[[100.0,0,0],0],
[[100.0,1.0,1.0],0],
[[100.0,10.0,10.0],0],
[[150.0,0,0],0],
[[150.0,1.0,1.0],0],
[[150.0,10.0,10.0],0],
[[150.0,50.0,50.0],0],
[[150.0,70.0,70.0],0],
[[200.0,0,0],0],
[[200.0,1.0,1.0],0],
[[200.0,10.0,10.0],0],
[[200.0,50.0,50.0],0],
[[200.0,75.0,75.0],0],
[[250.0,0,0],3.042151e-06],
[[250.0,1.0,1.0],0],
[[250.0,10.0,10.0],0],
[[250.0,50.0,50.0],0],
[[250.0,75.0,75.0],0],
[[250.0,100.0,100.0],0],
[[250.0,120.0,120.0],0],
[[300.0,0,0],0],
[[300.0,1.0,1.0],0],
[[300.0,10.0,10.0],0],
[[300.0,50.0,50.0],4.165978e-06],
[[300.0,75.0,75.0],0],
[[300.0,100.0,100.0],0],
[[350.0,0,0],0],
[[350.0,1.0,1.0],0],
[[350.0,10.0,10.0],1.740856e-06],
[[350.0,50.0,50.0],2.20094e-06],
[[350.0,75.0,75.0],1.970573e-06],
[[350.0,100.0,100.0],0],
[[350.0,150.0,150.0],1.928925e-06],
[[350.0,170.0,170.0],2.275026e-06],
[[400.0,0,0],1.825361e-06],
[[400.0,1.0,1.0],1.701387e-06],
[[400.0,10.0,10.0],2.937248e-06],
[[400.0,50.0,50.0],3.164453e-06],
[[400.0,75.0,75.0],3.236323e-06],
[[400.0,100.0,100.0],2.984984e-06],
[[400.0,150.0,150.0],3.57629e-06],
[[450.0,0,0],3.517337e-06],
[[450.0,1.0,1.0],3.286172e-06],
[[450.0,10.0,10.0],3.49072e-06],
[[450.0,50.0,50.0],3.811743e-06],
[[450.0,75.0,75.0],4.849823e-06],
[[450.0,100.0,100.0],4.274536e-06],
[[450.0,150.0,150.0],3.982622e-06],
[[450.0,200.0,200.0],4.029435e-06],
[[450.0,220.0,220.0],3.552289e-06],
[[500.0,0,0],4.491982e-06],
[[500.0,1.0,1.0],5.108657e-06],
[[500.0,10.0,10.0],4.192261e-06],
[[500.0,50.0,50.0],4.935382e-06],
[[500.0,75.0,75.0],4.67459e-06],
[[500.0,100.0,100.0],5.550201e-06],
[[500.0,150.0,150.0],5.562671e-06],
[[500.0,200.0,200.0],5.178446e-06],
[[550.0,1.0,1.0],5.796348e-06],
[[550.0,10.0,10.0],6.860272e-06],
[[550.0,75.0,75.0],6.916166e-06],
[[550.0,150.0,150.0],8.080309e-06],
[[550.0,200.0,200.0],7.935324e-06],
[[550.0,250.0,250.0],8.142867e-06],
[[550.0,270.0,270.0],7.849516e-06],
[[600.0,0,0],9.423235e-06],
[[600.0,1.0,1.0],9.248618e-06],
[[600.0,10.0,10.0],8.607676e-06],
[[600.0,50.0,50.0],9.090168e-06],
[[600.0,75.0,75.0],1.058916e-05],
[[600.0,100.0,100.0],8.642234e-06],
[[600.0,150.0,150.0],1.082323e-05],
[[600.0,200.0,200.0],9.486427e-06],
[[600.0,250.0,250.0],1.063379e-05],
[[600.0,295.0,295.0],8.165107e-06],
[[650.0,1.0,1.0],1.278049e-05],
[[650.0,10.0,10.0],1.195075e-05],
[[650.0,75.0,75.0],1.373921e-05],
[[650.0,150.0,150.0],1.043608e-05],
[[650.0,200.0,200.0],1.089078e-05],
[[650.0,250.0,250.0],1.01429e-05],
[[650.0,300.0,300.0],1.213893e-05],
[[650.0,320.0,320.0],1.232869e-05],
[[700.0,0,0],1.41461e-05],
[[700.0,1.0,1.0],1.482639e-05],
[[700.0,10.0,10.0],1.366214e-05],
[[700.0,50.0,50.0],1.358346e-05],
[[700.0,75.0,75.0],1.434682e-05],
[[700.0,100.0,100.0],7.662057e-06],
[[700.0,150.0,150.0],1.757802e-05],
[[700.0,200.0,200.0],1.501977e-05],
[[700.0,250.0,250.0],1.568413e-05],
[[700.0,300.0,300.0],1.500981e-05],
[[750.0,1.0,1.0],1.80116e-05],
[[750.0,10.0,10.0],1.306132e-05],
[[750.0,75.0,75.0],1.730857e-05],
[[750.0,150.0,150.0],1.383525e-05],
[[750.0,200.0,200.0],1.717211e-05],
[[750.0,250.0,250.0],1.601923e-05],
[[750.0,300.0,300.0],1.534037e-05],
[[750.0,350.0,350.0],1.81022e-05],
[[750.0,370.0,370.0],2.179267e-05],
[[800.0,0,0],1.687802e-05],
[[800.0,1.0,1.0],1.797109e-05],
[[800.0,10.0,10.0],1.785144e-05],
[[800.0,50.0,50.0],2.403561e-05],
[[800.0,75.0,75.0],1.93743e-05],
[[800.0,100.0,100.0],2.015596e-05],
[[800.0,150.0,150.0],2.025094e-05],
[[800.0,200.0,200.0],2.155654e-05],
[[800.0,250.0,250.0],1.893267e-05],
[[800.0,300.0,300.0],1.785445e-05],
[[800.0,350.0,350.0],2.022991e-05],
[[850.0,1.0,1.0],2.197756e-05],
[[850.0,10.0,10.0],1.969756e-05],
[[850.0,75.0,75.0],2.202702e-05],
[[850.0,150.0,150.0],2.175153e-05],
[[850.0,200.0,200.0],2.444272e-05],
[[850.0,250.0,250.0],2.116149e-05],
[[850.0,300.0,300.0],2.423286e-05],
[[850.0,350.0,350.0],2.55022e-05],
[[850.0,400.0,400.0],2.546944e-05],
[[850.0,420.0,420.0],2.53895e-05],
[[900.0,0,0],2.226167e-05],
[[900.0,1.0,1.0],2.367768e-05],
[[900.0,10.0,10.0],2.293348e-05],
[[900.0,50.0,50.0],2.448162e-05],
[[900.0,75.0,75.0],2.642803e-05],
[[900.0,100.0,100.0],2.734514e-05],
[[900.0,150.0,150.0],2.827643e-05],
[[900.0,200.0,200.0],2.766324e-05],
[[900.0,250.0,250.0],4.247974e-05],
[[900.0,300.0,300.0],2.710233e-05],
[[900.0,350.0,350.0],2.571449e-05],
[[900.0,400.0,400.0],2.576259e-05],
[[950.0,1.0,1.0],2.461587e-05],
[[950.0,10.0,10.0],2.867988e-05],
[[950.0,75.0,75.0],2.447219e-05],
[[950.0,150.0,150.0],3.091106e-05],
[[950.0,200.0,200.0],3.068306e-05],
[[950.0,250.0,250.0],3.290161e-05],
[[950.0,300.0,300.0],2.778869e-05],
[[950.0,350.0,350.0],3.151753e-05],
[[950.0,400.0,400.0],3.037493e-05],
[[950.0,450.0,450.0],3.038919e-05],
[[950.0,470.0,470.0],3.484841e-05],
[[1000.0,0,0],2.912616e-05],
[[1000.0,50.0,50.0],2.907095e-05],
[[1000.0,100.0,100.0],2.962655e-05],
[[1000.0,150.0,150.0],3.350867e-05],
[[1000.0,200.0,200.0],3.400509e-05],
[[1000.0,250.0,250.0],3.157744e-05],
[[1000.0,300.0,300.0],3.038238e-05],
[[1000.0,350.0,350.0],3.435512e-05],
[[1000.0,400.0,400.0],3.475034e-05],
[[1000.0,450.0,450.0],4.201016e-05],
[[1050.0,520.0,520.0],4.358157e-05],
[[1100.0,0,0],3.997097e-05],
[[1100.0,100.0,100.0],3.473828e-05],
[[1100.0,200.0,200.0],3.870296e-05],
[[1100.0,300.0,300.0],3.688657e-05],
[[1100.0,400.0,400.0],4.291727e-05],
[[1100.0,500.0,500.0],3.973261e-05],
[[1150.0,570.0,570.0],5.161976e-05],
[[1200.0,0,0],4.419689e-05],
[[1200.0,100.0,100.0],4.676823e-05],
[[1200.0,200.0,200.0],4.894995e-05],
[[1200.0,300.0,300.0],4.674855e-05],
[[1200.0,400.0,400.0],5.142567e-05],
[[1200.0,500.0,500.0],5.016382e-05],
[[1250.0,620.0,620.0],5.887843e-05],
[[1300.0,0,0],5.342858e-05],
[[1300.0,100.0,100.0],5.492058e-05],
[[1300.0,200.0,200.0],5.320618e-05],
[[1300.0,300.0,300.0],5.867885e-05],
[[1300.0,400.0,400.0],6.725102e-05],
[[1300.0,500.0,500.0],5.789861e-05],
[[1300.0,600.0,600.0],6.135e-05],
[[1350.0,670.0,670.0],6.698005e-05],
[[1400.0,0,0],6.542114e-05],
[[1400.0,100.0,100.0],6.904122e-05],
[[1400.0,200.0,200.0],5.988358e-05],
[[1400.0,300.0,300.0],7.576078e-05],
[[1400.0,400.0,400.0],6.113678e-05],
[[1400.0,500.0,500.0],7.644908e-05],
[[1400.0,600.0,600.0],7.22854e-05],
[[1450.0,720.0,720.0],9.909574e-05],
[[1500.0,0,0],8.734144e-05],
[[1500.0,100.0,100.0],7.596991e-05],
[[1500.0,200.0,200.0],6.988104e-05],
[[1500.0,300.0,300.0],8.284478e-05],
[[1500.0,400.0,400.0],6.722945e-05],
[[1500.0,500.0,500.0],7.355856e-05],
[[1500.0,600.0,600.0],8.638027e-05],
[[1500.0,700.0,700.0],9.203095e-05],
[[1550.0,770.0,770.0],9.336953e-05],
[[1600.0,0,0],6.612307e-05],
[[1600.0,100.0,100.0],8.237886e-05],
[[1600.0,200.0,200.0],7.333103e-05],
[[1600.0,300.0,300.0],8.217605e-05],
[[1600.0,400.0,400.0],9.464521e-05],
[[1600.0,500.0,500.0],8.751104e-05],
[[1600.0,600.0,600.0],8.678346e-05],
[[1600.0,700.0,700.0],9.674006e-05],
[[1650.0,820.0,820.0],0.0001043191],
[[1700.0,0,0],8.207266e-05],
[[1700.0,100.0,100.0],8.320728e-05],
[[1700.0,200.0,200.0],9.88916e-05],
[[1700.0,300.0,300.0],0.0001016181],
[[1700.0,400.0,400.0],8.949543e-05],
[[1700.0,500.0,500.0],0.000110179],
[[1700.0,600.0,600.0],9.081782e-05],
[[1700.0,700.0,700.0],0.0001112594],
[[1700.0,800.0,800.0],0.0001019189],
[[1750.0,870.0,870.0],8.762672e-05],
[[1800.0,0,0],8.616698e-05],
[[1800.0,100.0,100.0],0.000114113],
[[1800.0,200.0,200.0],0.0001056132],
[[1800.0,300.0,300.0],8.55127e-05],
[[1800.0,400.0,400.0],0.0001183749],
[[1800.0,500.0,500.0],9.977428e-05],
[[1800.0,600.0,600.0],0.000105926],
[[1800.0,700.0,700.0],0.0001329137],
[[1800.0,800.0,800.0],0.0001016045],
[[1850.0,920.0,920.0],0.0001197371],
[[1900.0,0,0],0.0001021741],
[[1900.0,100.0,100.0],9.676135e-05],
[[1900.0,200.0,200.0],0.0001039024],
[[1900.0,300.0,300.0],0.000105668],
[[1900.0,400.0,400.0],0.0001183272],
[[1900.0,500.0,500.0],0.0001116717],
[[1900.0,600.0,600.0],0.0001143002],
[[1900.0,700.0,700.0],0.0001228938],
[[1900.0,800.0,800.0],0.0001146309],
[[1900.0,900.0,900.0],0.000113481],
[[1950.0,970.0,970.0],0.0001284622],
[[2000.0,0,0],0.0001050459],
[[2000.0,100.0,100.0],0.0001121295],
[[2000.0,200.0,200.0],0.0001093517],
[[2000.0,300.0,300.0],0.000126449],
[[2000.0,400.0,400.0],0.0001307338],
[[2000.0,500.0,500.0],0.0001067636],
[[2000.0,600.0,600.0],0.0001168975],
[[2000.0,700.0,700.0],0.0001425057],
[[2000.0,800.0,800.0],0.0001353982],
[[2000.0,900.0,900.0],0.0001189689],
[[2050.0,1020.0,1020.0],0.0001426186],
[[2100.0,0,0],0.0001182753],
[[2100.0,100.0,100.0],0.0001203696],
[[2100.0,200.0,200.0],0.0001250203],
[[2100.0,300.0,300.0],0.0001215001],
[[2100.0,400.0,400.0],0.0001135558],
[[2100.0,500.0,500.0],0.0001139844],
[[2100.0,600.0,600.0],0.0001280959],
[[2100.0,700.0,700.0],0.0001272513],
[[2100.0,800.0,800.0],0.0001314985],
[[2100.0,900.0,900.0],0.0001099203],
[[2100.0,1000.0,1000.0],0.0001463337],
[[2150.0,1070.0,1070.0],0.0001436069],
[[2200.0,0,0],0.00011323],
[[2200.0,100.0,100.0],0.0001142222],
[[2200.0,200.0,200.0],0.0001320038],
[[2200.0,300.0,300.0],0.0001226759],
[[2200.0,400.0,400.0],0.0001403986],
[[2200.0,500.0,500.0],0.0001264119],
[[2200.0,600.0,600.0],0.0001493241],
[[2200.0,700.0,700.0],0.0001502735],
[[2200.0,800.0,800.0],0.0001363732],
[[2200.0,900.0,900.0],0.000142498],
[[2200.0,1000.0,1000.0],0.0001566102],
[[2250.0,1120.0,1120.0],0.0001556464],
[[2300.0,0,0],0.0001395224],
[[2300.0,100.0,100.0],0.0001263833],
[[2300.0,200.0,200.0],0.0001349002],
[[2300.0,300.0,300.0],0.000150353],
[[2300.0,400.0,400.0],0.0001615897],
[[2300.0,500.0,500.0],0.0001301743],
[[2300.0,600.0,600.0],0.0001460134],
[[2300.0,700.0,700.0],0.0001496271],
[[2300.0,800.0,800.0],0.0001320946],
[[2300.0,900.0,900.0],0.0001619204],
[[2300.0,1000.0,1000.0],0.0001666984],
[[2300.0,1100.0,1100.0],0.0001488366],
[[2350.0,1170.0,1170.0],0.0001583305],
[[2400.0,0,0],0.0001417919],
[[2400.0,100.0,100.0],0.0001537579],
[[2400.0,200.0,200.0],0.0001392589],
[[2400.0,300.0,300.0],0.0001713536],
[[2400.0,400.0,400.0],0.0001481974],
[[2400.0,500.0,500.0],0.000133066],
[[2400.0,600.0,600.0],0.0001410809],
[[2400.0,700.0,700.0],0.0001613694],
[[2400.0,800.0,800.0],0.0001525586],
[[2400.0,900.0,900.0],0.0001605957],
[[2400.0,1000.0,1000.0],0.0001582903],
[[2400.0,1100.0,1100.0],0.0001398836],
[[2450.0,1220.0,1220.0],0.0001747829],
[[2500.0,0,0],0.0001290219],
[[2500.0,100.0,100.0],0.0001295957],
[[2500.0,200.0,200.0],0.0001619698],
[[2500.0,300.0,300.0],0.0001626531],
[[2500.0,400.0,400.0],0.0001431647],
[[2500.0,500.0,500.0],0.0001572463],
[[2500.0,600.0,600.0],0.000162828],
[[2500.0,700.0,700.0],0.0001435543],
[[2500.0,800.0,800.0],0.0001518427],
[[2500.0,900.0,900.0],0.0001961945],
[[2500.0,1000.0,1000.0],0.0001531749],
[[2500.0,1100.0,1100.0],0.000161589],
[[2500.0,1200.0,1200.0],0.0001511858],
[[2550.0,1270.0,1270.0],0.0001541796],
[[2600.0,0,0],0.0001431653],
[[2600.0,100.0,100.0],0.0001337085],
[[2600.0,200.0,200.0],0.0001404702],
[[2600.0,300.0,300.0],0.0001293797],
[[2600.0,400.0,400.0],0.0001486269],
[[2600.0,500.0,500.0],0.0001501442],
[[2600.0,600.0,600.0],0.0001615626],
[[2600.0,700.0,700.0],0.0001364393],
[[2600.0,800.0,800.0],0.0001673722],
[[2600.0,900.0,900.0],0.0001701933],
[[2600.0,1000.0,1000.0],0.0001742376],
[[2600.0,1100.0,1100.0],0.0001477519],
[[2600.0,1200.0,1200.0],0.0001534332],
[[2650.0,1320.0,1320.0],0.0001824789],
[[2700.0,0,0],0.0001287108],
[[2700.0,100.0,100.0],0.0001548072],
[[2700.0,200.0,200.0],0.0001418797],
[[2700.0,300.0,300.0],0.0001576774],
[[2700.0,400.0,400.0],0.0001411067],
[[2700.0,500.0,500.0],0.0001503143],
[[2700.0,600.0,600.0],0.0001688246],
[[2700.0,700.0,700.0],0.000186123],
[[2700.0,800.0,800.0],0.0001688735],
[[2700.0,900.0,900.0],0.0001708574],
[[2700.0,1000.0,1000.0],0.0001457964],
[[2700.0,1100.0,1100.0],0.0001547406],
[[2700.0,1200.0,1200.0],0.0001573575],
[[2700.0,1300.0,1300.0],0.0001978483],
[[2750.0,1370.0,1370.0],0.0001669838],
[[2800.0,0,0],0.0001391663],
[[2800.0,100.0,100.0],0.0001399127],
[[2800.0,200.0,200.0],0.0001579414],
[[2800.0,300.0,300.0],0.0001569314],
[[2800.0,400.0,400.0],0.0001481661],
[[2800.0,500.0,500.0],0.0001543444],
[[2800.0,600.0,600.0],0.000176349],
[[2800.0,700.0,700.0],0.0001795307],
[[2800.0,800.0,800.0],0.0001593508],
[[2800.0,900.0,900.0],0.0001700623],
[[2800.0,1000.0,1000.0],0.0001740314],
[[2800.0,1100.0,1100.0],0.0001695553],
[[2800.0,1200.0,1200.0],0.0001555521],
[[2800.0,1300.0,1300.0],0.0001754705],
[[2850.0,1420.0,1420.0],0.0001897702],
[[2900.0,0,0],0.0001260584],
[[2900.0,100.0,100.0],0.0001375545],
[[2900.0,200.0,200.0],0.0001606706],
[[2900.0,300.0,300.0],0.0001557556],
[[2900.0,400.0,400.0],0.0001542463],
[[2900.0,500.0,500.0],0.0002766859],
[[2900.0,600.0,600.0],0.0001620884],
[[2900.0,700.0,700.0],0.000195819],
[[2900.0,800.0,800.0],0.0002008687],
[[2900.0,900.0,900.0],9.449994e-05],
[[2900.0,1000.0,1000.0],0.0001615216],
[[2900.0,1100.0,1100.0],0.000167541],
[[2900.0,1200.0,1200.0],0.0001725887],
[[2900.0,1300.0,1300.0],0.0001736864],
[[2900.0,1400.0,1400.0],0.0001626802],
[[2950.0,1470.0,1470.0],0.0001803557],
[[3000.0,0,0],0.0001433086],
[[3000.0,100.0,100.0],0.0001603349],
[[3000.0,200.0,200.0],0.0001544853],
[[3000.0,300.0,300.0],0.0001540816],
[[3000.0,400.0,400.0],0.0001624776],
[[3000.0,500.0,500.0],0.0001589687],
[[3000.0,600.0,600.0],0.0001783651],
[[3000.0,700.0,700.0],0.0001854258],
[[3000.0,800.0,800.0],0.0001788461],
[[3000.0,900.0,900.0],0.0001807815],
[[3000.0,1000.0,1000.0],0.0001927731],
[[3000.0,1100.0,1100.0],0.0001823481],
[[3000.0,1200.0,1200.0],0.0001872874],
[[3000.0,1300.0,1300.0],0.0001710178],
[[3000.0,1400.0,1400.0],0.0001916359]]
