txName: TRV1
constraint: {(PV > Zprime(1)), (Zprime(1) > MET(2),MET(3))}
condition: None
conditionDescription: None
figureUrl: None
source: Recast by CM2
validated: True
axesMap: [{0: 'x', 1: 'y', 2: 'y'}]
dataMap: {0: (1, 'mass', GeV), 1: (2, 'mass', GeV), 2: (3, 'mass', GeV)}
finalState: ['MET', 'MET']
intermediateState: None
efficiencyMap: [[[50.0,0,0],0],
[[50.0,1.0,1.0],0.0],
[[50.0,10.0,10.0],0.0],
[[50.0,20.0,20.0],0.0],
[[100.0,0,0],0.0],
[[100.0,1.0,1.0],0],
[[100.0,10.0,10.0],0],
[[150.0,0,0],0],
[[150.0,1.0,1.0],0],
[[150.0,10.0,10.0],0],
[[150.0,50.0,50.0],0],
[[150.0,70.0,70.0],0],
[[200.0,0,0],0],
[[200.0,1.0,1.0],0],
[[200.0,10.0,10.0],0],
[[200.0,50.0,50.0],0],
[[200.0,75.0,75.0],0],
[[250.0,0,0],2.07344e-06],
[[250.0,1.0,1.0],0],
[[250.0,10.0,10.0],0],
[[250.0,50.0,50.0],0],
[[250.0,75.0,75.0],0],
[[250.0,100.0,100.0],0],
[[250.0,120.0,120.0],0],
[[300.0,0,0],0],
[[300.0,1.0,1.0],0],
[[300.0,10.0,10.0],0],
[[300.0,50.0,50.0],0],
[[300.0,75.0,75.0],0],
[[300.0,100.0,100.0],0],
[[350.0,0,0],0],
[[350.0,1.0,1.0],0],
[[350.0,10.0,10.0],0],
[[350.0,50.0,50.0],0],
[[350.0,75.0,75.0],0],
[[350.0,100.0,100.0],0],
[[350.0,150.0,150.0],0],
[[350.0,170.0,170.0],0],
[[400.0,0,0],2.081263e-06],
[[400.0,1.0,1.0],0],
[[400.0,10.0,10.0],0],
[[400.0,50.0,50.0],2.235698e-06],
[[400.0,75.0,75.0],0],
[[400.0,100.0,100.0],0],
[[400.0,150.0,150.0],0],
[[450.0,0,0],1.697388e-06],
[[450.0,1.0,1.0],3.632241e-06],
[[450.0,10.0,10.0],2.833925e-06],
[[450.0,50.0,50.0],2.210383e-06],
[[450.0,75.0,75.0],1.991758e-06],
[[450.0,100.0,100.0],0],
[[450.0,150.0,150.0],2.462126e-06],
[[450.0,200.0,200.0],2.467515e-06],
[[450.0,220.0,220.0],2.870464e-06],
[[500.0,0,0],3.272431e-06],
[[500.0,1.0,1.0],2.443124e-06],
[[500.0,10.0,10.0],2.793199e-06],
[[500.0,50.0,50.0],4.086754e-06],
[[500.0,75.0,75.0],2.348186e-06],
[[500.0,100.0,100.0],1.8419e-06],
[[500.0,150.0,150.0],2.555736e-06],
[[500.0,200.0,200.0],2.994427e-06],
[[550.0,1.0,1.0],2.978523e-06],
[[550.0,10.0,10.0],2.976147e-06],
[[550.0,75.0,75.0],2.7352e-06],
[[550.0,150.0,150.0],2.597794e-06],
[[550.0,200.0,200.0],3.199129e-06],
[[550.0,250.0,250.0],3.705618e-06],
[[550.0,270.0,270.0],5.300555e-06],
[[600.0,0,0],4.722153e-06],
[[600.0,1.0,1.0],3.858528e-06],
[[600.0,10.0,10.0],3.990428e-06],
[[600.0,50.0,50.0],4.125523e-06],
[[600.0,75.0,75.0],6.431836e-06],
[[600.0,100.0,100.0],3.417798e-06],
[[600.0,150.0,150.0],3.226175e-06],
[[600.0,200.0,200.0],5.23816e-06],
[[600.0,250.0,250.0],5.777837e-06],
[[600.0,295.0,295.0],4.797862e-06],
[[650.0,1.0,1.0],3.282425e-06],
[[650.0,10.0,10.0],5.371368e-06],
[[650.0,75.0,75.0],5.049469e-06],
[[650.0,150.0,150.0],5.101134e-06],
[[650.0,200.0,200.0],5.223629e-06],
[[650.0,250.0,250.0],4.675669e-06],
[[650.0,300.0,300.0],3.866906e-06],
[[650.0,320.0,320.0],4.586598e-06],
[[700.0,0,0],4.152184e-06],
[[700.0,1.0,1.0],4.564016e-06],
[[700.0,10.0,10.0],4.300039e-06],
[[700.0,50.0,50.0],3.954166e-06],
[[700.0,75.0,75.0],4.286008e-06],
[[700.0,100.0,100.0],3.196278e-06],
[[700.0,150.0,150.0],4.816635e-06],
[[700.0,200.0,200.0],5.627724e-06],
[[700.0,250.0,250.0],8.546919e-06],
[[700.0,300.0,300.0],6.567871e-06],
[[750.0,1.0,1.0],6.341986e-06],
[[750.0,10.0,10.0],1.594452e-05],
[[750.0,75.0,75.0],6.745951e-06],
[[750.0,150.0,150.0],5.03404e-06],
[[750.0,200.0,200.0],6.002397e-06],
[[750.0,250.0,250.0],6.375051e-06],
[[750.0,300.0,300.0],7.294327e-06],
[[750.0,350.0,350.0],6.672388e-06],
[[750.0,370.0,370.0],7.782928e-06],
[[800.0,0,0],7.619371e-06],
[[800.0,1.0,1.0],6.276587e-06],
[[800.0,10.0,10.0],6.483191e-06],
[[800.0,50.0,50.0],7.060023e-06],
[[800.0,75.0,75.0],7.405216e-06],
[[800.0,100.0,100.0],8.751389e-06],
[[800.0,150.0,150.0],6.627971e-06],
[[800.0,200.0,200.0],8.341172e-06],
[[800.0,250.0,250.0],7.642866e-06],
[[800.0,300.0,300.0],6.552527e-06],
[[800.0,350.0,350.0],5.708421e-06],
[[850.0,1.0,1.0],4.271841e-06],
[[850.0,10.0,10.0],6.799797e-06],
[[850.0,75.0,75.0],7.585244e-06],
[[850.0,150.0,150.0],9.185656e-06],
[[850.0,200.0,200.0],7.348307e-06],
[[850.0,250.0,250.0],8.09289e-06],
[[850.0,300.0,300.0],9.246803e-06],
[[850.0,350.0,350.0],6.754402e-06],
[[850.0,400.0,400.0],8.544474e-06],
[[850.0,420.0,420.0],8.771317e-06],
[[900.0,0,0],1.069429e-05],
[[900.0,1.0,1.0],8.097547e-06],
[[900.0,10.0,10.0],7.374905e-06],
[[900.0,50.0,50.0],8.277712e-06],
[[900.0,75.0,75.0],1.081094e-05],
[[900.0,100.0,100.0],1.178126e-05],
[[900.0,150.0,150.0],7.670728e-06],
[[900.0,200.0,200.0],8.541101e-06],
[[900.0,250.0,250.0],8.303506e-06],
[[900.0,300.0,300.0],7.733347e-06],
[[900.0,350.0,350.0],8.825781e-06],
[[900.0,400.0,400.0],1.160264e-05],
[[950.0,1.0,1.0],9.051264e-06],
[[950.0,10.0,10.0],6.849692e-06],
[[950.0,75.0,75.0],7.514581e-06],
[[950.0,150.0,150.0],9.356833e-06],
[[950.0,200.0,200.0],9.489494e-06],
[[950.0,250.0,250.0],1.044646e-05],
[[950.0,300.0,300.0],9.002001e-06],
[[950.0,350.0,350.0],5.459151e-06],
[[950.0,400.0,400.0],1.020819e-05],
[[950.0,450.0,450.0],8.443908e-06],
[[950.0,470.0,470.0],7.360628e-06],
[[1000.0,0,0],1.051554e-05],
[[1000.0,50.0,50.0],8.887895e-06],
[[1000.0,100.0,100.0],1.440094e-05],
[[1000.0,150.0,150.0],1.002529e-05],
[[1000.0,200.0,200.0],1.289901e-05],
[[1000.0,250.0,250.0],1.229768e-05],
[[1000.0,300.0,300.0],1.199597e-05],
[[1000.0,350.0,350.0],1.189515e-05],
[[1000.0,400.0,400.0],7.777182e-06],
[[1000.0,450.0,450.0],1.688067e-05],
[[1050.0,520.0,520.0],1.194458e-05],
[[1100.0,0,0],8.250758e-06],
[[1100.0,100.0,100.0],1.755611e-05],
[[1100.0,200.0,200.0],1.391236e-05],
[[1100.0,300.0,300.0],1.279843e-05],
[[1100.0,400.0,400.0],1.523578e-05],
[[1100.0,500.0,500.0],1.224349e-05],
[[1150.0,570.0,570.0],1.219771e-05],
[[1200.0,0,0],1.436909e-05],
[[1200.0,100.0,100.0],1.338031e-05],
[[1200.0,200.0,200.0],1.177877e-05],
[[1200.0,300.0,300.0],1.383042e-05],
[[1200.0,400.0,400.0],1.408307e-05],
[[1200.0,500.0,500.0],1.395808e-05],
[[1250.0,620.0,620.0],1.641348e-05],
[[1300.0,0,0],1.658218e-05],
[[1300.0,100.0,100.0],1.312097e-05],
[[1300.0,200.0,200.0],1.310965e-05],
[[1300.0,300.0,300.0],2.415707e-05],
[[1300.0,400.0,400.0],1.449287e-05],
[[1300.0,500.0,500.0],1.895636e-05],
[[1300.0,600.0,600.0],1.581978e-05],
[[1350.0,670.0,670.0],1.533839e-05],
[[1400.0,0,0],1.337129e-05],
[[1400.0,100.0,100.0],2.32197e-05],
[[1400.0,200.0,200.0],2.243388e-05],
[[1400.0,300.0,300.0],1.269997e-05],
[[1400.0,400.0,400.0],2.011182e-05],
[[1400.0,500.0,500.0],2.021631e-05],
[[1400.0,600.0,600.0],1.959345e-05],
[[1450.0,720.0,720.0],2.588957e-05],
[[1500.0,0,0],1.77792e-05],
[[1500.0,100.0,100.0],2.022969e-05],
[[1500.0,200.0,200.0],1.523161e-05],
[[1500.0,300.0,300.0],9.748924e-06],
[[1500.0,400.0,400.0],1.935527e-05],
[[1500.0,500.0,500.0],2.061025e-05],
[[1500.0,600.0,600.0],1.856152e-05],
[[1500.0,700.0,700.0],1.966671e-05],
[[1550.0,770.0,770.0],2.47305e-05],
[[1600.0,0,0],1.455701e-05],
[[1600.0,100.0,100.0],2.492843e-05],
[[1600.0,200.0,200.0],1.596338e-05],
[[1600.0,300.0,300.0],1.782562e-05],
[[1600.0,400.0,400.0],2.820066e-05],
[[1600.0,500.0,500.0],2.090735e-05],
[[1600.0,600.0,600.0],1.471369e-05],
[[1600.0,700.0,700.0],1.682526e-05],
[[1650.0,820.0,820.0],1.449321e-05],
[[1700.0,0,0],1.3578e-05],
[[1700.0,100.0,100.0],1.563578e-05],
[[1700.0,200.0,200.0],2.767919e-05],
[[1700.0,300.0,300.0],2.008733e-05],
[[1700.0,400.0,400.0],2.060936e-05],
[[1700.0,500.0,500.0],2.944062e-05],
[[1700.0,600.0,600.0],1.66688e-05],
[[1700.0,700.0,700.0],2.131396e-05],
[[1700.0,800.0,800.0],1.810941e-05],
[[1750.0,870.0,870.0],2.337669e-05],
[[1800.0,0,0],2.80026e-05],
[[1800.0,100.0,100.0],1.994472e-05],
[[1800.0,200.0,200.0],2.290125e-05],
[[1800.0,300.0,300.0],2.67887e-05],
[[1800.0,400.0,400.0],2.174329e-05],
[[1800.0,500.0,500.0],2.346413e-05],
[[1800.0,600.0,600.0],1.865892e-05],
[[1800.0,700.0,700.0],2.183866e-05],
[[1800.0,800.0,800.0],2.136298e-05],
[[1850.0,920.0,920.0],2.267995e-05],
[[1900.0,0,0],1.501391e-05],
[[1900.0,100.0,100.0],2.313861e-05],
[[1900.0,200.0,200.0],1.78179e-05],
[[1900.0,300.0,300.0],2.035343e-05],
[[1900.0,400.0,400.0],1.567364e-05],
[[1900.0,500.0,500.0],1.645595e-05],
[[1900.0,600.0,600.0],2.80076e-05],
[[1900.0,700.0,700.0],3.017326e-05],
[[1900.0,800.0,800.0],2.015665e-05],
[[1900.0,900.0,900.0],2.127236e-05],
[[1950.0,970.0,970.0],3.262718e-05],
[[2000.0,0,0],1.736954e-05],
[[2000.0,100.0,100.0],1.930752e-05],
[[2000.0,200.0,200.0],2.189074e-05],
[[2000.0,300.0,300.0],2.120672e-05],
[[2000.0,400.0,400.0],2.143292e-05],
[[2000.0,500.0,500.0],2.34283e-05],
[[2000.0,600.0,600.0],2.159978e-05],
[[2000.0,700.0,700.0],2.452521e-05],
[[2000.0,800.0,800.0],1.829494e-05],
[[2000.0,900.0,900.0],1.497765e-05],
[[2050.0,1020.0,1020.0],1.852565e-05],
[[2100.0,0,0],2.242716e-05],
[[2100.0,100.0,100.0],2.560117e-05],
[[2100.0,200.0,200.0],2.251431e-05],
[[2100.0,300.0,300.0],2.29901e-05],
[[2100.0,400.0,400.0],2.786042e-05],
[[2100.0,500.0,500.0],3.099668e-05],
[[2100.0,600.0,600.0],2.58271e-05],
[[2100.0,700.0,700.0],2.244307e-05],
[[2100.0,800.0,800.0],1.705071e-05],
[[2100.0,900.0,900.0],2.541756e-05],
[[2100.0,1000.0,1000.0],2.368345e-05],
[[2150.0,1070.0,1070.0],2.932614e-05],
[[2200.0,0,0],1.817392e-05],
[[2200.0,100.0,100.0],2.611461e-05],
[[2200.0,200.0,200.0],1.892311e-05],
[[2200.0,300.0,300.0],2.188648e-05],
[[2200.0,400.0,400.0],2.31476e-05],
[[2200.0,500.0,500.0],2.097745e-05],
[[2200.0,600.0,600.0],2.279803e-05],
[[2200.0,700.0,700.0],1.89922e-05],
[[2200.0,800.0,800.0],2.806074e-05],
[[2200.0,900.0,900.0],2.958523e-05],
[[2200.0,1000.0,1000.0],2.109805e-05],
[[2250.0,1120.0,1120.0],2.476352e-05],
[[2300.0,0,0],2.085696e-05],
[[2300.0,100.0,100.0],1.919878e-05],
[[2300.0,200.0,200.0],2.066575e-05],
[[2300.0,300.0,300.0],2.101212e-05],
[[2300.0,400.0,400.0],2.23219e-05],
[[2300.0,500.0,500.0],2.110995e-05],
[[2300.0,600.0,600.0],2.027527e-05],
[[2300.0,700.0,700.0],2.376386e-05],
[[2300.0,800.0,800.0],2.087676e-05],
[[2300.0,900.0,900.0],1.809095e-05],
[[2300.0,1000.0,1000.0],2.38202e-05],
[[2300.0,1100.0,1100.0],1.987305e-05],
[[2350.0,1170.0,1170.0],2.236282e-05],
[[2400.0,0,0],2.476541e-05],
[[2400.0,100.0,100.0],2.544054e-05],
[[2400.0,200.0,200.0],2.058239e-05],
[[2400.0,300.0,300.0],2.110293e-05],
[[2400.0,400.0,400.0],2.132896e-05],
[[2400.0,500.0,500.0],2.573563e-05],
[[2400.0,600.0,600.0],2.090944e-05],
[[2400.0,700.0,700.0],2.539032e-05],
[[2400.0,800.0,800.0],4.209621e-05],
[[2400.0,900.0,900.0],2.269344e-05],
[[2400.0,1000.0,1000.0],2.283828e-05],
[[2400.0,1100.0,1100.0],3.151639e-05],
[[2450.0,1220.0,1220.0],1.873991e-05],
[[2500.0,0,0],1.751878e-05],
[[2500.0,100.0,100.0],2.346821e-05],
[[2500.0,200.0,200.0],1.879512e-05],
[[2500.0,300.0,300.0],1.906028e-05],
[[2500.0,400.0,400.0],2.40491e-05],
[[2500.0,500.0,500.0],3.408783e-05],
[[2500.0,600.0,600.0],2.130008e-05],
[[2500.0,700.0,700.0],2.525649e-05],
[[2500.0,800.0,800.0],3.182273e-05],
[[2500.0,900.0,900.0],2.595191e-05],
[[2500.0,1000.0,1000.0],2.524163e-05],
[[2500.0,1100.0,1100.0],3.184156e-05],
[[2500.0,1200.0,1200.0],2.29222e-05],
[[2550.0,1270.0,1270.0],2.310684e-05],
[[2600.0,0,0],2.644146e-05],
[[2600.0,100.0,100.0],2.155759e-05],
[[2600.0,200.0,200.0],2.155838e-05],
[[2600.0,300.0,300.0],1.671574e-05],
[[2600.0,400.0,400.0],1.792533e-05],
[[2600.0,500.0,500.0],1.924962e-05],
[[2600.0,600.0,600.0],2.34187e-05],
[[2600.0,700.0,700.0],1.833319e-05],
[[2600.0,800.0,800.0],2.913721e-05],
[[2600.0,900.0,900.0],2.334769e-05],
[[2600.0,1000.0,1000.0],1.675209e-05],
[[2600.0,1100.0,1100.0],2.09546e-05],
[[2600.0,1200.0,1200.0],2.971939e-05],
[[2650.0,1320.0,1320.0],2.810271e-05],
[[2700.0,0,0],2.457151e-05],
[[2700.0,100.0,100.0],1.927119e-05],
[[2700.0,200.0,200.0],3.279631e-05],
[[2700.0,300.0,300.0],2.08332e-05],
[[2700.0,400.0,400.0],2.710866e-05],
[[2700.0,500.0,500.0],2.493933e-05],
[[2700.0,600.0,600.0],2.040913e-05],
[[2700.0,700.0,700.0],2.914893e-05],
[[2700.0,800.0,800.0],2.856173e-05],
[[2700.0,900.0,900.0],2.634363e-05],
[[2700.0,1000.0,1000.0],2.340603e-05],
[[2700.0,1100.0,1100.0],2.695817e-05],
[[2700.0,1200.0,1200.0],2.653519e-05],
[[2700.0,1300.0,1300.0],2.52351e-05],
[[2750.0,1370.0,1370.0],2.461438e-05],
[[2800.0,0,0],1.668843e-05],
[[2800.0,100.0,100.0],2.503528e-05],
[[2800.0,200.0,200.0],2.661394e-05],
[[2800.0,300.0,300.0],2.856581e-05],
[[2800.0,400.0,400.0],1.804051e-05],
[[2800.0,500.0,500.0],2.23631e-05],
[[2800.0,600.0,600.0],3.363564e-05],
[[2800.0,700.0,700.0],2.48234e-05],
[[2800.0,800.0,800.0],2.704728e-05],
[[2800.0,900.0,900.0],2.735609e-05],
[[2800.0,1000.0,1000.0],2.333616e-05],
[[2800.0,1100.0,1100.0],3.277628e-05],
[[2800.0,1200.0,1200.0],2.518043e-05],
[[2800.0,1300.0,1300.0],2.289983e-05],
[[2850.0,1420.0,1420.0],1.904798e-05],
[[2900.0,0,0],2.3596e-05],
[[2900.0,100.0,100.0],1.740635e-05],
[[2900.0,200.0,200.0],3.433034e-05],
[[2900.0,300.0,300.0],2.063943e-05],
[[2900.0,400.0,400.0],2.583268e-05],
[[2900.0,500.0,500.0],5.092993e-05],
[[2900.0,600.0,600.0],2.18194e-05],
[[2900.0,700.0,700.0],1.956661e-05],
[[2900.0,800.0,800.0],3.559069e-05],
[[2900.0,900.0,900.0],9.818804e-06],
[[2900.0,1000.0,1000.0],2.43045e-05],
[[2900.0,1100.0,1100.0],3.108338e-05],
[[2900.0,1200.0,1200.0],2.533833e-05],
[[2900.0,1300.0,1300.0],2.030257e-05],
[[2900.0,1400.0,1400.0],2.65613e-05],
[[2950.0,1470.0,1470.0],2.220572e-05],
[[3000.0,0,0],1.667926e-05],
[[3000.0,100.0,100.0],2.070076e-05],
[[3000.0,200.0,200.0],1.647388e-05],
[[3000.0,300.0,300.0],2.630595e-05],
[[3000.0,400.0,400.0],2.594354e-05],
[[3000.0,500.0,500.0],1.900806e-05],
[[3000.0,600.0,600.0],2.39668e-05],
[[3000.0,700.0,700.0],2.741791e-05],
[[3000.0,800.0,800.0],2.668674e-05],
[[3000.0,900.0,900.0],3.062551e-05],
[[3000.0,1000.0,1000.0],2.166548e-05],
[[3000.0,1100.0,1100.0],2.376161e-05],
[[3000.0,1200.0,1200.0],1.782639e-05],
[[3000.0,1300.0,1300.0],3.017576e-05],
[[3000.0,1400.0,1400.0],1.654286e-05]]
