txName: TRV1
constraint: {(PV > Zprime(1)), (Zprime(1) > MET(2),MET(3))}
condition: None
conditionDescription: None
figureUrl: None
source: Recast by CM2
validated: True
axesMap: [{0: 'x', 1: 'y', 2: 'y'}]
dataMap: {0: (1, 'mass', GeV), 1: (2, 'mass', GeV), 2: (3, 'mass', GeV)}
finalState: ['MET', 'MET']
intermediateState: None
efficiencyMap: [[[50.0,0,0],0.0],
[[50.0,1.0,1.0],0],
[[50.0,10.0,10.0],0.0],
[[50.0,20.0,20.0],0],
[[100.0,0,0],0],
[[100.0,1.0,1.0],0],
[[100.0,10.0,10.0],0],
[[150.0,0,0],0],
[[150.0,1.0,1.0],0],
[[150.0,10.0,10.0],0],
[[150.0,50.0,50.0],0],
[[150.0,70.0,70.0],0],
[[200.0,0,0],0],
[[200.0,1.0,1.0],0],
[[200.0,10.0,10.0],0],
[[200.0,50.0,50.0],0],
[[200.0,75.0,75.0],0],
[[250.0,0,0],0],
[[250.0,1.0,1.0],0],
[[250.0,10.0,10.0],0],
[[250.0,50.0,50.0],0],
[[250.0,75.0,75.0],0],
[[250.0,100.0,100.0],0],
[[250.0,120.0,120.0],0],
[[300.0,0,0],0],
[[300.0,1.0,1.0],0],
[[300.0,10.0,10.0],0],
[[300.0,50.0,50.0],0],
[[300.0,75.0,75.0],0],
[[300.0,100.0,100.0],0],
[[350.0,0,0],0],
[[350.0,1.0,1.0],0],
[[350.0,10.0,10.0],0],
[[350.0,50.0,50.0],0],
[[350.0,75.0,75.0],0],
[[350.0,100.0,100.0],0],
[[350.0,150.0,150.0],0],
[[350.0,170.0,170.0],0],
[[400.0,0,0],0],
[[400.0,1.0,1.0],0],
[[400.0,10.0,10.0],0],
[[400.0,50.0,50.0],0],
[[400.0,75.0,75.0],0],
[[400.0,100.0,100.0],0],
[[400.0,150.0,150.0],0],
[[450.0,0,0],1.861218e-06],
[[450.0,1.0,1.0],0],
[[450.0,10.0,10.0],1.813283e-06],
[[450.0,50.0,50.0],1.743702e-06],
[[450.0,75.0,75.0],1.721322e-06],
[[450.0,100.0,100.0],1.85054e-06],
[[450.0,150.0,150.0],1.702282e-06],
[[450.0,200.0,200.0],2.442102e-06],
[[450.0,220.0,220.0],0],
[[500.0,0,0],2.897758e-06],
[[500.0,1.0,1.0],2.13527e-06],
[[500.0,10.0,10.0],2.339136e-06],
[[500.0,50.0,50.0],2.390637e-06],
[[500.0,75.0,75.0],1.916822e-06],
[[500.0,100.0,100.0],2.513843e-06],
[[500.0,150.0,150.0],1.804169e-06],
[[500.0,200.0,200.0],2.05598e-06],
[[550.0,1.0,1.0],3.265281e-06],
[[550.0,10.0,10.0],3.316365e-06],
[[550.0,75.0,75.0],3.199043e-06],
[[550.0,150.0,150.0],3.373779e-06],
[[550.0,200.0,200.0],3.206702e-06],
[[550.0,250.0,250.0],2.962935e-06],
[[550.0,270.0,270.0],2.736413e-06],
[[600.0,0,0],2.842546e-06],
[[600.0,1.0,1.0],4.578029e-06],
[[600.0,10.0,10.0],3.403422e-06],
[[600.0,50.0,50.0],3.462992e-06],
[[600.0,75.0,75.0],3.847694e-06],
[[600.0,100.0,100.0],4.183227e-06],
[[600.0,150.0,150.0],4.668807e-06],
[[600.0,200.0,200.0],3.011523e-06],
[[600.0,250.0,250.0],3.995754e-06],
[[600.0,295.0,295.0],3.855141e-06],
[[650.0,1.0,1.0],3.065232e-06],
[[650.0,10.0,10.0],4.474226e-06],
[[650.0,75.0,75.0],5.467529e-06],
[[650.0,150.0,150.0],4.679265e-06],
[[650.0,200.0,200.0],5.656069e-06],
[[650.0,250.0,250.0],4.779007e-06],
[[650.0,300.0,300.0],6.474757e-06],
[[650.0,320.0,320.0],5.569372e-06],
[[700.0,0,0],5.752308e-06],
[[700.0,1.0,1.0],5.945257e-06],
[[700.0,10.0,10.0],6.409398e-06],
[[700.0,50.0,50.0],5.092464e-06],
[[700.0,75.0,75.0],5.409331e-06],
[[700.0,100.0,100.0],2.686716e-06],
[[700.0,150.0,150.0],5.454677e-06],
[[700.0,200.0,200.0],5.196321e-06],
[[700.0,250.0,250.0],6.624419e-06],
[[700.0,300.0,300.0],4.872664e-06],
[[750.0,1.0,1.0],6.071493e-06],
[[750.0,10.0,10.0],7.251323e-06],
[[750.0,75.0,75.0],6.249588e-06],
[[750.0,150.0,150.0],6.304755e-06],
[[750.0,200.0,200.0],6.648203e-06],
[[750.0,250.0,250.0],8.506392e-06],
[[750.0,300.0,300.0],7.520108e-06],
[[750.0,350.0,350.0],7.313371e-06],
[[750.0,370.0,370.0],8.659578e-06],
[[800.0,0,0],5.504204e-06],
[[800.0,1.0,1.0],7.587099e-06],
[[800.0,10.0,10.0],8.681377e-06],
[[800.0,50.0,50.0],6.113117e-06],
[[800.0,75.0,75.0],8.068976e-06],
[[800.0,100.0,100.0],8.159382e-06],
[[800.0,150.0,150.0],8.751456e-06],
[[800.0,200.0,200.0],6.527874e-06],
[[800.0,250.0,250.0],9.855392e-06],
[[800.0,300.0,300.0],6.858333e-06],
[[800.0,350.0,350.0],7.731164e-06],
[[850.0,1.0,1.0],7.889816e-06],
[[850.0,10.0,10.0],8.463286e-06],
[[850.0,75.0,75.0],1.004755e-05],
[[850.0,150.0,150.0],9.421766e-06],
[[850.0,200.0,200.0],7.740746e-06],
[[850.0,250.0,250.0],8.403248e-06],
[[850.0,300.0,300.0],1.123799e-05],
[[850.0,350.0,350.0],1.181759e-05],
[[850.0,400.0,400.0],9.807799e-06],
[[850.0,420.0,420.0],9.818606e-06],
[[900.0,0,0],1.141074e-05],
[[900.0,1.0,1.0],1.025732e-05],
[[900.0,10.0,10.0],9.990908e-06],
[[900.0,50.0,50.0],1.009789e-05],
[[900.0,75.0,75.0],9.296051e-06],
[[900.0,100.0,100.0],9.021206e-06],
[[900.0,150.0,150.0],9.133014e-06],
[[900.0,200.0,200.0],9.189316e-06],
[[900.0,250.0,250.0],1.076485e-05],
[[900.0,300.0,300.0],9.428616e-06],
[[900.0,350.0,350.0],1.252972e-05],
[[900.0,400.0,400.0],1.024955e-05],
[[950.0,1.0,1.0],9.130126e-06],
[[950.0,10.0,10.0],9.728946e-06],
[[950.0,75.0,75.0],1.012731e-05],
[[950.0,150.0,150.0],8.997517e-06],
[[950.0,200.0,200.0],1.098658e-05],
[[950.0,250.0,250.0],1.139634e-05],
[[950.0,300.0,300.0],9.347702e-06],
[[950.0,350.0,350.0],1.304907e-05],
[[950.0,400.0,400.0],1.230114e-05],
[[950.0,450.0,450.0],1.19827e-05],
[[950.0,470.0,470.0],1.239006e-05],
[[1000.0,0,0],1.267807e-05],
[[1000.0,50.0,50.0],1.255316e-05],
[[1000.0,100.0,100.0],1.274425e-05],
[[1000.0,150.0,150.0],1.582723e-05],
[[1000.0,200.0,200.0],1.210718e-05],
[[1000.0,250.0,250.0],1.62812e-05],
[[1000.0,300.0,300.0],1.160909e-05],
[[1000.0,350.0,350.0],1.37879e-05],
[[1000.0,400.0,400.0],1.360454e-05],
[[1000.0,450.0,450.0],1.362217e-05],
[[1050.0,520.0,520.0],2.070858e-05],
[[1100.0,0,0],1.210632e-05],
[[1100.0,100.0,100.0],1.134606e-05],
[[1100.0,200.0,200.0],1.570819e-05],
[[1100.0,300.0,300.0],1.630173e-05],
[[1100.0,400.0,400.0],1.573129e-05],
[[1100.0,500.0,500.0],1.786673e-05],
[[1150.0,570.0,570.0],2.05929e-05],
[[1200.0,0,0],2.262815e-05],
[[1200.0,100.0,100.0],3.969008e-05],
[[1200.0,200.0,200.0],1.849584e-05],
[[1200.0,300.0,300.0],1.697553e-05],
[[1200.0,400.0,400.0],2.158668e-05],
[[1200.0,500.0,500.0],2.142689e-05],
[[1250.0,620.0,620.0],2.454618e-05],
[[1300.0,0,0],2.427868e-05],
[[1300.0,100.0,100.0],2.160827e-05],
[[1300.0,200.0,200.0],2.030296e-05],
[[1300.0,300.0,300.0],1.99701e-05],
[[1300.0,400.0,400.0],2.298794e-05],
[[1300.0,500.0,500.0],2.496215e-05],
[[1300.0,600.0,600.0],2.240941e-05],
[[1350.0,670.0,670.0],4.33444e-05],
[[1400.0,0,0],3.934165e-05],
[[1400.0,100.0,100.0],2.094714e-05],
[[1400.0,200.0,200.0],2.460418e-05],
[[1400.0,300.0,300.0],2.760773e-05],
[[1400.0,400.0,400.0],2.575486e-05],
[[1400.0,500.0,500.0],2.489298e-05],
[[1400.0,600.0,600.0],2.842331e-05],
[[1450.0,720.0,720.0],3.380988e-05],
[[1500.0,0,0],2.941446e-05],
[[1500.0,100.0,100.0],2.627762e-05],
[[1500.0,200.0,200.0],6.019353e-05],
[[1500.0,300.0,300.0],3.149124e-05],
[[1500.0,400.0,400.0],3.180728e-05],
[[1500.0,500.0,500.0],2.911868e-05],
[[1500.0,600.0,600.0],3.402082e-05],
[[1500.0,700.0,700.0],3.462056e-05],
[[1550.0,770.0,770.0],3.123122e-05],
[[1600.0,0,0],3.052206e-05],
[[1600.0,100.0,100.0],3.502279e-05],
[[1600.0,200.0,200.0],3.855272e-05],
[[1600.0,300.0,300.0],6.033857e-05],
[[1600.0,400.0,400.0],4.314377e-05],
[[1600.0,500.0,500.0],3.591885e-05],
[[1600.0,600.0,600.0],4.31958e-05],
[[1600.0,700.0,700.0],4.144819e-05],
[[1650.0,820.0,820.0],3.768255e-05],
[[1700.0,0,0],4.216801e-05],
[[1700.0,100.0,100.0],3.859827e-05],
[[1700.0,200.0,200.0],3.42431e-05],
[[1700.0,300.0,300.0],3.084892e-05],
[[1700.0,400.0,400.0],3.561781e-05],
[[1700.0,500.0,500.0],3.654094e-05],
[[1700.0,600.0,600.0],4.246515e-05],
[[1700.0,700.0,700.0],6.106731e-05],
[[1700.0,800.0,800.0],5.650254e-05],
[[1750.0,870.0,870.0],4.02938e-05],
[[1800.0,0,0],4.027948e-05],
[[1800.0,100.0,100.0],3.686331e-05],
[[1800.0,200.0,200.0],3.935791e-05],
[[1800.0,300.0,300.0],4.65555e-05],
[[1800.0,400.0,400.0],5.446144e-05],
[[1800.0,500.0,500.0],3.713268e-05],
[[1800.0,600.0,600.0],4.608909e-05],
[[1800.0,700.0,700.0],5.787822e-05],
[[1800.0,800.0,800.0],4.103582e-05],
[[1850.0,920.0,920.0],3.90269e-05],
[[1900.0,0,0],4.118541e-05],
[[1900.0,100.0,100.0],3.737276e-05],
[[1900.0,200.0,200.0],3.43633e-05],
[[1900.0,300.0,300.0],4.530573e-05],
[[1900.0,400.0,400.0],4.271776e-05],
[[1900.0,500.0,500.0],5.0762e-05],
[[1900.0,600.0,600.0],5.371166e-05],
[[1900.0,700.0,700.0],5.193732e-05],
[[1900.0,800.0,800.0],4.78501e-05],
[[1900.0,900.0,900.0],4.611777e-05],
[[1950.0,970.0,970.0],5.614265e-05],
[[2000.0,0,0],4.476204e-05],
[[2000.0,100.0,100.0],6.179391e-05],
[[2000.0,200.0,200.0],5.383225e-05],
[[2000.0,300.0,300.0],5.464473e-05],
[[2000.0,400.0,400.0],4.97208e-05],
[[2000.0,500.0,500.0],5.028201e-05],
[[2000.0,600.0,600.0],4.445456e-05],
[[2000.0,700.0,700.0],6.525875e-05],
[[2000.0,800.0,800.0],5.482318e-05],
[[2000.0,900.0,900.0],4.560951e-05],
[[2050.0,1020.0,1020.0],4.831806e-05],
[[2100.0,0,0],4.414132e-05],
[[2100.0,100.0,100.0],5.573694e-05],
[[2100.0,200.0,200.0],4.468078e-05],
[[2100.0,300.0,300.0],5.210686e-05],
[[2100.0,400.0,400.0],5.215215e-05],
[[2100.0,500.0,500.0],5.464098e-05],
[[2100.0,600.0,600.0],5.140835e-05],
[[2100.0,700.0,700.0],5.842055e-05],
[[2100.0,800.0,800.0],5.460083e-05],
[[2100.0,900.0,900.0],5.294202e-05],
[[2100.0,1000.0,1000.0],5.468556e-05],
[[2150.0,1070.0,1070.0],4.927979e-05],
[[2200.0,0,0],4.919222e-05],
[[2200.0,100.0,100.0],6.7968e-05],
[[2200.0,200.0,200.0],5.662361e-05],
[[2200.0,300.0,300.0],5.537109e-05],
[[2200.0,400.0,400.0],5.366859e-05],
[[2200.0,500.0,500.0],6.413908e-05],
[[2200.0,600.0,600.0],4.770435e-05],
[[2200.0,700.0,700.0],4.999162e-05],
[[2200.0,800.0,800.0],5.482084e-05],
[[2200.0,900.0,900.0],5.231021e-05],
[[2200.0,1000.0,1000.0],5.643028e-05],
[[2250.0,1120.0,1120.0],5.863444e-05],
[[2300.0,0,0],5.335574e-05],
[[2300.0,100.0,100.0],4.474533e-05],
[[2300.0,200.0,200.0],5.556015e-05],
[[2300.0,300.0,300.0],4.764181e-05],
[[2300.0,400.0,400.0],6.210571e-05],
[[2300.0,500.0,500.0],6.238195e-05],
[[2300.0,600.0,600.0],5.787693e-05],
[[2300.0,700.0,700.0],5.715525e-05],
[[2300.0,800.0,800.0],5.840442e-05],
[[2300.0,900.0,900.0],6.355411e-05],
[[2300.0,1000.0,1000.0],6.761292e-05],
[[2300.0,1100.0,1100.0],5.569108e-05],
[[2350.0,1170.0,1170.0],6.625171e-05],
[[2400.0,0,0],4.800863e-05],
[[2400.0,100.0,100.0],5.172039e-05],
[[2400.0,200.0,200.0],4.882985e-05],
[[2400.0,300.0,300.0],4.904377e-05],
[[2400.0,400.0,400.0],6.123423e-05],
[[2400.0,500.0,500.0],5.752917e-05],
[[2400.0,600.0,600.0],5.867552e-05],
[[2400.0,700.0,700.0],6.176289e-05],
[[2400.0,800.0,800.0],5.145623e-05],
[[2400.0,900.0,900.0],6.992458e-05],
[[2400.0,1000.0,1000.0],6.223659e-05],
[[2400.0,1100.0,1100.0],5.880602e-05],
[[2450.0,1220.0,1220.0],7.228095e-05],
[[2500.0,0,0],7.504586e-05],
[[2500.0,100.0,100.0],6.350007e-05],
[[2500.0,200.0,200.0],6.105855e-05],
[[2500.0,300.0,300.0],6.373578e-05],
[[2500.0,400.0,400.0],5.917698e-05],
[[2500.0,500.0,500.0],5.472837e-05],
[[2500.0,600.0,600.0],4.802723e-05],
[[2500.0,700.0,700.0],7.373176e-05],
[[2500.0,800.0,800.0],5.693488e-05],
[[2500.0,900.0,900.0],6.915228e-05],
[[2500.0,1000.0,1000.0],6.483059e-05],
[[2500.0,1100.0,1100.0],6.906179e-05],
[[2500.0,1200.0,1200.0],6.925479e-05],
[[2550.0,1270.0,1270.0],7.277907e-05],
[[2600.0,0,0],6.152969e-05],
[[2600.0,100.0,100.0],5.9962e-05],
[[2600.0,200.0,200.0],5.549306e-05],
[[2600.0,300.0,300.0],5.119956e-05],
[[2600.0,400.0,400.0],6.592033e-05],
[[2600.0,500.0,500.0],6.433309e-05],
[[2600.0,600.0,600.0],5.817061e-05],
[[2600.0,700.0,700.0],6.099422e-05],
[[2600.0,800.0,800.0],7.409867e-05],
[[2600.0,900.0,900.0],5.075248e-05],
[[2600.0,1000.0,1000.0],7.102147e-05],
[[2600.0,1100.0,1100.0],7.130774e-05],
[[2600.0,1200.0,1200.0],6.288887e-05],
[[2650.0,1320.0,1320.0],5.88377e-05],
[[2700.0,0,0],6.066398e-05],
[[2700.0,100.0,100.0],6.720044e-05],
[[2700.0,200.0,200.0],6.881665e-05],
[[2700.0,300.0,300.0],6.211589e-05],
[[2700.0,400.0,400.0],6.298919e-05],
[[2700.0,500.0,500.0],5.711572e-05],
[[2700.0,600.0,600.0],5.126149e-05],
[[2700.0,700.0,700.0],6.448363e-05],
[[2700.0,800.0,800.0],6.351933e-05],
[[2700.0,900.0,900.0],6.803833e-05],
[[2700.0,1000.0,1000.0],7.310743e-05],
[[2700.0,1100.0,1100.0],5.863074e-05],
[[2700.0,1200.0,1200.0],6.74251e-05],
[[2700.0,1300.0,1300.0],7.204656e-05],
[[2750.0,1370.0,1370.0],6.972729e-05],
[[2800.0,0,0],6.220316e-05],
[[2800.0,100.0,100.0],5.365616e-05],
[[2800.0,200.0,200.0],6.304992e-05],
[[2800.0,300.0,300.0],6.298409e-05],
[[2800.0,400.0,400.0],6.554932e-05],
[[2800.0,500.0,500.0],5.597729e-05],
[[2800.0,600.0,600.0],6.415434e-05],
[[2800.0,700.0,700.0],8.603792e-05],
[[2800.0,800.0,800.0],6.531475e-05],
[[2800.0,900.0,900.0],8.292832e-05],
[[2800.0,1000.0,1000.0],6.114888e-05],
[[2800.0,1100.0,1100.0],6.633557e-05],
[[2800.0,1200.0,1200.0],8.943193e-05],
[[2800.0,1300.0,1300.0],7.695069e-05],
[[2850.0,1420.0,1420.0],7.658775e-05],
[[2900.0,0,0],5.930772e-05],
[[2900.0,100.0,100.0],5.506029e-05],
[[2900.0,200.0,200.0],6.292468e-05],
[[2900.0,300.0,300.0],6.015805e-05],
[[2900.0,400.0,400.0],7.613772e-05],
[[2900.0,500.0,500.0],0.0001344547],
[[2900.0,600.0,600.0],6.509251e-05],
[[2900.0,700.0,700.0],6.987105e-05],
[[2900.0,800.0,800.0],8.166411e-05],
[[2900.0,900.0,900.0],2.705178e-05],
[[2900.0,1000.0,1000.0],6.388188e-05],
[[2900.0,1100.0,1100.0],7.21001e-05],
[[2900.0,1200.0,1200.0],6.346392e-05],
[[2900.0,1300.0,1300.0],7.271615e-05],
[[2900.0,1400.0,1400.0],6.332746e-05],
[[2950.0,1470.0,1470.0],6.006275e-05],
[[3000.0,0,0],5.089794e-05],
[[3000.0,100.0,100.0],5.678634e-05],
[[3000.0,200.0,200.0],5.799706e-05],
[[3000.0,300.0,300.0],6.422266e-05],
[[3000.0,400.0,400.0],7.111976e-05],
[[3000.0,500.0,500.0],5.353712e-05],
[[3000.0,600.0,600.0],6.177664e-05],
[[3000.0,700.0,700.0],7.095958e-05],
[[3000.0,800.0,800.0],7.372365e-05],
[[3000.0,900.0,900.0],8.40964e-05],
[[3000.0,1000.0,1000.0],6.894842e-05],
[[3000.0,1100.0,1100.0],7.510349e-05],
[[3000.0,1200.0,1200.0],7.32929e-05],
[[3000.0,1300.0,1300.0],7.037909e-05],
[[3000.0,1400.0,1400.0],7.810023e-05]]
