txName: TRS1
constraint: {(PV > H0(1)), (H0(1) > MET(2),MET(3))}
condition: None
conditionDescription: None
figureUrl: https://cms-results.web.cern.ch/cms-results/public-results/publications/EXO-20-004/CMS-EXO-20-004_Figure_009-a.png
source: https://doi.org/10.5281/zenodo.13324003
validated: True
axesMap: [{0: 'x', 1: '1.0', 2: '1.0'}, {0: 'x', 1: 'y', 2: 'y'}]
dataMap: {0: (1, 'mass', GeV), 1: (2, 'mass', GeV), 2: (3, 'mass', GeV)}
finalState: ['MET', 'MET']
intermediateState: None
efficiencyMap: [[[100.0,1.0,1.0],0.00011747],
[[100.0,10.0,10.0],0.0001102922],
[[150.0,1.0,1.0],0.0002285108],
[[150.0,50.0,50.0],0.0002228227],
[[200.0,1.0,1.0],0.0003777714],
[[200.0,50.0,50.0],0.0003602794],
[[200.0,100.0,100.0],0.0005977254],
[[250.0,1.0,1.0],0.0004692157],
[[250.0,10.0,10.0],0.0004750032],
[[250.0,50.0,50.0],0.0004572395],
[[250.0,100.0,100.0],0.0004641657],
[[300.0,1.0,1.0],0.000530597],
[[300.0,50.0,50.0],0.0005629499],
[[300.0,100.0,100.0],0.0005544648],
[[350.0,1.0,1.0],0.0006059456],
[[350.0,50.0,50.0],0.0006000127],
[[350.0,100.0,100.0],0.0006061099],
[[350.0,150.0,150.0],0.0005728561],
[[400.0,1.0,1.0],0.000797418],
[[400.0,50.0,50.0],0.0007614223],
[[400.0,100.0,100.0],0.0006948219],
[[400.0,150.0,150.0],0.0007593697],
[[450.0,1.0,1.0],0.0008116723],
[[450.0,50.0,50.0],0.0008003595],
[[450.0,100.0,100.0],0.0009181521],
[[450.0,150.0,150.0],0.0009672565],
[[450.0,200.0,200.0],0.0009715197],
[[500.0,1.0,1.0],0.001034504],
[[500.0,10.0,10.0],0.0014229],
[[500.0,50.0,50.0],0.001048308],
[[500.0,100.0,100.0],0.001035327],
[[500.0,150.0,150.0],0.001201687],
[[500.0,200.0,200.0],0.001225018],
[[550.0,1.0,1.0],0.001200507],
[[550.0,50.0,50.0],0.001216775],
[[550.0,100.0,100.0],0.001281239],
[[550.0,150.0,150.0],0.001292358],
[[550.0,200.0,200.0],0.001263635],
[[550.0,250.0,250.0],0.00164078],
[[600.0,1.0,1.0],0.001500927],
[[600.0,50.0,50.0],0.001381592],
[[600.0,100.0,100.0],0.00172035],
[[600.0,150.0,150.0],0.001614549],
[[600.0,200.0,200.0],0.001403673],
[[600.0,250.0,250.0],0.001594957],
[[650.0,1.0,1.0],0.001443217],
[[650.0,50.0,50.0],0.001740196],
[[650.0,100.0,100.0],0.002133835],
[[650.0,150.0,150.0],0.001523746],
[[650.0,200.0,200.0],0.00204983],
[[650.0,250.0,250.0],0.001883865],
[[650.0,300.0,300.0],0.001838892],
[[700.0,1.0,1.0],0.001982288],
[[700.0,50.0,50.0],0.001699942],
[[700.0,100.0,100.0],0.001721507],
[[700.0,150.0,150.0],0.002036674],
[[700.0,200.0,200.0],0.002366512],
[[700.0,250.0,250.0],0.001669029],
[[700.0,300.0,300.0],0.002153626],
[[750.0,1.0,1.0],0.002075957],
[[750.0,10.0,10.0],0.001971349],
[[750.0,50.0,50.0],0.002044321],
[[750.0,100.0,100.0],0.001759201],
[[750.0,150.0,150.0],0.001986653],
[[750.0,200.0,200.0],0.002095561],
[[750.0,250.0,250.0],0.002117577],
[[750.0,300.0,300.0],0.002220642],
[[750.0,350.0,350.0],0.002277063],
[[800.0,1.0,1.0],0.001876395],
[[800.0,150.0,150.0],0.002733703],
[[800.0,200.0,200.0],0.002169256],
[[800.0,250.0,250.0],0.002064111],
[[800.0,300.0,300.0],0.003150312],
[[800.0,350.0,350.0],0.002140795],
[[850.0,1.0,1.0],0.001879002],
[[850.0,150.0,150.0],0.002517723],
[[850.0,200.0,200.0],0.002829673],
[[850.0,250.0,250.0],0.00231522],
[[850.0,300.0,300.0],0.002621463],
[[850.0,350.0,350.0],0.002397036],
[[850.0,400.0,400.0],0.002582393],
[[900.0,1.0,1.0],0.002557356],
[[900.0,150.0,150.0],0.001969777],
[[900.0,200.0,200.0],0.002581704],
[[900.0,250.0,250.0],0.002817121],
[[900.0,300.0,300.0],0.002337492],
[[900.0,350.0,350.0],0.002626789],
[[900.0,400.0,400.0],0.002423653],
[[950.0,1.0,1.0],0.002171001],
[[950.0,150.0,150.0],0.003465712],
[[950.0,200.0,200.0],0.002854554],
[[950.0,250.0,250.0],0.002594918],
[[950.0,300.0,300.0],0.002501356],
[[950.0,350.0,350.0],0.002252248],
[[950.0,400.0,400.0],0.00295464],
[[950.0,450.0,450.0],0.003034558],
[[1000.0,1.0,1.0],0.003119184],
[[1000.0,10.0,10.0],0.002481675],
[[1000.0,50.0,50.0],0.002229189],
[[1000.0,100.0,100.0],0.002324455],
[[1000.0,150.0,150.0],0.002613735],
[[1000.0,200.0,200.0],0.002389417],
[[1000.0,250.0,250.0],0.002872651],
[[1000.0,300.0,300.0],0.00261259],
[[1000.0,350.0,350.0],0.002888824],
[[1000.0,400.0,400.0],0.002855943],
[[1000.0,450.0,450.0],0.003787118],
[[1050.0,1.0,1.0],0.002787436],
[[1050.0,150.0,150.0],0.002694466],
[[1050.0,200.0,200.0],0.002759549],
[[1050.0,250.0,250.0],0.002438467],
[[1050.0,300.0,300.0],0.002670784],
[[1050.0,350.0,350.0],0.003066349],
[[1050.0,400.0,400.0],0.003330126],
[[1050.0,450.0,450.0],0.00328507],
[[1050.0,500.0,500.0],0.002834431],
[[1100.0,1.0,1.0],0.003130556],
[[1100.0,150.0,150.0],0.002850635],
[[1100.0,200.0,200.0],0.003041449],
[[1100.0,250.0,250.0],0.002822143],
[[1100.0,300.0,300.0],0.003384585],
[[1100.0,350.0,350.0],0.00272069],
[[1100.0,400.0,400.0],0.003592464],
[[1100.0,450.0,450.0],0.002931812],
[[1100.0,500.0,500.0],0.003215163],
[[1150.0,1.0,1.0],0.002745494],
[[1150.0,150.0,150.0],0.00334406],
[[1150.0,200.0,200.0],0.002817764],
[[1150.0,250.0,250.0],0.002994092],
[[1150.0,300.0,300.0],0.004000864],
[[1150.0,350.0,350.0],0.002958441],
[[1150.0,400.0,400.0],0.003263399],
[[1150.0,450.0,450.0],0.004381094],
[[1150.0,500.0,500.0],0.0037213],
[[1150.0,550.0,550.0],0.003474866],
[[1200.0,1.0,1.0],0.002616605],
[[1200.0,150.0,150.0],0.002952168],
[[1200.0,200.0,200.0],0.003025485],
[[1200.0,250.0,250.0],0.003572796],
[[1200.0,300.0,300.0],0.003335344],
[[1200.0,350.0,350.0],0.002946594],
[[1200.0,400.0,400.0],0.003680516],
[[1200.0,450.0,450.0],0.003411876],
[[1200.0,500.0,500.0],0.003255668],
[[1200.0,550.0,550.0],0.003254482],
[[1250.0,1.0,1.0],0.002175178],
[[1250.0,10.0,10.0],0.003229002],
[[1250.0,50.0,50.0],0.002892143],
[[1250.0,100.0,100.0],0.002807384],
[[1250.0,150.0,150.0],0.003018499],
[[1250.0,200.0,200.0],0.002753193],
[[1250.0,250.0,250.0],0.003015617],
[[1250.0,300.0,300.0],0.003729893],
[[1250.0,350.0,350.0],0.003176888],
[[1250.0,400.0,400.0],0.003450009],
[[1250.0,450.0,450.0],0.002999549],
[[1250.0,500.0,500.0],0.00338215],
[[1250.0,550.0,550.0],0.003768125],
[[1250.0,600.0,600.0],0.003735726],
[[1300.0,1.0,1.0],0.002926929],
[[1300.0,150.0,150.0],0.003190929],
[[1300.0,200.0,200.0],0.00355622],
[[1300.0,250.0,250.0],0.002959773],
[[1300.0,300.0,300.0],0.004218716],
[[1300.0,350.0,350.0],0.003203506],
[[1300.0,400.0,400.0],0.00367565],
[[1300.0,450.0,450.0],0.003158963],
[[1300.0,500.0,500.0],0.003121556],
[[1300.0,550.0,550.0],0.003894142],
[[1300.0,600.0,600.0],0.003456521],
[[1350.0,1.0,1.0],0.002815142],
[[1350.0,150.0,150.0],0.00321363],
[[1350.0,200.0,200.0],0.003303276],
[[1350.0,250.0,250.0],0.003255974],
[[1350.0,300.0,300.0],0.003872261],
[[1350.0,350.0,350.0],0.004891544],
[[1350.0,400.0,400.0],0.003147],
[[1350.0,450.0,450.0],0.003100982],
[[1350.0,500.0,500.0],0.00329813],
[[1350.0,550.0,550.0],0.004057891],
[[1350.0,600.0,600.0],0.003712866],
[[1350.0,650.0,650.0],0.003267197],
[[1400.0,1.0,1.0],0.002804355],
[[1400.0,150.0,150.0],0.003872037],
[[1400.0,200.0,200.0],0.003109049],
[[1400.0,250.0,250.0],0.003566894],
[[1400.0,300.0,300.0],0.003301449],
[[1400.0,350.0,350.0],0.003541899],
[[1400.0,400.0,400.0],0.003694548],
[[1400.0,450.0,450.0],0.004202296],
[[1400.0,500.0,500.0],0.00311106],
[[1400.0,550.0,550.0],0.003477866],
[[1400.0,600.0,600.0],0.00398406],
[[1400.0,650.0,650.0],0.003421207],
[[1450.0,1.0,1.0],0.002847398],
[[1450.0,150.0,150.0],0.00302314],
[[1450.0,200.0,200.0],0.003765644],
[[1450.0,250.0,250.0],0.003585607],
[[1450.0,300.0,300.0],0.003844331],
[[1450.0,350.0,350.0],0.00387013],
[[1450.0,400.0,400.0],0.003669478],
[[1450.0,450.0,450.0],0.003473589],
[[1450.0,500.0,500.0],0.003566959],
[[1450.0,550.0,550.0],0.003468841],
[[1450.0,600.0,600.0],0.003924309],
[[1450.0,650.0,650.0],0.003979471],
[[1450.0,700.0,700.0],0.003260116],
[[1500.0,1.0,1.0],0.002685424],
[[1500.0,10.0,10.0],0.002857099],
[[1500.0,50.0,50.0],0.002734863],
[[1500.0,100.0,100.0],0.00310002],
[[1500.0,150.0,150.0],0.002989369],
[[1500.0,200.0,200.0],0.003229251],
[[1500.0,250.0,250.0],0.003494439],
[[1500.0,300.0,300.0],0.0041706],
[[1500.0,350.0,350.0],0.003619069],
[[1500.0,400.0,400.0],0.003617092],
[[1500.0,450.0,450.0],0.003062853],
[[1500.0,500.0,500.0],0.003507689],
[[1500.0,550.0,550.0],0.003973265],
[[1500.0,600.0,600.0],0.004429031],
[[1500.0,650.0,650.0],0.003842382],
[[1500.0,700.0,700.0],0.004081917],
[[1500.0,750.0,750.0],0.004154802],
[[1550.0,1.0,1.0],0.003062188],
[[1550.0,150.0,150.0],0.003256526],
[[1550.0,200.0,200.0],0.003614969],
[[1550.0,250.0,250.0],0.003718214],
[[1550.0,300.0,300.0],0.003611572],
[[1550.0,350.0,350.0],0.003642932],
[[1550.0,400.0,400.0],0.003847284],
[[1550.0,450.0,450.0],0.003941132],
[[1550.0,500.0,500.0],0.003792626],
[[1550.0,550.0,550.0],0.003967903],
[[1550.0,600.0,600.0],0.004363012],
[[1550.0,650.0,650.0],0.003831606],
[[1550.0,700.0,700.0],0.003947395],
[[1550.0,750.0,750.0],0.00397227],
[[1600.0,1.0,1.0],0.002922877],
[[1600.0,150.0,150.0],0.003648488],
[[1600.0,200.0,200.0],0.002936583],
[[1600.0,250.0,250.0],0.003343459],
[[1600.0,300.0,300.0],0.003866679],
[[1600.0,350.0,350.0],0.003803575],
[[1600.0,400.0,400.0],0.00380204],
[[1600.0,450.0,450.0],0.003565621],
[[1600.0,500.0,500.0],0.003648099],
[[1600.0,550.0,550.0],0.003692278],
[[1600.0,600.0,600.0],0.003735914],
[[1600.0,650.0,650.0],0.003911162],
[[1600.0,700.0,700.0],0.004353902],
[[1600.0,750.0,750.0],0.003723799],
[[1650.0,1.0,1.0],0.002686506],
[[1650.0,150.0,150.0],0.002917231],
[[1650.0,200.0,200.0],0.003655119],
[[1650.0,250.0,250.0],0.003417865],
[[1650.0,300.0,300.0],0.003609641],
[[1650.0,350.0,350.0],0.003448564],
[[1650.0,400.0,400.0],0.003889529],
[[1650.0,450.0,450.0],0.004127597],
[[1650.0,500.0,500.0],0.004328135],
[[1650.0,550.0,550.0],0.00378296],
[[1650.0,600.0,600.0],0.003563138],
[[1650.0,650.0,650.0],0.003861714],
[[1650.0,700.0,700.0],0.004019037],
[[1650.0,750.0,750.0],0.003714753],
[[1650.0,800.0,800.0],0.004089829],
[[1700.0,1.0,1.0],0.002499708],
[[1700.0,150.0,150.0],0.003232861],
[[1700.0,200.0,200.0],0.003600595],
[[1700.0,250.0,250.0],0.003974579],
[[1700.0,300.0,300.0],0.003461255],
[[1700.0,350.0,350.0],0.003749142],
[[1700.0,400.0,400.0],0.004502344],
[[1700.0,450.0,450.0],0.003911044],
[[1700.0,500.0,500.0],0.003669173],
[[1700.0,550.0,550.0],0.003857365],
[[1700.0,600.0,600.0],0.003808709],
[[1700.0,650.0,650.0],0.004220656],
[[1700.0,700.0,700.0],0.003562837],
[[1700.0,750.0,750.0],0.004438449],
[[1700.0,800.0,800.0],0.003732041],
[[1750.0,1.0,1.0],0.002728823],
[[1750.0,10.0,10.0],0.002764337],
[[1750.0,50.0,50.0],0.00269864],
[[1750.0,100.0,100.0],0.003325765],
[[1750.0,150.0,150.0],0.003306095],
[[1750.0,200.0,200.0],0.003496031],
[[1750.0,250.0,250.0],0.004083836],
[[1750.0,300.0,300.0],0.003606729],
[[1750.0,350.0,350.0],0.004004565],
[[1750.0,400.0,400.0],0.003533352],
[[1750.0,450.0,450.0],0.004070678],
[[1750.0,500.0,500.0],0.003829247],
[[1750.0,550.0,550.0],0.004737961],
[[1750.0,600.0,600.0],0.004405562],
[[1750.0,650.0,650.0],0.003571567],
[[1750.0,700.0,700.0],0.004641494],
[[1750.0,750.0,750.0],0.004116328],
[[1750.0,800.0,800.0],0.004556232],
[[1750.0,850.0,850.0],0.004269447],
[[1800.0,1.0,1.0],0.002621955],
[[1800.0,150.0,150.0],0.003195248],
[[1800.0,200.0,200.0],0.003607166],
[[1800.0,250.0,250.0],0.004222878],
[[1800.0,300.0,300.0],0.003346655],
[[1800.0,350.0,350.0],0.003738797],
[[1800.0,400.0,400.0],0.004042535],
[[1800.0,450.0,450.0],0.004243169],
[[1800.0,500.0,500.0],0.003917458],
[[1800.0,550.0,550.0],0.00411907],
[[1800.0,600.0,600.0],0.004323209],
[[1800.0,650.0,650.0],0.004155606],
[[1800.0,700.0,700.0],0.004622031],
[[1800.0,750.0,750.0],0.004040947],
[[1800.0,800.0,800.0],0.004604293],
[[1800.0,850.0,850.0],0.004306633],
[[1850.0,1.0,1.0],0.002842476],
[[1850.0,150.0,150.0],0.003258542],
[[1850.0,200.0,200.0],0.00388816],
[[1850.0,250.0,250.0],0.004043333],
[[1850.0,300.0,300.0],0.004076926],
[[1850.0,350.0,350.0],0.003911238],
[[1850.0,400.0,400.0],0.004059388],
[[1850.0,450.0,450.0],0.003948961],
[[1850.0,500.0,500.0],0.003847418],
[[1850.0,550.0,550.0],0.004268535],
[[1850.0,600.0,600.0],0.004678343],
[[1850.0,650.0,650.0],0.00405151],
[[1850.0,700.0,700.0],0.004304037],
[[1850.0,750.0,750.0],0.004620337],
[[1850.0,800.0,800.0],0.003905445],
[[1850.0,850.0,850.0],0.004472958],
[[1850.0,900.0,900.0],0.004249777],
[[1900.0,1.0,1.0],0.0026768],
[[1900.0,150.0,150.0],0.002956169],
[[1900.0,200.0,200.0],0.00318692],
[[1900.0,250.0,250.0],0.003465755],
[[1900.0,300.0,300.0],0.003927805],
[[1900.0,350.0,350.0],0.00340701],
[[1900.0,400.0,400.0],0.00370417],
[[1900.0,450.0,450.0],0.003443462],
[[1900.0,500.0,500.0],0.004241621],
[[1900.0,550.0,550.0],0.004125563],
[[1900.0,600.0,600.0],0.004384968],
[[1900.0,650.0,650.0],0.005025792],
[[1900.0,700.0,700.0],0.004025204],
[[1900.0,750.0,750.0],0.003900651],
[[1900.0,800.0,800.0],0.003653999],
[[1900.0,850.0,850.0],0.005560179],
[[1900.0,900.0,900.0],0.003811562],
[[1950.0,1.0,1.0],0.002475108],
[[1950.0,150.0,150.0],0.003347796],
[[1950.0,200.0,200.0],0.003259217],
[[1950.0,250.0,250.0],0.003437277],
[[1950.0,300.0,300.0],0.003641815],
[[1950.0,350.0,350.0],0.00357974],
[[1950.0,400.0,400.0],0.004417254],
[[1950.0,450.0,450.0],0.003574445],
[[1950.0,500.0,500.0],0.003923076],
[[1950.0,550.0,550.0],0.003989218],
[[1950.0,600.0,600.0],0.004264427],
[[1950.0,650.0,650.0],0.004188798],
[[1950.0,700.0,700.0],0.004288507],
[[1950.0,750.0,750.0],0.00373198],
[[1950.0,800.0,800.0],0.003894743],
[[1950.0,850.0,850.0],0.004422733],
[[1950.0,900.0,900.0],0.003620971],
[[1950.0,950.0,950.0],0.004209134],
[[2000.0,1.0,1.0],0.002735109],
[[2000.0,10.0,10.0],0.002831517],
[[2000.0,50.0,50.0],0.00281232],
[[2000.0,100.0,100.0],0.003055734],
[[2000.0,150.0,150.0],0.003094767],
[[2000.0,200.0,200.0],0.00379177],
[[2000.0,250.0,250.0],0.004390592],
[[2000.0,300.0,300.0],0.003716672],
[[2000.0,350.0,350.0],0.004134277],
[[2000.0,400.0,400.0],0.004000816],
[[2000.0,450.0,450.0],0.004259962],
[[2000.0,500.0,500.0],0.004388098],
[[2000.0,550.0,550.0],0.004406151],
[[2000.0,600.0,600.0],0.004407166],
[[2000.0,650.0,650.0],0.005379418],
[[2000.0,700.0,700.0],0.003827085],
[[2000.0,750.0,750.0],0.004161011],
[[2000.0,800.0,800.0],0.004069939],
[[2000.0,850.0,850.0],0.004157928],
[[2000.0,900.0,900.0],0.004896586],
[[2000.0,950.0,950.0],0.004464241],
[[2250.0,1.0,1.0],0.002168892],
[[2250.0,10.0,10.0],0.002330596],
[[2250.0,50.0,50.0],0.002459255],
[[2250.0,100.0,100.0],0.002937863],
[[2250.0,150.0,150.0],0.003254501],
[[2250.0,300.0,300.0],0.003825981],
[[2250.0,500.0,500.0],0.004561467],
[[2250.0,750.0,750.0],0.004441392],
[[2250.0,1000.0,1000.0],0.004702862],
[[2500.0,1.0,1.0],0.002105944],
[[2500.0,10.0,10.0],0.002328833],
[[2500.0,50.0,50.0],0.002466983],
[[2500.0,100.0,100.0],0.002623901],
[[2500.0,150.0,150.0],0.003084621],
[[2500.0,300.0,300.0],0.003848134],
[[2500.0,500.0,500.0],0.004313746],
[[2500.0,750.0,750.0],0.004330961],
[[2500.0,1000.0,1000.0],0.004831793],
[[2500.0,1200.0,1200.0],0.005224787],
[[2750.0,1.0,1.0],0.002111143],
[[2750.0,10.0,10.0],0.002327124],
[[2750.0,50.0,50.0],0.002515584],
[[2750.0,100.0,100.0],0.002880476],
[[2750.0,150.0,150.0],0.002765652],
[[2750.0,300.0,300.0],0.004185293],
[[2750.0,500.0,500.0],0.004247764],
[[2750.0,750.0,750.0],0.005071475],
[[2750.0,1000.0,1000.0],0.004524182],
[[2750.0,1200.0,1200.0],0.004288887],
[[3000.0,1.0,1.0],0.002399091],
[[3000.0,10.0,10.0],0.002311495],
[[3000.0,50.0,50.0],0.002761805],
[[3000.0,100.0,100.0],0.002927551],
[[3000.0,150.0,150.0],0.002780983],
[[3000.0,300.0,300.0],0.00388081],
[[3000.0,500.0,500.0],0.00474034],
[[3000.0,750.0,750.0],0.004815263],
[[3000.0,1000.0,1000.0],0.00483004],
[[3000.0,1200.0,1200.0],0.004992437],
[[3000.0,1400.0,1400.0],0.00492154]]
