txName: TRV1
constraint: {(PV > Zprime(1)), (Zprime(1) > MET(2),MET(3))}
condition: None
conditionDescription: None
figureUrl: https://cms-results.web.cern.ch/cms-results/public-results/publications/EXO-20-004/CMS-EXO-20-004_Figure_007-b.png
source: CMS
validated: True
axesMap: [{0: 'x', 1: 'y', 2: 'y'}]
dataMap: {0: (1, 'mass', GeV), 1: (2, 'mass', GeV), 2: (3, 'mass', GeV)}
finalState: ['MET', 'MET']
intermediateState: None
efficiencyMap: [[[50.0,1.0,1.0],2.310095e-06],
[[100.0,1.0,1.0],1.504625e-05],
[[100.0,10.0,10.0],1.151071e-05],
[[150.0,1.0,1.0],2.948314e-05],
[[150.0,75.0,75.0],4.753482e-05],
[[200.0,1.0,1.0],7.784603e-05],
[[200.0,75.0,75.0],7.496233e-05],
[[250.0,1.0,1.0],0.0001371386],
[[250.0,10.0,10.0],0.0001352884],
[[250.0,75.0,75.0],0.0001289035],
[[300.0,1.0,1.0],0.0001896007],
[[300.0,75.0,75.0],0.0001850889],
[[350.0,1.0,1.0],0.0002517825],
[[350.0,75.0,75.0],0.0002284537],
[[350.0,150.0,150.0],0.0002676383],
[[400.0,1.0,1.0],0.0003117946],
[[400.0,75.0,75.0],0.0003337797],
[[400.0,150.0,150.0],0.0003418486],
[[450.0,1.0,1.0],0.0004176891],
[[450.0,75.0,75.0],0.0004423743],
[[450.0,150.0,150.0],0.0004038553],
[[450.0,200.0,200.0],0.000434418],
[[500.0,1.0,1.0],0.0005334405],
[[500.0,10.0,10.0],0.0004861539],
[[500.0,75.0,75.0],0.0004879417],
[[500.0,150.0,150.0],0.0004628551],
[[500.0,200.0,200.0],0.0005921841],
[[550.0,1.0,1.0],0.0005786737],
[[550.0,75.0,75.0],0.0006212458],
[[550.0,150.0,150.0],0.0006094954],
[[550.0,200.0,200.0],0.0005999171],
[[550.0,250.0,250.0],0.0006253504],
[[600.0,1.0,1.0],0.0007017035],
[[600.0,75.0,75.0],0.0005976723],
[[600.0,150.0,150.0],0.0006572045],
[[600.0,200.0,200.0],0.0006598247],
[[600.0,250.0,250.0],0.0007655896],
[[650.0,1.0,1.0],0.0007604369],
[[650.0,75.0,75.0],0.0006768526],
[[650.0,150.0,150.0],0.0006905638],
[[650.0,200.0,200.0],0.0007051221],
[[650.0,250.0,250.0],0.0006784375],
[[650.0,300.0,300.0],0.0008661404],
[[700.0,1.0,1.0],0.0007700634],
[[700.0,75.0,75.0],0.0008156147],
[[700.0,150.0,150.0],0.0007724601],
[[700.0,200.0,200.0],0.0007852383],
[[700.0,250.0,250.0],0.0007905371],
[[700.0,300.0,300.0],0.0009954582],
[[750.0,1.0,1.0],0.0008189535],
[[750.0,10.0,10.0],0.0008841614],
[[750.0,75.0,75.0],0.0007419145],
[[750.0,150.0,150.0],0.0008348802],
[[750.0,200.0,200.0],0.0009872081],
[[750.0,250.0,250.0],0.0008926422],
[[750.0,300.0,300.0],0.0009125079],
[[750.0,350.0,350.0],0.0008062141],
[[800.0,1.0,1.0],0.000921014],
[[800.0,75.0,75.0],0.0008902372],
[[800.0,150.0,150.0],0.0009313335],
[[800.0,200.0,200.0],0.0009221958],
[[800.0,250.0,250.0],0.000956416],
[[800.0,300.0,300.0],0.001019453],
[[800.0,350.0,350.0],0.0009525492],
[[850.0,1.0,1.0],0.0008910419],
[[850.0,75.0,75.0],0.0009578827],
[[850.0,150.0,150.0],0.0009229919],
[[850.0,200.0,200.0],0.0009526909],
[[850.0,250.0,250.0],0.0009584116],
[[850.0,300.0,300.0],0.0009954192],
[[850.0,350.0,350.0],0.0009080125],
[[850.0,400.0,400.0],0.001012446],
[[900.0,1.0,1.0],0.0009532205],
[[900.0,75.0,75.0],0.001034366],
[[900.0,150.0,150.0],0.0010549],
[[900.0,200.0,200.0],0.0009453265],
[[900.0,250.0,250.0],0.001005093],
[[900.0,300.0,300.0],0.001109793],
[[900.0,350.0,350.0],0.001011285],
[[900.0,400.0,400.0],0.000962868],
[[950.0,1.0,1.0],0.0010621],
[[950.0,75.0,75.0],0.001019249],
[[950.0,150.0,150.0],0.001214411],
[[950.0,200.0,200.0],0.001052905],
[[950.0,250.0,250.0],0.00127724],
[[950.0,300.0,300.0],0.001119448],
[[950.0,350.0,350.0],0.001005729],
[[950.0,400.0,400.0],0.001077824],
[[950.0,450.0,450.0],0.001072308],
[[1000.0,1.0,1.0],0.001047988],
[[1000.0,10.0,10.0],0.001042202],
[[1000.0,75.0,75.0],0.001061238],
[[1000.0,150.0,150.0],0.001147994],
[[1000.0,200.0,200.0],0.001039366],
[[1000.0,250.0,250.0],0.001148915],
[[1000.0,300.0,300.0],0.001058205],
[[1000.0,350.0,350.0],0.001060631],
[[1000.0,400.0,400.0],0.001108496],
[[1000.0,450.0,450.0],0.001168704],
[[1050.0,1.0,1.0],0.0009508345],
[[1050.0,75.0,75.0],0.001070333],
[[1050.0,150.0,150.0],0.001058376],
[[1050.0,200.0,200.0],0.00106026],
[[1050.0,250.0,250.0],0.00114496],
[[1050.0,300.0,300.0],0.001177425],
[[1050.0,350.0,350.0],0.001066466],
[[1050.0,400.0,400.0],0.001225419],
[[1050.0,450.0,450.0],0.001135833],
[[1050.0,500.0,500.0],0.001261947],
[[1100.0,1.0,1.0],0.001153435],
[[1100.0,75.0,75.0],0.00114023],
[[1100.0,150.0,150.0],0.001244581],
[[1100.0,200.0,200.0],0.001162513],
[[1100.0,250.0,250.0],0.001095397],
[[1100.0,300.0,300.0],0.001287927],
[[1100.0,350.0,350.0],0.001057388],
[[1100.0,400.0,400.0],0.001205684],
[[1100.0,450.0,450.0],0.001152778],
[[1100.0,500.0,500.0],0.001130056],
[[1150.0,1.0,1.0],0.001121514],
[[1150.0,75.0,75.0],0.001245021],
[[1150.0,150.0,150.0],0.001141239],
[[1150.0,200.0,200.0],0.001386095],
[[1150.0,250.0,250.0],0.001144744],
[[1150.0,300.0,300.0],0.001153161],
[[1150.0,350.0,350.0],0.001324054],
[[1150.0,400.0,400.0],0.001341562],
[[1150.0,450.0,450.0],0.001245634],
[[1150.0,500.0,500.0],0.001200595],
[[1150.0,550.0,550.0],0.001190836],
[[1200.0,1.0,1.0],0.001101227],
[[1200.0,75.0,75.0],0.001390055],
[[1200.0,150.0,150.0],0.001182346],
[[1200.0,200.0,200.0],0.001395351],
[[1200.0,250.0,250.0],0.00126935],
[[1200.0,300.0,300.0],0.001316529],
[[1200.0,350.0,350.0],0.001101747],
[[1200.0,400.0,400.0],0.001226529],
[[1200.0,450.0,450.0],0.001266596],
[[1200.0,500.0,500.0],0.001249404],
[[1200.0,550.0,550.0],0.001282899],
[[1250.0,1.0,1.0],0.001172722],
[[1250.0,10.0,10.0],0.001248766],
[[1250.0,75.0,75.0],0.001364398],
[[1250.0,150.0,150.0],0.001216361],
[[1250.0,200.0,200.0],0.001403],
[[1250.0,250.0,250.0],0.001305526],
[[1250.0,300.0,300.0],0.001289385],
[[1250.0,350.0,350.0],0.001306444],
[[1250.0,400.0,400.0],0.001322947],
[[1250.0,450.0,450.0],0.001266311],
[[1250.0,500.0,500.0],0.001312719],
[[1250.0,550.0,550.0],0.001338129],
[[1250.0,600.0,600.0],0.001415371],
[[1300.0,1.0,1.0],0.001271372],
[[1300.0,75.0,75.0],0.001233794],
[[1300.0,150.0,150.0],0.001262145],
[[1300.0,200.0,200.0],0.001281007],
[[1300.0,250.0,250.0],0.001288321],
[[1300.0,300.0,300.0],0.001263047],
[[1300.0,350.0,350.0],0.001276039],
[[1300.0,400.0,400.0],0.001246824],
[[1300.0,450.0,450.0],0.00138665],
[[1300.0,500.0,500.0],0.001312735],
[[1300.0,550.0,550.0],0.001497273],
[[1300.0,600.0,600.0],0.00136619],
[[1350.0,1.0,1.0],0.001263115],
[[1350.0,75.0,75.0],0.001250129],
[[1350.0,150.0,150.0],0.001213836],
[[1350.0,200.0,200.0],0.001336541],
[[1350.0,250.0,250.0],0.001356167],
[[1350.0,300.0,300.0],0.00131839],
[[1350.0,350.0,350.0],0.001393641],
[[1350.0,400.0,400.0],0.001338304],
[[1350.0,450.0,450.0],0.001406991],
[[1350.0,500.0,500.0],0.001288832],
[[1350.0,550.0,550.0],0.001452391],
[[1350.0,600.0,600.0],0.001341837],
[[1350.0,650.0,650.0],0.001395872],
[[1400.0,1.0,1.0],0.001364845],
[[1400.0,75.0,75.0],0.001345375],
[[1400.0,150.0,150.0],0.001287286],
[[1400.0,200.0,200.0],0.001364329],
[[1400.0,250.0,250.0],0.001270631],
[[1400.0,300.0,300.0],0.001318184],
[[1400.0,350.0,350.0],0.001210287],
[[1400.0,400.0,400.0],0.001464033],
[[1400.0,450.0,450.0],0.001267838],
[[1400.0,500.0,500.0],0.001353529],
[[1400.0,550.0,550.0],0.001265413],
[[1400.0,600.0,600.0],0.001277511],
[[1400.0,650.0,650.0],0.001433316],
[[1450.0,1.0,1.0],0.001246792],
[[1450.0,75.0,75.0],0.001401041],
[[1450.0,150.0,150.0],0.001351606],
[[1450.0,200.0,200.0],0.001303711],
[[1450.0,250.0,250.0],0.001303867],
[[1450.0,300.0,300.0],0.00140566],
[[1450.0,350.0,350.0],0.001365636],
[[1450.0,400.0,400.0],0.001286003],
[[1450.0,450.0,450.0],0.001281569],
[[1450.0,500.0,500.0],0.001296602],
[[1450.0,550.0,550.0],0.001506782],
[[1450.0,600.0,600.0],0.001410959],
[[1450.0,650.0,650.0],0.001253101],
[[1450.0,700.0,700.0],0.001308397],
[[1500.0,1.0,1.0],0.0014004],
[[1500.0,10.0,10.0],0.001323064],
[[1500.0,75.0,75.0],0.001358415],
[[1500.0,150.0,150.0],0.001367579],
[[1500.0,200.0,200.0],0.001432852],
[[1500.0,250.0,250.0],0.001407973],
[[1500.0,300.0,300.0],0.00144945],
[[1500.0,350.0,350.0],0.001485585],
[[1500.0,400.0,400.0],0.001432786],
[[1500.0,450.0,450.0],0.001399024],
[[1500.0,500.0,500.0],0.00139199],
[[1500.0,550.0,550.0],0.001314969],
[[1500.0,600.0,600.0],0.001283198],
[[1500.0,650.0,650.0],0.001317104],
[[1500.0,700.0,700.0],0.001440021],
[[1500.0,750.0,750.0],0.001466508],
[[1550.0,1.0,1.0],0.001360693],
[[1550.0,75.0,75.0],0.001344815],
[[1550.0,150.0,150.0],0.001408009],
[[1550.0,200.0,200.0],0.001500257],
[[1550.0,250.0,250.0],0.00145385],
[[1550.0,300.0,300.0],0.001432049],
[[1550.0,350.0,350.0],0.001404499],
[[1550.0,400.0,400.0],0.00133599],
[[1550.0,450.0,450.0],0.00135412],
[[1550.0,500.0,500.0],0.001394712],
[[1550.0,550.0,550.0],0.001244336],
[[1550.0,600.0,600.0],0.001475047],
[[1550.0,650.0,650.0],0.001691274],
[[1550.0,700.0,700.0],0.001503564],
[[1550.0,750.0,750.0],0.001263214],
[[1600.0,1.0,1.0],0.001397319],
[[1600.0,75.0,75.0],0.001434278],
[[1600.0,150.0,150.0],0.001361139],
[[1600.0,200.0,200.0],0.001335059],
[[1600.0,250.0,250.0],0.001478693],
[[1600.0,300.0,300.0],0.001399737],
[[1600.0,350.0,350.0],0.001417574],
[[1600.0,400.0,400.0],0.001533173],
[[1600.0,450.0,450.0],0.00152042],
[[1600.0,500.0,500.0],0.001592795],
[[1600.0,550.0,550.0],0.001235619],
[[1600.0,600.0,600.0],0.001405162],
[[1600.0,650.0,650.0],0.001379962],
[[1600.0,700.0,700.0],0.001499983],
[[1600.0,750.0,750.0],0.00155967],
[[1650.0,1.0,1.0],0.00143793],
[[1650.0,75.0,75.0],0.001436681],
[[1650.0,150.0,150.0],0.001349942],
[[1650.0,200.0,200.0],0.001506177],
[[1650.0,250.0,250.0],0.001481376],
[[1650.0,300.0,300.0],0.001470694],
[[1650.0,350.0,350.0],0.001326298],
[[1650.0,400.0,400.0],0.001492648],
[[1650.0,450.0,450.0],0.001482555],
[[1650.0,500.0,500.0],0.001464981],
[[1650.0,550.0,550.0],0.001478464],
[[1650.0,600.0,600.0],0.001341265],
[[1650.0,650.0,650.0],0.001500965],
[[1650.0,700.0,700.0],0.001486515],
[[1650.0,750.0,750.0],0.001595762],
[[1650.0,800.0,800.0],0.001667033],
[[1700.0,1.0,1.0],0.001471613],
[[1700.0,75.0,75.0],0.001404389],
[[1700.0,150.0,150.0],0.001559156],
[[1700.0,200.0,200.0],0.001542514],
[[1700.0,250.0,250.0],0.001441765],
[[1700.0,300.0,300.0],0.001446718],
[[1700.0,350.0,350.0],0.001325784],
[[1700.0,400.0,400.0],0.001330981],
[[1700.0,450.0,450.0],0.001549837],
[[1700.0,500.0,500.0],0.001539639],
[[1700.0,550.0,550.0],0.001593223],
[[1700.0,600.0,600.0],0.001543444],
[[1700.0,650.0,650.0],0.001504554],
[[1700.0,700.0,700.0],0.001307981],
[[1700.0,750.0,750.0],0.00155969],
[[1700.0,800.0,800.0],0.001443916],
[[1750.0,1.0,1.0],0.001396458],
[[1750.0,10.0,10.0],0.001412133],
[[1750.0,75.0,75.0],0.001438013],
[[1750.0,150.0,150.0],0.001473794],
[[1750.0,200.0,200.0],0.001474575],
[[1750.0,250.0,250.0],0.001620272],
[[1750.0,300.0,300.0],0.001438659],
[[1750.0,350.0,350.0],0.001545802],
[[1750.0,400.0,400.0],0.0015076],
[[1750.0,450.0,450.0],0.001526131],
[[1750.0,500.0,500.0],0.001476299],
[[1750.0,550.0,550.0],0.001630295],
[[1750.0,600.0,600.0],0.001593789],
[[1750.0,650.0,650.0],0.001590109],
[[1750.0,700.0,700.0],0.001608086],
[[1750.0,750.0,750.0],0.001585718],
[[1750.0,800.0,800.0],0.00143583],
[[1750.0,850.0,850.0],0.001516472],
[[1800.0,1.0,1.0],0.001533404],
[[1800.0,75.0,75.0],0.001527457],
[[1800.0,150.0,150.0],0.001537928],
[[1800.0,200.0,200.0],0.001403536],
[[1800.0,250.0,250.0],0.001595435],
[[1800.0,300.0,300.0],0.0015429],
[[1800.0,350.0,350.0],0.001634094],
[[1800.0,400.0,400.0],0.001413688],
[[1800.0,450.0,450.0],0.001514127],
[[1800.0,500.0,500.0],0.00156489],
[[1800.0,550.0,550.0],0.001532796],
[[1800.0,600.0,600.0],0.001549469],
[[1800.0,650.0,650.0],0.001544624],
[[1800.0,700.0,700.0],0.001384327],
[[1800.0,750.0,750.0],0.001569436],
[[1800.0,800.0,800.0],0.001635689],
[[1800.0,850.0,850.0],0.001619228],
[[1850.0,1.0,1.0],0.001420029],
[[1850.0,75.0,75.0],0.001493128],
[[1850.0,150.0,150.0],0.001573418],
[[1850.0,200.0,200.0],0.001591227],
[[1850.0,250.0,250.0],0.001530684],
[[1850.0,300.0,300.0],0.001476861],
[[1850.0,350.0,350.0],0.001469253],
[[1850.0,400.0,400.0],0.001343445],
[[1850.0,450.0,450.0],0.001534569],
[[1850.0,500.0,500.0],0.001623189],
[[1850.0,550.0,550.0],0.001494191],
[[1850.0,600.0,600.0],0.001548209],
[[1850.0,650.0,650.0],0.001663889],
[[1850.0,700.0,700.0],0.001471785],
[[1850.0,750.0,750.0],0.001625967],
[[1850.0,800.0,800.0],0.001532862],
[[1850.0,850.0,850.0],0.001652107],
[[1850.0,900.0,900.0],0.001666027],
[[1900.0,1.0,1.0],0.001386109],
[[1900.0,75.0,75.0],0.001383125],
[[1900.0,150.0,150.0],0.001467194],
[[1900.0,200.0,200.0],0.001371617],
[[1900.0,250.0,250.0],0.001473865],
[[1900.0,300.0,300.0],0.001441335],
[[1900.0,350.0,350.0],0.001663668],
[[1900.0,400.0,400.0],0.00163419],
[[1900.0,450.0,450.0],0.001624044],
[[1900.0,500.0,500.0],0.001583038],
[[1900.0,550.0,550.0],0.001497499],
[[1900.0,600.0,600.0],0.001590124],
[[1900.0,650.0,650.0],0.00153156],
[[1900.0,700.0,700.0],0.001550215],
[[1900.0,750.0,750.0],0.001510615],
[[1900.0,800.0,800.0],0.001463356],
[[1900.0,850.0,850.0],0.00147166],
[[1900.0,900.0,900.0],0.001577125],
[[1950.0,1.0,1.0],0.001411321],
[[1950.0,75.0,75.0],0.001548693],
[[1950.0,150.0,150.0],0.001475293],
[[1950.0,200.0,200.0],0.001611268],
[[1950.0,250.0,250.0],0.001347611],
[[1950.0,300.0,300.0],0.001439312],
[[1950.0,350.0,350.0],0.001636077],
[[1950.0,400.0,400.0],0.00153978],
[[1950.0,450.0,450.0],0.001442305],
[[1950.0,500.0,500.0],0.001548518],
[[1950.0,550.0,550.0],0.001595912],
[[1950.0,600.0,600.0],0.001660378],
[[1950.0,650.0,650.0],0.001571493],
[[1950.0,700.0,700.0],0.001490315],
[[1950.0,750.0,750.0],0.001619759],
[[1950.0,800.0,800.0],0.001716747],
[[1950.0,850.0,850.0],0.001543199],
[[1950.0,900.0,900.0],0.001655988],
[[1950.0,950.0,950.0],0.001431809],
[[2000.0,1.0,1.0],0.001614424],
[[2000.0,75.0,75.0],0.001600117],
[[2000.0,150.0,150.0],0.00158738],
[[2000.0,200.0,200.0],0.001396771],
[[2000.0,250.0,250.0],0.001609531],
[[2000.0,300.0,300.0],0.0016285],
[[2000.0,350.0,350.0],0.001355117],
[[2000.0,400.0,400.0],0.001577291],
[[2000.0,450.0,450.0],0.001631363],
[[2000.0,500.0,500.0],0.001623927],
[[2000.0,550.0,550.0],0.001886347],
[[2000.0,600.0,600.0],0.001544559],
[[2000.0,650.0,650.0],0.001549287],
[[2000.0,700.0,700.0],0.001676224],
[[2000.0,750.0,750.0],0.001685711],
[[2000.0,800.0,800.0],0.001583695],
[[2000.0,850.0,850.0],0.001731527],
[[2000.0,900.0,900.0],0.001691515],
[[2000.0,950.0,950.0],0.001791272],
[[2250.0,1.0,1.0],0.00158634],
[[2250.0,75.0,75.0],0.001589236],
[[2250.0,150.0,150.0],0.001769092],
[[2250.0,300.0,300.0],0.00160076],
[[2250.0,500.0,500.0],0.001778814],
[[2250.0,750.0,750.0],0.001692419],
[[2250.0,1000.0,1000.0],0.001595419],
[[2500.0,1.0,1.0],0.00157606],
[[2500.0,75.0,75.0],0.001667348],
[[2500.0,150.0,150.0],0.001729392],
[[2500.0,300.0,300.0],0.001689638],
[[2500.0,500.0,500.0],0.001643034],
[[2500.0,750.0,750.0],0.001876595],
[[2500.0,1000.0,1000.0],0.001670462],
[[2500.0,1200.0,1200.0],0.00169278],
[[2750.0,1.0,1.0],0.001843828],
[[2750.0,75.0,75.0],0.001585938],
[[2750.0,150.0,150.0],0.002030395],
[[2750.0,300.0,300.0],0.001771399],
[[2750.0,500.0,500.0],0.001701451],
[[2750.0,750.0,750.0],0.001794282],
[[2750.0,1000.0,1000.0],0.001851064],
[[2750.0,1200.0,1200.0],0.001899951],
[[3000.0,1.0,1.0],0.001798254],
[[3000.0,75.0,75.0],0.001877123],
[[3000.0,150.0,150.0],0.001900494],
[[3000.0,300.0,300.0],0.001671675],
[[3000.0,500.0,500.0],0.001773737],
[[3000.0,750.0,750.0],0.00191623],
[[3000.0,1000.0,1000.0],0.002040488],
[[3000.0,1200.0,1200.0],0.001898133],
[[3000.0,1400.0,1400.0],0.00168154]]
