txName: TRS1
constraint: {(PV > H0(1)), (H0(1) > MET(2),MET(3))}
condition: None
conditionDescription: None
figureUrl: https://cms-results.web.cern.ch/cms-results/public-results/publications/EXO-20-004/CMS-EXO-20-004_Figure_009-a.png
source: CMS
validated: True
axesMap: [{0: 'x', 1: '1.0', 2: '1.0'}, {0: 'x', 1: 'y', 2: 'y'}]
dataMap: {0: (1, 'mass', GeV), 1: (2, 'mass', GeV), 2: (3, 'mass', GeV)}
finalState: ['MET', 'MET']
intermediateState: None
efficiencyMap: [[[100.0,10.0,10.0],0.0001686345],
[[150.0,1.0,1.0],0.0003054871],
[[150.0,50.0,50.0],0.0003022653],
[[200.0,1.0,1.0],0.0004505155],
[[200.0,50.0,50.0],0.0004533674],
[[200.0,100.0,100.0],0.0006934392],
[[250.0,1.0,1.0],0.0006406563],
[[250.0,10.0,10.0],0.0005828337],
[[250.0,50.0,50.0],0.0006693403],
[[250.0,100.0,100.0],0.0006010623],
[[300.0,1.0,1.0],0.0007504743],
[[300.0,50.0,50.0],0.0007777218],
[[300.0,100.0,100.0],0.0007512823],
[[350.0,1.0,1.0],0.0007643075],
[[350.0,50.0,50.0],0.000883279],
[[350.0,100.0,100.0],0.0008382608],
[[350.0,150.0,150.0],0.0007935229],
[[400.0,1.0,1.0],0.001085346],
[[400.0,50.0,50.0],0.001034894],
[[400.0,100.0,100.0],0.001034708],
[[400.0,150.0,150.0],0.001046914],
[[450.0,1.0,1.0],0.001196942],
[[450.0,50.0,50.0],0.001127251],
[[450.0,100.0,100.0],0.001296149],
[[450.0,150.0,150.0],0.001130816],
[[450.0,200.0,200.0],0.001320122],
[[500.0,1.0,1.0],0.001479059],
[[500.0,10.0,10.0],0.001625504],
[[500.0,50.0,50.0],0.001591434],
[[500.0,100.0,100.0],0.001886979],
[[500.0,150.0,150.0],0.001397251],
[[500.0,200.0,200.0],0.001527514],
[[550.0,1.0,1.0],0.001948427],
[[550.0,50.0,50.0],0.001747823],
[[550.0,100.0,100.0],0.001657868],
[[550.0,150.0,150.0],0.001820844],
[[550.0,200.0,200.0],0.001884524],
[[550.0,250.0,250.0],0.001906634],
[[600.0,1.0,1.0],0.002386269],
[[600.0,50.0,50.0],0.002021653],
[[600.0,100.0,100.0],0.001922655],
[[600.0,150.0,150.0],0.002186967],
[[600.0,200.0,200.0],0.002068714],
[[600.0,250.0,250.0],0.001730311],
[[650.0,1.0,1.0],0.002147332],
[[650.0,50.0,50.0],0.002029223],
[[650.0,100.0,100.0],0.002258348],
[[650.0,150.0,150.0],0.002147831],
[[650.0,200.0,200.0],0.002332067],
[[650.0,250.0,250.0],0.002198037],
[[650.0,300.0,300.0],0.002328708],
[[700.0,1.0,1.0],0.002244651],
[[700.0,50.0,50.0],0.002627344],
[[700.0,100.0,100.0],0.00244399],
[[700.0,150.0,150.0],0.002638882],
[[700.0,200.0,200.0],0.002333372],
[[700.0,250.0,250.0],0.002375631],
[[700.0,300.0,300.0],0.003221631],
[[750.0,1.0,1.0],0.003041194],
[[750.0,10.0,10.0],0.002410983],
[[750.0,50.0,50.0],0.002731763],
[[750.0,100.0,100.0],0.002690102],
[[750.0,150.0,150.0],0.002612166],
[[750.0,200.0,200.0],0.003348408],
[[750.0,250.0,250.0],0.002894051],
[[750.0,300.0,300.0],0.00275605],
[[750.0,350.0,350.0],0.003078971],
[[800.0,1.0,1.0],0.002893409],
[[800.0,150.0,150.0],0.002732025],
[[800.0,200.0,200.0],0.003196158],
[[800.0,250.0,250.0],0.002588525],
[[800.0,300.0,300.0],0.002952286],
[[800.0,350.0,350.0],0.002806953],
[[850.0,1.0,1.0],0.003060201],
[[850.0,150.0,150.0],0.002891935],
[[850.0,200.0,200.0],0.003199984],
[[850.0,250.0,250.0],0.003520097],
[[850.0,300.0,300.0],0.003641322],
[[850.0,350.0,350.0],0.003500496],
[[850.0,400.0,400.0],0.003034125],
[[900.0,1.0,1.0],0.002919267],
[[900.0,150.0,150.0],0.003066301],
[[900.0,200.0,200.0],0.0031989],
[[900.0,250.0,250.0],0.003956098],
[[900.0,300.0,300.0],0.003327398],
[[900.0,350.0,350.0],0.004029948],
[[900.0,400.0,400.0],0.003866402],
[[950.0,1.0,1.0],0.003369637],
[[950.0,150.0,150.0],0.002945515],
[[950.0,200.0,200.0],0.003229897],
[[950.0,250.0,250.0],0.003284002],
[[950.0,300.0,300.0],0.004280808],
[[950.0,350.0,350.0],0.003770688],
[[950.0,400.0,400.0],0.003638572],
[[950.0,450.0,450.0],0.003639768],
[[1000.0,1.0,1.0],0.003669666],
[[1000.0,10.0,10.0],0.003404313],
[[1000.0,50.0,50.0],0.003906869],
[[1000.0,100.0,100.0],0.003012861],
[[1000.0,150.0,150.0],0.003093638],
[[1000.0,200.0,200.0],0.003385419],
[[1000.0,250.0,250.0],0.003550513],
[[1000.0,300.0,300.0],0.00352644],
[[1000.0,350.0,350.0],0.003664794],
[[1000.0,400.0,400.0],0.003862244],
[[1000.0,450.0,450.0],0.003583189],
[[1050.0,1.0,1.0],0.003313398],
[[1050.0,150.0,150.0],0.003578576],
[[1050.0,200.0,200.0],0.003833221],
[[1050.0,250.0,250.0],0.004197884],
[[1050.0,300.0,300.0],0.00461617],
[[1050.0,350.0,350.0],0.004137683],
[[1050.0,400.0,400.0],0.003956483],
[[1050.0,450.0,450.0],0.003719435],
[[1050.0,500.0,500.0],0.004573272],
[[1100.0,1.0,1.0],0.003534271],
[[1100.0,150.0,150.0],0.00421981],
[[1100.0,200.0,200.0],0.004043394],
[[1100.0,250.0,250.0],0.003719673],
[[1100.0,300.0,300.0],0.003739353],
[[1100.0,350.0,350.0],0.004094254],
[[1100.0,400.0,400.0],0.004295914],
[[1100.0,450.0,450.0],0.004100843],
[[1100.0,500.0,500.0],0.00432306],
[[1150.0,1.0,1.0],0.003654258],
[[1150.0,150.0,150.0],0.003498575],
[[1150.0,200.0,200.0],0.00387914],
[[1150.0,250.0,250.0],0.00353985],
[[1150.0,300.0,300.0],0.003690644],
[[1150.0,350.0,350.0],0.004581675],
[[1150.0,400.0,400.0],0.004070942],
[[1150.0,450.0,450.0],0.004286439],
[[1150.0,500.0,500.0],0.004569991],
[[1150.0,550.0,550.0],0.004587405],
[[1200.0,1.0,1.0],0.003623084],
[[1200.0,150.0,150.0],0.003584092],
[[1200.0,200.0,200.0],0.004320971],
[[1200.0,250.0,250.0],0.003907825],
[[1200.0,300.0,300.0],0.004094397],
[[1200.0,350.0,350.0],0.004306814],
[[1200.0,400.0,400.0],0.00468778],
[[1200.0,450.0,450.0],0.003966442],
[[1200.0,500.0,500.0],0.004758443],
[[1200.0,550.0,550.0],0.00469706],
[[1250.0,1.0,1.0],0.003616066],
[[1250.0,10.0,10.0],0.003874355],
[[1250.0,50.0,50.0],0.003361096],
[[1250.0,100.0,100.0],0.003556173],
[[1250.0,150.0,150.0],0.003701827],
[[1250.0,200.0,200.0],0.004721907],
[[1250.0,250.0,250.0],0.004296763],
[[1250.0,300.0,300.0],0.003998817],
[[1250.0,350.0,350.0],0.003824448],
[[1250.0,400.0,400.0],0.005146554],
[[1250.0,450.0,450.0],0.004594596],
[[1250.0,500.0,500.0],0.004854018],
[[1250.0,550.0,550.0],0.004802264],
[[1250.0,600.0,600.0],0.004957162],
[[1300.0,1.0,1.0],0.003411028],
[[1300.0,150.0,150.0],0.003728676],
[[1300.0,200.0,200.0],0.004066758],
[[1300.0,250.0,250.0],0.004602623],
[[1300.0,300.0,300.0],0.004204455],
[[1300.0,350.0,350.0],0.004257702],
[[1300.0,400.0,400.0],0.005029414],
[[1300.0,450.0,450.0],0.005107682],
[[1300.0,500.0,500.0],0.005015715],
[[1300.0,550.0,550.0],0.005762146],
[[1300.0,600.0,600.0],0.00516068],
[[1350.0,1.0,1.0],0.003777506],
[[1350.0,150.0,150.0],0.004429582],
[[1350.0,200.0,200.0],0.004398697],
[[1350.0,250.0,250.0],0.00472212],
[[1350.0,300.0,300.0],0.004509664],
[[1350.0,350.0,350.0],0.004591676],
[[1350.0,400.0,400.0],0.004698427],
[[1350.0,450.0,450.0],0.004721065],
[[1350.0,500.0,500.0],0.004180255],
[[1350.0,550.0,550.0],0.004556558],
[[1350.0,600.0,600.0],0.004838635],
[[1350.0,650.0,650.0],0.004995668],
[[1400.0,1.0,1.0],0.003737092],
[[1400.0,150.0,150.0],0.004316842],
[[1400.0,200.0,200.0],0.004007917],
[[1400.0,250.0,250.0],0.004137426],
[[1400.0,300.0,300.0],0.004343355],
[[1400.0,350.0,350.0],0.004659452],
[[1400.0,400.0,400.0],0.005230265],
[[1400.0,450.0,450.0],0.004772832],
[[1400.0,500.0,500.0],0.005213412],
[[1400.0,550.0,550.0],0.005201407],
[[1400.0,600.0,600.0],0.004810355],
[[1400.0,650.0,650.0],0.004392175],
[[1450.0,1.0,1.0],0.003666316],
[[1450.0,150.0,150.0],0.004120203],
[[1450.0,200.0,200.0],0.004486201],
[[1450.0,250.0,250.0],0.004374992],
[[1450.0,300.0,300.0],0.004876157],
[[1450.0,350.0,350.0],0.004984246],
[[1450.0,400.0,400.0],0.004920407],
[[1450.0,450.0,450.0],0.005231468],
[[1450.0,500.0,500.0],0.005065285],
[[1450.0,550.0,550.0],0.005446611],
[[1450.0,600.0,600.0],0.005118816],
[[1450.0,650.0,650.0],0.005209785],
[[1450.0,700.0,700.0],0.005326883],
[[1500.0,1.0,1.0],0.004019],
[[1500.0,10.0,10.0],0.003201301],
[[1500.0,50.0,50.0],0.004068799],
[[1500.0,100.0,100.0],0.003833384],
[[1500.0,150.0,150.0],0.004236756],
[[1500.0,200.0,200.0],0.004811432],
[[1500.0,250.0,250.0],0.00429502],
[[1500.0,300.0,300.0],0.005005193],
[[1500.0,350.0,350.0],0.004769434],
[[1500.0,400.0,400.0],0.005189201],
[[1500.0,450.0,450.0],0.00469325],
[[1500.0,500.0,500.0],0.004531035],
[[1500.0,550.0,550.0],0.005449996],
[[1500.0,600.0,600.0],0.005025757],
[[1500.0,650.0,650.0],0.005609876],
[[1500.0,700.0,700.0],0.00478525],
[[1500.0,750.0,750.0],0.005380311],
[[1550.0,1.0,1.0],0.00396635],
[[1550.0,150.0,150.0],0.004128773],
[[1550.0,200.0,200.0],0.004720365],
[[1550.0,250.0,250.0],0.00475527],
[[1550.0,300.0,300.0],0.0049616],
[[1550.0,350.0,350.0],0.004309189],
[[1550.0,400.0,400.0],0.005389717],
[[1550.0,450.0,450.0],0.00475309],
[[1550.0,500.0,500.0],0.00550849],
[[1550.0,550.0,550.0],0.004439495],
[[1550.0,600.0,600.0],0.004702038],
[[1550.0,650.0,650.0],0.004477454],
[[1550.0,700.0,700.0],0.0054676],
[[1550.0,750.0,750.0],0.005822803],
[[1600.0,1.0,1.0],0.003885626],
[[1600.0,150.0,150.0],0.003984621],
[[1600.0,200.0,200.0],0.003952549],
[[1600.0,250.0,250.0],0.004437902],
[[1600.0,300.0,300.0],0.005245694],
[[1600.0,350.0,350.0],0.005276596],
[[1600.0,400.0,400.0],0.004435755],
[[1600.0,450.0,450.0],0.005192252],
[[1600.0,500.0,500.0],0.004917758],
[[1600.0,550.0,550.0],0.005009393],
[[1600.0,600.0,600.0],0.005459861],
[[1600.0,650.0,650.0],0.005573775],
[[1600.0,700.0,700.0],0.005196236],
[[1600.0,750.0,750.0],0.005513003],
[[1650.0,1.0,1.0],0.003626571],
[[1650.0,150.0,150.0],0.004301501],
[[1650.0,200.0,200.0],0.004583241],
[[1650.0,250.0,250.0],0.004848618],
[[1650.0,300.0,300.0],0.005067047],
[[1650.0,350.0,350.0],0.005157186],
[[1650.0,400.0,400.0],0.004825577],
[[1650.0,450.0,450.0],0.005632917],
[[1650.0,500.0,500.0],0.005327924],
[[1650.0,550.0,550.0],0.005986316],
[[1650.0,600.0,600.0],0.005517825],
[[1650.0,650.0,650.0],0.004536343],
[[1650.0,700.0,700.0],0.005414043],
[[1650.0,750.0,750.0],0.004799773],
[[1650.0,800.0,800.0],0.006115775],
[[1700.0,1.0,1.0],0.003745393],
[[1700.0,150.0,150.0],0.004127662],
[[1700.0,200.0,200.0],0.004159475],
[[1700.0,250.0,250.0],0.004927989],
[[1700.0,300.0,300.0],0.00445954],
[[1700.0,350.0,350.0],0.005333305],
[[1700.0,400.0,400.0],0.004782133],
[[1700.0,450.0,450.0],0.005271691],
[[1700.0,500.0,500.0],0.005729324],
[[1700.0,550.0,550.0],0.005266807],
[[1700.0,600.0,600.0],0.004968345],
[[1700.0,650.0,650.0],0.005336925],
[[1700.0,700.0,700.0],0.006175467],
[[1700.0,750.0,750.0],0.005058358],
[[1700.0,800.0,800.0],0.005594878],
[[1750.0,1.0,1.0],0.003829058],
[[1750.0,10.0,10.0],0.003599691],
[[1750.0,50.0,50.0],0.003531093],
[[1750.0,100.0,100.0],0.004071183],
[[1750.0,150.0,150.0],0.00464788],
[[1750.0,200.0,200.0],0.004841155],
[[1750.0,250.0,250.0],0.004634457],
[[1750.0,300.0,300.0],0.005022391],
[[1750.0,350.0,350.0],0.005046655],
[[1750.0,400.0,400.0],0.00556951],
[[1750.0,450.0,450.0],0.005687875],
[[1750.0,500.0,500.0],0.005349928],
[[1750.0,550.0,550.0],0.004965058],
[[1750.0,600.0,600.0],0.005352345],
[[1750.0,650.0,650.0],0.005099393],
[[1750.0,700.0,700.0],0.005670749],
[[1750.0,750.0,750.0],0.005279551],
[[1750.0,800.0,800.0],0.005523859],
[[1750.0,850.0,850.0],0.005662969],
[[1800.0,1.0,1.0],0.003587288],
[[1800.0,150.0,150.0],0.004202469],
[[1800.0,200.0,200.0],0.004314179],
[[1800.0,250.0,250.0],0.004348445],
[[1800.0,300.0,300.0],0.004988846],
[[1800.0,350.0,350.0],0.004862645],
[[1800.0,400.0,400.0],0.004750284],
[[1800.0,450.0,450.0],0.004420723],
[[1800.0,500.0,500.0],0.004733291],
[[1800.0,550.0,550.0],0.005334751],
[[1800.0,600.0,600.0],0.005791744],
[[1800.0,650.0,650.0],0.005132089],
[[1800.0,700.0,700.0],0.005989683],
[[1800.0,750.0,750.0],0.005218633],
[[1800.0,800.0,800.0],0.005161039],
[[1800.0,850.0,850.0],0.005191517],
[[1850.0,1.0,1.0],0.003379405],
[[1850.0,150.0,150.0],0.004323317],
[[1850.0,200.0,200.0],0.004287519],
[[1850.0,250.0,250.0],0.005185142],
[[1850.0,300.0,300.0],0.005054364],
[[1850.0,350.0,350.0],0.004823785],
[[1850.0,400.0,400.0],0.004917128],
[[1850.0,450.0,450.0],0.00610007],
[[1850.0,500.0,500.0],0.005332292],
[[1850.0,550.0,550.0],0.005603056],
[[1850.0,600.0,600.0],0.005270008],
[[1850.0,650.0,650.0],0.005280407],
[[1850.0,700.0,700.0],0.00524079],
[[1850.0,750.0,750.0],0.005941203],
[[1850.0,800.0,800.0],0.005205353],
[[1850.0,850.0,850.0],0.004959117],
[[1850.0,900.0,900.0],0.005775269],
[[1900.0,1.0,1.0],0.003386208],
[[1900.0,150.0,150.0],0.004599548],
[[1900.0,200.0,200.0],0.004636626],
[[1900.0,250.0,250.0],0.004750786],
[[1900.0,300.0,300.0],0.004500333],
[[1900.0,350.0,350.0],0.004652745],
[[1900.0,400.0,400.0],0.005211619],
[[1900.0,450.0,450.0],0.00565881],
[[1900.0,500.0,500.0],0.005497475],
[[1900.0,550.0,550.0],0.005653761],
[[1900.0,600.0,600.0],0.005693951],
[[1900.0,650.0,650.0],0.005781182],
[[1900.0,700.0,700.0],0.004655411],
[[1900.0,750.0,750.0],0.006611097],
[[1900.0,800.0,800.0],0.005485382],
[[1900.0,850.0,850.0],0.00556077],
[[1900.0,900.0,900.0],0.005101239],
[[1950.0,1.0,1.0],0.003666536],
[[1950.0,150.0,150.0],0.004416841],
[[1950.0,200.0,200.0],0.004263661],
[[1950.0,250.0,250.0],0.005027981],
[[1950.0,300.0,300.0],0.004592653],
[[1950.0,350.0,350.0],0.005627223],
[[1950.0,400.0,400.0],0.005249435],
[[1950.0,450.0,450.0],0.00524725],
[[1950.0,500.0,500.0],0.005641153],
[[1950.0,550.0,550.0],0.005545568],
[[1950.0,600.0,600.0],0.005775314],
[[1950.0,650.0,650.0],0.005175931],
[[1950.0,700.0,700.0],0.005938217],
[[1950.0,750.0,750.0],0.006496582],
[[1950.0,800.0,800.0],0.005761879],
[[1950.0,850.0,850.0],0.006129889],
[[1950.0,900.0,900.0],0.005319479],
[[1950.0,950.0,950.0],0.005425203],
[[2000.0,1.0,1.0],0.003436619],
[[2000.0,10.0,10.0],0.003134432],
[[2000.0,50.0,50.0],0.003560051],
[[2000.0,100.0,100.0],0.004363533],
[[2000.0,150.0,150.0],0.004342869],
[[2000.0,200.0,200.0],0.005155464],
[[2000.0,250.0,250.0],0.004646945],
[[2000.0,300.0,300.0],0.004564522],
[[2000.0,350.0,350.0],0.005831244],
[[2000.0,400.0,400.0],0.004616735],
[[2000.0,450.0,450.0],0.005608848],
[[2000.0,500.0,500.0],0.005510426],
[[2000.0,550.0,550.0],0.006049105],
[[2000.0,600.0,600.0],0.005539795],
[[2000.0,650.0,650.0],0.006627684],
[[2000.0,700.0,700.0],0.005940093],
[[2000.0,750.0,750.0],0.005144223],
[[2000.0,800.0,800.0],0.005455406],
[[2000.0,850.0,850.0],0.006157859],
[[2000.0,900.0,900.0],0.005424975],
[[2000.0,950.0,950.0],0.005097905],
[[2250.0,1.0,1.0],0.003555481],
[[2250.0,10.0,10.0],0.00329871],
[[2250.0,50.0,50.0],0.003522258],
[[2250.0,100.0,100.0],0.003327739],
[[2250.0,150.0,150.0],0.003720373],
[[2250.0,300.0,300.0],0.005039503],
[[2250.0,500.0,500.0],0.005623851],
[[2250.0,750.0,750.0],0.00592425],
[[2250.0,1000.0,1000.0],0.005981543],
[[2500.0,1.0,1.0],0.002899312],
[[2500.0,10.0,10.0],0.003029225],
[[2500.0,50.0,50.0],0.003172982],
[[2500.0,100.0,100.0],0.003647475],
[[2500.0,150.0,150.0],0.003890504],
[[2500.0,300.0,300.0],0.004742415],
[[2500.0,500.0,500.0],0.005824994],
[[2500.0,750.0,750.0],0.005835468],
[[2500.0,1000.0,1000.0],0.006204106],
[[2500.0,1200.0,1200.0],0.006086846],
[[2750.0,1.0,1.0],0.002985345],
[[2750.0,10.0,10.0],0.002736485],
[[2750.0,50.0,50.0],0.003444461],
[[2750.0,100.0,100.0],0.003974793],
[[2750.0,150.0,150.0],0.00397127],
[[2750.0,300.0,300.0],0.004653364],
[[2750.0,500.0,500.0],0.0065998],
[[2750.0,750.0,750.0],0.006564156],
[[2750.0,1000.0,1000.0],0.007150579],
[[2750.0,1200.0,1200.0],0.006145599],
[[3000.0,1.0,1.0],0.002678815],
[[3000.0,10.0,10.0],0.002638769],
[[3000.0,50.0,50.0],0.003644193],
[[3000.0,100.0,100.0],0.004050387],
[[3000.0,150.0,150.0],0.00342845],
[[3000.0,300.0,300.0],0.005131106],
[[3000.0,500.0,500.0],0.006582813],
[[3000.0,750.0,750.0],0.006166504],
[[3000.0,1000.0,1000.0],0.00718144],
[[3000.0,1200.0,1200.0],0.006775485],
[[3000.0,1400.0,1400.0],0.006181524]]
