txName: TRV1
constraint: {(PV > Zprime(1)), (Zprime(1) > MET(2),MET(3))}
condition: None
conditionDescription: None
figureUrl: https://cms-results.web.cern.ch/cms-results/public-results/publications/EXO-20-004/CMS-EXO-20-004_Figure_007-b.png
source: https://doi.org/10.5281/zenodo.13324003
validated: True
axesMap: [{0: 'x', 1: 'y', 2: 'y'}]
dataMap: {0: (1, 'mass', GeV), 1: (2, 'mass', GeV), 2: (3, 'mass', GeV)}
finalState: ['MET', 'MET']
intermediateState: None
efficiencyMap: [[[50.0,1.0,1.0],2.168367e-06],
[[100.0,1.0,1.0],1.653793e-05],
[[100.0,10.0,10.0],1.712781e-05],
[[150.0,1.0,1.0],4.90047e-05],
[[150.0,75.0,75.0],6.248283e-05],
[[200.0,1.0,1.0],9.537583e-05],
[[200.0,75.0,75.0],0.0001074355],
[[250.0,1.0,1.0],0.0001792435],
[[250.0,10.0,10.0],0.0001783372],
[[250.0,75.0,75.0],0.0001866365],
[[300.0,1.0,1.0],0.0002637969],
[[300.0,75.0,75.0],0.0002586641],
[[350.0,1.0,1.0],0.0003518959],
[[350.0,75.0,75.0],0.0003534576],
[[350.0,150.0,150.0],0.0003817476],
[[400.0,1.0,1.0],0.0004441592],
[[400.0,75.0,75.0],0.0004210778],
[[400.0,150.0,150.0],0.0004867781],
[[450.0,1.0,1.0],0.0005582252],
[[450.0,75.0,75.0],0.0005612865],
[[450.0,150.0,150.0],0.0005469999],
[[450.0,200.0,200.0],0.0006148169],
[[500.0,1.0,1.0],0.0006216858],
[[500.0,10.0,10.0],0.0007036582],
[[500.0,75.0,75.0],0.0007224279],
[[500.0,150.0,150.0],0.0006679591],
[[500.0,200.0,200.0],0.0007722647],
[[550.0,1.0,1.0],0.0007783473],
[[550.0,75.0,75.0],0.0008243894],
[[550.0,150.0,150.0],0.0007524214],
[[550.0,200.0,200.0],0.0008424714],
[[550.0,250.0,250.0],0.000761441],
[[600.0,1.0,1.0],0.0008398878],
[[600.0,75.0,75.0],0.0009821439],
[[600.0,150.0,150.0],0.0009579717],
[[600.0,200.0,200.0],0.0008284009],
[[600.0,250.0,250.0],0.000955958],
[[650.0,1.0,1.0],0.000970687],
[[650.0,75.0,75.0],0.0009039737],
[[650.0,150.0,150.0],0.001085329],
[[650.0,200.0,200.0],0.001200101],
[[650.0,250.0,250.0],0.001111241],
[[650.0,300.0,300.0],0.001009529],
[[700.0,1.0,1.0],0.001086331],
[[700.0,75.0,75.0],0.000935354],
[[700.0,150.0,150.0],0.001195144],
[[700.0,200.0,200.0],0.001088169],
[[700.0,250.0,250.0],0.001078716],
[[700.0,300.0,300.0],0.0009743489],
[[750.0,1.0,1.0],0.001134655],
[[750.0,10.0,10.0],0.001054121],
[[750.0,75.0,75.0],0.001076777],
[[750.0,150.0,150.0],0.001096492],
[[750.0,200.0,200.0],0.001200056],
[[750.0,250.0,250.0],0.001164328],
[[750.0,300.0,300.0],0.001074474],
[[750.0,350.0,350.0],0.001189974],
[[800.0,1.0,1.0],0.001090349],
[[800.0,75.0,75.0],0.001265794],
[[800.0,150.0,150.0],0.001168056],
[[800.0,200.0,200.0],0.001304258],
[[800.0,250.0,250.0],0.001228401],
[[800.0,300.0,300.0],0.001334761],
[[800.0,350.0,350.0],0.001252457],
[[850.0,1.0,1.0],0.001223166],
[[850.0,75.0,75.0],0.001373668],
[[850.0,150.0,150.0],0.001231737],
[[850.0,200.0,200.0],0.001254173],
[[850.0,250.0,250.0],0.001378058],
[[850.0,300.0,300.0],0.001357533],
[[850.0,350.0,350.0],0.001190868],
[[850.0,400.0,400.0],0.001402105],
[[900.0,1.0,1.0],0.001288364],
[[900.0,75.0,75.0],0.001303109],
[[900.0,150.0,150.0],0.001317525],
[[900.0,200.0,200.0],0.001388176],
[[900.0,250.0,250.0],0.001403164],
[[900.0,300.0,300.0],0.001418167],
[[900.0,350.0,350.0],0.001424536],
[[900.0,400.0,400.0],0.001275157],
[[950.0,1.0,1.0],0.00127512],
[[950.0,75.0,75.0],0.001355302],
[[950.0,150.0,150.0],0.001454866],
[[950.0,200.0,200.0],0.001280492],
[[950.0,250.0,250.0],0.001319511],
[[950.0,300.0,300.0],0.001516933],
[[950.0,350.0,350.0],0.001396176],
[[950.0,400.0,400.0],0.001609931],
[[950.0,450.0,450.0],0.001537676],
[[1000.0,1.0,1.0],0.001510074],
[[1000.0,10.0,10.0],0.001549279],
[[1000.0,75.0,75.0],0.001444757],
[[1000.0,150.0,150.0],0.001385183],
[[1000.0,200.0,200.0],0.001498601],
[[1000.0,250.0,250.0],0.001497256],
[[1000.0,300.0,300.0],0.001472794],
[[1000.0,350.0,350.0],0.001435724],
[[1000.0,400.0,400.0],0.001500156],
[[1000.0,450.0,450.0],0.001624178],
[[1050.0,1.0,1.0],0.001438151],
[[1050.0,75.0,75.0],0.001442445],
[[1050.0,150.0,150.0],0.001506137],
[[1050.0,200.0,200.0],0.001526408],
[[1050.0,250.0,250.0],0.001522517],
[[1050.0,300.0,300.0],0.001410225],
[[1050.0,350.0,350.0],0.001551824],
[[1050.0,400.0,400.0],0.001606646],
[[1050.0,450.0,450.0],0.001536445],
[[1050.0,500.0,500.0],0.001586884],
[[1100.0,1.0,1.0],0.001539574],
[[1100.0,75.0,75.0],0.001546398],
[[1100.0,150.0,150.0],0.001575538],
[[1100.0,200.0,200.0],0.001450092],
[[1100.0,250.0,250.0],0.001623501],
[[1100.0,300.0,300.0],0.00148733],
[[1100.0,350.0,350.0],0.001544549],
[[1100.0,400.0,400.0],0.001622732],
[[1100.0,450.0,450.0],0.001415917],
[[1100.0,500.0,500.0],0.001697512],
[[1150.0,1.0,1.0],0.001521106],
[[1150.0,75.0,75.0],0.001589526],
[[1150.0,150.0,150.0],0.001610421],
[[1150.0,200.0,200.0],0.00153283],
[[1150.0,250.0,250.0],0.001543343],
[[1150.0,300.0,300.0],0.001631018],
[[1150.0,350.0,350.0],0.001699976],
[[1150.0,400.0,400.0],0.001670065],
[[1150.0,450.0,450.0],0.001629697],
[[1150.0,500.0,500.0],0.001828283],
[[1150.0,550.0,550.0],0.001650423],
[[1200.0,1.0,1.0],0.00159907],
[[1200.0,75.0,75.0],0.001667937],
[[1200.0,150.0,150.0],0.001621948],
[[1200.0,200.0,200.0],0.001509823],
[[1200.0,250.0,250.0],0.001650202],
[[1200.0,300.0,300.0],0.001629809],
[[1200.0,350.0,350.0],0.001821827],
[[1200.0,400.0,400.0],0.001706534],
[[1200.0,450.0,450.0],0.001671269],
[[1200.0,500.0,500.0],0.001645315],
[[1200.0,550.0,550.0],0.001748001],
[[1250.0,1.0,1.0],0.001614301],
[[1250.0,10.0,10.0],0.001738979],
[[1250.0,75.0,75.0],0.001649124],
[[1250.0,150.0,150.0],0.001658023],
[[1250.0,200.0,200.0],0.001683585],
[[1250.0,250.0,250.0],0.001709092],
[[1250.0,300.0,300.0],0.001732587],
[[1250.0,350.0,350.0],0.001681892],
[[1250.0,400.0,400.0],0.001602194],
[[1250.0,450.0,450.0],0.001703406],
[[1250.0,500.0,500.0],0.001790961],
[[1250.0,550.0,550.0],0.001714427],
[[1250.0,600.0,600.0],0.002022361],
[[1300.0,1.0,1.0],0.001760873],
[[1300.0,75.0,75.0],0.001693279],
[[1300.0,150.0,150.0],0.001700679],
[[1300.0,200.0,200.0],0.001751096],
[[1300.0,250.0,250.0],0.001779032],
[[1300.0,300.0,300.0],0.0017872],
[[1300.0,350.0,350.0],0.001768431],
[[1300.0,400.0,400.0],0.00173992],
[[1300.0,450.0,450.0],0.001720878],
[[1300.0,500.0,500.0],0.001853235],
[[1300.0,550.0,550.0],0.001637372],
[[1300.0,600.0,600.0],0.001690499],
[[1350.0,1.0,1.0],0.001745662],
[[1350.0,75.0,75.0],0.001686014],
[[1350.0,150.0,150.0],0.001841483],
[[1350.0,200.0,200.0],0.001792674],
[[1350.0,250.0,250.0],0.001650697],
[[1350.0,300.0,300.0],0.001631313],
[[1350.0,350.0,350.0],0.001740773],
[[1350.0,400.0,400.0],0.001678136],
[[1350.0,450.0,450.0],0.001805811],
[[1350.0,500.0,500.0],0.001883141],
[[1350.0,550.0,550.0],0.001791956],
[[1350.0,600.0,600.0],0.001926567],
[[1350.0,650.0,650.0],0.001879367],
[[1400.0,1.0,1.0],0.001749056],
[[1400.0,75.0,75.0],0.001666573],
[[1400.0,150.0,150.0],0.001806706],
[[1400.0,200.0,200.0],0.001754499],
[[1400.0,250.0,250.0],0.001866298],
[[1400.0,300.0,300.0],0.001833966],
[[1400.0,350.0,350.0],0.001823728],
[[1400.0,400.0,400.0],0.001867805],
[[1400.0,450.0,450.0],0.001683078],
[[1400.0,500.0,500.0],0.001944084],
[[1400.0,550.0,550.0],0.001889966],
[[1400.0,600.0,600.0],0.001861962],
[[1400.0,650.0,650.0],0.001819313],
[[1450.0,1.0,1.0],0.001800759],
[[1450.0,75.0,75.0],0.001861525],
[[1450.0,150.0,150.0],0.001760807],
[[1450.0,200.0,200.0],0.001808445],
[[1450.0,250.0,250.0],0.001841739],
[[1450.0,300.0,300.0],0.001778468],
[[1450.0,350.0,350.0],0.001778368],
[[1450.0,400.0,400.0],0.00191423],
[[1450.0,450.0,450.0],0.001872196],
[[1450.0,500.0,500.0],0.001855854],
[[1450.0,550.0,550.0],0.001931956],
[[1450.0,600.0,600.0],0.001899629],
[[1450.0,650.0,650.0],0.001955953],
[[1450.0,700.0,700.0],0.002072899],
[[1500.0,1.0,1.0],0.001677277],
[[1500.0,10.0,10.0],0.001767662],
[[1500.0,75.0,75.0],0.001752934],
[[1500.0,150.0,150.0],0.0018372],
[[1500.0,200.0,200.0],0.001996244],
[[1500.0,250.0,250.0],0.001927077],
[[1500.0,300.0,300.0],0.002036483],
[[1500.0,350.0,350.0],0.001708539],
[[1500.0,400.0,400.0],0.001704756],
[[1500.0,450.0,450.0],0.001870333],
[[1500.0,500.0,500.0],0.002003761],
[[1500.0,550.0,550.0],0.001768502],
[[1500.0,600.0,600.0],0.001895322],
[[1500.0,650.0,650.0],0.001945421],
[[1500.0,700.0,700.0],0.001942835],
[[1500.0,750.0,750.0],0.002027497],
[[1550.0,1.0,1.0],0.00184058],
[[1550.0,75.0,75.0],0.001768419],
[[1550.0,150.0,150.0],0.002049269],
[[1550.0,200.0,200.0],0.002001424],
[[1550.0,250.0,250.0],0.001799149],
[[1550.0,300.0,300.0],0.001877525],
[[1550.0,350.0,350.0],0.001982642],
[[1550.0,400.0,400.0],0.001929919],
[[1550.0,450.0,450.0],0.001885157],
[[1550.0,500.0,500.0],0.001952487],
[[1550.0,550.0,550.0],0.002194926],
[[1550.0,600.0,600.0],0.001880873],
[[1550.0,650.0,650.0],0.001864724],
[[1550.0,700.0,700.0],0.002155979],
[[1550.0,750.0,750.0],0.00196894],
[[1600.0,1.0,1.0],0.001827713],
[[1600.0,75.0,75.0],0.001807248],
[[1600.0,150.0,150.0],0.001892421],
[[1600.0,200.0,200.0],0.002028979],
[[1600.0,250.0,250.0],0.002022846],
[[1600.0,300.0,300.0],0.001944308],
[[1600.0,350.0,350.0],0.001880701],
[[1600.0,400.0,400.0],0.002057904],
[[1600.0,450.0,450.0],0.002072418],
[[1600.0,500.0,500.0],0.001952469],
[[1600.0,550.0,550.0],0.002215078],
[[1600.0,600.0,600.0],0.002026457],
[[1600.0,650.0,650.0],0.002154864],
[[1600.0,700.0,700.0],0.002081191],
[[1600.0,750.0,750.0],0.0021516],
[[1650.0,1.0,1.0],0.00195101],
[[1650.0,75.0,75.0],0.001907946],
[[1650.0,150.0,150.0],0.002071339],
[[1650.0,200.0,200.0],0.001822848],
[[1650.0,250.0,250.0],0.002109951],
[[1650.0,300.0,300.0],0.002010661],
[[1650.0,350.0,350.0],0.002112611],
[[1650.0,400.0,400.0],0.001915971],
[[1650.0,450.0,450.0],0.002196979],
[[1650.0,500.0,500.0],0.00199134],
[[1650.0,550.0,550.0],0.001929557],
[[1650.0,600.0,600.0],0.001964482],
[[1650.0,650.0,650.0],0.002023783],
[[1650.0,700.0,700.0],0.002010524],
[[1650.0,750.0,750.0],0.002085648],
[[1650.0,800.0,800.0],0.002117789],
[[1700.0,1.0,1.0],0.00172708],
[[1700.0,75.0,75.0],0.002057959],
[[1700.0,150.0,150.0],0.001947304],
[[1700.0,200.0,200.0],0.001916553],
[[1700.0,250.0,250.0],0.002175026],
[[1700.0,300.0,300.0],0.001869911],
[[1700.0,350.0,350.0],0.001931173],
[[1700.0,400.0,400.0],0.001922263],
[[1700.0,450.0,450.0],0.00204032],
[[1700.0,500.0,500.0],0.00206576],
[[1700.0,550.0,550.0],0.002198717],
[[1700.0,600.0,600.0],0.0020818],
[[1700.0,650.0,650.0],0.001986061],
[[1700.0,700.0,700.0],0.002090498],
[[1700.0,750.0,750.0],0.001852367],
[[1700.0,800.0,800.0],0.002036859],
[[1750.0,1.0,1.0],0.001838572],
[[1750.0,10.0,10.0],0.001954426],
[[1750.0,75.0,75.0],0.001948762],
[[1750.0,150.0,150.0],0.002017111],
[[1750.0,200.0,200.0],0.002017919],
[[1750.0,250.0,250.0],0.001993352],
[[1750.0,300.0,300.0],0.002102491],
[[1750.0,350.0,350.0],0.002199122],
[[1750.0,400.0,400.0],0.002117218],
[[1750.0,450.0,450.0],0.001994089],
[[1750.0,500.0,500.0],0.002027415],
[[1750.0,550.0,550.0],0.00211926],
[[1750.0,600.0,600.0],0.002004023],
[[1750.0,650.0,650.0],0.002033644],
[[1750.0,700.0,700.0],0.002204841],
[[1750.0,750.0,750.0],0.002071593],
[[1750.0,800.0,800.0],0.001908092],
[[1750.0,850.0,850.0],0.002271271],
[[1800.0,1.0,1.0],0.001901669],
[[1800.0,75.0,75.0],0.001928484],
[[1800.0,150.0,150.0],0.002076875],
[[1800.0,200.0,200.0],0.002016138],
[[1800.0,250.0,250.0],0.00198363],
[[1800.0,300.0,300.0],0.002186315],
[[1800.0,350.0,350.0],0.001967781],
[[1800.0,400.0,400.0],0.002133359],
[[1800.0,450.0,450.0],0.00209738],
[[1800.0,500.0,500.0],0.001943497],
[[1800.0,550.0,550.0],0.002042154],
[[1800.0,600.0,600.0],0.002161421],
[[1800.0,650.0,650.0],0.002087769],
[[1800.0,700.0,700.0],0.002018173],
[[1800.0,750.0,750.0],0.002124439],
[[1800.0,800.0,800.0],0.002014612],
[[1800.0,850.0,850.0],0.001967446],
[[1850.0,1.0,1.0],0.002011187],
[[1850.0,75.0,75.0],0.002105207],
[[1850.0,150.0,150.0],0.002121115],
[[1850.0,200.0,200.0],0.001930564],
[[1850.0,250.0,250.0],0.002112499],
[[1850.0,300.0,300.0],0.001954831],
[[1850.0,350.0,350.0],0.001943494],
[[1850.0,400.0,400.0],0.002168108],
[[1850.0,450.0,450.0],0.001952334],
[[1850.0,500.0,500.0],0.002122129],
[[1850.0,550.0,550.0],0.002202663],
[[1850.0,600.0,600.0],0.002068067],
[[1850.0,650.0,650.0],0.002156394],
[[1850.0,700.0,700.0],0.00207292],
[[1850.0,750.0,750.0],0.00185889],
[[1850.0,800.0,800.0],0.002215679],
[[1850.0,850.0,850.0],0.002308818],
[[1850.0,900.0,900.0],0.002118019],
[[1900.0,1.0,1.0],0.002093961],
[[1900.0,75.0,75.0],0.002020723],
[[1900.0,150.0,150.0],0.002183049],
[[1900.0,200.0,200.0],0.002054338],
[[1900.0,250.0,250.0],0.00206531],
[[1900.0,300.0,300.0],0.001970861],
[[1900.0,350.0,350.0],0.002122399],
[[1900.0,400.0,400.0],0.002165339],
[[1900.0,450.0,450.0],0.002137444],
[[1900.0,500.0,500.0],0.002021664],
[[1900.0,550.0,550.0],0.001952266],
[[1900.0,600.0,600.0],0.002290865],
[[1900.0,650.0,650.0],0.002068854],
[[1900.0,700.0,700.0],0.002032581],
[[1900.0,750.0,750.0],0.002116367],
[[1900.0,800.0,800.0],0.002233752],
[[1900.0,850.0,850.0],0.002123333],
[[1900.0,900.0,900.0],0.002222265],
[[1950.0,1.0,1.0],0.001998893],
[[1950.0,75.0,75.0],0.001965972],
[[1950.0,150.0,150.0],0.002278427],
[[1950.0,200.0,200.0],0.002043218],
[[1950.0,250.0,250.0],0.002102052],
[[1950.0,300.0,300.0],0.001829002],
[[1950.0,350.0,350.0],0.002116587],
[[1950.0,400.0,400.0],0.00224261],
[[1950.0,450.0,450.0],0.002088947],
[[1950.0,500.0,500.0],0.002164216],
[[1950.0,550.0,550.0],0.002132617],
[[1950.0,600.0,600.0],0.002168503],
[[1950.0,650.0,650.0],0.002191734],
[[1950.0,700.0,700.0],0.002333338],
[[1950.0,750.0,750.0],0.00220483],
[[1950.0,800.0,800.0],0.002164445],
[[1950.0,850.0,850.0],0.002041415],
[[1950.0,900.0,900.0],0.002142507],
[[1950.0,950.0,950.0],0.002420664],
[[2000.0,1.0,1.0],0.002305316],
[[2000.0,75.0,75.0],0.002127003],
[[2000.0,150.0,150.0],0.001968296],
[[2000.0,200.0,200.0],0.002142709],
[[2000.0,250.0,250.0],0.002005513],
[[2000.0,300.0,300.0],0.00200569],
[[2000.0,350.0,350.0],0.002095556],
[[2000.0,400.0,400.0],0.001950201],
[[2000.0,450.0,450.0],0.002150775],
[[2000.0,500.0,500.0],0.002076633],
[[2000.0,550.0,550.0],0.002114785],
[[2000.0,600.0,600.0],0.00213991],
[[2000.0,650.0,650.0],0.00204147],
[[2000.0,700.0,700.0],0.002143431],
[[2000.0,750.0,750.0],0.002217376],
[[2000.0,800.0,800.0],0.002274378],
[[2000.0,850.0,850.0],0.002111686],
[[2000.0,900.0,900.0],0.002080812],
[[2000.0,950.0,950.0],0.002358497],
[[2250.0,1.0,1.0],0.002264065],
[[2250.0,75.0,75.0],0.002146316],
[[2250.0,150.0,150.0],0.002233706],
[[2250.0,300.0,300.0],0.002149837],
[[2250.0,500.0,500.0],0.002094521],
[[2250.0,750.0,750.0],0.002071371],
[[2250.0,1000.0,1000.0],0.002110474],
[[2500.0,1.0,1.0],0.002407863],
[[2500.0,75.0,75.0],0.002529189],
[[2500.0,150.0,150.0],0.002368062],
[[2500.0,300.0,300.0],0.002288994],
[[2500.0,500.0,500.0],0.002311559],
[[2500.0,750.0,750.0],0.002529639],
[[2500.0,1000.0,1000.0],0.002345799],
[[2500.0,1200.0,1200.0],0.002441979],
[[2750.0,1.0,1.0],0.002151558],
[[2750.0,75.0,75.0],0.002449725],
[[2750.0,150.0,150.0],0.002388966],
[[2750.0,300.0,300.0],0.002297542],
[[2750.0,500.0,500.0],0.002572108],
[[2750.0,750.0,750.0],0.002487594],
[[2750.0,1000.0,1000.0],0.002400295],
[[2750.0,1200.0,1200.0],0.002491681],
[[3000.0,1.0,1.0],0.002426879],
[[3000.0,75.0,75.0],0.002429629],
[[3000.0,150.0,150.0],0.002391101],
[[3000.0,300.0,300.0],0.002495772],
[[3000.0,500.0,500.0],0.002312391],
[[3000.0,750.0,750.0],0.00256052],
[[3000.0,1000.0,1000.0],0.00239093],
[[3000.0,1200.0,1200.0],0.002244279],
[[3000.0,1400.0,1400.0],0.00250842]]
