txName: TRS1
constraint: {(PV > H0(1)), (H0(1) > MET(2),MET(3))}
condition: None
conditionDescription: None
figureUrl: https://cms-results.web.cern.ch/cms-results/public-results/publications/EXO-20-004/CMS-EXO-20-004_Figure_009-a.png
source: https://doi.org/10.5281/zenodo.13324003
validated: True
axesMap: [{0: 'x', 1: '1.0', 2: '1.0'}, {0: 'x', 1: 'y', 2: 'y'}]
dataMap: {0: (1, 'mass', GeV), 1: (2, 'mass', GeV), 2: (3, 'mass', GeV)}
finalState: ['MET', 'MET']
intermediateState: None
efficiencyMap: [[[100.0,1.0,1.0],3.718836e-07],
[[100.0,10.0,10.0],2.460284e-07],
[[150.0,1.0,1.0],5.455065e-07],
[[150.0,50.0,50.0],5.867995e-07],
[[200.0,1.0,1.0],8.913481e-07],
[[200.0,50.0,50.0],1.09416e-06],
[[200.0,100.0,100.0],2.927017e-06],
[[250.0,1.0,1.0],1.123976e-06],
[[250.0,10.0,10.0],1.930161e-06],
[[250.0,50.0,50.0],1.369475e-06],
[[250.0,100.0,100.0],1.319849e-06],
[[300.0,1.0,1.0],1.910906e-06],
[[300.0,50.0,50.0],1.613172e-06],
[[300.0,100.0,100.0],1.832509e-06],
[[350.0,1.0,1.0],2.377435e-06],
[[350.0,50.0,50.0],2.23843e-06],
[[350.0,100.0,100.0],2.549775e-06],
[[350.0,150.0,150.0],1.765922e-06],
[[400.0,1.0,1.0],2.552201e-06],
[[400.0,50.0,50.0],2.351608e-06],
[[400.0,100.0,100.0],2.587061e-06],
[[400.0,150.0,150.0],8.272587e-06],
[[450.0,1.0,1.0],3.05386e-06],
[[450.0,50.0,50.0],3.209497e-06],
[[450.0,100.0,100.0],3.918904e-06],
[[450.0,150.0,150.0],3.585013e-06],
[[450.0,200.0,200.0],4.753062e-06],
[[500.0,1.0,1.0],5.484879e-06],
[[500.0,10.0,10.0],5.037284e-06],
[[500.0,50.0,50.0],5.446519e-06],
[[500.0,100.0,100.0],5.642629e-06],
[[500.0,150.0,150.0],5.002411e-06],
[[500.0,200.0,200.0],5.767892e-06],
[[550.0,1.0,1.0],7.107842e-06],
[[550.0,50.0,50.0],7.745819e-06],
[[550.0,100.0,100.0],8.595743e-06],
[[550.0,150.0,150.0],6.775315e-06],
[[550.0,200.0,200.0],6.733991e-06],
[[550.0,250.0,250.0],8.410568e-06],
[[600.0,1.0,1.0],1.12671e-05],
[[600.0,50.0,50.0],9.103176e-06],
[[600.0,100.0,100.0],9.899884e-06],
[[600.0,150.0,150.0],1.009496e-05],
[[600.0,200.0,200.0],1.297e-05],
[[600.0,250.0,250.0],7.965497e-06],
[[650.0,1.0,1.0],1.448294e-05],
[[650.0,50.0,50.0],1.264231e-05],
[[650.0,100.0,100.0],1.327944e-05],
[[650.0,150.0,150.0],1.803171e-05],
[[650.0,200.0,200.0],1.516679e-05],
[[650.0,250.0,250.0],1.540676e-05],
[[650.0,300.0,300.0],1.892106e-05],
[[700.0,1.0,1.0],1.548689e-05],
[[700.0,50.0,50.0],1.933586e-05],
[[700.0,100.0,100.0],2.092882e-05],
[[700.0,150.0,150.0],1.833007e-05],
[[700.0,200.0,200.0],1.62229e-05],
[[700.0,250.0,250.0],1.920968e-05],
[[700.0,300.0,300.0],1.990171e-05],
[[750.0,1.0,1.0],2.204308e-05],
[[750.0,10.0,10.0],2.283526e-05],
[[750.0,50.0,50.0],1.839259e-05],
[[750.0,100.0,100.0],2.331081e-05],
[[750.0,150.0,150.0],2.298012e-05],
[[750.0,200.0,200.0],2.383984e-05],
[[750.0,250.0,250.0],1.996423e-05],
[[750.0,300.0,300.0],2.651085e-05],
[[750.0,350.0,350.0],3.110048e-05],
[[800.0,1.0,1.0],3.190582e-05],
[[800.0,150.0,150.0],2.577504e-05],
[[800.0,200.0,200.0],2.652071e-05],
[[800.0,250.0,250.0],2.858728e-05],
[[800.0,300.0,300.0],3.270498e-05],
[[800.0,350.0,350.0],3.196874e-05],
[[850.0,1.0,1.0],3.209864e-05],
[[850.0,150.0,150.0],3.197861e-05],
[[850.0,200.0,200.0],3.356373e-05],
[[850.0,250.0,250.0],3.725577e-05],
[[850.0,300.0,300.0],3.799185e-05],
[[850.0,350.0,350.0],3.912128e-05],
[[850.0,400.0,400.0],4.959654e-05],
[[900.0,1.0,1.0],4.211333e-05],
[[900.0,150.0,150.0],5.479806e-05],
[[900.0,200.0,200.0],4.564782e-05],
[[900.0,250.0,250.0],4.971547e-05],
[[900.0,300.0,300.0],4.38018e-05],
[[900.0,350.0,350.0],4.439048e-05],
[[900.0,400.0,400.0],5.202126e-05],
[[950.0,1.0,1.0],4.576539e-05],
[[950.0,150.0,150.0],4.351364e-05],
[[950.0,200.0,200.0],4.796077e-05],
[[950.0,250.0,250.0],6.343947e-05],
[[950.0,300.0,300.0],5.450302e-05],
[[950.0,350.0,350.0],5.962764e-05],
[[950.0,400.0,400.0],0.0001787557],
[[950.0,450.0,450.0],9.859501e-05],
[[1000.0,1.0,1.0],6.53255e-05],
[[1000.0,10.0,10.0],5.146958e-05],
[[1000.0,50.0,50.0],7.804518e-05],
[[1000.0,100.0,100.0],6.021821e-05],
[[1000.0,150.0,150.0],5.695308e-05],
[[1000.0,200.0,200.0],6.735624e-05],
[[1000.0,250.0,250.0],5.495434e-05],
[[1000.0,300.0,300.0],5.980344e-05],
[[1000.0,350.0,350.0],6.591857e-05],
[[1000.0,400.0,400.0],6.84573e-05],
[[1000.0,450.0,450.0],7.767331e-05],
[[1050.0,1.0,1.0],5.601252e-05],
[[1050.0,150.0,150.0],7.534057e-05],
[[1050.0,200.0,200.0],7.562836e-05],
[[1050.0,250.0,250.0],7.303373e-05],
[[1050.0,300.0,300.0],7.920285e-05],
[[1050.0,350.0,350.0],7.644359e-05],
[[1050.0,400.0,400.0],7.447793e-05],
[[1050.0,450.0,450.0],8.296741e-05],
[[1050.0,500.0,500.0],9.752392e-05],
[[1100.0,1.0,1.0],6.547933e-05],
[[1100.0,150.0,150.0],6.77005e-05],
[[1100.0,200.0,200.0],7.817748e-05],
[[1100.0,250.0,250.0],7.950505e-05],
[[1100.0,300.0,300.0],9.616739e-05],
[[1100.0,350.0,350.0],8.783177e-05],
[[1100.0,400.0,400.0],9.123163e-05],
[[1100.0,450.0,450.0],9.095963e-05],
[[1100.0,500.0,500.0],0.0001014021],
[[1150.0,1.0,1.0],8.522001e-05],
[[1150.0,150.0,150.0],8.738168e-05],
[[1150.0,200.0,200.0],8.619383e-05],
[[1150.0,250.0,250.0],9.767239e-05],
[[1150.0,300.0,300.0],9.069893e-05],
[[1150.0,350.0,350.0],0.0001206113],
[[1150.0,400.0,400.0],0.0001149497],
[[1150.0,450.0,450.0],0.0001062997],
[[1150.0,500.0,500.0],0.0001107046],
[[1150.0,550.0,550.0],0.0001377942],
[[1200.0,1.0,1.0],7.518152e-05],
[[1200.0,150.0,150.0],0.0001112495],
[[1200.0,200.0,200.0],0.0001014773],
[[1200.0,250.0,250.0],0.0001093561],
[[1200.0,300.0,300.0],9.53882e-05],
[[1200.0,350.0,350.0],0.0001142001],
[[1200.0,400.0,400.0],0.0001205898],
[[1200.0,450.0,450.0],0.0001331663],
[[1200.0,500.0,500.0],0.0001158199],
[[1200.0,550.0,550.0],0.0001027902],
[[1250.0,1.0,1.0],9.836977e-05],
[[1250.0,10.0,10.0],8.288079e-05],
[[1250.0,50.0,50.0],9.160807e-05],
[[1250.0,100.0,100.0],9.078247e-05],
[[1250.0,150.0,150.0],0.0001080326],
[[1250.0,200.0,200.0],0.0001063339],
[[1250.0,250.0,250.0],0.0001180073],
[[1250.0,300.0,300.0],0.0001207202],
[[1250.0,350.0,350.0],0.0001240998],
[[1250.0,400.0,400.0],0.0001294865],
[[1250.0,450.0,450.0],0.0001343379],
[[1250.0,500.0,500.0],0.0001313933],
[[1250.0,550.0,550.0],0.0001487732],
[[1250.0,600.0,600.0],0.0001896097],
[[1300.0,1.0,1.0],0.0001357071],
[[1300.0,150.0,150.0],0.0001215822],
[[1300.0,200.0,200.0],0.0001330107],
[[1300.0,250.0,250.0],0.0001196831],
[[1300.0,300.0,300.0],0.0001305824],
[[1300.0,350.0,350.0],0.0002200664],
[[1300.0,400.0,400.0],0.000133866],
[[1300.0,450.0,450.0],0.0001248998],
[[1300.0,500.0,500.0],0.0001432666],
[[1300.0,550.0,550.0],0.0001651764],
[[1300.0,600.0,600.0],0.0001395878],
[[1350.0,1.0,1.0],0.0001123082],
[[1350.0,150.0,150.0],0.0001275855],
[[1350.0,200.0,200.0],0.0001137371],
[[1350.0,250.0,250.0],0.000134749],
[[1350.0,300.0,300.0],0.0001502355],
[[1350.0,350.0,350.0],0.0001780791],
[[1350.0,400.0,400.0],0.0004529993],
[[1350.0,450.0,450.0],0.0002039457],
[[1350.0,500.0,500.0],0.0001718673],
[[1350.0,550.0,550.0],0.0001562297],
[[1350.0,600.0,600.0],0.000183428],
[[1350.0,650.0,650.0],0.0001975439],
[[1400.0,1.0,1.0],0.0001084078],
[[1400.0,150.0,150.0],0.0001334893],
[[1400.0,200.0,200.0],0.0002198483],
[[1400.0,250.0,250.0],0.0001574153],
[[1400.0,300.0,300.0],0.0001316122],
[[1400.0,350.0,350.0],0.0001585555],
[[1400.0,400.0,400.0],0.0001461113],
[[1400.0,450.0,450.0],0.000160421],
[[1400.0,500.0,500.0],0.0002132776],
[[1400.0,550.0,550.0],0.0001566493],
[[1400.0,600.0,600.0],0.0001922725],
[[1400.0,650.0,650.0],0.0002021649],
[[1450.0,1.0,1.0],0.0001202169],
[[1450.0,150.0,150.0],0.0001875573],
[[1450.0,200.0,200.0],0.0001280164],
[[1450.0,250.0,250.0],0.0002477429],
[[1450.0,300.0,300.0],0.0001838812],
[[1450.0,350.0,350.0],0.0001781499],
[[1450.0,400.0,400.0],0.0001530197],
[[1450.0,450.0,450.0],0.0002560428],
[[1450.0,500.0,500.0],0.0001776199],
[[1450.0,550.0,550.0],0.0001595316],
[[1450.0,600.0,600.0],0.0002086943],
[[1450.0,650.0,650.0],0.0001998633],
[[1450.0,700.0,700.0],0.0002301871],
[[1500.0,1.0,1.0],0.0001365856],
[[1500.0,10.0,10.0],0.0001319342],
[[1500.0,50.0,50.0],0.0001277882],
[[1500.0,100.0,100.0],0.0001453339],
[[1500.0,150.0,150.0],0.0001394996],
[[1500.0,200.0,200.0],0.000144143],
[[1500.0,250.0,250.0],0.0002059573],
[[1500.0,300.0,300.0],0.0001645411],
[[1500.0,350.0,350.0],0.000174287],
[[1500.0,400.0,400.0],0.0001809039],
[[1500.0,450.0,450.0],0.0001865696],
[[1500.0,500.0,500.0],0.0001963898],
[[1500.0,550.0,550.0],0.0001972155],
[[1500.0,600.0,600.0],0.0002470215],
[[1500.0,650.0,650.0],0.0002122646],
[[1500.0,700.0,700.0],0.0002472348],
[[1500.0,750.0,750.0],0.0006110309],
[[1550.0,1.0,1.0],0.0001116885],
[[1550.0,150.0,150.0],0.0001542699],
[[1550.0,200.0,200.0],0.0001630283],
[[1550.0,250.0,250.0],0.0001868659],
[[1550.0,300.0,300.0],0.0001926842],
[[1550.0,350.0,350.0],0.0002209812],
[[1550.0,400.0,400.0],0.0001864105],
[[1550.0,450.0,450.0],0.0002202881],
[[1550.0,500.0,500.0],0.0002415072],
[[1550.0,550.0,550.0],0.00021535],
[[1550.0,600.0,600.0],0.0002590154],
[[1550.0,650.0,650.0],0.0002232732],
[[1550.0,700.0,700.0],0.000242354],
[[1550.0,750.0,750.0],0.0002707966],
[[1600.0,1.0,1.0],0.0001448541],
[[1600.0,150.0,150.0],0.0001474987],
[[1600.0,200.0,200.0],0.0001544439],
[[1600.0,250.0,250.0],0.0001646601],
[[1600.0,300.0,300.0],0.0001960367],
[[1600.0,350.0,350.0],0.000222099],
[[1600.0,400.0,400.0],0.0002062395],
[[1600.0,450.0,450.0],0.0002199041],
[[1600.0,500.0,500.0],0.0002945784],
[[1600.0,550.0,550.0],0.0002793123],
[[1600.0,600.0,600.0],0.000286932],
[[1600.0,650.0,650.0],0.0002648028],
[[1600.0,700.0,700.0],0.0002265],
[[1600.0,750.0,750.0],0.0002397373],
[[1650.0,1.0,1.0],0.0001403443],
[[1650.0,150.0,150.0],0.0001625297],
[[1650.0,200.0,200.0],0.0001792494],
[[1650.0,250.0,250.0],0.0002087046],
[[1650.0,300.0,300.0],0.000201901],
[[1650.0,350.0,350.0],0.000260617],
[[1650.0,400.0,400.0],0.0002457909],
[[1650.0,450.0,450.0],0.0002479071],
[[1650.0,500.0,500.0],0.0005708715],
[[1650.0,550.0,550.0],0.0002319851],
[[1650.0,600.0,600.0],0.0002887178],
[[1650.0,650.0,650.0],0.0003170936],
[[1650.0,700.0,700.0],0.0003663366],
[[1650.0,750.0,750.0],0.0002863462],
[[1650.0,800.0,800.0],0.0002549893],
[[1700.0,1.0,1.0],0.0001439863],
[[1700.0,150.0,150.0],0.0003347676],
[[1700.0,200.0,200.0],0.0002561396],
[[1700.0,250.0,250.0],0.0004431026],
[[1700.0,300.0,300.0],0.0002430547],
[[1700.0,350.0,350.0],0.0002357557],
[[1700.0,400.0,400.0],0.000254085],
[[1700.0,450.0,450.0],0.0002920194],
[[1700.0,500.0,500.0],0.0002491785],
[[1700.0,550.0,550.0],0.000257788],
[[1700.0,600.0,600.0],0.0002761733],
[[1700.0,650.0,650.0],0.0002231934],
[[1700.0,700.0,700.0],0.0002659775],
[[1700.0,750.0,750.0],0.0002745965],
[[1700.0,800.0,800.0],0.0002834536],
[[1750.0,1.0,1.0],0.0001416214],
[[1750.0,10.0,10.0],0.0001515825],
[[1750.0,50.0,50.0],0.0001432552],
[[1750.0,100.0,100.0],0.0002060171],
[[1750.0,150.0,150.0],0.0001687095],
[[1750.0,200.0,200.0],0.0001884687],
[[1750.0,250.0,250.0],0.0002101804],
[[1750.0,300.0,300.0],0.0002513474],
[[1750.0,350.0,350.0],0.000241635],
[[1750.0,400.0,400.0],0.0002387747],
[[1750.0,450.0,450.0],0.00027412],
[[1750.0,500.0,500.0],0.0002771073],
[[1750.0,550.0,550.0],0.0003099523],
[[1750.0,600.0,600.0],0.0002755257],
[[1750.0,650.0,650.0],0.0003239857],
[[1750.0,700.0,700.0],0.0002780284],
[[1750.0,750.0,750.0],0.0003570517],
[[1750.0,800.0,800.0],0.0003031783],
[[1750.0,850.0,850.0],0.0004966187],
[[1800.0,1.0,1.0],0.0001399103],
[[1800.0,150.0,150.0],0.0003499952],
[[1800.0,200.0,200.0],0.0002272833],
[[1800.0,250.0,250.0],0.0002404139],
[[1800.0,300.0,300.0],0.0002472791],
[[1800.0,350.0,350.0],0.0002711379],
[[1800.0,400.0,400.0],0.0002794018],
[[1800.0,450.0,450.0],0.0002703916],
[[1800.0,500.0,500.0],0.0002763829],
[[1800.0,550.0,550.0],0.0002562468],
[[1800.0,600.0,600.0],0.0003957528],
[[1800.0,650.0,650.0],0.000415345],
[[1800.0,700.0,700.0],0.0003579653],
[[1800.0,750.0,750.0],0.0002881643],
[[1800.0,800.0,800.0],0.0002464297],
[[1800.0,850.0,850.0],0.0003244634],
[[1850.0,1.0,1.0],0.0001435921],
[[1850.0,150.0,150.0],0.0001963596],
[[1850.0,200.0,200.0],0.0002454911],
[[1850.0,250.0,250.0],0.0002570426],
[[1850.0,300.0,300.0],0.0002669305],
[[1850.0,350.0,350.0],0.0002686484],
[[1850.0,400.0,400.0],0.000268473],
[[1850.0,450.0,450.0],0.0003082845],
[[1850.0,500.0,500.0],0.0003857716],
[[1850.0,550.0,550.0],0.0003128742],
[[1850.0,600.0,600.0],0.0004315304],
[[1850.0,650.0,650.0],0.0002895305],
[[1850.0,700.0,700.0],0.0005081095],
[[1850.0,750.0,750.0],0.0003124793],
[[1850.0,800.0,800.0],0.000378533],
[[1850.0,850.0,850.0],0.0003588799],
[[1850.0,900.0,900.0],0.0006087111],
[[1900.0,1.0,1.0],0.0001514125],
[[1900.0,150.0,150.0],0.0001979698],
[[1900.0,200.0,200.0],0.0001868529],
[[1900.0,250.0,250.0],0.0002936976],
[[1900.0,300.0,300.0],0.00022657],
[[1900.0,350.0,350.0],0.0002798271],
[[1900.0,400.0,400.0],0.0002651266],
[[1900.0,450.0,450.0],0.0003186137],
[[1900.0,500.0,500.0],0.0003080588],
[[1900.0,550.0,550.0],0.0003675072],
[[1900.0,600.0,600.0],0.0003487384],
[[1900.0,650.0,650.0],0.0003550728],
[[1900.0,700.0,700.0],0.0004468397],
[[1900.0,750.0,750.0],0.0003248472],
[[1900.0,800.0,800.0],0.0003930225],
[[1900.0,850.0,850.0],0.0003235406],
[[1900.0,900.0,900.0],0.0003631736],
[[1950.0,1.0,1.0],0.0001544661],
[[1950.0,150.0,150.0],0.0001791809],
[[1950.0,200.0,200.0],0.0002914907],
[[1950.0,250.0,250.0],0.0002384545],
[[1950.0,300.0,300.0],0.0003734573],
[[1950.0,350.0,350.0],0.0002765945],
[[1950.0,400.0,400.0],0.0003156678],
[[1950.0,450.0,450.0],0.000302992],
[[1950.0,500.0,500.0],0.0003228662],
[[1950.0,550.0,550.0],0.0004317032],
[[1950.0,600.0,600.0],0.0003326678],
[[1950.0,650.0,650.0],0.0004310406],
[[1950.0,700.0,700.0],0.0003649415],
[[1950.0,750.0,750.0],0.0003536032],
[[1950.0,800.0,800.0],0.000653777],
[[1950.0,850.0,850.0],0.0003731044],
[[1950.0,900.0,900.0],0.0003404786],
[[1950.0,950.0,950.0],0.0007064878],
[[2000.0,1.0,1.0],0.0002769289],
[[2000.0,10.0,10.0],0.0001570146],
[[2000.0,50.0,50.0],0.0001530475],
[[2000.0,100.0,100.0],0.0002092509],
[[2000.0,150.0,150.0],0.0001964564],
[[2000.0,200.0,200.0],0.0002267533],
[[2000.0,250.0,250.0],0.0002496381],
[[2000.0,300.0,300.0],0.0003303892],
[[2000.0,350.0,350.0],0.0002950637],
[[2000.0,400.0,400.0],0.0003471031],
[[2000.0,450.0,450.0],0.000370652],
[[2000.0,500.0,500.0],0.0003446664],
[[2000.0,550.0,550.0],0.0003275112],
[[2000.0,600.0,600.0],0.0003677636],
[[2000.0,650.0,650.0],0.0003755777],
[[2000.0,700.0,700.0],0.0004677479],
[[2000.0,750.0,750.0],0.000458893],
[[2000.0,800.0,800.0],0.000377124],
[[2000.0,850.0,850.0],0.0004066006],
[[2000.0,900.0,900.0],0.0004160605],
[[2000.0,950.0,950.0],0.0003764705],
[[2250.0,1.0,1.0],0.0001479261],
[[2250.0,10.0,10.0],0.0002103921],
[[2250.0,50.0,50.0],0.0001513487],
[[2250.0,100.0,100.0],0.0001893984],
[[2250.0,150.0,150.0],0.000205672],
[[2250.0,300.0,300.0],0.0003285798],
[[2250.0,500.0,500.0],0.0004464278],
[[2250.0,750.0,750.0],0.0005035596],
[[2250.0,1000.0,1000.0],0.0004927865],
[[2500.0,1.0,1.0],0.0001708386],
[[2500.0,10.0,10.0],0.0001134976],
[[2500.0,50.0,50.0],0.0001566402],
[[2500.0,100.0,100.0],0.0001852375],
[[2500.0,150.0,150.0],0.0001821116],
[[2500.0,300.0,300.0],0.0003161323],
[[2500.0,500.0,500.0],0.000516361],
[[2500.0,750.0,750.0],0.0004740245],
[[2500.0,1000.0,1000.0],0.0005515677],
[[2500.0,1200.0,1200.0],0.0005625855],
[[2750.0,1.0,1.0],0.0001207703],
[[2750.0,10.0,10.0],0.0001240188],
[[2750.0,50.0,50.0],0.0001270643],
[[2750.0,100.0,100.0],0.0001387497],
[[2750.0,150.0,150.0],0.0001922669],
[[2750.0,300.0,300.0],0.0003297145],
[[2750.0,500.0,500.0],0.0005399558],
[[2750.0,750.0,750.0],0.0005625695],
[[2750.0,1000.0,1000.0],0.0005490437],
[[2750.0,1200.0,1200.0],0.0006069494],
[[3000.0,1.0,1.0],0.0001439504],
[[3000.0,10.0,10.0],0.0001121343],
[[3000.0,50.0,50.0],9.417673e-05],
[[3000.0,100.0,100.0],0.0001103525],
[[3000.0,150.0,150.0],0.0001491371],
[[3000.0,300.0,300.0],0.0003498768],
[[3000.0,500.0,500.0],0.0004985111],
[[3000.0,750.0,750.0],0.0005484547],
[[3000.0,1000.0,1000.0],0.0007070227],
[[3000.0,1200.0,1200.0],0.000592141],
[[3000.0,1400.0,1400.0],0.0005870561]]
