txName: TRV1
constraint: {(PV > Zprime(1)), (Zprime(1) > MET(2),MET(3))}
condition: None
conditionDescription: None
figureUrl: https://cms-results.web.cern.ch/cms-results/public-results/publications/EXO-20-004/CMS-EXO-20-004_Figure_007-b.png
source: CMS
validated: True
axesMap: [{0: 'x', 1: 'y', 2: 'y'}]
dataMap: {0: (1, 'mass', GeV), 1: (2, 'mass', GeV), 2: (3, 'mass', GeV)}
finalState: ['MET', 'MET']
intermediateState: None
efficiencyMap: [[[50.0,1.0,1.0],0.0],
[[100.0,1.0,1.0],3.940008e-08],
[[100.0,10.0,10.0],5.695526e-08],
[[150.0,1.0,1.0],1.320586e-07],
[[150.0,75.0,75.0],1.940035e-07],
[[200.0,1.0,1.0],5.385818e-07],
[[200.0,75.0,75.0],3.519847e-07],
[[250.0,1.0,1.0],9.3357e-07],
[[250.0,10.0,10.0],6.046506e-07],
[[250.0,75.0,75.0],1.025714e-06],
[[300.0,1.0,1.0],1.482898e-06],
[[300.0,75.0,75.0],1.294205e-06],
[[350.0,1.0,1.0],2.013607e-06],
[[350.0,75.0,75.0],2.911968e-06],
[[350.0,150.0,150.0],2.772483e-06],
[[400.0,1.0,1.0],3.124652e-06],
[[400.0,75.0,75.0],3.839704e-06],
[[400.0,150.0,150.0],2.718783e-06],
[[450.0,1.0,1.0],4.476463e-06],
[[450.0,75.0,75.0],5.551962e-06],
[[450.0,150.0,150.0],5.173133e-06],
[[450.0,200.0,200.0],5.491953e-06],
[[500.0,1.0,1.0],5.851355e-06],
[[500.0,10.0,10.0],5.538168e-06],
[[500.0,75.0,75.0],4.358217e-06],
[[500.0,150.0,150.0],7.877754e-06],
[[500.0,200.0,200.0],7.520874e-06],
[[550.0,1.0,1.0],8.593658e-06],
[[550.0,75.0,75.0],8.792893e-06],
[[550.0,150.0,150.0],7.057231e-06],
[[550.0,200.0,200.0],8.9751e-06],
[[550.0,250.0,250.0],1.052561e-05],
[[600.0,1.0,1.0],1.12948e-05],
[[600.0,75.0,75.0],9.122672e-06],
[[600.0,150.0,150.0],8.77564e-06],
[[600.0,200.0,200.0],8.851396e-06],
[[600.0,250.0,250.0],1.005425e-05],
[[650.0,1.0,1.0],1.147052e-05],
[[650.0,75.0,75.0],1.376612e-05],
[[650.0,150.0,150.0],1.311155e-05],
[[650.0,200.0,200.0],1.110429e-05],
[[650.0,250.0,250.0],1.371391e-05],
[[650.0,300.0,300.0],1.453395e-05],
[[700.0,1.0,1.0],1.632346e-05],
[[700.0,75.0,75.0],1.40488e-05],
[[700.0,150.0,150.0],1.14244e-05],
[[700.0,200.0,200.0],1.527476e-05],
[[700.0,250.0,250.0],1.843073e-05],
[[700.0,300.0,300.0],1.512074e-05],
[[750.0,1.0,1.0],1.675764e-05],
[[750.0,10.0,10.0],1.903089e-05],
[[750.0,75.0,75.0],1.728137e-05],
[[750.0,150.0,150.0],1.90788e-05],
[[750.0,200.0,200.0],1.946579e-05],
[[750.0,250.0,250.0],1.880092e-05],
[[750.0,300.0,300.0],2.115022e-05],
[[750.0,350.0,350.0],2.105003e-05],
[[800.0,1.0,1.0],2.109875e-05],
[[800.0,75.0,75.0],2.12897e-05],
[[800.0,150.0,150.0],2.132928e-05],
[[800.0,200.0,200.0],2.057677e-05],
[[800.0,250.0,250.0],1.993365e-05],
[[800.0,300.0,300.0],2.461549e-05],
[[800.0,350.0,350.0],2.195065e-05],
[[850.0,1.0,1.0],2.803958e-05],
[[850.0,75.0,75.0],2.246804e-05],
[[850.0,150.0,150.0],2.298121e-05],
[[850.0,200.0,200.0],2.761004e-05],
[[850.0,250.0,250.0],2.244176e-05],
[[850.0,300.0,300.0],2.565723e-05],
[[850.0,350.0,350.0],2.687887e-05],
[[850.0,400.0,400.0],2.661787e-05],
[[900.0,1.0,1.0],2.74334e-05],
[[900.0,75.0,75.0],2.549714e-05],
[[900.0,150.0,150.0],3.430072e-05],
[[900.0,200.0,200.0],3.05846e-05],
[[900.0,250.0,250.0],3.68625e-05],
[[900.0,300.0,300.0],3.299009e-05],
[[900.0,350.0,350.0],2.853519e-05],
[[900.0,400.0,400.0],2.868444e-05],
[[950.0,1.0,1.0],2.947483e-05],
[[950.0,75.0,75.0],3.162806e-05],
[[950.0,150.0,150.0],3.526144e-05],
[[950.0,200.0,200.0],2.807527e-05],
[[950.0,250.0,250.0],3.38153e-05],
[[950.0,300.0,300.0],3.244226e-05],
[[950.0,350.0,350.0],3.589056e-05],
[[950.0,400.0,400.0],3.18983e-05],
[[950.0,450.0,450.0],3.235941e-05],
[[1000.0,1.0,1.0],3.408261e-05],
[[1000.0,10.0,10.0],3.918468e-05],
[[1000.0,75.0,75.0],3.587517e-05],
[[1000.0,150.0,150.0],3.454778e-05],
[[1000.0,200.0,200.0],3.157356e-05],
[[1000.0,250.0,250.0],3.352107e-05],
[[1000.0,300.0,300.0],3.491713e-05],
[[1000.0,350.0,350.0],3.533143e-05],
[[1000.0,400.0,400.0],3.47838e-05],
[[1000.0,450.0,450.0],3.421048e-05],
[[1050.0,1.0,1.0],3.557927e-05],
[[1050.0,75.0,75.0],4.151522e-05],
[[1050.0,150.0,150.0],3.601745e-05],
[[1050.0,200.0,200.0],3.603274e-05],
[[1050.0,250.0,250.0],4.435015e-05],
[[1050.0,300.0,300.0],4.266363e-05],
[[1050.0,350.0,350.0],3.775748e-05],
[[1050.0,400.0,400.0],4.661707e-05],
[[1050.0,450.0,450.0],3.836409e-05],
[[1050.0,500.0,500.0],3.603357e-05],
[[1100.0,1.0,1.0],3.875092e-05],
[[1100.0,75.0,75.0],4.184037e-05],
[[1100.0,150.0,150.0],3.768542e-05],
[[1100.0,200.0,200.0],4.148932e-05],
[[1100.0,250.0,250.0],4.398188e-05],
[[1100.0,300.0,300.0],4.162312e-05],
[[1100.0,350.0,350.0],4.327488e-05],
[[1100.0,400.0,400.0],4.545815e-05],
[[1100.0,450.0,450.0],4.598709e-05],
[[1100.0,500.0,500.0],4.303385e-05],
[[1150.0,1.0,1.0],4.721582e-05],
[[1150.0,75.0,75.0],4.176231e-05],
[[1150.0,150.0,150.0],4.048109e-05],
[[1150.0,200.0,200.0],4.39404e-05],
[[1150.0,250.0,250.0],5.279323e-05],
[[1150.0,300.0,300.0],4.838291e-05],
[[1150.0,350.0,350.0],4.153701e-05],
[[1150.0,400.0,400.0],4.440488e-05],
[[1150.0,450.0,450.0],4.970468e-05],
[[1150.0,500.0,500.0],5.224924e-05],
[[1150.0,550.0,550.0],6.129495e-05],
[[1200.0,1.0,1.0],5.073238e-05],
[[1200.0,75.0,75.0],5.288491e-05],
[[1200.0,150.0,150.0],4.869112e-05],
[[1200.0,200.0,200.0],5.137707e-05],
[[1200.0,250.0,250.0],3.943357e-05],
[[1200.0,300.0,300.0],5.282069e-05],
[[1200.0,350.0,350.0],4.678491e-05],
[[1200.0,400.0,400.0],5.726005e-05],
[[1200.0,450.0,450.0],5.74374e-05],
[[1200.0,500.0,500.0],4.839341e-05],
[[1200.0,550.0,550.0],4.744925e-05],
[[1250.0,1.0,1.0],5.487368e-05],
[[1250.0,10.0,10.0],4.65901e-05],
[[1250.0,75.0,75.0],5.659869e-05],
[[1250.0,150.0,150.0],5.11306e-05],
[[1250.0,200.0,200.0],4.783628e-05],
[[1250.0,250.0,250.0],5.594858e-05],
[[1250.0,300.0,300.0],5.46234e-05],
[[1250.0,350.0,350.0],5.206614e-05],
[[1250.0,400.0,400.0],6.649906e-05],
[[1250.0,450.0,450.0],6.240545e-05],
[[1250.0,500.0,500.0],5.140811e-05],
[[1250.0,550.0,550.0],5.206577e-05],
[[1250.0,600.0,600.0],5.668421e-05],
[[1300.0,1.0,1.0],5.769009e-05],
[[1300.0,75.0,75.0],5.384103e-05],
[[1300.0,150.0,150.0],5.86543e-05],
[[1300.0,200.0,200.0],6.468809e-05],
[[1300.0,250.0,250.0],5.956314e-05],
[[1300.0,300.0,300.0],5.121918e-05],
[[1300.0,350.0,350.0],5.692934e-05],
[[1300.0,400.0,400.0],6.272672e-05],
[[1300.0,450.0,450.0],6.194162e-05],
[[1300.0,500.0,500.0],5.449338e-05],
[[1300.0,550.0,550.0],6.246449e-05],
[[1300.0,600.0,600.0],5.924383e-05],
[[1350.0,1.0,1.0],8.156835e-05],
[[1350.0,75.0,75.0],5.878353e-05],
[[1350.0,150.0,150.0],5.972873e-05],
[[1350.0,200.0,200.0],6.42793e-05],
[[1350.0,250.0,250.0],8.175631e-05],
[[1350.0,300.0,300.0],5.668526e-05],
[[1350.0,350.0,350.0],6.518214e-05],
[[1350.0,400.0,400.0],6.260021e-05],
[[1350.0,450.0,450.0],6.465082e-05],
[[1350.0,500.0,500.0],5.917859e-05],
[[1350.0,550.0,550.0],6.973214e-05],
[[1350.0,600.0,600.0],6.470971e-05],
[[1350.0,650.0,650.0],5.660519e-05],
[[1400.0,1.0,1.0],6.611078e-05],
[[1400.0,75.0,75.0],6.24184e-05],
[[1400.0,150.0,150.0],6.367765e-05],
[[1400.0,200.0,200.0],6.64692e-05],
[[1400.0,250.0,250.0],6.179501e-05],
[[1400.0,300.0,300.0],7.314667e-05],
[[1400.0,350.0,350.0],6.269148e-05],
[[1400.0,400.0,400.0],6.492179e-05],
[[1400.0,450.0,450.0],7.11644e-05],
[[1400.0,500.0,500.0],5.988394e-05],
[[1400.0,550.0,550.0],6.933736e-05],
[[1400.0,600.0,600.0],5.814932e-05],
[[1400.0,650.0,650.0],7.399864e-05],
[[1450.0,1.0,1.0],6.317281e-05],
[[1450.0,75.0,75.0],7.241433e-05],
[[1450.0,150.0,150.0],7.599283e-05],
[[1450.0,200.0,200.0],7.681339e-05],
[[1450.0,250.0,250.0],5.751469e-05],
[[1450.0,300.0,300.0],7.755609e-05],
[[1450.0,350.0,350.0],6.828658e-05],
[[1450.0,400.0,400.0],7.256221e-05],
[[1450.0,450.0,450.0],6.960208e-05],
[[1450.0,500.0,500.0],7.013467e-05],
[[1450.0,550.0,550.0],8.812513e-05],
[[1450.0,600.0,600.0],7.848934e-05],
[[1450.0,650.0,650.0],7.567932e-05],
[[1450.0,700.0,700.0],8.303764e-05],
[[1500.0,1.0,1.0],7.869992e-05],
[[1500.0,10.0,10.0],6.564062e-05],
[[1500.0,75.0,75.0],6.798126e-05],
[[1500.0,150.0,150.0],7.7285e-05],
[[1500.0,200.0,200.0],6.87134e-05],
[[1500.0,250.0,250.0],7.550416e-05],
[[1500.0,300.0,300.0],7.04955e-05],
[[1500.0,350.0,350.0],8.081458e-05],
[[1500.0,400.0,400.0],6.655396e-05],
[[1500.0,450.0,450.0],8.101568e-05],
[[1500.0,500.0,500.0],7.992263e-05],
[[1500.0,550.0,550.0],8.334377e-05],
[[1500.0,600.0,600.0],8.081465e-05],
[[1500.0,650.0,650.0],8.076999e-05],
[[1500.0,700.0,700.0],7.408723e-05],
[[1500.0,750.0,750.0],8.870241e-05],
[[1550.0,1.0,1.0],6.781134e-05],
[[1550.0,75.0,75.0],7.914411e-05],
[[1550.0,150.0,150.0],7.227109e-05],
[[1550.0,200.0,200.0],7.408713e-05],
[[1550.0,250.0,250.0],7.295091e-05],
[[1550.0,300.0,300.0],6.584294e-05],
[[1550.0,350.0,350.0],9.099242e-05],
[[1550.0,400.0,400.0],9.46795e-05],
[[1550.0,450.0,450.0],7.520364e-05],
[[1550.0,500.0,500.0],8.078185e-05],
[[1550.0,550.0,550.0],8.637903e-05],
[[1550.0,600.0,600.0],0.0001032801],
[[1550.0,650.0,650.0],9.240156e-05],
[[1550.0,700.0,700.0],8.37124e-05],
[[1550.0,750.0,750.0],9.892063e-05],
[[1600.0,1.0,1.0],8.994496e-05],
[[1600.0,75.0,75.0],8.105479e-05],
[[1600.0,150.0,150.0],8.088228e-05],
[[1600.0,200.0,200.0],9.676033e-05],
[[1600.0,250.0,250.0],8.672794e-05],
[[1600.0,300.0,300.0],0.0001055557],
[[1600.0,350.0,350.0],7.411089e-05],
[[1600.0,400.0,400.0],7.780009e-05],
[[1600.0,450.0,450.0],7.832123e-05],
[[1600.0,500.0,500.0],7.905132e-05],
[[1600.0,550.0,550.0],8.931187e-05],
[[1600.0,600.0,600.0],7.815043e-05],
[[1600.0,650.0,650.0],8.325437e-05],
[[1600.0,700.0,700.0],9.28569e-05],
[[1600.0,750.0,750.0],8.762578e-05],
[[1650.0,1.0,1.0],7.848302e-05],
[[1650.0,75.0,75.0],8.804774e-05],
[[1650.0,150.0,150.0],8.949119e-05],
[[1650.0,200.0,200.0],8.945289e-05],
[[1650.0,250.0,250.0],8.81474e-05],
[[1650.0,300.0,300.0],9.078106e-05],
[[1650.0,350.0,350.0],9.003362e-05],
[[1650.0,400.0,400.0],0.0001097302],
[[1650.0,450.0,450.0],8.544194e-05],
[[1650.0,500.0,500.0],9.441475e-05],
[[1650.0,550.0,550.0],0.0001053221],
[[1650.0,600.0,600.0],8.141161e-05],
[[1650.0,650.0,650.0],8.446636e-05],
[[1650.0,700.0,700.0],8.406189e-05],
[[1650.0,750.0,750.0],8.194513e-05],
[[1650.0,800.0,800.0],4.799339e-05],
[[1700.0,1.0,1.0],7.931874e-05],
[[1700.0,75.0,75.0],9.938054e-05],
[[1700.0,150.0,150.0],0.0001050669],
[[1700.0,200.0,200.0],7.521553e-05],
[[1700.0,250.0,250.0],0.0001057479],
[[1700.0,300.0,300.0],7.666169e-05],
[[1700.0,350.0,350.0],8.959243e-05],
[[1700.0,400.0,400.0],9.466318e-05],
[[1700.0,450.0,450.0],9.573765e-05],
[[1700.0,500.0,500.0],0.0001018825],
[[1700.0,550.0,550.0],8.58861e-05],
[[1700.0,600.0,600.0],0.0001098366],
[[1700.0,650.0,650.0],8.880666e-05],
[[1700.0,700.0,700.0],8.477843e-05],
[[1700.0,750.0,750.0],0.0001531112],
[[1700.0,800.0,800.0],8.793161e-05],
[[1750.0,1.0,1.0],9.845133e-05],
[[1750.0,10.0,10.0],7.379646e-05],
[[1750.0,75.0,75.0],8.628343e-05],
[[1750.0,150.0,150.0],9.435258e-05],
[[1750.0,200.0,200.0],0.0001055167],
[[1750.0,250.0,250.0],0.0001128413],
[[1750.0,300.0,300.0],7.748004e-05],
[[1750.0,350.0,350.0],9.185514e-05],
[[1750.0,400.0,400.0],8.185061e-05],
[[1750.0,450.0,450.0],9.473256e-05],
[[1750.0,500.0,500.0],0.0001060153],
[[1750.0,550.0,550.0],9.233597e-05],
[[1750.0,600.0,600.0],9.452385e-05],
[[1750.0,650.0,650.0],0.0001095113],
[[1750.0,700.0,700.0],0.0001147686],
[[1750.0,750.0,750.0],0.0001100018],
[[1750.0,800.0,800.0],0.0001044576],
[[1750.0,850.0,850.0],8.71115e-05],
[[1800.0,1.0,1.0],9.335205e-05],
[[1800.0,75.0,75.0],9.29746e-05],
[[1800.0,150.0,150.0],9.533502e-05],
[[1800.0,200.0,200.0],0.00010197],
[[1800.0,250.0,250.0],8.676939e-05],
[[1800.0,300.0,300.0],0.0001046155],
[[1800.0,350.0,350.0],8.621756e-05],
[[1800.0,400.0,400.0],9.166564e-05],
[[1800.0,450.0,450.0],0.0001132487],
[[1800.0,500.0,500.0],8.749508e-05],
[[1800.0,550.0,550.0],0.0001030451],
[[1800.0,600.0,600.0],9.071699e-05],
[[1800.0,650.0,650.0],0.0001033553],
[[1800.0,700.0,700.0],9.467327e-05],
[[1800.0,750.0,750.0],9.911334e-05],
[[1800.0,800.0,800.0],9.925169e-05],
[[1800.0,850.0,850.0],0.0001000619],
[[1850.0,1.0,1.0],9.710565e-05],
[[1850.0,75.0,75.0],0.0001018809],
[[1850.0,150.0,150.0],0.0001093538],
[[1850.0,200.0,200.0],8.639966e-05],
[[1850.0,250.0,250.0],9.143518e-05],
[[1850.0,300.0,300.0],0.0001178526],
[[1850.0,350.0,350.0],9.836982e-05],
[[1850.0,400.0,400.0],0.0001069307],
[[1850.0,450.0,450.0],0.0001010626],
[[1850.0,500.0,500.0],9.573723e-05],
[[1850.0,550.0,550.0],8.874036e-05],
[[1850.0,600.0,600.0],0.0001100436],
[[1850.0,650.0,650.0],0.0001187266],
[[1850.0,700.0,700.0],9.717922e-05],
[[1850.0,750.0,750.0],0.0001004129],
[[1850.0,800.0,800.0],0.0001259487],
[[1850.0,850.0,850.0],0.0001106087],
[[1850.0,900.0,900.0],9.822249e-05],
[[1900.0,1.0,1.0],9.237653e-05],
[[1900.0,75.0,75.0],0.0001287244],
[[1900.0,150.0,150.0],0.000109761],
[[1900.0,200.0,200.0],0.0001031911],
[[1900.0,250.0,250.0],0.0001028445],
[[1900.0,300.0,300.0],0.00012088],
[[1900.0,350.0,350.0],8.800815e-05],
[[1900.0,400.0,400.0],0.0001054822],
[[1900.0,450.0,450.0],0.0001066283],
[[1900.0,500.0,500.0],9.716535e-05],
[[1900.0,550.0,550.0],9.407813e-05],
[[1900.0,600.0,600.0],0.0001066288],
[[1900.0,650.0,650.0],0.0001243238],
[[1900.0,700.0,700.0],9.972025e-05],
[[1900.0,750.0,750.0],0.0001019825],
[[1900.0,800.0,800.0],8.858174e-05],
[[1900.0,850.0,850.0],0.0001072266],
[[1900.0,900.0,900.0],0.0001263871],
[[1950.0,1.0,1.0],0.0001030816],
[[1950.0,75.0,75.0],9.96947e-05],
[[1950.0,150.0,150.0],0.0001060482],
[[1950.0,200.0,200.0],9.981415e-05],
[[1950.0,250.0,250.0],0.0001086332],
[[1950.0,300.0,300.0],9.345021e-05],
[[1950.0,350.0,350.0],9.952117e-05],
[[1950.0,400.0,400.0],0.0001023203],
[[1950.0,450.0,450.0],8.880797e-05],
[[1950.0,500.0,500.0],8.892099e-05],
[[1950.0,550.0,550.0],0.000100791],
[[1950.0,600.0,600.0],0.0001132876],
[[1950.0,650.0,650.0],0.0001150682],
[[1950.0,700.0,700.0],9.61504e-05],
[[1950.0,750.0,750.0],0.0001149085],
[[1950.0,800.0,800.0],0.0001029957],
[[1950.0,850.0,850.0],0.000126822],
[[1950.0,900.0,900.0],0.000125144],
[[1950.0,950.0,950.0],0.0001347177],
[[2000.0,1.0,1.0],0.000111326],
[[2000.0,75.0,75.0],0.0001286399],
[[2000.0,150.0,150.0],0.0001310523],
[[2000.0,200.0,200.0],0.0001016538],
[[2000.0,250.0,250.0],8.571015e-05],
[[2000.0,300.0,300.0],0.000104695],
[[2000.0,350.0,350.0],9.068957e-05],
[[2000.0,400.0,400.0],0.0001357265],
[[2000.0,450.0,450.0],9.119001e-05],
[[2000.0,500.0,500.0],0.0001072713],
[[2000.0,550.0,550.0],0.0001095005],
[[2000.0,600.0,600.0],0.0001147622],
[[2000.0,650.0,650.0],0.0001281697],
[[2000.0,700.0,700.0],9.659332e-05],
[[2000.0,750.0,750.0],0.0001202548],
[[2000.0,800.0,800.0],0.0001227947],
[[2000.0,850.0,850.0],0.0001430053],
[[2000.0,900.0,900.0],0.0001004891],
[[2000.0,950.0,950.0],0.000115289],
[[2250.0,1.0,1.0],0.0001242766],
[[2250.0,75.0,75.0],0.0001244347],
[[2250.0,150.0,150.0],0.0001187228],
[[2250.0,300.0,300.0],0.0001248738],
[[2250.0,500.0,500.0],0.0001290458],
[[2250.0,750.0,750.0],0.0001305464],
[[2250.0,1000.0,1000.0],0.0001250819],
[[2500.0,1.0,1.0],0.0001238762],
[[2500.0,75.0,75.0],0.0001349547],
[[2500.0,150.0,150.0],0.0001344262],
[[2500.0,300.0,300.0],0.0001122081],
[[2500.0,500.0,500.0],0.0001262793],
[[2500.0,750.0,750.0],0.0001429289],
[[2500.0,1000.0,1000.0],0.0001396049],
[[2500.0,1200.0,1200.0],0.0001443178],
[[2750.0,1.0,1.0],0.0001353617],
[[2750.0,75.0,75.0],0.0001420864],
[[2750.0,150.0,150.0],0.0001294714],
[[2750.0,300.0,300.0],0.0001254005],
[[2750.0,500.0,500.0],0.0001421659],
[[2750.0,750.0,750.0],0.0001540556],
[[2750.0,1000.0,1000.0],0.0001425809],
[[2750.0,1200.0,1200.0],0.0001372705],
[[3000.0,1.0,1.0],0.0001353661],
[[3000.0,75.0,75.0],0.0001281649],
[[3000.0,150.0,150.0],0.0001413735],
[[3000.0,300.0,300.0],0.0001379093],
[[3000.0,500.0,500.0],0.0001237849],
[[3000.0,750.0,750.0],0.0001198281],
[[3000.0,1000.0,1000.0],0.0001334421],
[[3000.0,1200.0,1200.0],0.0001095726],
[[3000.0,1400.0,1400.0],0.0001486736]]
