txName: TRV1
constraint: {(PV > Zprime(1)), (Zprime(1) > MET(2),MET(3))}
condition: None
conditionDescription: None
figureUrl: None
source: Recast by CM2
validated: True
axesMap: [{0: 'x', 1: 'y', 2: 'y'}]
dataMap: {0: (1, 'mass', GeV), 1: (2, 'mass', GeV), 2: (3, 'mass', GeV)}
finalState: ['MET', 'MET']
intermediateState: None
efficiencyMap: [[[50.0,0,0],0.0],
[[50.0,1.0,1.0],0.0],
[[50.0,10.0,10.0],0.0],
[[50.0,20.0,20.0],0],
[[100.0,0,0],0.0],
[[100.0,1.0,1.0],0],
[[100.0,10.0,10.0],0.0],
[[150.0,0,0],0],
[[150.0,1.0,1.0],0],
[[150.0,10.0,10.0],0],
[[150.0,50.0,50.0],0],
[[150.0,70.0,70.0],0],
[[200.0,0,0],0],
[[200.0,1.0,1.0],0],
[[200.0,10.0,10.0],0],
[[200.0,50.0,50.0],0],
[[200.0,75.0,75.0],0],
[[250.0,0,0],1.893119e-06],
[[250.0,1.0,1.0],0],
[[250.0,10.0,10.0],0],
[[250.0,50.0,50.0],0],
[[250.0,75.0,75.0],0],
[[250.0,100.0,100.0],0],
[[250.0,120.0,120.0],0],
[[300.0,0,0],0],
[[300.0,1.0,1.0],0],
[[300.0,10.0,10.0],0],
[[300.0,50.0,50.0],0],
[[300.0,75.0,75.0],0],
[[300.0,100.0,100.0],0],
[[350.0,0,0],0],
[[350.0,1.0,1.0],0],
[[350.0,10.0,10.0],0],
[[350.0,50.0,50.0],0],
[[350.0,75.0,75.0],0],
[[350.0,100.0,100.0],0],
[[350.0,150.0,150.0],0],
[[350.0,170.0,170.0],0],
[[400.0,0,0],0],
[[400.0,1.0,1.0],2.699693e-06],
[[400.0,10.0,10.0],0],
[[400.0,50.0,50.0],1.686504e-06],
[[400.0,75.0,75.0],0],
[[400.0,100.0,100.0],0],
[[400.0,150.0,150.0],1.641513e-06],
[[450.0,0,0],2.019566e-06],
[[450.0,1.0,1.0],0],
[[450.0,10.0,10.0],2.859539e-06],
[[450.0,50.0,50.0],1.978112e-06],
[[450.0,75.0,75.0],0],
[[450.0,100.0,100.0],0],
[[450.0,150.0,150.0],0],
[[450.0,200.0,200.0],2.179699e-06],
[[450.0,220.0,220.0],2.343119e-06],
[[500.0,0,0],0],
[[500.0,1.0,1.0],0],
[[500.0,10.0,10.0],2.438369e-06],
[[500.0,50.0,50.0],2.516879e-06],
[[500.0,75.0,75.0],2.415278e-06],
[[500.0,100.0,100.0],2.621939e-06],
[[500.0,150.0,150.0],2.215971e-06],
[[500.0,200.0,200.0],2.036228e-06],
[[550.0,1.0,1.0],2.883971e-06],
[[550.0,10.0,10.0],2.662718e-06],
[[550.0,75.0,75.0],2.815578e-06],
[[550.0,150.0,150.0],3.114477e-06],
[[550.0,200.0,200.0],1.9301e-06],
[[550.0,250.0,250.0],3.025849e-06],
[[550.0,270.0,270.0],3.617606e-06],
[[600.0,0,0],4.255147e-06],
[[600.0,1.0,1.0],2.161079e-06],
[[600.0,10.0,10.0],2.659378e-06],
[[600.0,50.0,50.0],3.927572e-06],
[[600.0,75.0,75.0],4.469748e-06],
[[600.0,100.0,100.0],4.321404e-06],
[[600.0,150.0,150.0],3.837764e-06],
[[600.0,200.0,200.0],1.987403e-06],
[[600.0,250.0,250.0],3.210255e-06],
[[600.0,295.0,295.0],3.715141e-06],
[[650.0,1.0,1.0],4.34247e-06],
[[650.0,10.0,10.0],3.639769e-06],
[[650.0,75.0,75.0],4.272139e-06],
[[650.0,150.0,150.0],4.229771e-06],
[[650.0,200.0,200.0],3.032713e-06],
[[650.0,250.0,250.0],3.329546e-06],
[[650.0,300.0,300.0],3.690813e-06],
[[650.0,320.0,320.0],5.288525e-06],
[[700.0,0,0],5.761838e-06],
[[700.0,1.0,1.0],4.37429e-06],
[[700.0,10.0,10.0],6.222988e-06],
[[700.0,50.0,50.0],5.047534e-06],
[[700.0,75.0,75.0],4.536256e-06],
[[700.0,100.0,100.0],2.750945e-06],
[[700.0,150.0,150.0],5.795849e-06],
[[700.0,200.0,200.0],3.444724e-06],
[[700.0,250.0,250.0],4.447885e-06],
[[700.0,300.0,300.0],4.049945e-06],
[[750.0,1.0,1.0],6.169417e-06],
[[750.0,10.0,10.0],6.775719e-06],
[[750.0,75.0,75.0],6.273094e-06],
[[750.0,150.0,150.0],7.026096e-06],
[[750.0,200.0,200.0],6.869112e-06],
[[750.0,250.0,250.0],6.992646e-06],
[[750.0,300.0,300.0],5.316576e-06],
[[750.0,350.0,350.0],6.641989e-06],
[[750.0,370.0,370.0],6.441135e-06],
[[800.0,0,0],4.93479e-06],
[[800.0,1.0,1.0],7.104111e-06],
[[800.0,10.0,10.0],5.66448e-06],
[[800.0,50.0,50.0],6.406036e-06],
[[800.0,75.0,75.0],6.978272e-06],
[[800.0,100.0,100.0],7.453107e-06],
[[800.0,150.0,150.0],8.198042e-06],
[[800.0,200.0,200.0],7.293289e-06],
[[800.0,250.0,250.0],7.119146e-06],
[[800.0,300.0,300.0],6.990262e-06],
[[800.0,350.0,350.0],8.897837e-06],
[[850.0,1.0,1.0],7.261605e-06],
[[850.0,10.0,10.0],4.638218e-06],
[[850.0,75.0,75.0],7.125848e-06],
[[850.0,150.0,150.0],6.633957e-06],
[[850.0,200.0,200.0],7.976644e-06],
[[850.0,250.0,250.0],7.746908e-06],
[[850.0,300.0,300.0],9.200438e-06],
[[850.0,350.0,350.0],8.191181e-06],
[[850.0,400.0,400.0],1.338828e-05],
[[850.0,420.0,420.0],1.117756e-05],
[[900.0,0,0],3.745177e-06],
[[900.0,1.0,1.0],9.870579e-06],
[[900.0,10.0,10.0],8.485136e-06],
[[900.0,50.0,50.0],9.050275e-06],
[[900.0,75.0,75.0],8.507282e-06],
[[900.0,100.0,100.0],9.065305e-06],
[[900.0,150.0,150.0],7.643973e-06],
[[900.0,200.0,200.0],7.61345e-06],
[[900.0,250.0,250.0],7.498376e-06],
[[900.0,300.0,300.0],7.704236e-06],
[[900.0,350.0,350.0],8.488729e-06],
[[900.0,400.0,400.0],1.031658e-05],
[[950.0,1.0,1.0],9.508767e-06],
[[950.0,10.0,10.0],1.159516e-05],
[[950.0,75.0,75.0],8.6757e-06],
[[950.0,150.0,150.0],8.47378e-06],
[[950.0,200.0,200.0],9.337998e-06],
[[950.0,250.0,250.0],1.086319e-05],
[[950.0,300.0,300.0],1.276587e-05],
[[950.0,350.0,350.0],8.027055e-06],
[[950.0,400.0,400.0],1.110125e-05],
[[950.0,450.0,450.0],9.213098e-06],
[[950.0,470.0,470.0],9.37833e-06],
[[1000.0,0,0],8.544847e-06],
[[1000.0,50.0,50.0],1.208981e-05],
[[1000.0,100.0,100.0],9.640461e-06],
[[1000.0,150.0,150.0],9.560298e-06],
[[1000.0,200.0,200.0],9.498424e-06],
[[1000.0,250.0,250.0],1.031574e-05],
[[1000.0,300.0,300.0],1.065318e-05],
[[1000.0,350.0,350.0],1.205271e-05],
[[1000.0,400.0,400.0],1.087654e-05],
[[1000.0,450.0,450.0],1.830019e-05],
[[1050.0,520.0,520.0],1.7804e-05],
[[1100.0,0,0],1.331155e-05],
[[1100.0,100.0,100.0],1.067861e-05],
[[1100.0,200.0,200.0],1.338655e-05],
[[1100.0,300.0,300.0],1.356655e-05],
[[1100.0,400.0,400.0],1.430828e-05],
[[1100.0,500.0,500.0],1.430452e-05],
[[1150.0,570.0,570.0],1.416796e-05],
[[1200.0,0,0],1.601749e-05],
[[1200.0,100.0,100.0],1.159336e-05],
[[1200.0,200.0,200.0],1.392509e-05],
[[1200.0,300.0,300.0],1.254605e-05],
[[1200.0,400.0,400.0],1.760009e-05],
[[1200.0,500.0,500.0],1.453939e-05],
[[1250.0,620.0,620.0],1.89501e-05],
[[1300.0,0,0],1.807395e-05],
[[1300.0,100.0,100.0],1.332612e-05],
[[1300.0,200.0,200.0],1.239024e-05],
[[1300.0,300.0,300.0],1.643507e-05],
[[1300.0,400.0,400.0],1.38051e-05],
[[1300.0,500.0,500.0],1.645324e-05],
[[1300.0,600.0,600.0],2.3488e-05],
[[1350.0,670.0,670.0],2.450961e-05],
[[1400.0,0,0],1.621426e-05],
[[1400.0,100.0,100.0],1.366669e-05],
[[1400.0,200.0,200.0],1.632384e-05],
[[1400.0,300.0,300.0],2.228117e-05],
[[1400.0,400.0,400.0],2.181981e-05],
[[1400.0,500.0,500.0],1.382414e-05],
[[1400.0,600.0,600.0],3.159222e-05],
[[1450.0,720.0,720.0],2.492838e-05],
[[1500.0,0,0],1.565049e-05],
[[1500.0,100.0,100.0],2.847019e-05],
[[1500.0,200.0,200.0],3.491324e-05],
[[1500.0,300.0,300.0],2.522055e-05],
[[1500.0,400.0,400.0],2.208431e-05],
[[1500.0,500.0,500.0],2.138468e-05],
[[1500.0,600.0,600.0],2.197913e-05],
[[1500.0,700.0,700.0],2.208478e-05],
[[1550.0,770.0,770.0],2.168216e-05],
[[1600.0,0,0],2.609799e-05],
[[1600.0,100.0,100.0],2.414985e-05],
[[1600.0,200.0,200.0],1.94199e-05],
[[1600.0,300.0,300.0],2.22012e-05],
[[1600.0,400.0,400.0],2.012321e-05],
[[1600.0,500.0,500.0],3.30176e-05],
[[1600.0,600.0,600.0],2.547237e-05],
[[1600.0,700.0,700.0],1.680555e-05],
[[1650.0,820.0,820.0],2.654763e-05],
[[1700.0,0,0],3.227334e-05],
[[1700.0,100.0,100.0],3.048612e-05],
[[1700.0,200.0,200.0],3.639045e-05],
[[1700.0,300.0,300.0],1.894727e-05],
[[1700.0,400.0,400.0],2.584011e-05],
[[1700.0,500.0,500.0],2.678147e-05],
[[1700.0,600.0,600.0],2.991624e-05],
[[1700.0,700.0,700.0],2.145953e-05],
[[1700.0,800.0,800.0],2.573278e-05],
[[1750.0,870.0,870.0],3.239149e-05],
[[1800.0,0,0],2.342143e-05],
[[1800.0,100.0,100.0],3.362422e-05],
[[1800.0,200.0,200.0],2.294702e-05],
[[1800.0,300.0,300.0],3.921546e-05],
[[1800.0,400.0,400.0],3.641049e-05],
[[1800.0,500.0,500.0],2.065834e-05],
[[1800.0,600.0,600.0],2.811243e-05],
[[1800.0,700.0,700.0],3.58139e-05],
[[1800.0,800.0,800.0],3.186019e-05],
[[1850.0,920.0,920.0],3.484126e-05],
[[1900.0,0,0],2.881663e-05],
[[1900.0,100.0,100.0],3.044461e-05],
[[1900.0,200.0,200.0],2.694419e-05],
[[1900.0,300.0,300.0],2.928167e-05],
[[1900.0,400.0,400.0],5.104107e-05],
[[1900.0,500.0,500.0],4.34974e-05],
[[1900.0,600.0,600.0],4.202173e-05],
[[1900.0,700.0,700.0],2.458829e-05],
[[1900.0,800.0,800.0],3.384274e-05],
[[1900.0,900.0,900.0],2.645047e-05],
[[1950.0,970.0,970.0],4.094211e-05],
[[2000.0,0,0],3.866619e-05],
[[2000.0,100.0,100.0],3.269267e-05],
[[2000.0,200.0,200.0],2.906443e-05],
[[2000.0,300.0,300.0],2.715027e-05],
[[2000.0,400.0,400.0],3.588786e-05],
[[2000.0,500.0,500.0],2.482962e-05],
[[2000.0,600.0,600.0],2.814897e-05],
[[2000.0,700.0,700.0],5.304523e-05],
[[2000.0,800.0,800.0],3.696754e-05],
[[2000.0,900.0,900.0],3.666483e-05],
[[2050.0,1020.0,1020.0],4.22143e-05],
[[2100.0,0,0],3.112984e-05],
[[2100.0,100.0,100.0],2.424983e-05],
[[2100.0,200.0,200.0],2.995639e-05],
[[2100.0,300.0,300.0],4.019984e-05],
[[2100.0,400.0,400.0],3.446659e-05],
[[2100.0,500.0,500.0],4.113622e-05],
[[2100.0,600.0,600.0],3.420014e-05],
[[2100.0,700.0,700.0],4.435248e-05],
[[2100.0,800.0,800.0],3.199394e-05],
[[2100.0,900.0,900.0],3.975137e-05],
[[2100.0,1000.0,1000.0],3.218191e-05],
[[2150.0,1070.0,1070.0],3.174244e-05],
[[2200.0,0,0],2.51103e-05],
[[2200.0,100.0,100.0],2.815978e-05],
[[2200.0,200.0,200.0],4.349916e-05],
[[2200.0,300.0,300.0],2.986613e-05],
[[2200.0,400.0,400.0],2.640269e-05],
[[2200.0,500.0,500.0],3.255897e-05],
[[2200.0,600.0,600.0],3.472976e-05],
[[2200.0,700.0,700.0],3.313945e-05],
[[2200.0,800.0,800.0],3.835545e-05],
[[2200.0,900.0,900.0],3.655584e-05],
[[2200.0,1000.0,1000.0],3.490801e-05],
[[2250.0,1120.0,1120.0],4.392813e-05],
[[2300.0,0,0],4.208653e-05],
[[2300.0,100.0,100.0],3.07265e-05],
[[2300.0,200.0,200.0],2.703964e-05],
[[2300.0,300.0,300.0],5.598902e-05],
[[2300.0,400.0,400.0],3.4562e-05],
[[2300.0,500.0,500.0],5.602816e-05],
[[2300.0,600.0,600.0],3.104832e-05],
[[2300.0,700.0,700.0],3.979324e-05],
[[2300.0,800.0,800.0],3.445756e-05],
[[2300.0,900.0,900.0],4.437665e-05],
[[2300.0,1000.0,1000.0],4.243572e-05],
[[2300.0,1100.0,1100.0],4.183123e-05],
[[2350.0,1170.0,1170.0],3.933796e-05],
[[2400.0,0,0],3.816604e-05],
[[2400.0,100.0,100.0],4.497993e-05],
[[2400.0,200.0,200.0],3.270379e-05],
[[2400.0,300.0,300.0],3.076709e-05],
[[2400.0,400.0,400.0],3.415031e-05],
[[2400.0,500.0,500.0],4.522672e-05],
[[2400.0,600.0,600.0],3.924793e-05],
[[2400.0,700.0,700.0],5.304177e-05],
[[2400.0,800.0,800.0],4.58561e-05],
[[2400.0,900.0,900.0],3.975459e-05],
[[2400.0,1000.0,1000.0],4.669611e-05],
[[2400.0,1100.0,1100.0],3.412754e-05],
[[2450.0,1220.0,1220.0],4.187796e-05],
[[2500.0,0,0],2.920887e-05],
[[2500.0,100.0,100.0],3.844824e-05],
[[2500.0,200.0,200.0],3.661053e-05],
[[2500.0,300.0,300.0],3.725514e-05],
[[2500.0,400.0,400.0],3.080382e-05],
[[2500.0,500.0,500.0],3.053255e-05],
[[2500.0,600.0,600.0],3.116041e-05],
[[2500.0,700.0,700.0],4.13496e-05],
[[2500.0,800.0,800.0],3.452749e-05],
[[2500.0,900.0,900.0],3.869177e-05],
[[2500.0,1000.0,1000.0],5.251899e-05],
[[2500.0,1100.0,1100.0],3.994082e-05],
[[2500.0,1200.0,1200.0],4.166944e-05],
[[2550.0,1270.0,1270.0],4.581454e-05],
[[2600.0,0,0],3.180901e-05],
[[2600.0,100.0,100.0],3.8783e-05],
[[2600.0,200.0,200.0],3.514457e-05],
[[2600.0,300.0,300.0],5.052443e-05],
[[2600.0,400.0,400.0],5.015368e-05],
[[2600.0,500.0,500.0],3.472378e-05],
[[2600.0,600.0,600.0],5.635037e-05],
[[2600.0,700.0,700.0],4.185631e-05],
[[2600.0,800.0,800.0],4.490009e-05],
[[2600.0,900.0,900.0],4.273116e-05],
[[2600.0,1000.0,1000.0],4.285076e-05],
[[2600.0,1100.0,1100.0],4.056004e-05],
[[2600.0,1200.0,1200.0],4.583545e-05],
[[2650.0,1320.0,1320.0],4.033483e-05],
[[2700.0,0,0],3.444434e-05],
[[2700.0,100.0,100.0],3.946376e-05],
[[2700.0,200.0,200.0],3.534579e-05],
[[2700.0,300.0,300.0],3.269546e-05],
[[2700.0,400.0,400.0],5.119227e-05],
[[2700.0,500.0,500.0],3.716767e-05],
[[2700.0,600.0,600.0],4.126142e-05],
[[2700.0,700.0,700.0],4.591294e-05],
[[2700.0,800.0,800.0],3.85581e-05],
[[2700.0,900.0,900.0],6.161097e-05],
[[2700.0,1000.0,1000.0],4.205209e-05],
[[2700.0,1100.0,1100.0],4.736162e-05],
[[2700.0,1200.0,1200.0],4.344866e-05],
[[2700.0,1300.0,1300.0],5.244259e-05],
[[2750.0,1370.0,1370.0],3.790661e-05],
[[2800.0,0,0],3.891408e-05],
[[2800.0,100.0,100.0],3.981007e-05],
[[2800.0,200.0,200.0],4.104921e-05],
[[2800.0,300.0,300.0],3.317459e-05],
[[2800.0,400.0,400.0],4.636033e-05],
[[2800.0,500.0,500.0],2.804557e-05],
[[2800.0,600.0,600.0],4.476987e-05],
[[2800.0,700.0,700.0],3.312608e-05],
[[2800.0,800.0,800.0],3.743419e-05],
[[2800.0,900.0,900.0],3.208069e-05],
[[2800.0,1000.0,1000.0],4.675721e-05],
[[2800.0,1100.0,1100.0],3.337403e-05],
[[2800.0,1200.0,1200.0],5.387577e-05],
[[2800.0,1300.0,1300.0],3.755773e-05],
[[2850.0,1420.0,1420.0],4.198427e-05],
[[2900.0,0,0],2.638171e-05],
[[2900.0,100.0,100.0],3.670966e-05],
[[2900.0,200.0,200.0],3.051877e-05],
[[2900.0,300.0,300.0],4.398717e-05],
[[2900.0,400.0,400.0],5.92385e-05],
[[2900.0,500.0,500.0],7.353439e-05],
[[2900.0,600.0,600.0],3.505741e-05],
[[2900.0,700.0,700.0],4.673162e-05],
[[2900.0,800.0,800.0],4.716266e-05],
[[2900.0,900.0,900.0],1.954934e-05],
[[2900.0,1000.0,1000.0],4.691338e-05],
[[2900.0,1100.0,1100.0],4.20845e-05],
[[2900.0,1200.0,1200.0],4.575833e-05],
[[2900.0,1300.0,1300.0],4.115343e-05],
[[2900.0,1400.0,1400.0],4.875273e-05],
[[2950.0,1470.0,1470.0],4.18583e-05],
[[3000.0,0,0],3.611818e-05],
[[3000.0,100.0,100.0],3.199795e-05],
[[3000.0,200.0,200.0],3.819719e-05],
[[3000.0,300.0,300.0],3.933746e-05],
[[3000.0,400.0,400.0],3.593836e-05],
[[3000.0,500.0,500.0],4.156234e-05],
[[3000.0,600.0,600.0],4.004944e-05],
[[3000.0,700.0,700.0],4.066546e-05],
[[3000.0,800.0,800.0],4.259249e-05],
[[3000.0,900.0,900.0],5.113493e-05],
[[3000.0,1000.0,1000.0],4.880401e-05],
[[3000.0,1100.0,1100.0],4.574441e-05],
[[3000.0,1200.0,1200.0],4.706531e-05],
[[3000.0,1300.0,1300.0],4.552166e-05],
[[3000.0,1400.0,1400.0],3.958138e-05]]
