txName: TRV1
constraint: {(PV > Zprime(1)), (Zprime(1) > MET(2),MET(3))}
condition: None
conditionDescription: None
figureUrl: None
source: Recast by CM2
validated: True
axesMap: [{0: 'x', 1: 'y', 2: 'y'}]
dataMap: {0: (1, 'mass', GeV), 1: (2, 'mass', GeV), 2: (3, 'mass', GeV)}
finalState: ['MET', 'MET']
intermediateState: None
efficiencyMap: [[[50.0,0,0],0.0],
[[50.0,1.0,1.0],0.0],
[[50.0,10.0,10.0],0.0],
[[50.0,20.0,20.0],0.0],
[[100.0,0,0],0.0],
[[100.0,1.0,1.0],0.0],
[[100.0,10.0,10.0],0.0],
[[150.0,0,0],0.0],
[[150.0,1.0,1.0],0.0],
[[150.0,10.0,10.0],0.0],
[[150.0,50.0,50.0],0.0],
[[150.0,70.0,70.0],0.0],
[[200.0,0,0],0.0],
[[200.0,1.0,1.0],0.0],
[[200.0,10.0,10.0],0.0],
[[200.0,50.0,50.0],0.0],
[[200.0,75.0,75.0],0.0],
[[250.0,0,0],0.0],
[[250.0,1.0,1.0],0.0],
[[250.0,10.0,10.0],0.0],
[[250.0,50.0,50.0],0.0],
[[250.0,75.0,75.0],0.0],
[[250.0,100.0,100.0],0.0],
[[250.0,120.0,120.0],0.0],
[[300.0,0,0],0.0],
[[300.0,1.0,1.0],0.0],
[[300.0,10.0,10.0],0.0],
[[300.0,50.0,50.0],0.0],
[[300.0,75.0,75.0],0.0],
[[300.0,100.0,100.0],0.0],
[[350.0,0,0],0.0],
[[350.0,1.0,1.0],0.0],
[[350.0,10.0,10.0],0.0],
[[350.0,50.0,50.0],0.0],
[[350.0,75.0,75.0],0.0],
[[350.0,100.0,100.0],0.0],
[[350.0,150.0,150.0],0.0],
[[350.0,170.0,170.0],0.0],
[[400.0,0,0],0.0],
[[400.0,1.0,1.0],0.0],
[[400.0,10.0,10.0],0.0],
[[400.0,50.0,50.0],0.0],
[[400.0,75.0,75.0],0.0],
[[400.0,100.0,100.0],0.0],
[[400.0,150.0,150.0],0.0],
[[450.0,0,0],0.0],
[[450.0,1.0,1.0],0.0],
[[450.0,10.0,10.0],0.0],
[[450.0,50.0,50.0],0.0],
[[450.0,75.0,75.0],0.0],
[[450.0,100.0,100.0],0.0],
[[450.0,150.0,150.0],0.0],
[[450.0,200.0,200.0],0.0],
[[450.0,220.0,220.0],0.0],
[[500.0,0,0],0.0],
[[500.0,1.0,1.0],0.0],
[[500.0,10.0,10.0],0.0],
[[500.0,50.0,50.0],0.0],
[[500.0,75.0,75.0],0.0],
[[500.0,100.0,100.0],0.0],
[[500.0,150.0,150.0],0.0],
[[500.0,200.0,200.0],0.0],
[[550.0,1.0,1.0],0.0],
[[550.0,10.0,10.0],0.0],
[[550.0,75.0,75.0],0.0],
[[550.0,150.0,150.0],0.0],
[[550.0,200.0,200.0],0.0],
[[550.0,250.0,250.0],0.0],
[[550.0,270.0,270.0],0.0],
[[600.0,0,0],0.0],
[[600.0,1.0,1.0],0.0],
[[600.0,10.0,10.0],0.0],
[[600.0,50.0,50.0],0.0],
[[600.0,75.0,75.0],0.0],
[[600.0,100.0,100.0],0.0],
[[600.0,150.0,150.0],0.0],
[[600.0,200.0,200.0],0.0],
[[600.0,250.0,250.0],0.0],
[[600.0,295.0,295.0],0.0],
[[650.0,1.0,1.0],0.0],
[[650.0,10.0,10.0],0.0],
[[650.0,75.0,75.0],0.0],
[[650.0,150.0,150.0],0.0],
[[650.0,200.0,200.0],0.0],
[[650.0,250.0,250.0],0.0],
[[650.0,300.0,300.0],0.0],
[[650.0,320.0,320.0],0.0],
[[700.0,0,0],0.0],
[[700.0,1.0,1.0],0.0],
[[700.0,10.0,10.0],0.0],
[[700.0,50.0,50.0],0.0],
[[700.0,75.0,75.0],0.0],
[[700.0,100.0,100.0],0.0],
[[700.0,150.0,150.0],0.0],
[[700.0,200.0,200.0],0.0],
[[700.0,250.0,250.0],0.0],
[[700.0,300.0,300.0],0.0],
[[750.0,1.0,1.0],0.0],
[[750.0,10.0,10.0],0.0],
[[750.0,75.0,75.0],0.0],
[[750.0,150.0,150.0],0.0],
[[750.0,200.0,200.0],0.0],
[[750.0,250.0,250.0],0.0],
[[750.0,300.0,300.0],0.0],
[[750.0,350.0,350.0],0.0],
[[750.0,370.0,370.0],0.0],
[[800.0,0,0],0.0],
[[800.0,1.0,1.0],0.0],
[[800.0,10.0,10.0],0.0],
[[800.0,50.0,50.0],0.0],
[[800.0,75.0,75.0],0.0],
[[800.0,100.0,100.0],0.0],
[[800.0,150.0,150.0],0.0],
[[800.0,200.0,200.0],0.0],
[[800.0,250.0,250.0],0.0],
[[800.0,300.0,300.0],0.0],
[[800.0,350.0,350.0],0.0],
[[850.0,1.0,1.0],0.0],
[[850.0,10.0,10.0],0.0],
[[850.0,75.0,75.0],0.0],
[[850.0,150.0,150.0],0.0],
[[850.0,200.0,200.0],0.0],
[[850.0,250.0,250.0],0.0],
[[850.0,300.0,300.0],0.0],
[[850.0,350.0,350.0],0.0],
[[850.0,400.0,400.0],0.0],
[[850.0,420.0,420.0],0.0],
[[900.0,0,0],0.0],
[[900.0,1.0,1.0],0.0],
[[900.0,10.0,10.0],0.0],
[[900.0,50.0,50.0],0.0],
[[900.0,75.0,75.0],0.0],
[[900.0,100.0,100.0],0.0],
[[900.0,150.0,150.0],0.0],
[[900.0,200.0,200.0],0.0],
[[900.0,250.0,250.0],0.0],
[[900.0,300.0,300.0],0.0],
[[900.0,350.0,350.0],0.0],
[[900.0,400.0,400.0],0.0],
[[950.0,1.0,1.0],0.0],
[[950.0,10.0,10.0],0.0],
[[950.0,75.0,75.0],0.0],
[[950.0,150.0,150.0],0.0],
[[950.0,200.0,200.0],0.0],
[[950.0,250.0,250.0],0.0],
[[950.0,300.0,300.0],0.0],
[[950.0,350.0,350.0],0.0],
[[950.0,400.0,400.0],0.0],
[[950.0,450.0,450.0],0.0],
[[950.0,470.0,470.0],0.0],
[[1000.0,0,0],0.0],
[[1000.0,50.0,50.0],0.0],
[[1000.0,100.0,100.0],0.0],
[[1000.0,150.0,150.0],0.0],
[[1000.0,200.0,200.0],0.0],
[[1000.0,250.0,250.0],0.0],
[[1000.0,300.0,300.0],0.0],
[[1000.0,350.0,350.0],0.0],
[[1000.0,400.0,400.0],0.0],
[[1000.0,450.0,450.0],0.0],
[[1050.0,520.0,520.0],0.0],
[[1100.0,0,0],0.0],
[[1100.0,100.0,100.0],0.0],
[[1100.0,200.0,200.0],0.0],
[[1100.0,300.0,300.0],0.0],
[[1100.0,400.0,400.0],0.0],
[[1100.0,500.0,500.0],0.0],
[[1150.0,570.0,570.0],0.0],
[[1200.0,0,0],0.0],
[[1200.0,100.0,100.0],0.0],
[[1200.0,200.0,200.0],0.0],
[[1200.0,300.0,300.0],0.0],
[[1200.0,400.0,400.0],0.0],
[[1200.0,500.0,500.0],0.0],
[[1250.0,620.0,620.0],0.0],
[[1300.0,0,0],0.0],
[[1300.0,100.0,100.0],0.0],
[[1300.0,200.0,200.0],0.0],
[[1300.0,300.0,300.0],0.0],
[[1300.0,400.0,400.0],0.0],
[[1300.0,500.0,500.0],0.0],
[[1300.0,600.0,600.0],0.0],
[[1350.0,670.0,670.0],0.0],
[[1400.0,0,0],0.0],
[[1400.0,100.0,100.0],0.0],
[[1400.0,200.0,200.0],0.0],
[[1400.0,300.0,300.0],0.0],
[[1400.0,400.0,400.0],0.0],
[[1400.0,500.0,500.0],0.0],
[[1400.0,600.0,600.0],0.0],
[[1450.0,720.0,720.0],0.0],
[[1500.0,0,0],0.0],
[[1500.0,100.0,100.0],0.0],
[[1500.0,200.0,200.0],0.0],
[[1500.0,300.0,300.0],0.0],
[[1500.0,400.0,400.0],0.0],
[[1500.0,500.0,500.0],0.0],
[[1500.0,600.0,600.0],0.0],
[[1500.0,700.0,700.0],0.0],
[[1550.0,770.0,770.0],0.0],
[[1600.0,0,0],0.0],
[[1600.0,100.0,100.0],0.0],
[[1600.0,200.0,200.0],0.0],
[[1600.0,300.0,300.0],0.0],
[[1600.0,400.0,400.0],0.0],
[[1600.0,500.0,500.0],0.0],
[[1600.0,600.0,600.0],0.0],
[[1600.0,700.0,700.0],0.0],
[[1650.0,820.0,820.0],0.0],
[[1700.0,0,0],0.0],
[[1700.0,100.0,100.0],0.0],
[[1700.0,200.0,200.0],0.0],
[[1700.0,300.0,300.0],0.0],
[[1700.0,400.0,400.0],0.0],
[[1700.0,500.0,500.0],0.0],
[[1700.0,600.0,600.0],0.0],
[[1700.0,700.0,700.0],0.0],
[[1700.0,800.0,800.0],0.0],
[[1750.0,870.0,870.0],0.0],
[[1800.0,0,0],0.0],
[[1800.0,100.0,100.0],0.0],
[[1800.0,200.0,200.0],0.0],
[[1800.0,300.0,300.0],0.0],
[[1800.0,400.0,400.0],0.0],
[[1800.0,500.0,500.0],0.0],
[[1800.0,600.0,600.0],0.0],
[[1800.0,700.0,700.0],0.0],
[[1800.0,800.0,800.0],0.0],
[[1850.0,920.0,920.0],0.0],
[[1900.0,0,0],0.0],
[[1900.0,100.0,100.0],0.0],
[[1900.0,200.0,200.0],0.0],
[[1900.0,300.0,300.0],0.0],
[[1900.0,400.0,400.0],0.0],
[[1900.0,500.0,500.0],0.0],
[[1900.0,600.0,600.0],0.0],
[[1900.0,700.0,700.0],0.0],
[[1900.0,800.0,800.0],0.0],
[[1900.0,900.0,900.0],0.0],
[[1950.0,970.0,970.0],0.0],
[[2000.0,0,0],0.0],
[[2000.0,100.0,100.0],0.0],
[[2000.0,200.0,200.0],0.0],
[[2000.0,300.0,300.0],0.0],
[[2000.0,400.0,400.0],0.0],
[[2000.0,500.0,500.0],0.0],
[[2000.0,600.0,600.0],0.0],
[[2000.0,700.0,700.0],0.0],
[[2000.0,800.0,800.0],0.0],
[[2000.0,900.0,900.0],0.0],
[[2050.0,1020.0,1020.0],0.0],
[[2100.0,0,0],0.0],
[[2100.0,100.0,100.0],0.0],
[[2100.0,200.0,200.0],0.0],
[[2100.0,300.0,300.0],0.0],
[[2100.0,400.0,400.0],0.0],
[[2100.0,500.0,500.0],0.0],
[[2100.0,600.0,600.0],0.0],
[[2100.0,700.0,700.0],0.0],
[[2100.0,800.0,800.0],0.0],
[[2100.0,900.0,900.0],0.0],
[[2100.0,1000.0,1000.0],0.0],
[[2150.0,1070.0,1070.0],0.0],
[[2200.0,0,0],0.0],
[[2200.0,100.0,100.0],0.0],
[[2200.0,200.0,200.0],0.0],
[[2200.0,300.0,300.0],0.0],
[[2200.0,400.0,400.0],0.0],
[[2200.0,500.0,500.0],0.0],
[[2200.0,600.0,600.0],0.0],
[[2200.0,700.0,700.0],0.0],
[[2200.0,800.0,800.0],0.0],
[[2200.0,900.0,900.0],0.0],
[[2200.0,1000.0,1000.0],0.0],
[[2250.0,1120.0,1120.0],0.0],
[[2300.0,0,0],0.0],
[[2300.0,100.0,100.0],0.0],
[[2300.0,200.0,200.0],0.0],
[[2300.0,300.0,300.0],0.0],
[[2300.0,400.0,400.0],0.0],
[[2300.0,500.0,500.0],0.0],
[[2300.0,600.0,600.0],0.0],
[[2300.0,700.0,700.0],0.0],
[[2300.0,800.0,800.0],0.0],
[[2300.0,900.0,900.0],0.0],
[[2300.0,1000.0,1000.0],0.0],
[[2300.0,1100.0,1100.0],0.0],
[[2350.0,1170.0,1170.0],0.0],
[[2400.0,0,0],0.0],
[[2400.0,100.0,100.0],0.0],
[[2400.0,200.0,200.0],0.0],
[[2400.0,300.0,300.0],0.0],
[[2400.0,400.0,400.0],0.0],
[[2400.0,500.0,500.0],0.0],
[[2400.0,600.0,600.0],0.0],
[[2400.0,700.0,700.0],0.0],
[[2400.0,800.0,800.0],0.0],
[[2400.0,900.0,900.0],0.0],
[[2400.0,1000.0,1000.0],0.0],
[[2400.0,1100.0,1100.0],0.0],
[[2450.0,1220.0,1220.0],0.0],
[[2500.0,0,0],0.0],
[[2500.0,100.0,100.0],0.0],
[[2500.0,200.0,200.0],0.0],
[[2500.0,300.0,300.0],0.0],
[[2500.0,400.0,400.0],0.0],
[[2500.0,500.0,500.0],0.0],
[[2500.0,600.0,600.0],0.0],
[[2500.0,700.0,700.0],0.0],
[[2500.0,800.0,800.0],0.0],
[[2500.0,900.0,900.0],0.0],
[[2500.0,1000.0,1000.0],0.0],
[[2500.0,1100.0,1100.0],0.0],
[[2500.0,1200.0,1200.0],0.0],
[[2550.0,1270.0,1270.0],0.0],
[[2600.0,0,0],0.0],
[[2600.0,100.0,100.0],0.0],
[[2600.0,200.0,200.0],0.0],
[[2600.0,300.0,300.0],0.0],
[[2600.0,400.0,400.0],0.0],
[[2600.0,500.0,500.0],0.0],
[[2600.0,600.0,600.0],0.0],
[[2600.0,700.0,700.0],0.0],
[[2600.0,800.0,800.0],0.0],
[[2600.0,900.0,900.0],0.0],
[[2600.0,1000.0,1000.0],0.0],
[[2600.0,1100.0,1100.0],0.0],
[[2600.0,1200.0,1200.0],0.0],
[[2650.0,1320.0,1320.0],0.0],
[[2700.0,0,0],0.0],
[[2700.0,100.0,100.0],0.0],
[[2700.0,200.0,200.0],0.0],
[[2700.0,300.0,300.0],0.0],
[[2700.0,400.0,400.0],0.0],
[[2700.0,500.0,500.0],0.0],
[[2700.0,600.0,600.0],0.0],
[[2700.0,700.0,700.0],0.0],
[[2700.0,800.0,800.0],0.0],
[[2700.0,900.0,900.0],0.0],
[[2700.0,1000.0,1000.0],0.0],
[[2700.0,1100.0,1100.0],0.0],
[[2700.0,1200.0,1200.0],0.0],
[[2700.0,1300.0,1300.0],0.0],
[[2750.0,1370.0,1370.0],0.0],
[[2800.0,0,0],0.0],
[[2800.0,100.0,100.0],0.0],
[[2800.0,200.0,200.0],0.0],
[[2800.0,300.0,300.0],0.0],
[[2800.0,400.0,400.0],0.0],
[[2800.0,500.0,500.0],0.0],
[[2800.0,600.0,600.0],0.0],
[[2800.0,700.0,700.0],0.0],
[[2800.0,800.0,800.0],0.0],
[[2800.0,900.0,900.0],0.0],
[[2800.0,1000.0,1000.0],0.0],
[[2800.0,1100.0,1100.0],0.0],
[[2800.0,1200.0,1200.0],0.0],
[[2800.0,1300.0,1300.0],0.0],
[[2850.0,1420.0,1420.0],0.0],
[[2900.0,0,0],0.0],
[[2900.0,100.0,100.0],0.0],
[[2900.0,200.0,200.0],0.0],
[[2900.0,300.0,300.0],0.0],
[[2900.0,400.0,400.0],0.0],
[[2900.0,500.0,500.0],0.0],
[[2900.0,600.0,600.0],0.0],
[[2900.0,700.0,700.0],0.0],
[[2900.0,800.0,800.0],0.0],
[[2900.0,900.0,900.0],0.0],
[[2900.0,1000.0,1000.0],0.0],
[[2900.0,1100.0,1100.0],0.0],
[[2900.0,1200.0,1200.0],0.0],
[[2900.0,1300.0,1300.0],0.0],
[[2900.0,1400.0,1400.0],0.0],
[[2950.0,1470.0,1470.0],0.0],
[[3000.0,0,0],0.0],
[[3000.0,100.0,100.0],0.0],
[[3000.0,200.0,200.0],0.0],
[[3000.0,300.0,300.0],0.0],
[[3000.0,400.0,400.0],0.0],
[[3000.0,500.0,500.0],0.0],
[[3000.0,600.0,600.0],0.0],
[[3000.0,700.0,700.0],0.0],
[[3000.0,800.0,800.0],0.0],
[[3000.0,900.0,900.0],0.0],
[[3000.0,1000.0,1000.0],0.0],
[[3000.0,1100.0,1100.0],0.0],
[[3000.0,1200.0,1200.0],0.0],
[[3000.0,1300.0,1300.0],0.0],
[[3000.0,1400.0,1400.0],0.0]]
