txName: TRS1
constraint: {(PV > H0(1)), (H0(1) > MET(2),MET(3))}
condition: None
conditionDescription: None
figureUrl: https://cms-results.web.cern.ch/cms-results/public-results/publications/EXO-20-004/CMS-EXO-20-004_Figure_009-a.png
source: CMS
validated: True
axesMap: [{0: 'x', 1: '1.0', 2: '1.0'}, {0: 'x', 1: 'y', 2: 'y'}]
dataMap: {0: (1, 'mass', GeV), 1: (2, 'mass', GeV), 2: (3, 'mass', GeV)}
finalState: ['MET', 'MET']
intermediateState: None
efficiencyMap: [[[100.0,1.0,1.0],1.129866e-05],
[[100.0,10.0,10.0],1.01327e-05],
[[150.0,1.0,1.0],2.226706e-05],
[[150.0,50.0,50.0],2.215633e-05],
[[200.0,1.0,1.0],3.604995e-05],
[[200.0,50.0,50.0],3.791564e-05],
[[200.0,100.0,100.0],7.416288e-05],
[[250.0,1.0,1.0],5.436407e-05],
[[250.0,10.0,10.0],5.978683e-05],
[[250.0,50.0,50.0],5.607657e-05],
[[250.0,100.0,100.0],5.138784e-05],
[[300.0,1.0,1.0],7.166913e-05],
[[300.0,50.0,50.0],7.152265e-05],
[[300.0,100.0,100.0],6.872667e-05],
[[350.0,1.0,1.0],7.545131e-05],
[[350.0,50.0,50.0],8.394792e-05],
[[350.0,100.0,100.0],7.640052e-05],
[[350.0,150.0,150.0],6.715094e-05],
[[400.0,1.0,1.0],0.0001024659],
[[400.0,50.0,50.0],9.117384e-05],
[[400.0,100.0,100.0],9.76558e-05],
[[400.0,150.0,150.0],8.402389e-05],
[[450.0,1.0,1.0],0.0001576464],
[[450.0,50.0,50.0],0.0001303983],
[[450.0,100.0,100.0],0.0001258244],
[[450.0,150.0,150.0],0.0001352174],
[[450.0,200.0,200.0],0.0001264958],
[[500.0,1.0,1.0],0.0001693457],
[[500.0,10.0,10.0],0.0001588679],
[[500.0,50.0,50.0],0.0001736076],
[[500.0,100.0,100.0],0.0001796623],
[[500.0,150.0,150.0],0.0001999698],
[[500.0,200.0,200.0],0.0001535739],
[[550.0,1.0,1.0],0.0002081078],
[[550.0,50.0,50.0],0.0001976433],
[[550.0,100.0,100.0],0.0002203355],
[[550.0,150.0,150.0],0.0002200921],
[[550.0,200.0,200.0],0.000202467],
[[550.0,250.0,250.0],0.0002229595],
[[600.0,1.0,1.0],0.0002782342],
[[600.0,50.0,50.0],0.0002504445],
[[600.0,100.0,100.0],0.0002972456],
[[600.0,150.0,150.0],0.0003596431],
[[600.0,200.0,200.0],0.0002928295],
[[600.0,250.0,250.0],0.0002903858],
[[650.0,1.0,1.0],0.0003369761],
[[650.0,50.0,50.0],0.0003069729],
[[650.0,100.0,100.0],0.0003452185],
[[650.0,150.0,150.0],0.0004035773],
[[650.0,200.0,200.0],0.0003397075],
[[650.0,250.0,250.0],0.000318894],
[[650.0,300.0,300.0],0.0003429519],
[[700.0,1.0,1.0],0.0004060447],
[[700.0,50.0,50.0],0.0004487176],
[[700.0,100.0,100.0],0.0004059582],
[[700.0,150.0,150.0],0.0004133251],
[[700.0,200.0,200.0],0.0003894643],
[[700.0,250.0,250.0],0.0004295929],
[[700.0,300.0,300.0],0.0004587632],
[[750.0,1.0,1.0],0.0005266973],
[[750.0,10.0,10.0],0.0004132381],
[[750.0,50.0,50.0],0.000430493],
[[750.0,100.0,100.0],0.0004177019],
[[750.0,150.0,150.0],0.0005075647],
[[750.0,200.0,200.0],0.0004379665],
[[750.0,250.0,250.0],0.0004537187],
[[750.0,300.0,300.0],0.0005394731],
[[750.0,350.0,350.0],0.0005704413],
[[800.0,1.0,1.0],0.0004979839],
[[800.0,150.0,150.0],0.0005088403],
[[800.0,200.0,200.0],0.0006039064],
[[800.0,250.0,250.0],0.0004791218],
[[800.0,300.0,300.0],0.0005643084],
[[800.0,350.0,350.0],0.0006132265],
[[850.0,1.0,1.0],0.0005441313],
[[850.0,150.0,150.0],0.0005802504],
[[850.0,200.0,200.0],0.0007612616],
[[850.0,250.0,250.0],0.0006585579],
[[850.0,300.0,300.0],0.0006114445],
[[850.0,350.0,350.0],0.0006291384],
[[850.0,400.0,400.0],0.0007718363],
[[900.0,1.0,1.0],0.0006470666],
[[900.0,150.0,150.0],0.0006879128],
[[900.0,200.0,200.0],0.0006907312],
[[900.0,250.0,250.0],0.0006675056],
[[900.0,300.0,300.0],0.0007001186],
[[900.0,350.0,350.0],0.0007186343],
[[900.0,400.0,400.0],0.0008598123],
[[950.0,1.0,1.0],0.0006689353],
[[950.0,150.0,150.0],0.0007508019],
[[950.0,200.0,200.0],0.001161056],
[[950.0,250.0,250.0],0.0008473957],
[[950.0,300.0,300.0],0.0007465784],
[[950.0,350.0,350.0],0.0008159984],
[[950.0,400.0,400.0],0.0008047169],
[[950.0,450.0,450.0],0.0009662501],
[[1000.0,1.0,1.0],0.000719778],
[[1000.0,10.0,10.0],0.001167317],
[[1000.0,50.0,50.0],0.0007645602],
[[1000.0,100.0,100.0],0.0008607401],
[[1000.0,150.0,150.0],0.0007871702],
[[1000.0,200.0,200.0],0.0007547721],
[[1000.0,250.0,250.0],0.0008019166],
[[1000.0,300.0,300.0],0.0009292733],
[[1000.0,350.0,350.0],0.0008075704],
[[1000.0,400.0,400.0],0.0009324419],
[[1000.0,450.0,450.0],0.0009307913],
[[1050.0,1.0,1.0],0.0008099777],
[[1050.0,150.0,150.0],0.0008523786],
[[1050.0,200.0,200.0],0.001066251],
[[1050.0,250.0,250.0],0.001035422],
[[1050.0,300.0,300.0],0.0008489891],
[[1050.0,350.0,350.0],0.0009324947],
[[1050.0,400.0,400.0],0.0009070129],
[[1050.0,450.0,450.0],0.001270244],
[[1050.0,500.0,500.0],0.001058483],
[[1100.0,1.0,1.0],0.0007913743],
[[1100.0,150.0,150.0],0.001028398],
[[1100.0,200.0,200.0],0.001035873],
[[1100.0,250.0,250.0],0.001050354],
[[1100.0,300.0,300.0],0.00111894],
[[1100.0,350.0,350.0],0.0008985419],
[[1100.0,400.0,400.0],0.001110295],
[[1100.0,450.0,450.0],0.001287031],
[[1100.0,500.0,500.0],0.001260413],
[[1150.0,1.0,1.0],0.0009307795],
[[1150.0,150.0,150.0],0.001231971],
[[1150.0,200.0,200.0],0.0009606382],
[[1150.0,250.0,250.0],0.00111382],
[[1150.0,300.0,300.0],0.001029806],
[[1150.0,350.0,350.0],0.001097871],
[[1150.0,400.0,400.0],0.001234222],
[[1150.0,450.0,450.0],0.001183838],
[[1150.0,500.0,500.0],0.001164513],
[[1150.0,550.0,550.0],0.001228129],
[[1200.0,1.0,1.0],0.001065448],
[[1200.0,150.0,150.0],0.0009880286],
[[1200.0,200.0,200.0],0.001153802],
[[1200.0,250.0,250.0],0.001230207],
[[1200.0,300.0,300.0],0.001316148],
[[1200.0,350.0,350.0],0.001236421],
[[1200.0,400.0,400.0],0.001218648],
[[1200.0,450.0,450.0],0.001206048],
[[1200.0,500.0,500.0],0.001159035],
[[1200.0,550.0,550.0],0.001384276],
[[1250.0,1.0,1.0],0.0009677059],
[[1250.0,10.0,10.0],0.000944429],
[[1250.0,50.0,50.0],0.0009415586],
[[1250.0,100.0,100.0],0.00109244],
[[1250.0,150.0,150.0],0.001026711],
[[1250.0,200.0,200.0],0.001476488],
[[1250.0,250.0,250.0],0.001133243],
[[1250.0,300.0,300.0],0.001129596],
[[1250.0,350.0,350.0],0.001301278],
[[1250.0,400.0,400.0],0.001367567],
[[1250.0,450.0,450.0],0.001185571],
[[1250.0,500.0,500.0],0.001704525],
[[1250.0,550.0,550.0],0.001302746],
[[1250.0,600.0,600.0],0.001742534],
[[1300.0,1.0,1.0],0.001012815],
[[1300.0,150.0,150.0],0.001082954],
[[1300.0,200.0,200.0],0.001182051],
[[1300.0,250.0,250.0],0.001102076],
[[1300.0,300.0,300.0],0.001260979],
[[1300.0,350.0,350.0],0.001277012],
[[1300.0,400.0,400.0],0.001248342],
[[1300.0,450.0,450.0],0.001189607],
[[1300.0,500.0,500.0],0.001340084],
[[1300.0,550.0,550.0],0.001174887],
[[1300.0,600.0,600.0],0.00139618],
[[1350.0,1.0,1.0],0.001102393],
[[1350.0,150.0,150.0],0.001666546],
[[1350.0,200.0,200.0],0.00117751],
[[1350.0,250.0,250.0],0.001198041],
[[1350.0,300.0,300.0],0.001409435],
[[1350.0,350.0,350.0],0.001257373],
[[1350.0,400.0,400.0],0.001480846],
[[1350.0,450.0,450.0],0.00139852],
[[1350.0,500.0,500.0],0.001911858],
[[1350.0,550.0,550.0],0.001941408],
[[1350.0,600.0,600.0],0.001545304],
[[1350.0,650.0,650.0],0.001485188],
[[1400.0,1.0,1.0],0.0009862311],
[[1400.0,150.0,150.0],0.001188002],
[[1400.0,200.0,200.0],0.001095344],
[[1400.0,250.0,250.0],0.001304893],
[[1400.0,300.0,300.0],0.001212772],
[[1400.0,350.0,350.0],0.001368079],
[[1400.0,400.0,400.0],0.001443254],
[[1400.0,450.0,450.0],0.001384481],
[[1400.0,500.0,500.0],0.001342172],
[[1400.0,550.0,550.0],0.001524369],
[[1400.0,600.0,600.0],0.001640591],
[[1400.0,650.0,650.0],0.001585802],
[[1450.0,1.0,1.0],0.001017202],
[[1450.0,150.0,150.0],0.001257693],
[[1450.0,200.0,200.0],0.001664297],
[[1450.0,250.0,250.0],0.001376585],
[[1450.0,300.0,300.0],0.001482739],
[[1450.0,350.0,350.0],0.001600348],
[[1450.0,400.0,400.0],0.00139095],
[[1450.0,450.0,450.0],0.001258979],
[[1450.0,500.0,500.0],0.001580707],
[[1450.0,550.0,550.0],0.001681097],
[[1450.0,600.0,600.0],0.001820894],
[[1450.0,650.0,650.0],0.00143751],
[[1450.0,700.0,700.0],0.001617689],
[[1500.0,1.0,1.0],0.00100381],
[[1500.0,10.0,10.0],0.001124637],
[[1500.0,50.0,50.0],0.001174253],
[[1500.0,100.0,100.0],0.00114726],
[[1500.0,150.0,150.0],0.001254142],
[[1500.0,200.0,200.0],0.001631263],
[[1500.0,250.0,250.0],0.001525112],
[[1500.0,300.0,300.0],0.001467547],
[[1500.0,350.0,350.0],0.001624239],
[[1500.0,400.0,400.0],0.001402849],
[[1500.0,450.0,450.0],0.001723625],
[[1500.0,500.0,500.0],0.001442952],
[[1500.0,550.0,550.0],0.001734736],
[[1500.0,600.0,600.0],0.002015849],
[[1500.0,650.0,650.0],0.001783876],
[[1500.0,700.0,700.0],0.001788118],
[[1500.0,750.0,750.0],0.00171703],
[[1550.0,1.0,1.0],0.001058779],
[[1550.0,150.0,150.0],0.001295729],
[[1550.0,200.0,200.0],0.001449771],
[[1550.0,250.0,250.0],0.001331085],
[[1550.0,300.0,300.0],0.001581092],
[[1550.0,350.0,350.0],0.001684437],
[[1550.0,400.0,400.0],0.001467176],
[[1550.0,450.0,450.0],0.001513567],
[[1550.0,500.0,500.0],0.001564742],
[[1550.0,550.0,550.0],0.001895532],
[[1550.0,600.0,600.0],0.00147925],
[[1550.0,650.0,650.0],0.001557026],
[[1550.0,700.0,700.0],0.001810252],
[[1550.0,750.0,750.0],0.00182249],
[[1600.0,1.0,1.0],0.00101735],
[[1600.0,150.0,150.0],0.001301616],
[[1600.0,200.0,200.0],0.001600994],
[[1600.0,250.0,250.0],0.001316363],
[[1600.0,300.0,300.0],0.001408863],
[[1600.0,350.0,350.0],0.001456653],
[[1600.0,400.0,400.0],0.001753509],
[[1600.0,450.0,450.0],0.001541477],
[[1600.0,500.0,500.0],0.001651785],
[[1600.0,550.0,550.0],0.001684628],
[[1600.0,600.0,600.0],0.001803825],
[[1600.0,650.0,650.0],0.0017473],
[[1600.0,700.0,700.0],0.001672912],
[[1600.0,750.0,750.0],0.00206046],
[[1650.0,1.0,1.0],0.001184363],
[[1650.0,150.0,150.0],0.001299718],
[[1650.0,200.0,200.0],0.00138293],
[[1650.0,250.0,250.0],0.001649878],
[[1650.0,300.0,300.0],0.001640259],
[[1650.0,350.0,350.0],0.001404828],
[[1650.0,400.0,400.0],0.001597768],
[[1650.0,450.0,450.0],0.001837069],
[[1650.0,500.0,500.0],0.001754286],
[[1650.0,550.0,550.0],0.002006459],
[[1650.0,600.0,600.0],0.001478185],
[[1650.0,650.0,650.0],0.001748362],
[[1650.0,700.0,700.0],0.002011389],
[[1650.0,750.0,750.0],0.001846399],
[[1650.0,800.0,800.0],0.001726666],
[[1700.0,1.0,1.0],0.001350396],
[[1700.0,150.0,150.0],0.001233082],
[[1700.0,200.0,200.0],0.001454896],
[[1700.0,250.0,250.0],0.001356241],
[[1700.0,300.0,300.0],0.001792404],
[[1700.0,350.0,350.0],0.001601622],
[[1700.0,400.0,400.0],0.001373592],
[[1700.0,450.0,450.0],0.00172421],
[[1700.0,500.0,500.0],0.002153294],
[[1700.0,550.0,550.0],0.001750161],
[[1700.0,600.0,600.0],0.001782142],
[[1700.0,650.0,650.0],0.00165808],
[[1700.0,700.0,700.0],0.001946454],
[[1700.0,750.0,750.0],0.001949786],
[[1700.0,800.0,800.0],0.00246771],
[[1750.0,1.0,1.0],0.001007952],
[[1750.0,10.0,10.0],0.001051073],
[[1750.0,50.0,50.0],0.001234319],
[[1750.0,100.0,100.0],0.001295244],
[[1750.0,150.0,150.0],0.001196998],
[[1750.0,200.0,200.0],0.001447718],
[[1750.0,250.0,250.0],0.001582259],
[[1750.0,300.0,300.0],0.001930621],
[[1750.0,350.0,350.0],0.001581515],
[[1750.0,400.0,400.0],0.002116641],
[[1750.0,450.0,450.0],0.001745443],
[[1750.0,500.0,500.0],0.001693326],
[[1750.0,550.0,550.0],0.001794643],
[[1750.0,600.0,600.0],0.002005781],
[[1750.0,650.0,650.0],0.001996541],
[[1750.0,700.0,700.0],0.001939664],
[[1750.0,750.0,750.0],0.001951831],
[[1750.0,800.0,800.0],0.001877593],
[[1750.0,850.0,850.0],0.002159947],
[[1800.0,1.0,1.0],0.001180075],
[[1800.0,150.0,150.0],0.001401171],
[[1800.0,200.0,200.0],0.00168079],
[[1800.0,250.0,250.0],0.001481821],
[[1800.0,300.0,300.0],0.001688706],
[[1800.0,350.0,350.0],0.001797872],
[[1800.0,400.0,400.0],0.001839076],
[[1800.0,450.0,450.0],0.001647536],
[[1800.0,500.0,500.0],0.001904582],
[[1800.0,550.0,550.0],0.002070213],
[[1800.0,600.0,600.0],0.001908757],
[[1800.0,650.0,650.0],0.001915332],
[[1800.0,700.0,700.0],0.002054939],
[[1800.0,750.0,750.0],0.001863885],
[[1800.0,800.0,800.0],0.002016906],
[[1800.0,850.0,850.0],0.001997956],
[[1850.0,1.0,1.0],0.001117524],
[[1850.0,150.0,150.0],0.001535926],
[[1850.0,200.0,200.0],0.001454726],
[[1850.0,250.0,250.0],0.001640577],
[[1850.0,300.0,300.0],0.001966102],
[[1850.0,350.0,350.0],0.001498112],
[[1850.0,400.0,400.0],0.001842081],
[[1850.0,450.0,450.0],0.001759003],
[[1850.0,500.0,500.0],0.001944914],
[[1850.0,550.0,550.0],0.002306011],
[[1850.0,600.0,600.0],0.002194581],
[[1850.0,650.0,650.0],0.001858462],
[[1850.0,700.0,700.0],0.002331449],
[[1850.0,750.0,750.0],0.002006767],
[[1850.0,800.0,800.0],0.002143764],
[[1850.0,850.0,850.0],0.001962795],
[[1850.0,900.0,900.0],0.002580065],
[[1900.0,1.0,1.0],0.001089073],
[[1900.0,150.0,150.0],0.001155219],
[[1900.0,200.0,200.0],0.001442272],
[[1900.0,250.0,250.0],0.001411527],
[[1900.0,300.0,300.0],0.001735378],
[[1900.0,350.0,350.0],0.001817982],
[[1900.0,400.0,400.0],0.001859363],
[[1900.0,450.0,450.0],0.001865006],
[[1900.0,500.0,500.0],0.001931173],
[[1900.0,550.0,550.0],0.002323752],
[[1900.0,600.0,600.0],0.002022698],
[[1900.0,650.0,650.0],0.00186546],
[[1900.0,700.0,700.0],0.002226941],
[[1900.0,750.0,750.0],0.001870142],
[[1900.0,800.0,800.0],0.002014598],
[[1900.0,850.0,850.0],0.002038548],
[[1900.0,900.0,900.0],0.001956785],
[[1950.0,1.0,1.0],0.00114957],
[[1950.0,150.0,150.0],0.001371222],
[[1950.0,200.0,200.0],0.001644191],
[[1950.0,250.0,250.0],0.00153646],
[[1950.0,300.0,300.0],0.001774345],
[[1950.0,350.0,350.0],0.001819456],
[[1950.0,400.0,400.0],0.001675029],
[[1950.0,450.0,450.0],0.002011193],
[[1950.0,500.0,500.0],0.001721816],
[[1950.0,550.0,550.0],0.001860779],
[[1950.0,600.0,600.0],0.001968945],
[[1950.0,650.0,650.0],0.001898582],
[[1950.0,700.0,700.0],0.00184108],
[[1950.0,750.0,750.0],0.002048976],
[[1950.0,800.0,800.0],0.002472761],
[[1950.0,850.0,850.0],0.002395953],
[[1950.0,900.0,900.0],0.002108609],
[[1950.0,950.0,950.0],0.002147674],
[[2000.0,1.0,1.0],0.001113857],
[[2000.0,10.0,10.0],0.001048361],
[[2000.0,50.0,50.0],0.001009271],
[[2000.0,100.0,100.0],0.001286873],
[[2000.0,150.0,150.0],0.00140658],
[[2000.0,200.0,200.0],0.001510942],
[[2000.0,250.0,250.0],0.001700117],
[[2000.0,300.0,300.0],0.00178461],
[[2000.0,350.0,350.0],0.00170209],
[[2000.0,400.0,400.0],0.002031275],
[[2000.0,450.0,450.0],0.001836255],
[[2000.0,500.0,500.0],0.001854813],
[[2000.0,550.0,550.0],0.001874531],
[[2000.0,600.0,600.0],0.002273232],
[[2000.0,650.0,650.0],0.001973899],
[[2000.0,700.0,700.0],0.002121349],
[[2000.0,750.0,750.0],0.002053465],
[[2000.0,800.0,800.0],0.002082569],
[[2000.0,850.0,850.0],0.002417397],
[[2000.0,900.0,900.0],0.002188734],
[[2000.0,950.0,950.0],0.002082802],
[[2250.0,1.0,1.0],0.0008741108],
[[2250.0,10.0,10.0],0.0009720062],
[[2250.0,50.0,50.0],0.001067159],
[[2250.0,100.0,100.0],0.001061312],
[[2250.0,150.0,150.0],0.00129524],
[[2250.0,300.0,300.0],0.0017687],
[[2250.0,500.0,500.0],0.001941709],
[[2250.0,750.0,750.0],0.002055154],
[[2250.0,1000.0,1000.0],0.00234776],
[[2500.0,1.0,1.0],0.0009244115],
[[2500.0,10.0,10.0],0.0009345089],
[[2500.0,50.0,50.0],0.0008827123],
[[2500.0,100.0,100.0],0.001013659],
[[2500.0,150.0,150.0],0.00103881],
[[2500.0,300.0,300.0],0.001905871],
[[2500.0,500.0,500.0],0.002476034],
[[2500.0,750.0,750.0],0.002387833],
[[2500.0,1000.0,1000.0],0.002716494],
[[2500.0,1200.0,1200.0],0.002507523],
[[2750.0,1.0,1.0],0.0008258431],
[[2750.0,10.0,10.0],0.0007617705],
[[2750.0,50.0,50.0],0.0008893753],
[[2750.0,100.0,100.0],0.0009695945],
[[2750.0,150.0,150.0],0.00105683],
[[2750.0,300.0,300.0],0.001657054],
[[2750.0,500.0,500.0],0.002435229],
[[2750.0,750.0,750.0],0.002395635],
[[2750.0,1000.0,1000.0],0.002638766],
[[2750.0,1200.0,1200.0],0.002712879],
[[3000.0,1.0,1.0],0.0006378535],
[[3000.0,10.0,10.0],0.0006812968],
[[3000.0,50.0,50.0],0.0007330557],
[[3000.0,100.0,100.0],0.0007978324],
[[3000.0,150.0,150.0],0.0009352215],
[[3000.0,300.0,300.0],0.001653354],
[[3000.0,500.0,500.0],0.002099951],
[[3000.0,750.0,750.0],0.002309617],
[[3000.0,1000.0,1000.0],0.002462903],
[[3000.0,1200.0,1200.0],0.002834562],
[[3000.0,1400.0,1400.0],0.002786037]]
