txName: TRV1
constraint: {(PV > Zprime(1)), (Zprime(1) > MET(2),MET(3))}
condition: None
conditionDescription: None
figureUrl: https://cms-results.web.cern.ch/cms-results/public-results/publications/EXO-20-004/CMS-EXO-20-004_Figure_007-b.png
source: https://doi.org/10.5281/zenodo.13324003
validated: True
axesMap: [{0: 'x', 1: 'y', 2: 'y'}]
dataMap: {0: (1, 'mass', GeV), 1: (2, 'mass', GeV), 2: (3, 'mass', GeV)}
finalState: ['MET', 'MET']
intermediateState: None
efficiencyMap: [[[50.0,1.0,1.0],2.26183e-07],
[[100.0,1.0,1.0],1.387996e-06],
[[100.0,10.0,10.0],1.086003e-06],
[[150.0,1.0,1.0],4.939697e-06],
[[150.0,75.0,75.0],5.314901e-06],
[[200.0,1.0,1.0],1.0541e-05],
[[200.0,75.0,75.0],9.154057e-06],
[[250.0,1.0,1.0],1.85883e-05],
[[250.0,10.0,10.0],1.742602e-05],
[[250.0,75.0,75.0],1.617689e-05],
[[300.0,1.0,1.0],2.720548e-05],
[[300.0,75.0,75.0],2.850425e-05],
[[350.0,1.0,1.0],4.533571e-05],
[[350.0,75.0,75.0],4.874515e-05],
[[350.0,150.0,150.0],4.570428e-05],
[[400.0,1.0,1.0],5.899625e-05],
[[400.0,75.0,75.0],6.146015e-05],
[[400.0,150.0,150.0],6.101201e-05],
[[450.0,1.0,1.0],7.789248e-05],
[[450.0,75.0,75.0],7.197278e-05],
[[450.0,150.0,150.0],9.179554e-05],
[[450.0,200.0,200.0],8.299088e-05],
[[500.0,1.0,1.0],9.514521e-05],
[[500.0,10.0,10.0],0.0001001218],
[[500.0,75.0,75.0],8.986761e-05],
[[500.0,150.0,150.0],0.0001024921],
[[500.0,200.0,200.0],0.0001106939],
[[550.0,1.0,1.0],0.0001207162],
[[550.0,75.0,75.0],0.0001111383],
[[550.0,150.0,150.0],0.0001421634],
[[550.0,200.0,200.0],0.0001233496],
[[550.0,250.0,250.0],0.0001281839],
[[600.0,1.0,1.0],0.0001501235],
[[600.0,75.0,75.0],0.0001589725],
[[600.0,150.0,150.0],0.0001551607],
[[600.0,200.0,200.0],0.0001416454],
[[600.0,250.0,250.0],0.0001579148],
[[650.0,1.0,1.0],0.0001589187],
[[650.0,75.0,75.0],0.0001783593],
[[650.0,150.0,150.0],0.0001852444],
[[650.0,200.0,200.0],0.0001608397],
[[650.0,250.0,250.0],0.0001814595],
[[650.0,300.0,300.0],0.0001618365],
[[700.0,1.0,1.0],0.0001825877],
[[700.0,75.0,75.0],0.000198411],
[[700.0,150.0,150.0],0.000203593],
[[700.0,200.0,200.0],0.0001851423],
[[700.0,250.0,250.0],0.0002085566],
[[700.0,300.0,300.0],0.0002059432],
[[750.0,1.0,1.0],0.0002174741],
[[750.0,10.0,10.0],0.0002206371],
[[750.0,75.0,75.0],0.000208284],
[[750.0,150.0,150.0],0.000223381],
[[750.0,200.0,200.0],0.000209378],
[[750.0,250.0,250.0],0.0001984945],
[[750.0,300.0,300.0],0.0002256119],
[[750.0,350.0,350.0],0.0002258513],
[[800.0,1.0,1.0],0.0002487851],
[[800.0,75.0,75.0],0.0002154405],
[[800.0,150.0,150.0],0.0002475401],
[[800.0,200.0,200.0],0.0002462599],
[[800.0,250.0,250.0],0.0002487289],
[[800.0,300.0,300.0],0.0002812422],
[[800.0,350.0,350.0],0.0002419449],
[[850.0,1.0,1.0],0.000246729],
[[850.0,75.0,75.0],0.0002524228],
[[850.0,150.0,150.0],0.0002577314],
[[850.0,200.0,200.0],0.0002535508],
[[850.0,250.0,250.0],0.0002517191],
[[850.0,300.0,300.0],0.0002589029],
[[850.0,350.0,350.0],0.0003060636],
[[850.0,400.0,400.0],0.0003117633],
[[900.0,1.0,1.0],0.0002951028],
[[900.0,75.0,75.0],0.0002755476],
[[900.0,150.0,150.0],0.0002993653],
[[900.0,200.0,200.0],0.0003369741],
[[900.0,250.0,250.0],0.000301124],
[[900.0,300.0,300.0],0.0003232189],
[[900.0,350.0,350.0],0.0003435558],
[[900.0,400.0,400.0],0.0002945716],
[[950.0,1.0,1.0],0.0003021636],
[[950.0,75.0,75.0],0.0003109509],
[[950.0,150.0,150.0],0.0002999688],
[[950.0,200.0,200.0],0.000377054],
[[950.0,250.0,250.0],0.000303407],
[[950.0,300.0,300.0],0.0002622826],
[[950.0,350.0,350.0],0.0003042618],
[[950.0,400.0,400.0],0.0003177868],
[[950.0,450.0,450.0],0.0003377919],
[[1000.0,1.0,1.0],0.0003587366],
[[1000.0,10.0,10.0],0.0003230717],
[[1000.0,75.0,75.0],0.0003757896],
[[1000.0,150.0,150.0],0.000319306],
[[1000.0,200.0,200.0],0.0003560079],
[[1000.0,250.0,250.0],0.0003787991],
[[1000.0,300.0,300.0],0.0003752896],
[[1000.0,350.0,350.0],0.0003936885],
[[1000.0,400.0,400.0],0.000368302],
[[1000.0,450.0,450.0],0.0003630837],
[[1050.0,1.0,1.0],0.0003514247],
[[1050.0,75.0,75.0],0.0003852435],
[[1050.0,150.0,150.0],0.0003454679],
[[1050.0,200.0,200.0],0.0004018596],
[[1050.0,250.0,250.0],0.0004297769],
[[1050.0,300.0,300.0],0.0003366153],
[[1050.0,350.0,350.0],0.0004100275],
[[1050.0,400.0,400.0],0.0003969731],
[[1050.0,450.0,450.0],0.0003399328],
[[1050.0,500.0,500.0],0.0004114574],
[[1100.0,1.0,1.0],0.0004004116],
[[1100.0,75.0,75.0],0.0003690473],
[[1100.0,150.0,150.0],0.000414592],
[[1100.0,200.0,200.0],0.0003418849],
[[1100.0,250.0,250.0],0.0004209434],
[[1100.0,300.0,300.0],0.0003970067],
[[1100.0,350.0,350.0],0.0003818567],
[[1100.0,400.0,400.0],0.0003906099],
[[1100.0,450.0,450.0],0.0004897333],
[[1100.0,500.0,500.0],0.0003844201],
[[1150.0,1.0,1.0],0.0004530041],
[[1150.0,75.0,75.0],0.0003727526],
[[1150.0,150.0,150.0],0.0004621965],
[[1150.0,200.0,200.0],0.0004066006],
[[1150.0,250.0,250.0],0.0004169713],
[[1150.0,300.0,300.0],0.0003860121],
[[1150.0,350.0,350.0],0.0004433336],
[[1150.0,400.0,400.0],0.0004611997],
[[1150.0,450.0,450.0],0.0004048521],
[[1150.0,500.0,500.0],0.0004415019],
[[1150.0,550.0,550.0],0.0004546384],
[[1200.0,1.0,1.0],0.0004165029],
[[1200.0,75.0,75.0],0.0004487474],
[[1200.0,150.0,150.0],0.0004193351],
[[1200.0,200.0,200.0],0.0003631771],
[[1200.0,250.0,250.0],0.0004077051],
[[1200.0,300.0,300.0],0.0004988207],
[[1200.0,350.0,350.0],0.0004211367],
[[1200.0,400.0,400.0],0.0004354245],
[[1200.0,450.0,450.0],0.000442822],
[[1200.0,500.0,500.0],0.0004625136],
[[1200.0,550.0,550.0],0.000437163],
[[1250.0,1.0,1.0],0.0004179096],
[[1250.0,10.0,10.0],0.0004132383],
[[1250.0,75.0,75.0],0.0004349102],
[[1250.0,150.0,150.0],0.0004903147],
[[1250.0,200.0,200.0],0.0005028456],
[[1250.0,250.0,250.0],0.0003724199],
[[1250.0,300.0,300.0],0.0004360393],
[[1250.0,350.0,350.0],0.0004344865],
[[1250.0,400.0,400.0],0.0004661601],
[[1250.0,450.0,450.0],0.0005168555],
[[1250.0,500.0,500.0],0.0004710456],
[[1250.0,550.0,550.0],0.0004806959],
[[1250.0,600.0,600.0],0.0004524257],
[[1300.0,1.0,1.0],0.0004354694],
[[1300.0,75.0,75.0],0.0004635047],
[[1300.0,150.0,150.0],0.0004060558],
[[1300.0,200.0,200.0],0.0004745184],
[[1300.0,250.0,250.0],0.0004732776],
[[1300.0,300.0,300.0],0.0004637951],
[[1300.0,350.0,350.0],0.0004670898],
[[1300.0,400.0,400.0],0.0004883741],
[[1300.0,450.0,450.0],0.0004172037],
[[1300.0,500.0,500.0],0.0005061404],
[[1300.0,550.0,550.0],0.0004658904],
[[1300.0,600.0,600.0],0.000484606],
[[1350.0,1.0,1.0],0.0005050789],
[[1350.0,75.0,75.0],0.0004774873],
[[1350.0,150.0,150.0],0.0005141028],
[[1350.0,200.0,200.0],0.0005177898],
[[1350.0,250.0,250.0],0.0004864462],
[[1350.0,300.0,300.0],0.0004276142],
[[1350.0,350.0,350.0],0.0004543558],
[[1350.0,400.0,400.0],0.0005135125],
[[1350.0,450.0,450.0],0.0005355569],
[[1350.0,500.0,500.0],0.0004628183],
[[1350.0,550.0,550.0],0.0004955296],
[[1350.0,600.0,600.0],0.0004905392],
[[1350.0,650.0,650.0],0.0005149653],
[[1400.0,1.0,1.0],0.0004936962],
[[1400.0,75.0,75.0],0.0004922914],
[[1400.0,150.0,150.0],0.0004658415],
[[1400.0,200.0,200.0],0.0004665922],
[[1400.0,250.0,250.0],0.0005182743],
[[1400.0,300.0,300.0],0.0004670653],
[[1400.0,350.0,350.0],0.0004816979],
[[1400.0,400.0,400.0],0.0005049856],
[[1400.0,450.0,450.0],0.0005383835],
[[1400.0,500.0,500.0],0.0005720338],
[[1400.0,550.0,550.0],0.0005850485],
[[1400.0,600.0,600.0],0.0005112868],
[[1400.0,650.0,650.0],0.0005684087],
[[1450.0,1.0,1.0],0.0005008948],
[[1450.0,75.0,75.0],0.0004807905],
[[1450.0,150.0,150.0],0.0005250412],
[[1450.0,200.0,200.0],0.0005420059],
[[1450.0,250.0,250.0],0.0005027023],
[[1450.0,300.0,300.0],0.0004673576],
[[1450.0,350.0,350.0],0.0005182991],
[[1450.0,400.0,400.0],0.0005466853],
[[1450.0,450.0,450.0],0.0005249915],
[[1450.0,500.0,500.0],0.000505212],
[[1450.0,550.0,550.0],0.0005068192],
[[1450.0,600.0,600.0],0.0004963104],
[[1450.0,650.0,650.0],0.0005145974],
[[1450.0,700.0,700.0],0.0005398524],
[[1500.0,1.0,1.0],0.0004550987],
[[1500.0,10.0,10.0],0.0005165981],
[[1500.0,75.0,75.0],0.0005645901],
[[1500.0,150.0,150.0],0.0005081167],
[[1500.0,200.0,200.0],0.0004652658],
[[1500.0,250.0,250.0],0.0004683394],
[[1500.0,300.0,300.0],0.000553889],
[[1500.0,350.0,350.0],0.0004981923],
[[1500.0,400.0,400.0],0.0005825433],
[[1500.0,450.0,450.0],0.0004792102],
[[1500.0,500.0,500.0],0.0005523073],
[[1500.0,550.0,550.0],0.0005755384],
[[1500.0,600.0,600.0],0.0005274492],
[[1500.0,650.0,650.0],0.0005172551],
[[1500.0,700.0,700.0],0.000578058],
[[1500.0,750.0,750.0],0.0005436078],
[[1550.0,1.0,1.0],0.0005054703],
[[1550.0,75.0,75.0],0.0005453498],
[[1550.0,150.0,150.0],0.0005015645],
[[1550.0,200.0,200.0],0.0005074839],
[[1550.0,250.0,250.0],0.0005334179],
[[1550.0,300.0,300.0],0.0005402134],
[[1550.0,350.0,350.0],0.0005894766],
[[1550.0,400.0,400.0],0.0004902288],
[[1550.0,450.0,450.0],0.000575504],
[[1550.0,500.0,500.0],0.0005262522],
[[1550.0,550.0,550.0],0.0005725133],
[[1550.0,600.0,600.0],0.0005696678],
[[1550.0,650.0,650.0],0.0005648675],
[[1550.0,700.0,700.0],0.0006007772],
[[1550.0,750.0,750.0],0.0005798277],
[[1600.0,1.0,1.0],0.0005421103],
[[1600.0,75.0,75.0],0.0005227226],
[[1600.0,150.0,150.0],0.000498299],
[[1600.0,200.0,200.0],0.0005311921],
[[1600.0,250.0,250.0],0.0005343552],
[[1600.0,300.0,300.0],0.0005715309],
[[1600.0,350.0,350.0],0.0005273263],
[[1600.0,400.0,400.0],0.0005429455],
[[1600.0,450.0,450.0],0.0006185453],
[[1600.0,500.0,500.0],0.00059974],
[[1600.0,550.0,550.0],0.0005943924],
[[1600.0,600.0,600.0],0.0005102634],
[[1600.0,650.0,650.0],0.0005818307],
[[1600.0,700.0,700.0],0.0006184645],
[[1600.0,750.0,750.0],0.0005666867],
[[1650.0,1.0,1.0],0.0005155631],
[[1650.0,75.0,75.0],0.0005160087],
[[1650.0,150.0,150.0],0.0005620892],
[[1650.0,200.0,200.0],0.0005328109],
[[1650.0,250.0,250.0],0.0005805129],
[[1650.0,300.0,300.0],0.0005311908],
[[1650.0,350.0,350.0],0.0004796357],
[[1650.0,400.0,400.0],0.0005646827],
[[1650.0,450.0,450.0],0.0005436036],
[[1650.0,500.0,500.0],0.0005699981],
[[1650.0,550.0,550.0],0.0005846055],
[[1650.0,600.0,600.0],0.0005295537],
[[1650.0,650.0,650.0],0.0005577103],
[[1650.0,700.0,700.0],0.0005630974],
[[1650.0,750.0,750.0],0.0005813321],
[[1650.0,800.0,800.0],0.0005985945],
[[1700.0,1.0,1.0],0.0005532061],
[[1700.0,75.0,75.0],0.0005862868],
[[1700.0,150.0,150.0],0.0005353826],
[[1700.0,200.0,200.0],0.0005508518],
[[1700.0,250.0,250.0],0.0005992066],
[[1700.0,300.0,300.0],0.0005982657],
[[1700.0,350.0,350.0],0.0005283464],
[[1700.0,400.0,400.0],0.0006447141],
[[1700.0,450.0,450.0],0.0006224249],
[[1700.0,500.0,500.0],0.0005992668],
[[1700.0,550.0,550.0],0.0005818858],
[[1700.0,600.0,600.0],0.000643614],
[[1700.0,650.0,650.0],0.0006828165],
[[1700.0,700.0,700.0],0.0006570763],
[[1700.0,750.0,750.0],0.0005976975],
[[1700.0,800.0,800.0],0.0006828581],
[[1750.0,1.0,1.0],0.0005614321],
[[1750.0,10.0,10.0],0.0005794942],
[[1750.0,75.0,75.0],0.0005764613],
[[1750.0,150.0,150.0],0.0005931384],
[[1750.0,200.0,200.0],0.0005882217],
[[1750.0,250.0,250.0],0.0005803801],
[[1750.0,300.0,300.0],0.0005748753],
[[1750.0,350.0,350.0],0.0006150603],
[[1750.0,400.0,400.0],0.0005855673],
[[1750.0,450.0,450.0],0.0005858896],
[[1750.0,500.0,500.0],0.000612237],
[[1750.0,550.0,550.0],0.0006620867],
[[1750.0,600.0,600.0],0.0005951756],
[[1750.0,650.0,650.0],0.0006303686],
[[1750.0,700.0,700.0],0.0006510256],
[[1750.0,750.0,750.0],0.0006070194],
[[1750.0,800.0,800.0],0.0006557812],
[[1750.0,850.0,850.0],0.0006504018],
[[1800.0,1.0,1.0],0.0005559952],
[[1800.0,75.0,75.0],0.0006047723],
[[1800.0,150.0,150.0],0.0005876189],
[[1800.0,200.0,200.0],0.0005607137],
[[1800.0,250.0,250.0],0.0005752192],
[[1800.0,300.0,300.0],0.0006378098],
[[1800.0,350.0,350.0],0.0005561423],
[[1800.0,400.0,400.0],0.0005480689],
[[1800.0,450.0,450.0],0.0006249489],
[[1800.0,500.0,500.0],0.000593685],
[[1800.0,550.0,550.0],0.0006568958],
[[1800.0,600.0,600.0],0.000599025],
[[1800.0,650.0,650.0],0.0005570394],
[[1800.0,700.0,700.0],0.0006597769],
[[1800.0,750.0,750.0],0.0005847941],
[[1800.0,800.0,800.0],0.0007046736],
[[1800.0,850.0,850.0],0.000627014],
[[1850.0,1.0,1.0],0.0005269054],
[[1850.0,75.0,75.0],0.0005964833],
[[1850.0,150.0,150.0],0.0006311213],
[[1850.0,200.0,200.0],0.0006028765],
[[1850.0,250.0,250.0],0.0005990003],
[[1850.0,300.0,300.0],0.0006153865],
[[1850.0,350.0,350.0],0.0006265388],
[[1850.0,400.0,400.0],0.0006204842],
[[1850.0,450.0,450.0],0.00062025],
[[1850.0,500.0,500.0],0.0005644732],
[[1850.0,550.0,550.0],0.0006074276],
[[1850.0,600.0,600.0],0.0006392068],
[[1850.0,650.0,650.0],0.0006535267],
[[1850.0,700.0,700.0],0.000565627],
[[1850.0,750.0,750.0],0.0007121311],
[[1850.0,800.0,800.0],0.0006299403],
[[1850.0,850.0,850.0],0.0006295756],
[[1850.0,900.0,900.0],0.0006864132],
[[1900.0,1.0,1.0],0.0005288428],
[[1900.0,75.0,75.0],0.0006224835],
[[1900.0,150.0,150.0],0.0006862036],
[[1900.0,200.0,200.0],0.0007068233],
[[1900.0,250.0,250.0],0.0006404282],
[[1900.0,300.0,300.0],0.0006602109],
[[1900.0,350.0,350.0],0.0005789059],
[[1900.0,400.0,400.0],0.0007101067],
[[1900.0,450.0,450.0],0.0005858395],
[[1900.0,500.0,500.0],0.0006098371],
[[1900.0,550.0,550.0],0.000625448],
[[1900.0,600.0,600.0],0.0006098011],
[[1900.0,650.0,650.0],0.0006387496],
[[1900.0,700.0,700.0],0.0006546693],
[[1900.0,750.0,750.0],0.0006983966],
[[1900.0,800.0,800.0],0.0006765289],
[[1900.0,850.0,850.0],0.0007154522],
[[1900.0,900.0,900.0],0.0007356923],
[[1950.0,1.0,1.0],0.0005881641],
[[1950.0,75.0,75.0],0.0006210839],
[[1950.0,150.0,150.0],0.0006117334],
[[1950.0,200.0,200.0],0.0006670797],
[[1950.0,250.0,250.0],0.000572998],
[[1950.0,300.0,300.0],0.0006770392],
[[1950.0,350.0,350.0],0.0007066745],
[[1950.0,400.0,400.0],0.0006523267],
[[1950.0,450.0,450.0],0.0005853499],
[[1950.0,500.0,500.0],0.0007638533],
[[1950.0,550.0,550.0],0.0006393478],
[[1950.0,600.0,600.0],0.0006594706],
[[1950.0,650.0,650.0],0.0006538543],
[[1950.0,700.0,700.0],0.0007140519],
[[1950.0,750.0,750.0],0.0007121891],
[[1950.0,800.0,800.0],0.0006454773],
[[1950.0,850.0,850.0],0.0006995302],
[[1950.0,900.0,900.0],0.0006891601],
[[1950.0,950.0,950.0],0.0007167337],
[[2000.0,1.0,1.0],0.000597565],
[[2000.0,75.0,75.0],0.0006950694],
[[2000.0,150.0,150.0],0.0006647736],
[[2000.0,200.0,200.0],0.0006662179],
[[2000.0,250.0,250.0],0.000776749],
[[2000.0,300.0,300.0],0.0006201956],
[[2000.0,350.0,350.0],0.000703009],
[[2000.0,400.0,400.0],0.0007475208],
[[2000.0,450.0,450.0],0.000679091],
[[2000.0,500.0,500.0],0.0006223164],
[[2000.0,550.0,550.0],0.0006876574],
[[2000.0,600.0,600.0],0.0005877766],
[[2000.0,650.0,650.0],0.0007066214],
[[2000.0,700.0,700.0],0.0005972803],
[[2000.0,750.0,750.0],0.0007150408],
[[2000.0,800.0,800.0],0.0006652367],
[[2000.0,850.0,850.0],0.0006879121],
[[2000.0,900.0,900.0],0.0006055775],
[[2000.0,950.0,950.0],0.0006997879],
[[2250.0,1.0,1.0],0.0006998032],
[[2250.0,75.0,75.0],0.0006586862],
[[2250.0,150.0,150.0],0.0006400976],
[[2250.0,300.0,300.0],0.0006571348],
[[2250.0,500.0,500.0],0.0006642201],
[[2250.0,750.0,750.0],0.0006930741],
[[2250.0,1000.0,1000.0],0.0006940455],
[[2500.0,1.0,1.0],0.0007559214],
[[2500.0,75.0,75.0],0.0007806962],
[[2500.0,150.0,150.0],0.0007450249],
[[2500.0,300.0,300.0],0.0006992548],
[[2500.0,500.0,500.0],0.0007439164],
[[2500.0,750.0,750.0],0.0007418253],
[[2500.0,1000.0,1000.0],0.0007408446],
[[2500.0,1200.0,1200.0],0.0007709505],
[[2750.0,1.0,1.0],0.0007058867],
[[2750.0,75.0,75.0],0.0007301547],
[[2750.0,150.0,150.0],0.0007463862],
[[2750.0,300.0,300.0],0.0007402679],
[[2750.0,500.0,500.0],0.0007282107],
[[2750.0,750.0,750.0],0.0007592492],
[[2750.0,1000.0,1000.0],0.0007352669],
[[2750.0,1200.0,1200.0],0.0008335911],
[[3000.0,1.0,1.0],0.0007427599],
[[3000.0,75.0,75.0],0.0008158742],
[[3000.0,150.0,150.0],0.0007932295],
[[3000.0,300.0,300.0],0.0007192946],
[[3000.0,500.0,500.0],0.0006992331],
[[3000.0,750.0,750.0],0.0007812616],
[[3000.0,1000.0,1000.0],0.0008222839],
[[3000.0,1200.0,1200.0],0.0008540172],
[[3000.0,1400.0,1400.0],0.0007530504]]
