txName: TRV1
constraint: {(PV > Zprime(1)), (Zprime(1) > MET(2),MET(3))}
condition: None
conditionDescription: None
figureUrl: None
source: Recast by CM2
validated: True
axesMap: [{0: 'x', 1: 'y', 2: 'y'}]
dataMap: {0: (1, 'mass', GeV), 1: (2, 'mass', GeV), 2: (3, 'mass', GeV)}
finalState: ['MET', 'MET']
intermediateState: None
efficiencyMap: [[[50.0,0,0],0.0],
[[50.0,1.0,1.0],0.0],
[[50.0,10.0,10.0],0.0],
[[50.0,20.0,20.0],0.0],
[[100.0,0,0],0.0],
[[100.0,1.0,1.0],0.0],
[[100.0,10.0,10.0],0.0],
[[150.0,0,0],0.0],
[[150.0,1.0,1.0],0.0],
[[150.0,10.0,10.0],0.0],
[[150.0,50.0,50.0],0.0],
[[150.0,70.0,70.0],0.0],
[[200.0,0,0],0.0],
[[200.0,1.0,1.0],0.0],
[[200.0,10.0,10.0],0],
[[200.0,50.0,50.0],0.0],
[[200.0,75.0,75.0],0.0],
[[250.0,0,0],0.0],
[[250.0,1.0,1.0],0.0],
[[250.0,10.0,10.0],0],
[[250.0,50.0,50.0],0.0],
[[250.0,75.0,75.0],0.0],
[[250.0,100.0,100.0],0.0],
[[250.0,120.0,120.0],0.0],
[[300.0,0,0],0],
[[300.0,1.0,1.0],0.0],
[[300.0,10.0,10.0],0],
[[300.0,50.0,50.0],0],
[[300.0,75.0,75.0],0.0],
[[300.0,100.0,100.0],0.0],
[[350.0,0,0],0.0],
[[350.0,1.0,1.0],0.0],
[[350.0,10.0,10.0],0],
[[350.0,50.0,50.0],0.0],
[[350.0,75.0,75.0],0.0],
[[350.0,100.0,100.0],0.0],
[[350.0,150.0,150.0],0],
[[350.0,170.0,170.0],0.0],
[[400.0,0,0],0.0],
[[400.0,1.0,1.0],0.0],
[[400.0,10.0,10.0],0],
[[400.0,50.0,50.0],0],
[[400.0,75.0,75.0],0],
[[400.0,100.0,100.0],0.0],
[[400.0,150.0,150.0],0.0],
[[450.0,0,0],0.0],
[[450.0,1.0,1.0],0],
[[450.0,10.0,10.0],0],
[[450.0,50.0,50.0],0.0],
[[450.0,75.0,75.0],0.0],
[[450.0,100.0,100.0],0],
[[450.0,150.0,150.0],0],
[[450.0,200.0,200.0],0],
[[450.0,220.0,220.0],0.0],
[[500.0,0,0],0],
[[500.0,1.0,1.0],0],
[[500.0,10.0,10.0],0],
[[500.0,50.0,50.0],0],
[[500.0,75.0,75.0],0],
[[500.0,100.0,100.0],0],
[[500.0,150.0,150.0],0],
[[500.0,200.0,200.0],0.0],
[[550.0,1.0,1.0],0.0],
[[550.0,10.0,10.0],0],
[[550.0,75.0,75.0],0],
[[550.0,150.0,150.0],0],
[[550.0,200.0,200.0],0],
[[550.0,250.0,250.0],0],
[[550.0,270.0,270.0],0],
[[600.0,0,0],0.0],
[[600.0,1.0,1.0],0],
[[600.0,10.0,10.0],0],
[[600.0,50.0,50.0],0],
[[600.0,75.0,75.0],0],
[[600.0,100.0,100.0],0.0],
[[600.0,150.0,150.0],0],
[[600.0,200.0,200.0],0],
[[600.0,250.0,250.0],0],
[[600.0,295.0,295.0],0],
[[650.0,1.0,1.0],0],
[[650.0,10.0,10.0],0.0],
[[650.0,75.0,75.0],0.0],
[[650.0,150.0,150.0],0],
[[650.0,200.0,200.0],0],
[[650.0,250.0,250.0],0],
[[650.0,300.0,300.0],0],
[[650.0,320.0,320.0],0],
[[700.0,0,0],0],
[[700.0,1.0,1.0],0],
[[700.0,10.0,10.0],0.0],
[[700.0,50.0,50.0],0],
[[700.0,75.0,75.0],0],
[[700.0,100.0,100.0],0.0],
[[700.0,150.0,150.0],0],
[[700.0,200.0,200.0],0],
[[700.0,250.0,250.0],0],
[[700.0,300.0,300.0],0.0],
[[750.0,1.0,1.0],0],
[[750.0,10.0,10.0],0],
[[750.0,75.0,75.0],0],
[[750.0,150.0,150.0],0],
[[750.0,200.0,200.0],0],
[[750.0,250.0,250.0],0],
[[750.0,300.0,300.0],0],
[[750.0,350.0,350.0],0],
[[750.0,370.0,370.0],0],
[[800.0,0,0],0],
[[800.0,1.0,1.0],0.0],
[[800.0,10.0,10.0],0],
[[800.0,50.0,50.0],0.0],
[[800.0,75.0,75.0],0],
[[800.0,100.0,100.0],0],
[[800.0,150.0,150.0],0],
[[800.0,200.0,200.0],0],
[[800.0,250.0,250.0],0],
[[800.0,300.0,300.0],0],
[[800.0,350.0,350.0],0],
[[850.0,1.0,1.0],0],
[[850.0,10.0,10.0],0],
[[850.0,75.0,75.0],0],
[[850.0,150.0,150.0],0],
[[850.0,200.0,200.0],0],
[[850.0,250.0,250.0],2.380375e-06],
[[850.0,300.0,300.0],0],
[[850.0,350.0,350.0],0],
[[850.0,400.0,400.0],0],
[[850.0,420.0,420.0],0],
[[900.0,0,0],0],
[[900.0,1.0,1.0],0],
[[900.0,10.0,10.0],0],
[[900.0,50.0,50.0],0],
[[900.0,75.0,75.0],0],
[[900.0,100.0,100.0],0],
[[900.0,150.0,150.0],0],
[[900.0,200.0,200.0],0],
[[900.0,250.0,250.0],0],
[[900.0,300.0,300.0],0.0],
[[900.0,350.0,350.0],0],
[[900.0,400.0,400.0],0],
[[950.0,1.0,1.0],0],
[[950.0,10.0,10.0],2.21393e-06],
[[950.0,75.0,75.0],0],
[[950.0,150.0,150.0],0],
[[950.0,200.0,200.0],0],
[[950.0,250.0,250.0],0],
[[950.0,300.0,300.0],0],
[[950.0,350.0,350.0],0],
[[950.0,400.0,400.0],0],
[[950.0,450.0,450.0],0],
[[950.0,470.0,470.0],0],
[[1000.0,0,0],0],
[[1000.0,50.0,50.0],0],
[[1000.0,100.0,100.0],0],
[[1000.0,150.0,150.0],0],
[[1000.0,200.0,200.0],0],
[[1000.0,250.0,250.0],0],
[[1000.0,300.0,300.0],0],
[[1000.0,350.0,350.0],0],
[[1000.0,400.0,400.0],1.654841e-06],
[[1000.0,450.0,450.0],0],
[[1050.0,520.0,520.0],0.0],
[[1100.0,0,0],1.826071e-06],
[[1100.0,100.0,100.0],3.569287e-06],
[[1100.0,200.0,200.0],2.41055e-06],
[[1100.0,300.0,300.0],0],
[[1100.0,400.0,400.0],0],
[[1100.0,500.0,500.0],2.103164e-06],
[[1150.0,570.0,570.0],0],
[[1200.0,0,0],0],
[[1200.0,100.0,100.0],0],
[[1200.0,200.0,200.0],0],
[[1200.0,300.0,300.0],1.645416e-06],
[[1200.0,400.0,400.0],0],
[[1200.0,500.0,500.0],0],
[[1250.0,620.0,620.0],0],
[[1300.0,0,0],0],
[[1300.0,100.0,100.0],0],
[[1300.0,200.0,200.0],2.319888e-06],
[[1300.0,300.0,300.0],1.773922e-06],
[[1300.0,400.0,400.0],2.129136e-06],
[[1300.0,500.0,500.0],1.673789e-06],
[[1300.0,600.0,600.0],0],
[[1350.0,670.0,670.0],3.018617e-06],
[[1400.0,0,0],2.385056e-06],
[[1400.0,100.0,100.0],2.247244e-06],
[[1400.0,200.0,200.0],2.113473e-06],
[[1400.0,300.0,300.0],2.052395e-06],
[[1400.0,400.0,400.0],3.274722e-06],
[[1400.0,500.0,500.0],0],
[[1400.0,600.0,600.0],2.675039e-06],
[[1450.0,720.0,720.0],2.311483e-06],
[[1500.0,0,0],0],
[[1500.0,100.0,100.0],2.259743e-06],
[[1500.0,200.0,200.0],1.784586e-06],
[[1500.0,300.0,300.0],2.577391e-06],
[[1500.0,400.0,400.0],0],
[[1500.0,500.0,500.0],1.85893e-06],
[[1500.0,600.0,600.0],4.596764e-06],
[[1500.0,700.0,700.0],0],
[[1550.0,770.0,770.0],2.366803e-06],
[[1600.0,0,0],1.686992e-06],
[[1600.0,100.0,100.0],0],
[[1600.0,200.0,200.0],2.019783e-06],
[[1600.0,300.0,300.0],0],
[[1600.0,400.0,400.0],2.058729e-06],
[[1600.0,500.0,500.0],1.649086e-06],
[[1600.0,600.0,600.0],2.932944e-06],
[[1600.0,700.0,700.0],2.419329e-06],
[[1650.0,820.0,820.0],1.737091e-06],
[[1700.0,0,0],1.643503e-06],
[[1700.0,100.0,100.0],0],
[[1700.0,200.0,200.0],4.114907e-06],
[[1700.0,300.0,300.0],5.876052e-06],
[[1700.0,400.0,400.0],4.292865e-06],
[[1700.0,500.0,500.0],4.53167e-06],
[[1700.0,600.0,600.0],0],
[[1700.0,700.0,700.0],3.233982e-06],
[[1700.0,800.0,800.0],4.046111e-06],
[[1750.0,870.0,870.0],0],
[[1800.0,0,0],2.761618e-06],
[[1800.0,100.0,100.0],3.529507e-06],
[[1800.0,200.0,200.0],2.011778e-06],
[[1800.0,300.0,300.0],1.908178e-06],
[[1800.0,400.0,400.0],2.11982e-06],
[[1800.0,500.0,500.0],3.703489e-06],
[[1800.0,600.0,600.0],3.415122e-06],
[[1800.0,700.0,700.0],1.166869e-05],
[[1800.0,800.0,800.0],3.250588e-06],
[[1850.0,920.0,920.0],7.078723e-06],
[[1900.0,0,0],4.184209e-06],
[[1900.0,100.0,100.0],2.958751e-06],
[[1900.0,200.0,200.0],3.872577e-06],
[[1900.0,300.0,300.0],1.806161e-06],
[[1900.0,400.0,400.0],2.353891e-06],
[[1900.0,500.0,500.0],3.365871e-06],
[[1900.0,600.0,600.0],2.720382e-06],
[[1900.0,700.0,700.0],2.096112e-06],
[[1900.0,800.0,800.0],7.577685e-06],
[[1900.0,900.0,900.0],2.971941e-06],
[[1950.0,970.0,970.0],2.402893e-06],
[[2000.0,0,0],5.426566e-06],
[[2000.0,100.0,100.0],0],
[[2000.0,200.0,200.0],3.175287e-06],
[[2000.0,300.0,300.0],2.474831e-06],
[[2000.0,400.0,400.0],3.225731e-06],
[[2000.0,500.0,500.0],0],
[[2000.0,600.0,600.0],2.604863e-06],
[[2000.0,700.0,700.0],5.388816e-06],
[[2000.0,800.0,800.0],3.648272e-06],
[[2000.0,900.0,900.0],0],
[[2050.0,1020.0,1020.0],0],
[[2100.0,0,0],1.903367e-06],
[[2100.0,100.0,100.0],2.114255e-06],
[[2100.0,200.0,200.0],5.326455e-06],
[[2100.0,300.0,300.0],2.284755e-06],
[[2100.0,400.0,400.0],4.361057e-06],
[[2100.0,500.0,500.0],4.97019e-06],
[[2100.0,600.0,600.0],3.9783e-06],
[[2100.0,700.0,700.0],2.868977e-06],
[[2100.0,800.0,800.0],4.65508e-06],
[[2100.0,900.0,900.0],3.756315e-06],
[[2100.0,1000.0,1000.0],8.629708e-06],
[[2150.0,1070.0,1070.0],0],
[[2200.0,0,0],2.450325e-06],
[[2200.0,100.0,100.0],8.076824e-06],
[[2200.0,200.0,200.0],5.787358e-06],
[[2200.0,300.0,300.0],3.640148e-06],
[[2200.0,400.0,400.0],6.964549e-06],
[[2200.0,500.0,500.0],3.845715e-06],
[[2200.0,600.0,600.0],2.289499e-06],
[[2200.0,700.0,700.0],7.04906e-06],
[[2200.0,800.0,800.0],1.798047e-06],
[[2200.0,900.0,900.0],2.22516e-06],
[[2200.0,1000.0,1000.0],3.209524e-06],
[[2250.0,1120.0,1120.0],1.972965e-06],
[[2300.0,0,0],0],
[[2300.0,100.0,100.0],4.184569e-06],
[[2300.0,200.0,200.0],0],
[[2300.0,300.0,300.0],3.535643e-06],
[[2300.0,400.0,400.0],2.804636e-06],
[[2300.0,500.0,500.0],6.238556e-06],
[[2300.0,600.0,600.0],3.171208e-06],
[[2300.0,700.0,700.0],2.88307e-06],
[[2300.0,800.0,800.0],5.489049e-06],
[[2300.0,900.0,900.0],0],
[[2300.0,1000.0,1000.0],4.67725e-06],
[[2300.0,1100.0,1100.0],1.978964e-06],
[[2350.0,1170.0,1170.0],2.816148e-06],
[[2400.0,0,0],7.337045e-06],
[[2400.0,100.0,100.0],3.809413e-06],
[[2400.0,200.0,200.0],3.255614e-06],
[[2400.0,300.0,300.0],0],
[[2400.0,400.0,400.0],2.093752e-06],
[[2400.0,500.0,500.0],2.200908e-06],
[[2400.0,600.0,600.0],7.548027e-06],
[[2400.0,700.0,700.0],4.374624e-06],
[[2400.0,800.0,800.0],8.342738e-06],
[[2400.0,900.0,900.0],5.528839e-06],
[[2400.0,1000.0,1000.0],1.796959e-06],
[[2400.0,1100.0,1100.0],6.516876e-06],
[[2450.0,1220.0,1220.0],5.949239e-06],
[[2500.0,0,0],1.831749e-06],
[[2500.0,100.0,100.0],4.088331e-06],
[[2500.0,200.0,200.0],6.374785e-06],
[[2500.0,300.0,300.0],4.65965e-06],
[[2500.0,400.0,400.0],3.602312e-06],
[[2500.0,500.0,500.0],5.250299e-06],
[[2500.0,600.0,600.0],5.460352e-06],
[[2500.0,700.0,700.0],4.316334e-06],
[[2500.0,800.0,800.0],3.181628e-06],
[[2500.0,900.0,900.0],5.96766e-06],
[[2500.0,1000.0,1000.0],5.383262e-06],
[[2500.0,1100.0,1100.0],3.895102e-06],
[[2500.0,1200.0,1200.0],3.015527e-06],
[[2550.0,1270.0,1270.0],3.362842e-06],
[[2600.0,0,0],1.23053e-05],
[[2600.0,100.0,100.0],0],
[[2600.0,200.0,200.0],2.581385e-06],
[[2600.0,300.0,300.0],3.602343e-06],
[[2600.0,400.0,400.0],7.61284e-06],
[[2600.0,500.0,500.0],2.872672e-06],
[[2600.0,600.0,600.0],3.976484e-06],
[[2600.0,700.0,700.0],6.886053e-06],
[[2600.0,800.0,800.0],3.907178e-06],
[[2600.0,900.0,900.0],3.095109e-06],
[[2600.0,1000.0,1000.0],3.615047e-06],
[[2600.0,1100.0,1100.0],4.889112e-06],
[[2600.0,1200.0,1200.0],2.196409e-06],
[[2650.0,1320.0,1320.0],6.633283e-06],
[[2700.0,0,0],6.937149e-06],
[[2700.0,100.0,100.0],4.215078e-06],
[[2700.0,200.0,200.0],4.273253e-06],
[[2700.0,300.0,300.0],4.235965e-06],
[[2700.0,400.0,400.0],5.016422e-06],
[[2700.0,500.0,500.0],4.869942e-06],
[[2700.0,600.0,600.0],2.665553e-06],
[[2700.0,700.0,700.0],2.245967e-06],
[[2700.0,800.0,800.0],3.301556e-06],
[[2700.0,900.0,900.0],1.155338e-05],
[[2700.0,1000.0,1000.0],9.237962e-06],
[[2700.0,1100.0,1100.0],3.514778e-06],
[[2700.0,1200.0,1200.0],3.394161e-06],
[[2700.0,1300.0,1300.0],3.66587e-06],
[[2750.0,1370.0,1370.0],6.806625e-06],
[[2800.0,0,0],3.416322e-06],
[[2800.0,100.0,100.0],5.702469e-06],
[[2800.0,200.0,200.0],6.120432e-06],
[[2800.0,300.0,300.0],2.725645e-06],
[[2800.0,400.0,400.0],2.109792e-06],
[[2800.0,500.0,500.0],5.166551e-06],
[[2800.0,600.0,600.0],2.830801e-06],
[[2800.0,700.0,700.0],2.488555e-06],
[[2800.0,800.0,800.0],7.963589e-06],
[[2800.0,900.0,900.0],3.836844e-06],
[[2800.0,1000.0,1000.0],3.099829e-06],
[[2800.0,1100.0,1100.0],4.314317e-06],
[[2800.0,1200.0,1200.0],2.859239e-06],
[[2800.0,1300.0,1300.0],2.387047e-06],
[[2850.0,1420.0,1420.0],2.845394e-06],
[[2900.0,0,0],2.712368e-06],
[[2900.0,100.0,100.0],4.218399e-06],
[[2900.0,200.0,200.0],2.820921e-06],
[[2900.0,300.0,300.0],3.786727e-06],
[[2900.0,400.0,400.0],4.067757e-06],
[[2900.0,500.0,500.0],6.302534e-06],
[[2900.0,600.0,600.0],4.083721e-06],
[[2900.0,700.0,700.0],2.105588e-06],
[[2900.0,800.0,800.0],4.312728e-06],
[[2900.0,900.0,900.0],0],
[[2900.0,1000.0,1000.0],3.706477e-06],
[[2900.0,1100.0,1100.0],2.782101e-06],
[[2900.0,1200.0,1200.0],4.102061e-06],
[[2900.0,1300.0,1300.0],3.518106e-06],
[[2900.0,1400.0,1400.0],4.292456e-06],
[[2950.0,1470.0,1470.0],5.10396e-06],
[[3000.0,0,0],2.273765e-06],
[[3000.0,100.0,100.0],3.644079e-06],
[[3000.0,200.0,200.0],2.878017e-06],
[[3000.0,300.0,300.0],3.867954e-06],
[[3000.0,400.0,400.0],3.958387e-06],
[[3000.0,500.0,500.0],7.951918e-06],
[[3000.0,600.0,600.0],4.70722e-06],
[[3000.0,700.0,700.0],6.708235e-06],
[[3000.0,800.0,800.0],4.976855e-06],
[[3000.0,900.0,900.0],8.332006e-06],
[[3000.0,1000.0,1000.0],5.139309e-06],
[[3000.0,1100.0,1100.0],3.191499e-06],
[[3000.0,1200.0,1200.0],3.613161e-06],
[[3000.0,1300.0,1300.0],4.218968e-06],
[[3000.0,1400.0,1400.0],5.993488e-06]]
