txName: TRV1
constraint: {(PV > Zprime(1)), (Zprime(1) > MET(2),MET(3))}
condition: None
conditionDescription: None
figureUrl: None
source: Recast by CM2
validated: True
axesMap: [{0: 'x', 1: 'y', 2: 'y'}]
dataMap: {0: (1, 'mass', GeV), 1: (2, 'mass', GeV), 2: (3, 'mass', GeV)}
finalState: ['MET', 'MET']
intermediateState: None
efficiencyMap: [[[50.0,0,0],0.0],
[[50.0,1.0,1.0],0.0],
[[50.0,10.0,10.0],0.0],
[[50.0,20.0,20.0],0],
[[100.0,0,0],0],
[[100.0,1.0,1.0],0],
[[100.0,10.0,10.0],0],
[[150.0,0,0],0],
[[150.0,1.0,1.0],0],
[[150.0,10.0,10.0],0],
[[150.0,50.0,50.0],0],
[[150.0,70.0,70.0],0],
[[200.0,0,0],0],
[[200.0,1.0,1.0],0],
[[200.0,10.0,10.0],0],
[[200.0,50.0,50.0],0],
[[200.0,75.0,75.0],0],
[[250.0,0,0],0],
[[250.0,1.0,1.0],0],
[[250.0,10.0,10.0],0],
[[250.0,50.0,50.0],0],
[[250.0,75.0,75.0],0],
[[250.0,100.0,100.0],0],
[[250.0,120.0,120.0],0],
[[300.0,0,0],0],
[[300.0,1.0,1.0],0],
[[300.0,10.0,10.0],0],
[[300.0,50.0,50.0],0],
[[300.0,75.0,75.0],0],
[[300.0,100.0,100.0],0],
[[350.0,0,0],0],
[[350.0,1.0,1.0],0],
[[350.0,10.0,10.0],0],
[[350.0,50.0,50.0],0],
[[350.0,75.0,75.0],0],
[[350.0,100.0,100.0],0],
[[350.0,150.0,150.0],0],
[[350.0,170.0,170.0],0],
[[400.0,0,0],0],
[[400.0,1.0,1.0],0],
[[400.0,10.0,10.0],0],
[[400.0,50.0,50.0],0],
[[400.0,75.0,75.0],0],
[[400.0,100.0,100.0],0],
[[400.0,150.0,150.0],0],
[[450.0,0,0],0],
[[450.0,1.0,1.0],0],
[[450.0,10.0,10.0],0],
[[450.0,50.0,50.0],1.688399e-06],
[[450.0,75.0,75.0],1.716819e-06],
[[450.0,100.0,100.0],0],
[[450.0,150.0,150.0],0],
[[450.0,200.0,200.0],2.093194e-06],
[[450.0,220.0,220.0],0],
[[500.0,0,0],0],
[[500.0,1.0,1.0],0],
[[500.0,10.0,10.0],1.835808e-06],
[[500.0,50.0,50.0],0],
[[500.0,75.0,75.0],0],
[[500.0,100.0,100.0],2.213365e-06],
[[500.0,150.0,150.0],0],
[[500.0,200.0,200.0],0],
[[550.0,1.0,1.0],2.838219e-06],
[[550.0,10.0,10.0],2.715277e-06],
[[550.0,75.0,75.0],2.895845e-06],
[[550.0,150.0,150.0],3.325863e-06],
[[550.0,200.0,200.0],2.747939e-06],
[[550.0,250.0,250.0],2.480515e-06],
[[550.0,270.0,270.0],2.478315e-06],
[[600.0,0,0],2.798714e-06],
[[600.0,1.0,1.0],3.226133e-06],
[[600.0,10.0,10.0],3.515631e-06],
[[600.0,50.0,50.0],2.620101e-06],
[[600.0,75.0,75.0],3.40739e-06],
[[600.0,100.0,100.0],3.164147e-06],
[[600.0,150.0,150.0],3.035134e-06],
[[600.0,200.0,200.0],3.30791e-06],
[[600.0,250.0,250.0],3.041795e-06],
[[600.0,295.0,295.0],2.455604e-06],
[[650.0,1.0,1.0],4.44849e-06],
[[650.0,10.0,10.0],3.225455e-06],
[[650.0,75.0,75.0],4.258873e-06],
[[650.0,150.0,150.0],3.818925e-06],
[[650.0,200.0,200.0],4.429293e-06],
[[650.0,250.0,250.0],4.999936e-06],
[[650.0,300.0,300.0],5.417824e-06],
[[650.0,320.0,320.0],4.349534e-06],
[[700.0,0,0],4.989865e-06],
[[700.0,1.0,1.0],3.545148e-06],
[[700.0,10.0,10.0],5.170197e-06],
[[700.0,50.0,50.0],4.356766e-06],
[[700.0,75.0,75.0],3.589697e-06],
[[700.0,100.0,100.0],1.84485e-06],
[[700.0,150.0,150.0],1.152697e-05],
[[700.0,200.0,200.0],5.125787e-06],
[[700.0,250.0,250.0],4.766371e-06],
[[700.0,300.0,300.0],3.827796e-06],
[[750.0,1.0,1.0],6.199322e-06],
[[750.0,10.0,10.0],5.322248e-06],
[[750.0,75.0,75.0],5.920897e-06],
[[750.0,150.0,150.0],7.124523e-06],
[[750.0,200.0,200.0],6.774979e-06],
[[750.0,250.0,250.0],7.351072e-06],
[[750.0,300.0,300.0],5.619264e-06],
[[750.0,350.0,350.0],1.052595e-05],
[[750.0,370.0,370.0],9.922023e-06],
[[800.0,0,0],6.273208e-06],
[[800.0,1.0,1.0],4.920127e-06],
[[800.0,10.0,10.0],6.214301e-06],
[[800.0,50.0,50.0],6.751287e-06],
[[800.0,75.0,75.0],6.895551e-06],
[[800.0,100.0,100.0],6.772588e-06],
[[800.0,150.0,150.0],9.527042e-06],
[[800.0,200.0,200.0],8.144181e-06],
[[800.0,250.0,250.0],8.586851e-06],
[[800.0,300.0,300.0],6.097252e-06],
[[800.0,350.0,350.0],6.449989e-06],
[[850.0,1.0,1.0],7.060438e-06],
[[850.0,10.0,10.0],8.926726e-06],
[[850.0,75.0,75.0],5.769345e-06],
[[850.0,150.0,150.0],8.256282e-06],
[[850.0,200.0,200.0],7.652352e-06],
[[850.0,250.0,250.0],6.251271e-06],
[[850.0,300.0,300.0],7.119365e-06],
[[850.0,350.0,350.0],1.119046e-05],
[[850.0,400.0,400.0],9.364056e-06],
[[850.0,420.0,420.0],1.951156e-05],
[[900.0,0,0],9.655668e-06],
[[900.0,1.0,1.0],8.477316e-06],
[[900.0,10.0,10.0],9.029935e-06],
[[900.0,50.0,50.0],8.891092e-06],
[[900.0,75.0,75.0],9.453133e-06],
[[900.0,100.0,100.0],1.272274e-05],
[[900.0,150.0,150.0],7.037394e-06],
[[900.0,200.0,200.0],9.899464e-06],
[[900.0,250.0,250.0],1.381189e-05],
[[900.0,300.0,300.0],1.194418e-05],
[[900.0,350.0,350.0],9.29147e-06],
[[900.0,400.0,400.0],1.187699e-05],
[[950.0,1.0,1.0],1.347312e-05],
[[950.0,10.0,10.0],1.253071e-05],
[[950.0,75.0,75.0],7.743445e-06],
[[950.0,150.0,150.0],8.12966e-06],
[[950.0,200.0,200.0],1.467443e-05],
[[950.0,250.0,250.0],9.933111e-06],
[[950.0,300.0,300.0],7.787509e-06],
[[950.0,350.0,350.0],1.382113e-05],
[[950.0,400.0,400.0],1.675994e-05],
[[950.0,450.0,450.0],1.764037e-05],
[[950.0,470.0,470.0],1.267486e-05],
[[1000.0,0,0],1.149984e-05],
[[1000.0,50.0,50.0],1.014973e-05],
[[1000.0,100.0,100.0],9.153029e-06],
[[1000.0,150.0,150.0],1.341502e-05],
[[1000.0,200.0,200.0],1.078711e-05],
[[1000.0,250.0,250.0],1.341423e-05],
[[1000.0,300.0,300.0],9.699968e-06],
[[1000.0,350.0,350.0],1.501277e-05],
[[1000.0,400.0,400.0],1.163744e-05],
[[1000.0,450.0,450.0],1.412369e-05],
[[1050.0,520.0,520.0],1.856737e-05],
[[1100.0,0,0],1.58084e-05],
[[1100.0,100.0,100.0],1.676685e-05],
[[1100.0,200.0,200.0],1.731982e-05],
[[1100.0,300.0,300.0],1.43376e-05],
[[1100.0,400.0,400.0],1.25312e-05],
[[1100.0,500.0,500.0],1.598265e-05],
[[1150.0,570.0,570.0],1.877016e-05],
[[1200.0,0,0],1.816265e-05],
[[1200.0,100.0,100.0],1.777048e-05],
[[1200.0,200.0,200.0],1.894147e-05],
[[1200.0,300.0,300.0],1.61831e-05],
[[1200.0,400.0,400.0],2.115727e-05],
[[1200.0,500.0,500.0],1.981274e-05],
[[1250.0,620.0,620.0],2.000892e-05],
[[1300.0,0,0],2.147858e-05],
[[1300.0,100.0,100.0],2.121797e-05],
[[1300.0,200.0,200.0],2.425592e-05],
[[1300.0,300.0,300.0],2.195452e-05],
[[1300.0,400.0,400.0],2.549741e-05],
[[1300.0,500.0,500.0],2.524437e-05],
[[1300.0,600.0,600.0],2.635464e-05],
[[1350.0,670.0,670.0],3.065383e-05],
[[1400.0,0,0],2.04585e-05],
[[1400.0,100.0,100.0],2.154427e-05],
[[1400.0,200.0,200.0],2.687329e-05],
[[1400.0,300.0,300.0],2.410656e-05],
[[1400.0,400.0,400.0],3.15621e-05],
[[1400.0,500.0,500.0],2.57048e-05],
[[1400.0,600.0,600.0],2.8288e-05],
[[1450.0,720.0,720.0],4.944988e-05],
[[1500.0,0,0],2.860182e-05],
[[1500.0,100.0,100.0],2.846943e-05],
[[1500.0,200.0,200.0],2.803356e-05],
[[1500.0,300.0,300.0],2.3681e-05],
[[1500.0,400.0,400.0],3.38241e-05],
[[1500.0,500.0,500.0],3.170649e-05],
[[1500.0,600.0,600.0],3.339113e-05],
[[1500.0,700.0,700.0],3.632529e-05],
[[1550.0,770.0,770.0],3.219983e-05],
[[1600.0,0,0],3.104379e-05],
[[1600.0,100.0,100.0],3.272393e-05],
[[1600.0,200.0,200.0],3.804184e-05],
[[1600.0,300.0,300.0],3.349745e-05],
[[1600.0,400.0,400.0],3.313927e-05],
[[1600.0,500.0,500.0],3.142451e-05],
[[1600.0,600.0,600.0],4.02895e-05],
[[1600.0,700.0,700.0],3.797034e-05],
[[1650.0,820.0,820.0],3.849492e-05],
[[1700.0,0,0],3.001779e-05],
[[1700.0,100.0,100.0],2.869877e-05],
[[1700.0,200.0,200.0],3.76512e-05],
[[1700.0,300.0,300.0],3.372469e-05],
[[1700.0,400.0,400.0],4.604752e-05],
[[1700.0,500.0,500.0],3.910098e-05],
[[1700.0,600.0,600.0],3.766158e-05],
[[1700.0,700.0,700.0],4.614484e-05],
[[1700.0,800.0,800.0],3.719188e-05],
[[1750.0,870.0,870.0],4.905573e-05],
[[1800.0,0,0],4.539724e-05],
[[1800.0,100.0,100.0],5.521388e-05],
[[1800.0,200.0,200.0],4.805907e-05],
[[1800.0,300.0,300.0],3.089948e-05],
[[1800.0,400.0,400.0],4.174262e-05],
[[1800.0,500.0,500.0],3.670214e-05],
[[1800.0,600.0,600.0],3.576343e-05],
[[1800.0,700.0,700.0],3.860789e-05],
[[1800.0,800.0,800.0],4.094645e-05],
[[1850.0,920.0,920.0],4.454393e-05],
[[1900.0,0,0],3.563513e-05],
[[1900.0,100.0,100.0],4.285679e-05],
[[1900.0,200.0,200.0],3.313906e-05],
[[1900.0,300.0,300.0],3.496171e-05],
[[1900.0,400.0,400.0],4.054596e-05],
[[1900.0,500.0,500.0],4.145452e-05],
[[1900.0,600.0,600.0],3.636631e-05],
[[1900.0,700.0,700.0],5.038923e-05],
[[1900.0,800.0,800.0],4.521265e-05],
[[1900.0,900.0,900.0],3.755164e-05],
[[1950.0,970.0,970.0],5.250317e-05],
[[2000.0,0,0],4.718696e-05],
[[2000.0,100.0,100.0],4.008453e-05],
[[2000.0,200.0,200.0],4.604372e-05],
[[2000.0,300.0,300.0],4.192019e-05],
[[2000.0,400.0,400.0],4.346578e-05],
[[2000.0,500.0,500.0],5.037789e-05],
[[2000.0,600.0,600.0],5.091644e-05],
[[2000.0,700.0,700.0],4.689396e-05],
[[2000.0,800.0,800.0],4.617032e-05],
[[2000.0,900.0,900.0],4.063849e-05],
[[2050.0,1020.0,1020.0],4.764484e-05],
[[2100.0,0,0],3.887707e-05],
[[2100.0,100.0,100.0],4.167017e-05],
[[2100.0,200.0,200.0],4.796574e-05],
[[2100.0,300.0,300.0],3.996531e-05],
[[2100.0,400.0,400.0],5.239788e-05],
[[2100.0,500.0,500.0],5.663691e-05],
[[2100.0,600.0,600.0],5.550317e-05],
[[2100.0,700.0,700.0],6.254563e-05],
[[2100.0,800.0,800.0],4.912071e-05],
[[2100.0,900.0,900.0],4.73369e-05],
[[2100.0,1000.0,1000.0],5.787726e-05],
[[2150.0,1070.0,1070.0],5.424259e-05],
[[2200.0,0,0],3.896603e-05],
[[2200.0,100.0,100.0],5.252694e-05],
[[2200.0,200.0,200.0],5.518913e-05],
[[2200.0,300.0,300.0],5.506163e-05],
[[2200.0,400.0,400.0],6.008588e-05],
[[2200.0,500.0,500.0],5.350291e-05],
[[2200.0,600.0,600.0],6.152098e-05],
[[2200.0,700.0,700.0],5.974105e-05],
[[2200.0,800.0,800.0],5.416038e-05],
[[2200.0,900.0,900.0],5.062833e-05],
[[2200.0,1000.0,1000.0],5.975342e-05],
[[2250.0,1120.0,1120.0],5.896832e-05],
[[2300.0,0,0],4.855699e-05],
[[2300.0,100.0,100.0],5.526299e-05],
[[2300.0,200.0,200.0],5.957505e-05],
[[2300.0,300.0,300.0],5.628125e-05],
[[2300.0,400.0,400.0],5.70098e-05],
[[2300.0,500.0,500.0],6.526816e-05],
[[2300.0,600.0,600.0],6.69685e-05],
[[2300.0,700.0,700.0],6.514485e-05],
[[2300.0,800.0,800.0],5.136168e-05],
[[2300.0,900.0,900.0],6.378529e-05],
[[2300.0,1000.0,1000.0],6.488857e-05],
[[2300.0,1100.0,1100.0],5.379533e-05],
[[2350.0,1170.0,1170.0],5.985777e-05],
[[2400.0,0,0],6.103543e-05],
[[2400.0,100.0,100.0],6.946236e-05],
[[2400.0,200.0,200.0],6.638118e-05],
[[2400.0,300.0,300.0],6.321933e-05],
[[2400.0,400.0,400.0],4.873368e-05],
[[2400.0,500.0,500.0],5.924691e-05],
[[2400.0,600.0,600.0],4.825246e-05],
[[2400.0,700.0,700.0],6.401612e-05],
[[2400.0,800.0,800.0],7.229476e-05],
[[2400.0,900.0,900.0],6.505778e-05],
[[2400.0,1000.0,1000.0],6.161298e-05],
[[2400.0,1100.0,1100.0],6.576741e-05],
[[2450.0,1220.0,1220.0],5.902282e-05],
[[2500.0,0,0],5.392842e-05],
[[2500.0,100.0,100.0],6.257754e-05],
[[2500.0,200.0,200.0],7.526064e-05],
[[2500.0,300.0,300.0],6.684631e-05],
[[2500.0,400.0,400.0],6.03664e-05],
[[2500.0,500.0,500.0],5.776075e-05],
[[2500.0,600.0,600.0],4.910675e-05],
[[2500.0,700.0,700.0],6.803372e-05],
[[2500.0,800.0,800.0],6.483912e-05],
[[2500.0,900.0,900.0],7.533586e-05],
[[2500.0,1000.0,1000.0],6.633329e-05],
[[2500.0,1100.0,1100.0],6.566591e-05],
[[2500.0,1200.0,1200.0],8.399101e-05],
[[2550.0,1270.0,1270.0],7.589612e-05],
[[2600.0,0,0],5.197158e-05],
[[2600.0,100.0,100.0],4.781307e-05],
[[2600.0,200.0,200.0],6.018205e-05],
[[2600.0,300.0,300.0],5.511701e-05],
[[2600.0,400.0,400.0],6.347687e-05],
[[2600.0,500.0,500.0],6.995271e-05],
[[2600.0,600.0,600.0],5.582206e-05],
[[2600.0,700.0,700.0],7.111251e-05],
[[2600.0,800.0,800.0],7.598054e-05],
[[2600.0,900.0,900.0],6.046607e-05],
[[2600.0,1000.0,1000.0],7.412987e-05],
[[2600.0,1100.0,1100.0],6.759826e-05],
[[2600.0,1200.0,1200.0],6.996328e-05],
[[2650.0,1320.0,1320.0],6.623741e-05],
[[2700.0,0,0],6.367962e-05],
[[2700.0,100.0,100.0],6.662627e-05],
[[2700.0,200.0,200.0],6.279059e-05],
[[2700.0,300.0,300.0],6.675332e-05],
[[2700.0,400.0,400.0],6.94218e-05],
[[2700.0,500.0,500.0],5.613988e-05],
[[2700.0,600.0,600.0],7.083814e-05],
[[2700.0,700.0,700.0],7.784501e-05],
[[2700.0,800.0,800.0],5.641102e-05],
[[2700.0,900.0,900.0],7.647059e-05],
[[2700.0,1000.0,1000.0],6.740232e-05],
[[2700.0,1100.0,1100.0],7.016882e-05],
[[2700.0,1200.0,1200.0],6.808349e-05],
[[2700.0,1300.0,1300.0],7.939626e-05],
[[2750.0,1370.0,1370.0],8.290392e-05],
[[2800.0,0,0],5.362338e-05],
[[2800.0,100.0,100.0],5.022117e-05],
[[2800.0,200.0,200.0],6.966772e-05],
[[2800.0,300.0,300.0],7.12829e-05],
[[2800.0,400.0,400.0],8.933307e-05],
[[2800.0,500.0,500.0],5.518333e-05],
[[2800.0,600.0,600.0],7.452853e-05],
[[2800.0,700.0,700.0],7.290988e-05],
[[2800.0,800.0,800.0],7.17862e-05],
[[2800.0,900.0,900.0],7.03174e-05],
[[2800.0,1000.0,1000.0],6.745103e-05],
[[2800.0,1100.0,1100.0],7.239154e-05],
[[2800.0,1200.0,1200.0],6.505007e-05],
[[2800.0,1300.0,1300.0],7.670427e-05],
[[2850.0,1420.0,1420.0],7.864345e-05],
[[2900.0,0,0],5.989504e-05],
[[2900.0,100.0,100.0],6.262283e-05],
[[2900.0,200.0,200.0],6.336204e-05],
[[2900.0,300.0,300.0],6.323282e-05],
[[2900.0,400.0,400.0],6.979107e-05],
[[2900.0,500.0,500.0],0.0001239487],
[[2900.0,600.0,600.0],6.235108e-05],
[[2900.0,700.0,700.0],6.962911e-05],
[[2900.0,800.0,800.0],8.602957e-05],
[[2900.0,900.0,900.0],4.449088e-05],
[[2900.0,1000.0,1000.0],6.680881e-05],
[[2900.0,1100.0,1100.0],7.61217e-05],
[[2900.0,1200.0,1200.0],5.632896e-05],
[[2900.0,1300.0,1300.0],7.127718e-05],
[[2900.0,1400.0,1400.0],8.465891e-05],
[[2950.0,1470.0,1470.0],6.553016e-05],
[[3000.0,0,0],6.681552e-05],
[[3000.0,100.0,100.0],6.312151e-05],
[[3000.0,200.0,200.0],7.034805e-05],
[[3000.0,300.0,300.0],6.153323e-05],
[[3000.0,400.0,400.0],6.696247e-05],
[[3000.0,500.0,500.0],6.680815e-05],
[[3000.0,600.0,600.0],8.498722e-05],
[[3000.0,700.0,700.0],7.771748e-05],
[[3000.0,800.0,800.0],8.014359e-05],
[[3000.0,900.0,900.0],7.514553e-05],
[[3000.0,1000.0,1000.0],7.201381e-05],
[[3000.0,1100.0,1100.0],8.753326e-05],
[[3000.0,1200.0,1200.0],6.564617e-05],
[[3000.0,1300.0,1300.0],8.120841e-05],
[[3000.0,1400.0,1400.0],7.642595e-05]]
