txName: TRS1
constraint: {(PV > H0(1)), (H0(1) > MET(2),MET(3))}
condition: None
conditionDescription: None
figureUrl: https://cms-results.web.cern.ch/cms-results/public-results/publications/EXO-20-004/CMS-EXO-20-004_Figure_009-a.png
source: https://doi.org/10.5281/zenodo.13324003
validated: True
axesMap: [{0: 'x', 1: '1.0', 2: '1.0'}, {0: 'x', 1: 'y', 2: 'y'}]
dataMap: {0: (1, 'mass', GeV), 1: (2, 'mass', GeV), 2: (3, 'mass', GeV)}
finalState: ['MET', 'MET']
intermediateState: None
efficiencyMap: [[[100.0,1.0,1.0],8.868222e-08],
[[100.0,10.0,10.0],9.825534e-08],
[[150.0,1.0,1.0],3.459784e-07],
[[150.0,50.0,50.0],1.959282e-07],
[[200.0,1.0,1.0],3.239635e-07],
[[200.0,50.0,50.0],4.161546e-07],
[[200.0,100.0,100.0],9.515514e-07],
[[250.0,1.0,1.0],5.440916e-07],
[[250.0,10.0,10.0],5.959717e-07],
[[250.0,50.0,50.0],5.916492e-07],
[[250.0,100.0,100.0],6.140993e-07],
[[300.0,1.0,1.0],7.643464e-07],
[[300.0,50.0,50.0],7.106831e-07],
[[300.0,100.0,100.0],8.064136e-07],
[[350.0,1.0,1.0],1.150632e-06],
[[350.0,50.0,50.0],9.076304e-07],
[[350.0,100.0,100.0],9.137273e-07],
[[350.0,150.0,150.0],1.28874e-06],
[[400.0,1.0,1.0],1.253103e-06],
[[400.0,50.0,50.0],9.876193e-07],
[[400.0,100.0,100.0],1.066654e-06],
[[400.0,150.0,150.0],1.162193e-06],
[[450.0,1.0,1.0],1.742567e-06],
[[450.0,50.0,50.0],1.010935e-06],
[[450.0,100.0,100.0],1.895614e-06],
[[450.0,150.0,150.0],1.43963e-06],
[[450.0,200.0,200.0],1.694195e-06],
[[500.0,1.0,1.0],1.682345e-06],
[[500.0,10.0,10.0],2.516601e-06],
[[500.0,50.0,50.0],2.242374e-06],
[[500.0,100.0,100.0],2.151899e-06],
[[500.0,150.0,150.0],2.561738e-06],
[[500.0,200.0,200.0],1.808602e-06],
[[550.0,1.0,1.0],2.900423e-06],
[[550.0,50.0,50.0],3.530682e-06],
[[550.0,100.0,100.0],3.344851e-06],
[[550.0,150.0,150.0],2.660508e-06],
[[550.0,200.0,200.0],3.142864e-06],
[[550.0,250.0,250.0],3.982258e-06],
[[600.0,1.0,1.0],4.951863e-06],
[[600.0,50.0,50.0],3.45673e-06],
[[600.0,100.0,100.0],3.979189e-06],
[[600.0,150.0,150.0],5.593319e-06],
[[600.0,200.0,200.0],5.05151e-06],
[[600.0,250.0,250.0],4.318927e-06],
[[650.0,1.0,1.0],4.571607e-06],
[[650.0,50.0,50.0],4.579941e-06],
[[650.0,100.0,100.0],6.439773e-06],
[[650.0,150.0,150.0],4.448608e-06],
[[650.0,200.0,200.0],5.641923e-06],
[[650.0,250.0,250.0],5.266849e-06],
[[650.0,300.0,300.0],8.015457e-06],
[[700.0,1.0,1.0],6.836609e-06],
[[700.0,50.0,50.0],7.21512e-06],
[[700.0,100.0,100.0],7.747883e-06],
[[700.0,150.0,150.0],6.909721e-06],
[[700.0,200.0,200.0],6.551709e-06],
[[700.0,250.0,250.0],5.123299e-06],
[[700.0,300.0,300.0],9.126216e-06],
[[750.0,1.0,1.0],8.750713e-06],
[[750.0,10.0,10.0],1.004198e-05],
[[750.0,50.0,50.0],9.213463e-06],
[[750.0,100.0,100.0],9.779773e-06],
[[750.0,150.0,150.0],1.106514e-05],
[[750.0,200.0,200.0],1.29971e-05],
[[750.0,250.0,250.0],1.033224e-05],
[[750.0,300.0,300.0],1.190351e-05],
[[750.0,350.0,350.0],1.549473e-05],
[[800.0,1.0,1.0],1.417888e-05],
[[800.0,150.0,150.0],1.462808e-05],
[[800.0,200.0,200.0],1.167656e-05],
[[800.0,250.0,250.0],1.284774e-05],
[[800.0,300.0,300.0],1.503584e-05],
[[800.0,350.0,350.0],1.311074e-05],
[[850.0,1.0,1.0],1.311849e-05],
[[850.0,150.0,150.0],1.447137e-05],
[[850.0,200.0,200.0],1.623797e-05],
[[850.0,250.0,250.0],1.435926e-05],
[[850.0,300.0,300.0],1.572169e-05],
[[850.0,350.0,350.0],1.717937e-05],
[[850.0,400.0,400.0],2.361399e-05],
[[900.0,1.0,1.0],1.755606e-05],
[[900.0,150.0,150.0],1.89024e-05],
[[900.0,200.0,200.0],1.926667e-05],
[[900.0,250.0,250.0],2.466717e-05],
[[900.0,300.0,300.0],2.123329e-05],
[[900.0,350.0,350.0],2.009806e-05],
[[900.0,400.0,400.0],2.278958e-05],
[[950.0,1.0,1.0],2.052503e-05],
[[950.0,150.0,150.0],1.947131e-05],
[[950.0,200.0,200.0],2.364909e-05],
[[950.0,250.0,250.0],2.888972e-05],
[[950.0,300.0,300.0],2.934389e-05],
[[950.0,350.0,350.0],3.200301e-05],
[[950.0,400.0,400.0],2.47972e-05],
[[950.0,450.0,450.0],3.37464e-05],
[[1000.0,1.0,1.0],1.72718e-05],
[[1000.0,10.0,10.0],2.53821e-05],
[[1000.0,50.0,50.0],2.30776e-05],
[[1000.0,100.0,100.0],2.526743e-05],
[[1000.0,150.0,150.0],2.885098e-05],
[[1000.0,200.0,200.0],2.44251e-05],
[[1000.0,250.0,250.0],2.758427e-05],
[[1000.0,300.0,300.0],2.869466e-05],
[[1000.0,350.0,350.0],2.894817e-05],
[[1000.0,400.0,400.0],3.841755e-05],
[[1000.0,450.0,450.0],2.979294e-05],
[[1050.0,1.0,1.0],2.977933e-05],
[[1050.0,150.0,150.0],2.935259e-05],
[[1050.0,200.0,200.0],3.272108e-05],
[[1050.0,250.0,250.0],3.576607e-05],
[[1050.0,300.0,300.0],4.531649e-05],
[[1050.0,350.0,350.0],4.255235e-05],
[[1050.0,400.0,400.0],3.945951e-05],
[[1050.0,450.0,450.0],3.940948e-05],
[[1050.0,500.0,500.0],4.677782e-05],
[[1100.0,1.0,1.0],3.372282e-05],
[[1100.0,150.0,150.0],3.84334e-05],
[[1100.0,200.0,200.0],4.000478e-05],
[[1100.0,250.0,250.0],3.392964e-05],
[[1100.0,300.0,300.0],4.013466e-05],
[[1100.0,350.0,350.0],3.767593e-05],
[[1100.0,400.0,400.0],4.616408e-05],
[[1100.0,450.0,450.0],4.402637e-05],
[[1100.0,500.0,500.0],4.207041e-05],
[[1150.0,1.0,1.0],3.977904e-05],
[[1150.0,150.0,150.0],3.902559e-05],
[[1150.0,200.0,200.0],4.563448e-05],
[[1150.0,250.0,250.0],4.711751e-05],
[[1150.0,300.0,300.0],5.092549e-05],
[[1150.0,350.0,350.0],5.548117e-05],
[[1150.0,400.0,400.0],5.151266e-05],
[[1150.0,450.0,450.0],4.926111e-05],
[[1150.0,500.0,500.0],5.412916e-05],
[[1150.0,550.0,550.0],6.768035e-05],
[[1200.0,1.0,1.0],4.008315e-05],
[[1200.0,150.0,150.0],4.309278e-05],
[[1200.0,200.0,200.0],5.174393e-05],
[[1200.0,250.0,250.0],5.501295e-05],
[[1200.0,300.0,300.0],5.723865e-05],
[[1200.0,350.0,350.0],4.750016e-05],
[[1200.0,400.0,400.0],6.424615e-05],
[[1200.0,450.0,450.0],5.45837e-05],
[[1200.0,500.0,500.0],5.56866e-05],
[[1200.0,550.0,550.0],6.380348e-05],
[[1250.0,1.0,1.0],4.636106e-05],
[[1250.0,10.0,10.0],4.055178e-05],
[[1250.0,50.0,50.0],4.489179e-05],
[[1250.0,100.0,100.0],4.578231e-05],
[[1250.0,150.0,150.0],5.406253e-05],
[[1250.0,200.0,200.0],5.522802e-05],
[[1250.0,250.0,250.0],4.982928e-05],
[[1250.0,300.0,300.0],6.250845e-05],
[[1250.0,350.0,350.0],5.944796e-05],
[[1250.0,400.0,400.0],5.698924e-05],
[[1250.0,450.0,450.0],6.86332e-05],
[[1250.0,500.0,500.0],8.108951e-05],
[[1250.0,550.0,550.0],7.470549e-05],
[[1250.0,600.0,600.0],7.600538e-05],
[[1300.0,1.0,1.0],5.280178e-05],
[[1300.0,150.0,150.0],5.781487e-05],
[[1300.0,200.0,200.0],6.468341e-05],
[[1300.0,250.0,250.0],6.597379e-05],
[[1300.0,300.0,300.0],0.0001015187],
[[1300.0,350.0,350.0],6.205672e-05],
[[1300.0,400.0,400.0],6.707804e-05],
[[1300.0,450.0,450.0],7.551938e-05],
[[1300.0,500.0,500.0],6.923052e-05],
[[1300.0,550.0,550.0],7.51901e-05],
[[1300.0,600.0,600.0],7.521385e-05],
[[1350.0,1.0,1.0],6.362892e-05],
[[1350.0,150.0,150.0],5.898686e-05],
[[1350.0,200.0,200.0],6.590806e-05],
[[1350.0,250.0,250.0],8.673976e-05],
[[1350.0,300.0,300.0],7.374151e-05],
[[1350.0,350.0,350.0],8.571013e-05],
[[1350.0,400.0,400.0],8.12468e-05],
[[1350.0,450.0,450.0],8.086227e-05],
[[1350.0,500.0,500.0],7.21946e-05],
[[1350.0,550.0,550.0],7.976982e-05],
[[1350.0,600.0,600.0],9.593629e-05],
[[1350.0,650.0,650.0],0.0001104545],
[[1400.0,1.0,1.0],6.477688e-05],
[[1400.0,150.0,150.0],7.380751e-05],
[[1400.0,200.0,200.0],0.0001174312],
[[1400.0,250.0,250.0],8.169914e-05],
[[1400.0,300.0,300.0],0.0001000872],
[[1400.0,350.0,350.0],7.622991e-05],
[[1400.0,400.0,400.0],9.807046e-05],
[[1400.0,450.0,450.0],9.028067e-05],
[[1400.0,500.0,500.0],8.467704e-05],
[[1400.0,550.0,550.0],9.36315e-05],
[[1400.0,600.0,600.0],8.911533e-05],
[[1400.0,650.0,650.0],8.406372e-05],
[[1450.0,1.0,1.0],5.597063e-05],
[[1450.0,150.0,150.0],7.202876e-05],
[[1450.0,200.0,200.0],9.10954e-05],
[[1450.0,250.0,250.0],7.454319e-05],
[[1450.0,300.0,300.0],8.832727e-05],
[[1450.0,350.0,350.0],8.820715e-05],
[[1450.0,400.0,400.0],9.97158e-05],
[[1450.0,450.0,450.0],8.7276e-05],
[[1450.0,500.0,500.0],0.0001133],
[[1450.0,550.0,550.0],0.0001155229],
[[1450.0,600.0,600.0],0.0001053744],
[[1450.0,650.0,650.0],0.0001144943],
[[1450.0,700.0,700.0],0.000125141],
[[1500.0,1.0,1.0],7.241825e-05],
[[1500.0,10.0,10.0],6.726106e-05],
[[1500.0,50.0,50.0],6.865631e-05],
[[1500.0,100.0,100.0],0.0001684739],
[[1500.0,150.0,150.0],6.602293e-05],
[[1500.0,200.0,200.0],9.165027e-05],
[[1500.0,250.0,250.0],9.834866e-05],
[[1500.0,300.0,300.0],8.901987e-05],
[[1500.0,350.0,350.0],8.345989e-05],
[[1500.0,400.0,400.0],0.000113745],
[[1500.0,450.0,450.0],0.000114178],
[[1500.0,500.0,500.0],0.0001034304],
[[1500.0,550.0,550.0],0.0001414165],
[[1500.0,600.0,600.0],0.0001041025],
[[1500.0,650.0,650.0],0.0001123659],
[[1500.0,700.0,700.0],0.0001422933],
[[1500.0,750.0,750.0],0.0001519494],
[[1550.0,1.0,1.0],7.570731e-05],
[[1550.0,150.0,150.0],7.567076e-05],
[[1550.0,200.0,200.0],0.000142959],
[[1550.0,250.0,250.0],0.0001198445],
[[1550.0,300.0,300.0],0.000111626],
[[1550.0,350.0,350.0],0.0001054102],
[[1550.0,400.0,400.0],9.11504e-05],
[[1550.0,450.0,450.0],0.0001145249],
[[1550.0,500.0,500.0],0.0001265051],
[[1550.0,550.0,550.0],0.0001196896],
[[1550.0,600.0,600.0],0.0001165411],
[[1550.0,650.0,650.0],0.0001265059],
[[1550.0,700.0,700.0],0.0001400538],
[[1550.0,750.0,750.0],0.0002677283],
[[1600.0,1.0,1.0],8.460943e-05],
[[1600.0,150.0,150.0],8.219818e-05],
[[1600.0,200.0,200.0],9.605563e-05],
[[1600.0,250.0,250.0],0.0001475969],
[[1600.0,300.0,300.0],0.0001014654],
[[1600.0,350.0,350.0],0.00010884],
[[1600.0,400.0,400.0],0.0001184925],
[[1600.0,450.0,450.0],0.0001256114],
[[1600.0,500.0,500.0],0.0001066312],
[[1600.0,550.0,550.0],0.0001565664],
[[1600.0,600.0,600.0],0.0001294352],
[[1600.0,650.0,650.0],0.0001405317],
[[1600.0,700.0,700.0],0.0001515268],
[[1600.0,750.0,750.0],0.0001404604],
[[1650.0,1.0,1.0],7.534173e-05],
[[1650.0,150.0,150.0],9.618114e-05],
[[1650.0,200.0,200.0],0.0001108611],
[[1650.0,250.0,250.0],0.0001166476],
[[1650.0,300.0,300.0],0.0001198649],
[[1650.0,350.0,350.0],0.0001094159],
[[1650.0,400.0,400.0],0.0001317395],
[[1650.0,450.0,450.0],0.0001278349],
[[1650.0,500.0,500.0],0.0001286865],
[[1650.0,550.0,550.0],0.0002102738],
[[1650.0,600.0,600.0],0.0002581809],
[[1650.0,650.0,650.0],0.0001689813],
[[1650.0,700.0,700.0],0.0001217704],
[[1650.0,750.0,750.0],0.0001401801],
[[1650.0,800.0,800.0],0.0001657644],
[[1700.0,1.0,1.0],7.04394e-05],
[[1700.0,150.0,150.0],9.252576e-05],
[[1700.0,200.0,200.0],0.0001090798],
[[1700.0,250.0,250.0],0.0001382922],
[[1700.0,300.0,300.0],0.0001204481],
[[1700.0,350.0,350.0],0.0001536462],
[[1700.0,400.0,400.0],0.0001454416],
[[1700.0,450.0,450.0],0.0001415062],
[[1700.0,500.0,500.0],0.0001433112],
[[1700.0,550.0,550.0],0.0001521236],
[[1700.0,600.0,600.0],0.0001330154],
[[1700.0,650.0,650.0],0.0001852453],
[[1700.0,700.0,700.0],0.0001642879],
[[1700.0,750.0,750.0],0.0002077668],
[[1700.0,800.0,800.0],0.0001753167],
[[1750.0,1.0,1.0],7.216299e-05],
[[1750.0,10.0,10.0],7.723544e-05],
[[1750.0,50.0,50.0],9.30145e-05],
[[1750.0,100.0,100.0],9.552655e-05],
[[1750.0,150.0,150.0],9.289689e-05],
[[1750.0,200.0,200.0],0.0001194005],
[[1750.0,250.0,250.0],0.0001317405],
[[1750.0,300.0,300.0],0.0001539588],
[[1750.0,350.0,350.0],0.0001402941],
[[1750.0,400.0,400.0],0.0001430955],
[[1750.0,450.0,450.0],0.0001599077],
[[1750.0,500.0,500.0],0.0001589451],
[[1750.0,550.0,550.0],0.0001813861],
[[1750.0,600.0,600.0],0.0001639765],
[[1750.0,650.0,650.0],0.0001712069],
[[1750.0,700.0,700.0],0.000187599],
[[1750.0,750.0,750.0],0.0001947862],
[[1750.0,800.0,800.0],0.0001735533],
[[1750.0,850.0,850.0],0.0002043643],
[[1800.0,1.0,1.0],0.0001428103],
[[1800.0,150.0,150.0],0.0001304099],
[[1800.0,200.0,200.0],0.0001327235],
[[1800.0,250.0,250.0],0.0001230922],
[[1800.0,300.0,300.0],0.0001776078],
[[1800.0,350.0,350.0],0.0001572633],
[[1800.0,400.0,400.0],0.0001591651],
[[1800.0,450.0,450.0],0.0001441554],
[[1800.0,500.0,500.0],0.0001647402],
[[1800.0,550.0,550.0],0.0002026558],
[[1800.0,600.0,600.0],0.0002018582],
[[1800.0,650.0,650.0],0.0001966149],
[[1800.0,700.0,700.0],0.0001547044],
[[1800.0,750.0,750.0],0.0002854412],
[[1800.0,800.0,800.0],0.0001684773],
[[1800.0,850.0,850.0],0.0003755768],
[[1850.0,1.0,1.0],8.674687e-05],
[[1850.0,150.0,150.0],9.999707e-05],
[[1850.0,200.0,200.0],0.0001237218],
[[1850.0,250.0,250.0],0.0001111964],
[[1850.0,300.0,300.0],0.000125882],
[[1850.0,350.0,350.0],0.0001423714],
[[1850.0,400.0,400.0],0.0001695434],
[[1850.0,450.0,450.0],0.0001671552],
[[1850.0,500.0,500.0],0.0001609852],
[[1850.0,550.0,550.0],0.0001803964],
[[1850.0,600.0,600.0],0.0002094772],
[[1850.0,650.0,650.0],0.0001735268],
[[1850.0,700.0,700.0],0.0002309822],
[[1850.0,750.0,750.0],0.0002363057],
[[1850.0,800.0,800.0],0.0001997936],
[[1850.0,850.0,850.0],0.0002202286],
[[1850.0,900.0,900.0],0.0003099419],
[[1900.0,1.0,1.0],9.770743e-05],
[[1900.0,150.0,150.0],0.000123042],
[[1900.0,200.0,200.0],0.0001364573],
[[1900.0,250.0,250.0],0.0001615446],
[[1900.0,300.0,300.0],0.0001417882],
[[1900.0,350.0,350.0],0.0001542264],
[[1900.0,400.0,400.0],0.00017018],
[[1900.0,450.0,450.0],0.0002466276],
[[1900.0,500.0,500.0],0.0002639464],
[[1900.0,550.0,550.0],0.0001896901],
[[1900.0,600.0,600.0],0.0002746846],
[[1900.0,650.0,650.0],0.0001934046],
[[1900.0,700.0,700.0],0.0001931492],
[[1900.0,750.0,750.0],0.0001948428],
[[1900.0,800.0,800.0],0.000278441],
[[1900.0,850.0,850.0],0.0001945794],
[[1900.0,900.0,900.0],0.0002561317],
[[1950.0,1.0,1.0],0.0001000842],
[[1950.0,150.0,150.0],0.0001145325],
[[1950.0,200.0,200.0],0.0001431952],
[[1950.0,250.0,250.0],0.0001757204],
[[1950.0,300.0,300.0],0.000209029],
[[1950.0,350.0,350.0],0.0001581082],
[[1950.0,400.0,400.0],0.000152661],
[[1950.0,450.0,450.0],0.0001886553],
[[1950.0,500.0,500.0],0.0001923163],
[[1950.0,550.0,550.0],0.0002193445],
[[1950.0,600.0,600.0],0.0002087979],
[[1950.0,650.0,650.0],0.0001873909],
[[1950.0,700.0,700.0],0.000239052],
[[1950.0,750.0,750.0],0.0002022556],
[[1950.0,800.0,800.0],0.0002578714],
[[1950.0,850.0,850.0],0.0003548961],
[[1950.0,900.0,900.0],0.0002285352],
[[1950.0,950.0,950.0],0.0002553579],
[[2000.0,1.0,1.0],0.0001263448],
[[2000.0,10.0,10.0],9.673324e-05],
[[2000.0,50.0,50.0],8.613995e-05],
[[2000.0,100.0,100.0],0.0001089362],
[[2000.0,150.0,150.0],0.0001125729],
[[2000.0,200.0,200.0],0.0001310322],
[[2000.0,250.0,250.0],0.0001452137],
[[2000.0,300.0,300.0],0.0001854729],
[[2000.0,350.0,350.0],0.000154672],
[[2000.0,400.0,400.0],0.0001993412],
[[2000.0,450.0,450.0],0.0001608651],
[[2000.0,500.0,500.0],0.0001834871],
[[2000.0,550.0,550.0],0.0001937215],
[[2000.0,600.0,600.0],0.0002869496],
[[2000.0,650.0,650.0],0.0001944601],
[[2000.0,700.0,700.0],0.0002338989],
[[2000.0,750.0,750.0],0.0002183117],
[[2000.0,800.0,800.0],0.0001888672],
[[2000.0,850.0,850.0],0.0001995443],
[[2000.0,900.0,900.0],0.0002491175],
[[2000.0,950.0,950.0],0.0002649292],
[[2250.0,1.0,1.0],9.420175e-05],
[[2250.0,10.0,10.0],0.0001221873],
[[2250.0,50.0,50.0],9.155657e-05],
[[2250.0,100.0,100.0],0.0001451824],
[[2250.0,150.0,150.0],0.0001235258],
[[2250.0,300.0,300.0],0.0001640919],
[[2250.0,500.0,500.0],0.0002275684],
[[2250.0,750.0,750.0],0.000251134],
[[2250.0,1000.0,1000.0],0.0002860666],
[[2500.0,1.0,1.0],9.471166e-05],
[[2500.0,10.0,10.0],7.837208e-05],
[[2500.0,50.0,50.0],0.0001020788],
[[2500.0,100.0,100.0],9.478596e-05],
[[2500.0,150.0,150.0],0.0001181576],
[[2500.0,300.0,300.0],0.0001740434],
[[2500.0,500.0,500.0],0.0002677765],
[[2500.0,750.0,750.0],0.0003545316],
[[2500.0,1000.0,1000.0],0.0003137203],
[[2500.0,1200.0,1200.0],0.0003266984],
[[2750.0,1.0,1.0],7.251577e-05],
[[2750.0,10.0,10.0],6.028676e-05],
[[2750.0,50.0,50.0],7.109949e-05],
[[2750.0,100.0,100.0],7.995305e-05],
[[2750.0,150.0,150.0],0.00011949],
[[2750.0,300.0,300.0],0.0002083044],
[[2750.0,500.0,500.0],0.0002786637],
[[2750.0,750.0,750.0],0.0004245835],
[[2750.0,1000.0,1000.0],0.0003846052],
[[2750.0,1200.0,1200.0],0.0004159346],
[[3000.0,1.0,1.0],4.792265e-05],
[[3000.0,10.0,10.0],6.580804e-05],
[[3000.0,50.0,50.0],6.505363e-05],
[[3000.0,100.0,100.0],7.003564e-05],
[[3000.0,150.0,150.0],0.0001031414],
[[3000.0,300.0,300.0],0.0001794754],
[[3000.0,500.0,500.0],0.0002699734],
[[3000.0,750.0,750.0],0.000337569],
[[3000.0,1000.0,1000.0],0.0004194659],
[[3000.0,1200.0,1200.0],0.0004649876],
[[3000.0,1400.0,1400.0],0.0005328589]]
