txName: TRV1
constraint: {(PV > Zprime(1)), (Zprime(1) > MET(2),MET(3))}
condition: None
conditionDescription: None
figureUrl: https://cms-results.web.cern.ch/cms-results/public-results/publications/EXO-20-004/CMS-EXO-20-004_Figure_007-b.png
source: https://doi.org/10.5281/zenodo.13324003
validated: True
axesMap: [{0: 'x', 1: 'y', 2: 'y'}]
dataMap: {0: (1, 'mass', GeV), 1: (2, 'mass', GeV), 2: (3, 'mass', GeV)}
finalState: ['MET', 'MET']
intermediateState: None
efficiencyMap: [[[50.0,1.0,1.0],0.0],
[[100.0,1.0,1.0],1.420607e-08],
[[100.0,10.0,10.0],9.527825e-09],
[[150.0,1.0,1.0],4.312846e-08],
[[150.0,75.0,75.0],9.726337e-08],
[[200.0,1.0,1.0],2.181972e-07],
[[200.0,75.0,75.0],3.664943e-07],
[[250.0,1.0,1.0],2.919305e-07],
[[250.0,10.0,10.0],4.401591e-07],
[[250.0,75.0,75.0],3.139551e-07],
[[300.0,1.0,1.0],6.280972e-07],
[[300.0,75.0,75.0],7.703667e-07],
[[350.0,1.0,1.0],9.627567e-07],
[[350.0,75.0,75.0],6.390688e-07],
[[350.0,150.0,150.0],9.724027e-07],
[[400.0,1.0,1.0],1.764882e-06],
[[400.0,75.0,75.0],1.647488e-06],
[[400.0,150.0,150.0],1.187016e-06],
[[450.0,1.0,1.0],1.861505e-06],
[[450.0,75.0,75.0],2.484633e-06],
[[450.0,150.0,150.0],2.02418e-06],
[[450.0,200.0,200.0],2.697941e-06],
[[500.0,1.0,1.0],3.440373e-06],
[[500.0,10.0,10.0],3.580342e-06],
[[500.0,75.0,75.0],3.575493e-06],
[[500.0,150.0,150.0],2.812e-06],
[[500.0,200.0,200.0],3.355478e-06],
[[550.0,1.0,1.0],3.813985e-06],
[[550.0,75.0,75.0],4.149566e-06],
[[550.0,150.0,150.0],2.909209e-06],
[[550.0,200.0,200.0],3.662085e-06],
[[550.0,250.0,250.0],3.731011e-06],
[[600.0,1.0,1.0],5.613459e-06],
[[600.0,75.0,75.0],5.352742e-06],
[[600.0,150.0,150.0],4.662884e-06],
[[600.0,200.0,200.0],4.739507e-06],
[[600.0,250.0,250.0],4.516825e-06],
[[650.0,1.0,1.0],5.695366e-06],
[[650.0,75.0,75.0],7.130691e-06],
[[650.0,150.0,150.0],8.570007e-06],
[[650.0,200.0,200.0],6.223629e-06],
[[650.0,250.0,250.0],7.01118e-06],
[[650.0,300.0,300.0],7.474117e-06],
[[700.0,1.0,1.0],6.705702e-06],
[[700.0,75.0,75.0],1.029561e-05],
[[700.0,150.0,150.0],9.954181e-06],
[[700.0,200.0,200.0],9.297958e-06],
[[700.0,250.0,250.0],8.867433e-06],
[[700.0,300.0,300.0],8.637165e-06],
[[750.0,1.0,1.0],8.840277e-06],
[[750.0,10.0,10.0],7.975102e-06],
[[750.0,75.0,75.0],8.388849e-06],
[[750.0,150.0,150.0],1.022612e-05],
[[750.0,200.0,200.0],1.119942e-05],
[[750.0,250.0,250.0],1.203523e-05],
[[750.0,300.0,300.0],9.694669e-06],
[[750.0,350.0,350.0],1.021266e-05],
[[800.0,1.0,1.0],1.027632e-05],
[[800.0,75.0,75.0],9.274068e-06],
[[800.0,150.0,150.0],1.001794e-05],
[[800.0,200.0,200.0],1.298091e-05],
[[800.0,250.0,250.0],1.013121e-05],
[[800.0,300.0,300.0],9.695346e-06],
[[800.0,350.0,350.0],1.358723e-05],
[[850.0,1.0,1.0],1.288763e-05],
[[850.0,75.0,75.0],1.225345e-05],
[[850.0,150.0,150.0],1.351485e-05],
[[850.0,200.0,200.0],1.330005e-05],
[[850.0,250.0,250.0],1.606285e-05],
[[850.0,300.0,300.0],1.287076e-05],
[[850.0,350.0,350.0],1.346746e-05],
[[850.0,400.0,400.0],1.90884e-05],
[[900.0,1.0,1.0],1.647965e-05],
[[900.0,75.0,75.0],1.355537e-05],
[[900.0,150.0,150.0],1.623007e-05],
[[900.0,200.0,200.0],1.619994e-05],
[[900.0,250.0,250.0],1.703443e-05],
[[900.0,300.0,300.0],1.739191e-05],
[[900.0,350.0,350.0],1.906554e-05],
[[900.0,400.0,400.0],1.491791e-05],
[[950.0,1.0,1.0],1.799736e-05],
[[950.0,75.0,75.0],1.626078e-05],
[[950.0,150.0,150.0],1.577441e-05],
[[950.0,200.0,200.0],1.885074e-05],
[[950.0,250.0,250.0],1.652907e-05],
[[950.0,300.0,300.0],1.556549e-05],
[[950.0,350.0,350.0],1.748828e-05],
[[950.0,400.0,400.0],1.609861e-05],
[[950.0,450.0,450.0],2.076729e-05],
[[1000.0,1.0,1.0],1.888207e-05],
[[1000.0,10.0,10.0],1.646759e-05],
[[1000.0,75.0,75.0],1.995606e-05],
[[1000.0,150.0,150.0],1.718008e-05],
[[1000.0,200.0,200.0],1.811336e-05],
[[1000.0,250.0,250.0],2.198324e-05],
[[1000.0,300.0,300.0],1.982689e-05],
[[1000.0,350.0,350.0],2.149071e-05],
[[1000.0,400.0,400.0],2.013496e-05],
[[1000.0,450.0,450.0],1.988928e-05],
[[1050.0,1.0,1.0],2.398234e-05],
[[1050.0,75.0,75.0],2.031644e-05],
[[1050.0,150.0,150.0],2.397402e-05],
[[1050.0,200.0,200.0],2.13272e-05],
[[1050.0,250.0,250.0],1.914097e-05],
[[1050.0,300.0,300.0],2.156319e-05],
[[1050.0,350.0,350.0],2.398647e-05],
[[1050.0,400.0,400.0],2.108366e-05],
[[1050.0,450.0,450.0],2.340942e-05],
[[1050.0,500.0,500.0],1.791431e-05],
[[1100.0,1.0,1.0],2.408396e-05],
[[1100.0,75.0,75.0],2.161032e-05],
[[1100.0,150.0,150.0],1.999548e-05],
[[1100.0,200.0,200.0],2.210616e-05],
[[1100.0,250.0,250.0],2.25125e-05],
[[1100.0,300.0,300.0],2.61842e-05],
[[1100.0,350.0,350.0],2.564705e-05],
[[1100.0,400.0,400.0],2.746282e-05],
[[1100.0,450.0,450.0],2.393627e-05],
[[1100.0,500.0,500.0],2.549318e-05],
[[1150.0,1.0,1.0],2.58675e-05],
[[1150.0,75.0,75.0],3.765949e-05],
[[1150.0,150.0,150.0],2.399433e-05],
[[1150.0,200.0,200.0],2.479176e-05],
[[1150.0,250.0,250.0],2.16978e-05],
[[1150.0,300.0,300.0],2.452599e-05],
[[1150.0,350.0,350.0],2.817387e-05],
[[1150.0,400.0,400.0],2.620655e-05],
[[1150.0,450.0,450.0],2.480926e-05],
[[1150.0,500.0,500.0],2.296538e-05],
[[1150.0,550.0,550.0],2.533575e-05],
[[1200.0,1.0,1.0],2.537267e-05],
[[1200.0,75.0,75.0],2.948336e-05],
[[1200.0,150.0,150.0],3.409958e-05],
[[1200.0,200.0,200.0],2.689444e-05],
[[1200.0,250.0,250.0],3.334763e-05],
[[1200.0,300.0,300.0],2.931112e-05],
[[1200.0,350.0,350.0],2.757754e-05],
[[1200.0,400.0,400.0],2.893511e-05],
[[1200.0,450.0,450.0],2.580373e-05],
[[1200.0,500.0,500.0],3.201347e-05],
[[1200.0,550.0,550.0],3.13028e-05],
[[1250.0,1.0,1.0],2.720154e-05],
[[1250.0,10.0,10.0],2.746108e-05],
[[1250.0,75.0,75.0],2.571899e-05],
[[1250.0,150.0,150.0],2.833001e-05],
[[1250.0,200.0,200.0],2.894092e-05],
[[1250.0,250.0,250.0],3.492924e-05],
[[1250.0,300.0,300.0],3.247845e-05],
[[1250.0,350.0,350.0],3.53137e-05],
[[1250.0,400.0,400.0],3.141451e-05],
[[1250.0,450.0,450.0],3.073858e-05],
[[1250.0,500.0,500.0],3.166027e-05],
[[1250.0,550.0,550.0],3.010102e-05],
[[1250.0,600.0,600.0],3.133369e-05],
[[1300.0,1.0,1.0],3.973744e-05],
[[1300.0,75.0,75.0],2.898154e-05],
[[1300.0,150.0,150.0],2.647805e-05],
[[1300.0,200.0,200.0],3.078019e-05],
[[1300.0,250.0,250.0],3.288423e-05],
[[1300.0,300.0,300.0],3.781379e-05],
[[1300.0,350.0,350.0],3.226546e-05],
[[1300.0,400.0,400.0],3.242575e-05],
[[1300.0,450.0,450.0],3.169927e-05],
[[1300.0,500.0,500.0],3.57514e-05],
[[1300.0,550.0,550.0],2.989321e-05],
[[1300.0,600.0,600.0],3.112134e-05],
[[1350.0,1.0,1.0],3.422726e-05],
[[1350.0,75.0,75.0],3.466431e-05],
[[1350.0,150.0,150.0],3.730658e-05],
[[1350.0,200.0,200.0],3.298767e-05],
[[1350.0,250.0,250.0],3.459644e-05],
[[1350.0,300.0,300.0],3.375428e-05],
[[1350.0,350.0,350.0],3.653082e-05],
[[1350.0,400.0,400.0],3.647302e-05],
[[1350.0,450.0,450.0],4.548815e-05],
[[1350.0,500.0,500.0],4.037061e-05],
[[1350.0,550.0,550.0],3.841527e-05],
[[1350.0,600.0,600.0],3.405527e-05],
[[1350.0,650.0,650.0],3.5919e-05],
[[1400.0,1.0,1.0],3.759746e-05],
[[1400.0,75.0,75.0],3.584486e-05],
[[1400.0,150.0,150.0],4.022535e-05],
[[1400.0,200.0,200.0],3.240204e-05],
[[1400.0,250.0,250.0],4.276765e-05],
[[1400.0,300.0,300.0],4.702094e-05],
[[1400.0,350.0,350.0],3.581454e-05],
[[1400.0,400.0,400.0],4.571902e-05],
[[1400.0,450.0,450.0],3.349701e-05],
[[1400.0,500.0,500.0],4.055633e-05],
[[1400.0,550.0,550.0],4.78012e-05],
[[1400.0,600.0,600.0],3.756345e-05],
[[1400.0,650.0,650.0],3.930658e-05],
[[1450.0,1.0,1.0],3.986815e-05],
[[1450.0,75.0,75.0],4.432581e-05],
[[1450.0,150.0,150.0],4.144853e-05],
[[1450.0,200.0,200.0],4.343708e-05],
[[1450.0,250.0,250.0],3.778051e-05],
[[1450.0,300.0,300.0],4.379891e-05],
[[1450.0,350.0,350.0],4.188514e-05],
[[1450.0,400.0,400.0],3.428994e-05],
[[1450.0,450.0,450.0],3.809327e-05],
[[1450.0,500.0,500.0],4.298654e-05],
[[1450.0,550.0,550.0],3.652849e-05],
[[1450.0,600.0,600.0],4.124855e-05],
[[1450.0,650.0,650.0],3.520005e-05],
[[1450.0,700.0,700.0],4.467197e-05],
[[1500.0,1.0,1.0],4.038118e-05],
[[1500.0,10.0,10.0],4.116887e-05],
[[1500.0,75.0,75.0],4.856649e-05],
[[1500.0,150.0,150.0],4.361007e-05],
[[1500.0,200.0,200.0],3.750506e-05],
[[1500.0,250.0,250.0],4.814969e-05],
[[1500.0,300.0,300.0],4.601041e-05],
[[1500.0,350.0,350.0],4.365281e-05],
[[1500.0,400.0,400.0],4.299575e-05],
[[1500.0,450.0,450.0],3.92122e-05],
[[1500.0,500.0,500.0],4.14325e-05],
[[1500.0,550.0,550.0],4.932604e-05],
[[1500.0,600.0,600.0],4.415998e-05],
[[1500.0,650.0,650.0],4.641293e-05],
[[1500.0,700.0,700.0],4.020954e-05],
[[1500.0,750.0,750.0],5.296869e-05],
[[1550.0,1.0,1.0],4.065858e-05],
[[1550.0,75.0,75.0],4.565083e-05],
[[1550.0,150.0,150.0],5.548335e-05],
[[1550.0,200.0,200.0],4.607209e-05],
[[1550.0,250.0,250.0],4.851595e-05],
[[1550.0,300.0,300.0],5.063463e-05],
[[1550.0,350.0,350.0],5.695324e-05],
[[1550.0,400.0,400.0],4.540295e-05],
[[1550.0,450.0,450.0],5.042335e-05],
[[1550.0,500.0,500.0],4.516629e-05],
[[1550.0,550.0,550.0],3.905834e-05],
[[1550.0,600.0,600.0],4.404708e-05],
[[1550.0,650.0,650.0],4.369116e-05],
[[1550.0,700.0,700.0],4.794632e-05],
[[1550.0,750.0,750.0],5.457653e-05],
[[1600.0,1.0,1.0],4.025401e-05],
[[1600.0,75.0,75.0],4.58982e-05],
[[1600.0,150.0,150.0],3.985136e-05],
[[1600.0,200.0,200.0],4.250885e-05],
[[1600.0,250.0,250.0],4.508108e-05],
[[1600.0,300.0,300.0],4.109718e-05],
[[1600.0,350.0,350.0],4.261756e-05],
[[1600.0,400.0,400.0],4.118432e-05],
[[1600.0,450.0,450.0],5.144768e-05],
[[1600.0,500.0,500.0],5.292818e-05],
[[1600.0,550.0,550.0],5.004764e-05],
[[1600.0,600.0,600.0],4.962668e-05],
[[1600.0,650.0,650.0],5.973908e-05],
[[1600.0,700.0,700.0],7.275338e-05],
[[1600.0,750.0,750.0],4.804414e-05],
[[1650.0,1.0,1.0],4.79646e-05],
[[1650.0,75.0,75.0],5.367908e-05],
[[1650.0,150.0,150.0],4.866073e-05],
[[1650.0,200.0,200.0],4.862299e-05],
[[1650.0,250.0,250.0],6.8594e-05],
[[1650.0,300.0,300.0],5.105978e-05],
[[1650.0,350.0,350.0],3.964587e-05],
[[1650.0,400.0,400.0],4.903249e-05],
[[1650.0,450.0,450.0],5.22881e-05],
[[1650.0,500.0,500.0],6.612577e-05],
[[1650.0,550.0,550.0],4.843412e-05],
[[1650.0,600.0,600.0],5.464293e-05],
[[1650.0,650.0,650.0],4.341734e-05],
[[1650.0,700.0,700.0],5.312322e-05],
[[1650.0,750.0,750.0],5.966304e-05],
[[1650.0,800.0,800.0],5.586872e-05],
[[1700.0,1.0,1.0],5.003872e-05],
[[1700.0,75.0,75.0],4.938597e-05],
[[1700.0,150.0,150.0],5.726605e-05],
[[1700.0,200.0,200.0],5.435469e-05],
[[1700.0,250.0,250.0],4.473182e-05],
[[1700.0,300.0,300.0],4.846386e-05],
[[1700.0,350.0,350.0],4.61273e-05],
[[1700.0,400.0,400.0],5.258447e-05],
[[1700.0,450.0,450.0],5.337339e-05],
[[1700.0,500.0,500.0],6.088635e-05],
[[1700.0,550.0,550.0],5.646671e-05],
[[1700.0,600.0,600.0],6.521806e-05],
[[1700.0,650.0,650.0],5.67728e-05],
[[1700.0,700.0,700.0],5.616927e-05],
[[1700.0,750.0,750.0],6.560599e-05],
[[1700.0,800.0,800.0],8.199173e-05],
[[1750.0,1.0,1.0],5.167418e-05],
[[1750.0,10.0,10.0],4.884885e-05],
[[1750.0,75.0,75.0],5.70939e-05],
[[1750.0,150.0,150.0],5.720344e-05],
[[1750.0,200.0,200.0],5.934191e-05],
[[1750.0,250.0,250.0],4.988553e-05],
[[1750.0,300.0,300.0],5.23371e-05],
[[1750.0,350.0,350.0],5.360297e-05],
[[1750.0,400.0,400.0],5.642334e-05],
[[1750.0,450.0,450.0],5.780741e-05],
[[1750.0,500.0,500.0],5.479851e-05],
[[1750.0,550.0,550.0],6.060965e-05],
[[1750.0,600.0,600.0],5.385755e-05],
[[1750.0,650.0,650.0],5.453016e-05],
[[1750.0,700.0,700.0],5.572459e-05],
[[1750.0,750.0,750.0],5.29897e-05],
[[1750.0,800.0,800.0],6.273581e-05],
[[1750.0,850.0,850.0],6.91473e-05],
[[1800.0,1.0,1.0],5.3904e-05],
[[1800.0,75.0,75.0],5.806243e-05],
[[1800.0,150.0,150.0],5.305597e-05],
[[1800.0,200.0,200.0],6.140014e-05],
[[1800.0,250.0,250.0],7.056922e-05],
[[1800.0,300.0,300.0],5.862813e-05],
[[1800.0,350.0,350.0],5.652677e-05],
[[1800.0,400.0,400.0],4.847289e-05],
[[1800.0,450.0,450.0],7.583937e-05],
[[1800.0,500.0,500.0],6.595401e-05],
[[1800.0,550.0,550.0],5.284037e-05],
[[1800.0,600.0,600.0],5.381898e-05],
[[1800.0,650.0,650.0],7.089067e-05],
[[1800.0,700.0,700.0],5.20067e-05],
[[1800.0,750.0,750.0],5.461163e-05],
[[1800.0,800.0,800.0],5.327155e-05],
[[1800.0,850.0,850.0],5.905461e-05],
[[1850.0,1.0,1.0],5.768093e-05],
[[1850.0,75.0,75.0],5.577777e-05],
[[1850.0,150.0,150.0],7.476245e-05],
[[1850.0,200.0,200.0],5.875743e-05],
[[1850.0,250.0,250.0],6.971745e-05],
[[1850.0,300.0,300.0],7.108504e-05],
[[1850.0,350.0,350.0],6.894314e-05],
[[1850.0,400.0,400.0],5.029919e-05],
[[1850.0,450.0,450.0],5.316284e-05],
[[1850.0,500.0,500.0],7.940971e-05],
[[1850.0,550.0,550.0],5.875107e-05],
[[1850.0,600.0,600.0],5.626991e-05],
[[1850.0,650.0,650.0],6.821883e-05],
[[1850.0,700.0,700.0],6.132345e-05],
[[1850.0,750.0,750.0],5.042936e-05],
[[1850.0,800.0,800.0],5.097398e-05],
[[1850.0,850.0,850.0],5.620984e-05],
[[1850.0,900.0,900.0],6.455161e-05],
[[1900.0,1.0,1.0],5.956362e-05],
[[1900.0,75.0,75.0],4.914007e-05],
[[1900.0,150.0,150.0],6.190193e-05],
[[1900.0,200.0,200.0],4.814222e-05],
[[1900.0,250.0,250.0],7.230286e-05],
[[1900.0,300.0,300.0],5.401038e-05],
[[1900.0,350.0,350.0],5.753061e-05],
[[1900.0,400.0,400.0],6.029056e-05],
[[1900.0,450.0,450.0],5.459831e-05],
[[1900.0,500.0,500.0],5.736121e-05],
[[1900.0,550.0,550.0],6.64492e-05],
[[1900.0,600.0,600.0],6.090053e-05],
[[1900.0,650.0,650.0],6.081238e-05],
[[1900.0,700.0,700.0],5.746132e-05],
[[1900.0,750.0,750.0],5.302111e-05],
[[1900.0,800.0,800.0],7.735405e-05],
[[1900.0,850.0,850.0],7.655567e-05],
[[1900.0,900.0,900.0],6.075348e-05],
[[1950.0,1.0,1.0],4.951545e-05],
[[1950.0,75.0,75.0],6.36003e-05],
[[1950.0,150.0,150.0],5.183788e-05],
[[1950.0,200.0,200.0],5.743004e-05],
[[1950.0,250.0,250.0],6.088732e-05],
[[1950.0,300.0,300.0],5.494815e-05],
[[1950.0,350.0,350.0],6.276458e-05],
[[1950.0,400.0,400.0],5.751775e-05],
[[1950.0,450.0,450.0],5.227189e-05],
[[1950.0,500.0,500.0],5.492052e-05],
[[1950.0,550.0,550.0],6.764589e-05],
[[1950.0,600.0,600.0],6.174688e-05],
[[1950.0,650.0,650.0],6.213531e-05],
[[1950.0,700.0,700.0],6.551601e-05],
[[1950.0,750.0,750.0],5.946711e-05],
[[1950.0,800.0,800.0],6.215377e-05],
[[1950.0,850.0,850.0],6.853828e-05],
[[1950.0,900.0,900.0],6.163878e-05],
[[1950.0,950.0,950.0],6.809408e-05],
[[2000.0,1.0,1.0],7.519241e-05],
[[2000.0,75.0,75.0],7.595718e-05],
[[2000.0,150.0,150.0],6.198726e-05],
[[2000.0,200.0,200.0],6.898012e-05],
[[2000.0,250.0,250.0],5.534671e-05],
[[2000.0,300.0,300.0],5.984826e-05],
[[2000.0,350.0,350.0],6.677886e-05],
[[2000.0,400.0,400.0],8.166019e-05],
[[2000.0,450.0,450.0],5.711291e-05],
[[2000.0,500.0,500.0],6.300301e-05],
[[2000.0,550.0,550.0],5.615605e-05],
[[2000.0,600.0,600.0],5.187786e-05],
[[2000.0,650.0,650.0],7.375284e-05],
[[2000.0,700.0,700.0],0.0001010792],
[[2000.0,750.0,750.0],7.364061e-05],
[[2000.0,800.0,800.0],6.61292e-05],
[[2000.0,850.0,850.0],7.773262e-05],
[[2000.0,900.0,900.0],7.801072e-05],
[[2000.0,950.0,950.0],7.704329e-05],
[[2250.0,1.0,1.0],8.950098e-05],
[[2250.0,75.0,75.0],7.621431e-05],
[[2250.0,150.0,150.0],8.561484e-05],
[[2250.0,300.0,300.0],6.258314e-05],
[[2250.0,500.0,500.0],6.990683e-05],
[[2250.0,750.0,750.0],6.64368e-05],
[[2250.0,1000.0,1000.0],7.424502e-05],
[[2500.0,1.0,1.0],8.141784e-05],
[[2500.0,75.0,75.0],9.106204e-05],
[[2500.0,150.0,150.0],7.867325e-05],
[[2500.0,300.0,300.0],6.989777e-05],
[[2500.0,500.0,500.0],7.402885e-05],
[[2500.0,750.0,750.0],8.784201e-05],
[[2500.0,1000.0,1000.0],7.699877e-05],
[[2500.0,1200.0,1200.0],9.040985e-05],
[[2750.0,1.0,1.0],7.8384e-05],
[[2750.0,75.0,75.0],8.520268e-05],
[[2750.0,150.0,150.0],9.657993e-05],
[[2750.0,300.0,300.0],6.183214e-05],
[[2750.0,500.0,500.0],8.858182e-05],
[[2750.0,750.0,750.0],8.096572e-05],
[[2750.0,1000.0,1000.0],8.696263e-05],
[[2750.0,1200.0,1200.0],8.535313e-05],
[[3000.0,1.0,1.0],8.045631e-05],
[[3000.0,75.0,75.0],0.0001079044],
[[3000.0,150.0,150.0],8.96638e-05],
[[3000.0,300.0,300.0],7.018969e-05],
[[3000.0,500.0,500.0],8.887957e-05],
[[3000.0,750.0,750.0],7.304283e-05],
[[3000.0,1000.0,1000.0],9.47108e-05],
[[3000.0,1200.0,1200.0],9.226834e-05],
[[3000.0,1400.0,1400.0],7.041031e-05]]
