txName: TRV1
constraint: {(PV > Zprime(1)), (Zprime(1) > MET(2),MET(3))}
condition: None
conditionDescription: None
figureUrl: None
source: Recast by CM2
validated: True
axesMap: [{0: 'x', 1: 'y', 2: 'y'}]
dataMap: {0: (1, 'mass', GeV), 1: (2, 'mass', GeV), 2: (3, 'mass', GeV)}
finalState: ['MET', 'MET']
intermediateState: None
efficiencyMap: [[[50.0,0,0],0.0],
[[50.0,1.0,1.0],0.0],
[[50.0,10.0,10.0],0.0],
[[50.0,20.0,20.0],0.0],
[[100.0,0,0],0.0],
[[100.0,1.0,1.0],0.0],
[[100.0,10.0,10.0],0.0],
[[150.0,0,0],0],
[[150.0,1.0,1.0],0.0],
[[150.0,10.0,10.0],0],
[[150.0,50.0,50.0],0],
[[150.0,70.0,70.0],0],
[[200.0,0,0],0.0],
[[200.0,1.0,1.0],0],
[[200.0,10.0,10.0],0],
[[200.0,50.0,50.0],0.0],
[[200.0,75.0,75.0],0],
[[250.0,0,0],0.0],
[[250.0,1.0,1.0],0],
[[250.0,10.0,10.0],0],
[[250.0,50.0,50.0],0],
[[250.0,75.0,75.0],0],
[[250.0,100.0,100.0],0],
[[250.0,120.0,120.0],0],
[[300.0,0,0],0],
[[300.0,1.0,1.0],0],
[[300.0,10.0,10.0],0],
[[300.0,50.0,50.0],0],
[[300.0,75.0,75.0],0],
[[300.0,100.0,100.0],0],
[[350.0,0,0],0],
[[350.0,1.0,1.0],0],
[[350.0,10.0,10.0],0],
[[350.0,50.0,50.0],0],
[[350.0,75.0,75.0],0],
[[350.0,100.0,100.0],0],
[[350.0,150.0,150.0],0],
[[350.0,170.0,170.0],0],
[[400.0,0,0],0],
[[400.0,1.0,1.0],0],
[[400.0,10.0,10.0],0],
[[400.0,50.0,50.0],0],
[[400.0,75.0,75.0],0],
[[400.0,100.0,100.0],0],
[[400.0,150.0,150.0],0],
[[450.0,0,0],0],
[[450.0,1.0,1.0],0],
[[450.0,10.0,10.0],0],
[[450.0,50.0,50.0],0],
[[450.0,75.0,75.0],0],
[[450.0,100.0,100.0],0],
[[450.0,150.0,150.0],0],
[[450.0,200.0,200.0],0],
[[450.0,220.0,220.0],0],
[[500.0,0,0],0],
[[500.0,1.0,1.0],0],
[[500.0,10.0,10.0],0],
[[500.0,50.0,50.0],0],
[[500.0,75.0,75.0],0],
[[500.0,100.0,100.0],0],
[[500.0,150.0,150.0],0],
[[500.0,200.0,200.0],0],
[[550.0,1.0,1.0],0],
[[550.0,10.0,10.0],0],
[[550.0,75.0,75.0],1.657385e-06],
[[550.0,150.0,150.0],0],
[[550.0,200.0,200.0],1.642986e-06],
[[550.0,250.0,250.0],0],
[[550.0,270.0,270.0],0],
[[600.0,0,0],1.970778e-06],
[[600.0,1.0,1.0],1.866822e-06],
[[600.0,10.0,10.0],2.697269e-06],
[[600.0,50.0,50.0],0],
[[600.0,75.0,75.0],0],
[[600.0,100.0,100.0],0],
[[600.0,150.0,150.0],0],
[[600.0,200.0,200.0],1.746242e-06],
[[600.0,250.0,250.0],1.758216e-06],
[[600.0,295.0,295.0],0],
[[650.0,1.0,1.0],2.422402e-06],
[[650.0,10.0,10.0],1.795397e-06],
[[650.0,75.0,75.0],2.563942e-06],
[[650.0,150.0,150.0],3.138842e-06],
[[650.0,200.0,200.0],1.739383e-06],
[[650.0,250.0,250.0],1.79136e-06],
[[650.0,300.0,300.0],2.319592e-06],
[[650.0,320.0,320.0],3.816284e-06],
[[700.0,0,0],1.647458e-06],
[[700.0,1.0,1.0],2.521612e-06],
[[700.0,10.0,10.0],3.338944e-06],
[[700.0,50.0,50.0],2.554671e-06],
[[700.0,75.0,75.0],2.25576e-06],
[[700.0,100.0,100.0],0],
[[700.0,150.0,150.0],2.068998e-06],
[[700.0,200.0,200.0],2.183551e-06],
[[700.0,250.0,250.0],1.989137e-06],
[[700.0,300.0,300.0],2.378112e-06],
[[750.0,1.0,1.0],2.28947e-06],
[[750.0,10.0,10.0],3.263053e-06],
[[750.0,75.0,75.0],3.482933e-06],
[[750.0,150.0,150.0],3.206706e-06],
[[750.0,200.0,200.0],3.115908e-06],
[[750.0,250.0,250.0],2.964817e-06],
[[750.0,300.0,300.0],2.407941e-06],
[[750.0,350.0,350.0],3.628692e-06],
[[750.0,370.0,370.0],3.358797e-06],
[[800.0,0,0],3.050737e-06],
[[800.0,1.0,1.0],2.405232e-06],
[[800.0,10.0,10.0],2.929243e-06],
[[800.0,50.0,50.0],5.450496e-06],
[[800.0,75.0,75.0],3.518304e-06],
[[800.0,100.0,100.0],2.880521e-06],
[[800.0,150.0,150.0],4.191514e-06],
[[800.0,200.0,200.0],3.293094e-06],
[[800.0,250.0,250.0],4.598957e-06],
[[800.0,300.0,300.0],2.870423e-06],
[[800.0,350.0,350.0],2.680596e-06],
[[850.0,1.0,1.0],3.248226e-06],
[[850.0,10.0,10.0],3.27102e-06],
[[850.0,75.0,75.0],2.708893e-06],
[[850.0,150.0,150.0],3.743283e-06],
[[850.0,200.0,200.0],4.816524e-06],
[[850.0,250.0,250.0],5.01523e-06],
[[850.0,300.0,300.0],3.859028e-06],
[[850.0,350.0,350.0],3.337815e-06],
[[850.0,400.0,400.0],6.003933e-06],
[[850.0,420.0,420.0],4.404547e-06],
[[900.0,0,0],4.798568e-06],
[[900.0,1.0,1.0],4.788486e-06],
[[900.0,10.0,10.0],2.519805e-06],
[[900.0,50.0,50.0],4.34446e-06],
[[900.0,75.0,75.0],5.278485e-06],
[[900.0,100.0,100.0],4.849754e-06],
[[900.0,150.0,150.0],6.531781e-06],
[[900.0,200.0,200.0],3.582096e-06],
[[900.0,250.0,250.0],3.603896e-06],
[[900.0,300.0,300.0],3.690805e-06],
[[900.0,350.0,350.0],5.154429e-06],
[[900.0,400.0,400.0],4.950551e-06],
[[950.0,1.0,1.0],4.448708e-06],
[[950.0,10.0,10.0],5.515165e-06],
[[950.0,75.0,75.0],3.16313e-06],
[[950.0,150.0,150.0],5.159638e-06],
[[950.0,200.0,200.0],6.341546e-06],
[[950.0,250.0,250.0],4.3455e-06],
[[950.0,300.0,300.0],4.061865e-06],
[[950.0,350.0,350.0],5.793756e-06],
[[950.0,400.0,400.0],3.919269e-06],
[[950.0,450.0,450.0],9.066802e-06],
[[950.0,470.0,470.0],6.101472e-06],
[[1000.0,0,0],6.396424e-06],
[[1000.0,50.0,50.0],5.192293e-06],
[[1000.0,100.0,100.0],4.180357e-06],
[[1000.0,150.0,150.0],4.731319e-06],
[[1000.0,200.0,200.0],4.227607e-06],
[[1000.0,250.0,250.0],6.672578e-06],
[[1000.0,300.0,300.0],3.79422e-06],
[[1000.0,350.0,350.0],4.989232e-06],
[[1000.0,400.0,400.0],4.56555e-06],
[[1000.0,450.0,450.0],4.162088e-06],
[[1050.0,520.0,520.0],6.867968e-06],
[[1100.0,0,0],3.587373e-06],
[[1100.0,100.0,100.0],6.995338e-06],
[[1100.0,200.0,200.0],5.777976e-06],
[[1100.0,300.0,300.0],7.755676e-06],
[[1100.0,400.0,400.0],4.396547e-06],
[[1100.0,500.0,500.0],7.000133e-06],
[[1150.0,570.0,570.0],8.334631e-06],
[[1200.0,0,0],8.066628e-06],
[[1200.0,100.0,100.0],9.770517e-06],
[[1200.0,200.0,200.0],6.670103e-06],
[[1200.0,300.0,300.0],9.493178e-06],
[[1200.0,400.0,400.0],8.196776e-06],
[[1200.0,500.0,500.0],8.031719e-06],
[[1250.0,620.0,620.0],8.679783e-06],
[[1300.0,0,0],1.14836e-05],
[[1300.0,100.0,100.0],8.505876e-06],
[[1300.0,200.0,200.0],9.440497e-06],
[[1300.0,300.0,300.0],5.762206e-06],
[[1300.0,400.0,400.0],5.084619e-06],
[[1300.0,500.0,500.0],1.113421e-05],
[[1300.0,600.0,600.0],8.991637e-06],
[[1350.0,670.0,670.0],7.472606e-06],
[[1400.0,0,0],1.101216e-05],
[[1400.0,100.0,100.0],7.542115e-06],
[[1400.0,200.0,200.0],1.025757e-05],
[[1400.0,300.0,300.0],4.796751e-06],
[[1400.0,400.0,400.0],7.130101e-06],
[[1400.0,500.0,500.0],6.299615e-06],
[[1400.0,600.0,600.0],1.317788e-05],
[[1450.0,720.0,720.0],1.272389e-05],
[[1500.0,0,0],9.519967e-06],
[[1500.0,100.0,100.0],1.011816e-05],
[[1500.0,200.0,200.0],1.290531e-05],
[[1500.0,300.0,300.0],9.227913e-06],
[[1500.0,400.0,400.0],8.051599e-06],
[[1500.0,500.0,500.0],2.025127e-05],
[[1500.0,600.0,600.0],8.05026e-06],
[[1500.0,700.0,700.0],8.000018e-06],
[[1550.0,770.0,770.0],1.060558e-05],
[[1600.0,0,0],1.084842e-05],
[[1600.0,100.0,100.0],9.618156e-06],
[[1600.0,200.0,200.0],9.843826e-06],
[[1600.0,300.0,300.0],1.030587e-05],
[[1600.0,400.0,400.0],2.84633e-05],
[[1600.0,500.0,500.0],7.756028e-06],
[[1600.0,600.0,600.0],1.065887e-05],
[[1600.0,700.0,700.0],1.160342e-05],
[[1650.0,820.0,820.0],9.349513e-06],
[[1700.0,0,0],1.04589e-05],
[[1700.0,100.0,100.0],7.528441e-06],
[[1700.0,200.0,200.0],1.112758e-05],
[[1700.0,300.0,300.0],8.132642e-06],
[[1700.0,400.0,400.0],8.236475e-06],
[[1700.0,500.0,500.0],7.325647e-06],
[[1700.0,600.0,600.0],1.348219e-05],
[[1700.0,700.0,700.0],1.761784e-05],
[[1700.0,800.0,800.0],8.280835e-06],
[[1750.0,870.0,870.0],1.375555e-05],
[[1800.0,0,0],1.437753e-05],
[[1800.0,100.0,100.0],7.162252e-06],
[[1800.0,200.0,200.0],1.407442e-05],
[[1800.0,300.0,300.0],1.53076e-05],
[[1800.0,400.0,400.0],1.520948e-05],
[[1800.0,500.0,500.0],1.118765e-05],
[[1800.0,600.0,600.0],1.133739e-05],
[[1800.0,700.0,700.0],1.626207e-05],
[[1800.0,800.0,800.0],1.261931e-05],
[[1850.0,920.0,920.0],1.048038e-05],
[[1900.0,0,0],1.123811e-05],
[[1900.0,100.0,100.0],1.131992e-05],
[[1900.0,200.0,200.0],1.414356e-05],
[[1900.0,300.0,300.0],1.432456e-05],
[[1900.0,400.0,400.0],1.139353e-05],
[[1900.0,500.0,500.0],1.553573e-05],
[[1900.0,600.0,600.0],1.409302e-05],
[[1900.0,700.0,700.0],1.441695e-05],
[[1900.0,800.0,800.0],6.84508e-06],
[[1900.0,900.0,900.0],9.486858e-06],
[[1950.0,970.0,970.0],1.790708e-05],
[[2000.0,0,0],1.153538e-05],
[[2000.0,100.0,100.0],1.149371e-05],
[[2000.0,200.0,200.0],1.090452e-05],
[[2000.0,300.0,300.0],1.015797e-05],
[[2000.0,400.0,400.0],1.003539e-05],
[[2000.0,500.0,500.0],1.349913e-05],
[[2000.0,600.0,600.0],1.449975e-05],
[[2000.0,700.0,700.0],1.366709e-05],
[[2000.0,800.0,800.0],1.245869e-05],
[[2000.0,900.0,900.0],1.075662e-05],
[[2050.0,1020.0,1020.0],1.378954e-05],
[[2100.0,0,0],8.376334e-06],
[[2100.0,100.0,100.0],1.500637e-05],
[[2100.0,200.0,200.0],1.486155e-05],
[[2100.0,300.0,300.0],1.175246e-05],
[[2100.0,400.0,400.0],1.348927e-05],
[[2100.0,500.0,500.0],1.180331e-05],
[[2100.0,600.0,600.0],8.667717e-06],
[[2100.0,700.0,700.0],1.90285e-05],
[[2100.0,800.0,800.0],1.104535e-05],
[[2100.0,900.0,900.0],1.5353e-05],
[[2100.0,1000.0,1000.0],1.334921e-05],
[[2150.0,1070.0,1070.0],1.215389e-05],
[[2200.0,0,0],1.28346e-05],
[[2200.0,100.0,100.0],1.035715e-05],
[[2200.0,200.0,200.0],9.679723e-06],
[[2200.0,300.0,300.0],1.011608e-05],
[[2200.0,400.0,400.0],1.621659e-05],
[[2200.0,500.0,500.0],1.169629e-05],
[[2200.0,600.0,600.0],1.351763e-05],
[[2200.0,700.0,700.0],8.780968e-06],
[[2200.0,800.0,800.0],8.25987e-06],
[[2200.0,900.0,900.0],1.52927e-05],
[[2200.0,1000.0,1000.0],1.49912e-05],
[[2250.0,1120.0,1120.0],1.200016e-05],
[[2300.0,0,0],1.141445e-05],
[[2300.0,100.0,100.0],1.079685e-05],
[[2300.0,200.0,200.0],9.777798e-06],
[[2300.0,300.0,300.0],1.333821e-05],
[[2300.0,400.0,400.0],1.550162e-05],
[[2300.0,500.0,500.0],1.598767e-05],
[[2300.0,600.0,600.0],1.17998e-05],
[[2300.0,700.0,700.0],1.348209e-05],
[[2300.0,800.0,800.0],1.240265e-05],
[[2300.0,900.0,900.0],1.396649e-05],
[[2300.0,1000.0,1000.0],1.209673e-05],
[[2300.0,1100.0,1100.0],1.506533e-05],
[[2350.0,1170.0,1170.0],1.497064e-05],
[[2400.0,0,0],9.19251e-06],
[[2400.0,100.0,100.0],9.547898e-06],
[[2400.0,200.0,200.0],1.786205e-05],
[[2400.0,300.0,300.0],1.258207e-05],
[[2400.0,400.0,400.0],1.160463e-05],
[[2400.0,500.0,500.0],1.254068e-05],
[[2400.0,600.0,600.0],1.478142e-05],
[[2400.0,700.0,700.0],1.591415e-05],
[[2400.0,800.0,800.0],1.368212e-05],
[[2400.0,900.0,900.0],9.663045e-06],
[[2400.0,1000.0,1000.0],1.223001e-05],
[[2400.0,1100.0,1100.0],1.239762e-05],
[[2450.0,1220.0,1220.0],1.624228e-05],
[[2500.0,0,0],1.064463e-05],
[[2500.0,100.0,100.0],1.232941e-05],
[[2500.0,200.0,200.0],1.888452e-05],
[[2500.0,300.0,300.0],9.086369e-06],
[[2500.0,400.0,400.0],1.281199e-05],
[[2500.0,500.0,500.0],1.26529e-05],
[[2500.0,600.0,600.0],1.417607e-05],
[[2500.0,700.0,700.0],1.270853e-05],
[[2500.0,800.0,800.0],1.547178e-05],
[[2500.0,900.0,900.0],1.875875e-05],
[[2500.0,1000.0,1000.0],1.193001e-05],
[[2500.0,1100.0,1100.0],1.358193e-05],
[[2500.0,1200.0,1200.0],1.55476e-05],
[[2550.0,1270.0,1270.0],1.677322e-05],
[[2600.0,0,0],1.606301e-05],
[[2600.0,100.0,100.0],1.666843e-05],
[[2600.0,200.0,200.0],1.352786e-05],
[[2600.0,300.0,300.0],1.352696e-05],
[[2600.0,400.0,400.0],1.927953e-05],
[[2600.0,500.0,500.0],1.647772e-05],
[[2600.0,600.0,600.0],1.438247e-05],
[[2600.0,700.0,700.0],1.834779e-05],
[[2600.0,800.0,800.0],1.687568e-05],
[[2600.0,900.0,900.0],1.561773e-05],
[[2600.0,1000.0,1000.0],1.299236e-05],
[[2600.0,1100.0,1100.0],1.066413e-05],
[[2600.0,1200.0,1200.0],1.261146e-05],
[[2650.0,1320.0,1320.0],1.542421e-05],
[[2700.0,0,0],1.060773e-05],
[[2700.0,100.0,100.0],1.205713e-05],
[[2700.0,200.0,200.0],1.142091e-05],
[[2700.0,300.0,300.0],1.093139e-05],
[[2700.0,400.0,400.0],1.252042e-05],
[[2700.0,500.0,500.0],1.443274e-05],
[[2700.0,600.0,600.0],1.140085e-05],
[[2700.0,700.0,700.0],1.636388e-05],
[[2700.0,800.0,800.0],1.371415e-05],
[[2700.0,900.0,900.0],1.776639e-05],
[[2700.0,1000.0,1000.0],2.16953e-05],
[[2700.0,1100.0,1100.0],1.825623e-05],
[[2700.0,1200.0,1200.0],1.535931e-05],
[[2700.0,1300.0,1300.0],1.092027e-05],
[[2750.0,1370.0,1370.0],1.085761e-05],
[[2800.0,0,0],1.684372e-05],
[[2800.0,100.0,100.0],1.293938e-05],
[[2800.0,200.0,200.0],1.601552e-05],
[[2800.0,300.0,300.0],8.876557e-06],
[[2800.0,400.0,400.0],1.298333e-05],
[[2800.0,500.0,500.0],1.554276e-05],
[[2800.0,600.0,600.0],1.451711e-05],
[[2800.0,700.0,700.0],1.539962e-05],
[[2800.0,800.0,800.0],1.070012e-05],
[[2800.0,900.0,900.0],1.655031e-05],
[[2800.0,1000.0,1000.0],1.090977e-05],
[[2800.0,1100.0,1100.0],1.398346e-05],
[[2800.0,1200.0,1200.0],1.202304e-05],
[[2800.0,1300.0,1300.0],1.273931e-05],
[[2850.0,1420.0,1420.0],9.048293e-06],
[[2900.0,0,0],8.46801e-06],
[[2900.0,100.0,100.0],9.566877e-06],
[[2900.0,200.0,200.0],1.101043e-05],
[[2900.0,300.0,300.0],1.515359e-05],
[[2900.0,400.0,400.0],8.579993e-06],
[[2900.0,500.0,500.0],2.903492e-05],
[[2900.0,600.0,600.0],1.008067e-05],
[[2900.0,700.0,700.0],1.119687e-05],
[[2900.0,800.0,800.0],1.335454e-05],
[[2900.0,900.0,900.0],5.062116e-06],
[[2900.0,1000.0,1000.0],8.960044e-06],
[[2900.0,1100.0,1100.0],1.239627e-05],
[[2900.0,1200.0,1200.0],1.299035e-05],
[[2900.0,1300.0,1300.0],1.656832e-05],
[[2900.0,1400.0,1400.0],1.014832e-05],
[[2950.0,1470.0,1470.0],1.125828e-05],
[[3000.0,0,0],9.494199e-06],
[[3000.0,100.0,100.0],8.737795e-06],
[[3000.0,200.0,200.0],1.011227e-05],
[[3000.0,300.0,300.0],1.464042e-05],
[[3000.0,400.0,400.0],1.308123e-05],
[[3000.0,500.0,500.0],1.094988e-05],
[[3000.0,600.0,600.0],9.332458e-06],
[[3000.0,700.0,700.0],1.370696e-05],
[[3000.0,800.0,800.0],2.215418e-05],
[[3000.0,900.0,900.0],1.232874e-05],
[[3000.0,1000.0,1000.0],1.392983e-05],
[[3000.0,1100.0,1100.0],1.420923e-05],
[[3000.0,1200.0,1200.0],1.038495e-05],
[[3000.0,1300.0,1300.0],1.222915e-05],
[[3000.0,1400.0,1400.0],1.634581e-05]]
