txName: TRS1
constraint: {(PV > H0(1)), (H0(1) > MET(2),MET(3))}
condition: None
conditionDescription: None
figureUrl: https://cms-results.web.cern.ch/cms-results/public-results/publications/EXO-20-004/CMS-EXO-20-004_Figure_009-a.png
source: CMS
validated: True
axesMap: [{0: 'x', 1: '1.0', 2: '1.0'}, {0: 'x', 1: 'y', 2: 'y'}]
dataMap: {0: (1, 'mass', GeV), 1: (2, 'mass', GeV), 2: (3, 'mass', GeV)}
finalState: ['MET', 'MET']
intermediateState: None
efficiencyMap: [[[100.0,1.0,1.0],5.661802e-06],
[[100.0,10.0,10.0],3.878664e-06],
[[150.0,1.0,1.0],9.510983e-06],
[[150.0,50.0,50.0],8.107699e-06],
[[200.0,1.0,1.0],1.560752e-05],
[[200.0,50.0,50.0],1.370258e-05],
[[200.0,100.0,100.0],2.913885e-05],
[[250.0,1.0,1.0],2.040946e-05],
[[250.0,10.0,10.0],2.066567e-05],
[[250.0,50.0,50.0],2.408963e-05],
[[250.0,100.0,100.0],2.418264e-05],
[[300.0,1.0,1.0],2.852647e-05],
[[300.0,50.0,50.0],2.872179e-05],
[[300.0,100.0,100.0],3.061195e-05],
[[350.0,1.0,1.0],3.51845e-05],
[[350.0,50.0,50.0],2.794548e-05],
[[350.0,100.0,100.0],2.898866e-05],
[[350.0,150.0,150.0],3.257285e-05],
[[400.0,1.0,1.0],3.90933e-05],
[[400.0,50.0,50.0],3.997111e-05],
[[400.0,100.0,100.0],4.069911e-05],
[[400.0,150.0,150.0],4.254254e-05],
[[450.0,1.0,1.0],4.767072e-05],
[[450.0,50.0,50.0],5.390791e-05],
[[450.0,100.0,100.0],5.547804e-05],
[[450.0,150.0,150.0],5.722795e-05],
[[450.0,200.0,200.0],5.722504e-05],
[[500.0,1.0,1.0],6.673273e-05],
[[500.0,10.0,10.0],7.063914e-05],
[[500.0,50.0,50.0],8.025242e-05],
[[500.0,100.0,100.0],6.385814e-05],
[[500.0,150.0,150.0],7.26755e-05],
[[500.0,200.0,200.0],7.374923e-05],
[[550.0,1.0,1.0],9.601172e-05],
[[550.0,50.0,50.0],8.399588e-05],
[[550.0,100.0,100.0],0.0001072891],
[[550.0,150.0,150.0],9.013396e-05],
[[550.0,200.0,200.0],9.508064e-05],
[[550.0,250.0,250.0],9.870902e-05],
[[600.0,1.0,1.0],0.0001383586],
[[600.0,50.0,50.0],0.000126292],
[[600.0,100.0,100.0],0.0001233212],
[[600.0,150.0,150.0],0.0001143767],
[[600.0,200.0,200.0],0.0001115016],
[[600.0,250.0,250.0],0.0001368649],
[[650.0,1.0,1.0],0.0001462672],
[[650.0,50.0,50.0],0.0001402342],
[[650.0,100.0,100.0],0.000151368],
[[650.0,150.0,150.0],0.0001580853],
[[650.0,200.0,200.0],0.0001592087],
[[650.0,250.0,250.0],0.0001876732],
[[650.0,300.0,300.0],0.0001693537],
[[700.0,1.0,1.0],0.0001783795],
[[700.0,50.0,50.0],0.000176723],
[[700.0,100.0,100.0],0.0001818373],
[[700.0,150.0,150.0],0.0001567967],
[[700.0,200.0,200.0],0.000208431],
[[700.0,250.0,250.0],0.0001979083],
[[700.0,300.0,300.0],0.0001998298],
[[750.0,1.0,1.0],0.0002165416],
[[750.0,10.0,10.0],0.0001997792],
[[750.0,50.0,50.0],0.0002000299],
[[750.0,100.0,100.0],0.0002075986],
[[750.0,150.0,150.0],0.000189935],
[[750.0,200.0,200.0],0.0002308046],
[[750.0,250.0,250.0],0.0002311493],
[[750.0,300.0,300.0],0.0002372865],
[[750.0,350.0,350.0],0.0002537081],
[[800.0,1.0,1.0],0.0002585476],
[[800.0,150.0,150.0],0.0002493321],
[[800.0,200.0,200.0],0.0002565649],
[[800.0,250.0,250.0],0.0002486586],
[[800.0,300.0,300.0],0.0003012792],
[[800.0,350.0,350.0],0.0002802203],
[[850.0,1.0,1.0],0.0003060193],
[[850.0,150.0,150.0],0.0002686586],
[[850.0,200.0,200.0],0.0003109414],
[[850.0,250.0,250.0],0.0002916473],
[[850.0,300.0,300.0],0.0003806885],
[[850.0,350.0,350.0],0.0003211112],
[[850.0,400.0,400.0],0.00038618],
[[900.0,1.0,1.0],0.0003046521],
[[900.0,150.0,150.0],0.0003417432],
[[900.0,200.0,200.0],0.0003448187],
[[900.0,250.0,250.0],0.000348751],
[[900.0,300.0,300.0],0.0003268705],
[[900.0,350.0,350.0],0.0004079534],
[[900.0,400.0,400.0],0.0003913672],
[[950.0,1.0,1.0],0.0003294635],
[[950.0,150.0,150.0],0.0004192742],
[[950.0,200.0,200.0],0.0004207468],
[[950.0,250.0,250.0],0.0003994799],
[[950.0,300.0,300.0],0.0003594941],
[[950.0,350.0,350.0],0.0004753771],
[[950.0,400.0,400.0],0.0004729415],
[[950.0,450.0,450.0],0.0005005806],
[[1000.0,1.0,1.0],0.0003530233],
[[1000.0,10.0,10.0],0.0004507487],
[[1000.0,50.0,50.0],0.0004143155],
[[1000.0,100.0,100.0],0.00035115],
[[1000.0,150.0,150.0],0.0003991073],
[[1000.0,200.0,200.0],0.0004108003],
[[1000.0,250.0,250.0],0.000477312],
[[1000.0,300.0,300.0],0.0004692953],
[[1000.0,350.0,350.0],0.0005348398],
[[1000.0,400.0,400.0],0.0005056644],
[[1000.0,450.0,450.0],0.0004274193],
[[1050.0,1.0,1.0],0.0004173063],
[[1050.0,150.0,150.0],0.000449592],
[[1050.0,200.0,200.0],0.000429461],
[[1050.0,250.0,250.0],0.0005256559],
[[1050.0,300.0,300.0],0.0006135055],
[[1050.0,350.0,350.0],0.0008342968],
[[1050.0,400.0,400.0],0.0005613991],
[[1050.0,450.0,450.0],0.0005511718],
[[1050.0,500.0,500.0],0.0006546171],
[[1100.0,1.0,1.0],0.0004322598],
[[1100.0,150.0,150.0],0.0004872373],
[[1100.0,200.0,200.0],0.0006022739],
[[1100.0,250.0,250.0],0.0006969971],
[[1100.0,300.0,300.0],0.0005292976],
[[1100.0,350.0,350.0],0.0004867205],
[[1100.0,400.0,400.0],0.0005757042],
[[1100.0,450.0,450.0],0.0006337858],
[[1100.0,500.0,500.0],0.0005609512],
[[1150.0,1.0,1.0],0.000636744],
[[1150.0,150.0,150.0],0.0006091391],
[[1150.0,200.0,200.0],0.0006145427],
[[1150.0,250.0,250.0],0.0005486673],
[[1150.0,300.0,300.0],0.0008571589],
[[1150.0,350.0,350.0],0.0005912281],
[[1150.0,400.0,400.0],0.0005921499],
[[1150.0,450.0,450.0],0.0006055414],
[[1150.0,500.0,500.0],0.0006832674],
[[1150.0,550.0,550.0],0.0006888238],
[[1200.0,1.0,1.0],0.0005908544],
[[1200.0,150.0,150.0],0.0007531285],
[[1200.0,200.0,200.0],0.0009619533],
[[1200.0,250.0,250.0],0.0006626377],
[[1200.0,300.0,300.0],0.0006159273],
[[1200.0,350.0,350.0],0.0006666991],
[[1200.0,400.0,400.0],0.0006258576],
[[1200.0,450.0,450.0],0.0007559142],
[[1200.0,500.0,500.0],0.0006988364],
[[1200.0,550.0,550.0],0.0008179745],
[[1250.0,1.0,1.0],0.0004765577],
[[1250.0,10.0,10.0],0.0005749715],
[[1250.0,50.0,50.0],0.0006020489],
[[1250.0,100.0,100.0],0.0005475009],
[[1250.0,150.0,150.0],0.0006488716],
[[1250.0,200.0,200.0],0.0005918414],
[[1250.0,250.0,250.0],0.0007149479],
[[1250.0,300.0,300.0],0.0006843803],
[[1250.0,350.0,350.0],0.001183001],
[[1250.0,400.0,400.0],0.0008174953],
[[1250.0,450.0,450.0],0.0007437631],
[[1250.0,500.0,500.0],0.0009059556],
[[1250.0,550.0,550.0],0.000899347],
[[1250.0,600.0,600.0],0.0007838942],
[[1300.0,1.0,1.0],0.0005693881],
[[1300.0,150.0,150.0],0.0007423418],
[[1300.0,200.0,200.0],0.0006473869],
[[1300.0,250.0,250.0],0.0015498],
[[1300.0,300.0,300.0],0.0006859837],
[[1300.0,350.0,350.0],0.0008577489],
[[1300.0,400.0,400.0],0.000709016],
[[1300.0,450.0,450.0],0.0007448262],
[[1300.0,500.0,500.0],0.0009866328],
[[1300.0,550.0,550.0],0.0008472803],
[[1300.0,600.0,600.0],0.0008699389],
[[1350.0,1.0,1.0],0.0005983119],
[[1350.0,150.0,150.0],0.0008380629],
[[1350.0,200.0,200.0],0.0006735291],
[[1350.0,250.0,250.0],0.0008291149],
[[1350.0,300.0,300.0],0.001160973],
[[1350.0,350.0,350.0],0.001077593],
[[1350.0,400.0,400.0],0.000823941],
[[1350.0,450.0,450.0],0.001062628],
[[1350.0,500.0,500.0],0.0008240341],
[[1350.0,550.0,550.0],0.001058867],
[[1350.0,600.0,600.0],0.0009023333],
[[1350.0,650.0,650.0],0.0009853851],
[[1400.0,1.0,1.0],0.00061854],
[[1400.0,150.0,150.0],0.0007476116],
[[1400.0,200.0,200.0],0.0008484674],
[[1400.0,250.0,250.0],0.0007135273],
[[1400.0,300.0,300.0],0.0008349021],
[[1400.0,350.0,350.0],0.001246087],
[[1400.0,400.0,400.0],0.0009450973],
[[1400.0,450.0,450.0],0.0008318898],
[[1400.0,500.0,500.0],0.001023814],
[[1400.0,550.0,550.0],0.0008497488],
[[1400.0,600.0,600.0],0.00145247],
[[1400.0,650.0,650.0],0.0008578783],
[[1450.0,1.0,1.0],0.0006904347],
[[1450.0,150.0,150.0],0.0006779467],
[[1450.0,200.0,200.0],0.0007270919],
[[1450.0,250.0,250.0],0.0007857525],
[[1450.0,300.0,300.0],0.0008706358],
[[1450.0,350.0,350.0],0.0008596869],
[[1450.0,400.0,400.0],0.0008143751],
[[1450.0,450.0,450.0],0.000950827],
[[1450.0,500.0,500.0],0.0009540921],
[[1450.0,550.0,550.0],0.0009485498],
[[1450.0,600.0,600.0],0.00104579],
[[1450.0,650.0,650.0],0.0008980055],
[[1450.0,700.0,700.0],0.001240381],
[[1500.0,1.0,1.0],0.0006531649],
[[1500.0,10.0,10.0],0.0006431055],
[[1500.0,50.0,50.0],0.0006490864],
[[1500.0,100.0,100.0],0.0007663499],
[[1500.0,150.0,150.0],0.0007506856],
[[1500.0,200.0,200.0],0.0008191521],
[[1500.0,250.0,250.0],0.001004763],
[[1500.0,300.0,300.0],0.0009158988],
[[1500.0,350.0,350.0],0.0009152202],
[[1500.0,400.0,400.0],0.0008859869],
[[1500.0,450.0,450.0],0.0009175471],
[[1500.0,500.0,500.0],0.0009407155],
[[1500.0,550.0,550.0],0.001118624],
[[1500.0,600.0,600.0],0.0009365107],
[[1500.0,650.0,650.0],0.001012924],
[[1500.0,700.0,700.0],0.001061841],
[[1500.0,750.0,750.0],0.001254925],
[[1550.0,1.0,1.0],0.000679776],
[[1550.0,150.0,150.0],0.0006843192],
[[1550.0,200.0,200.0],0.0009573703],
[[1550.0,250.0,250.0],0.0008715486],
[[1550.0,300.0,300.0],0.0009890847],
[[1550.0,350.0,350.0],0.0008008157],
[[1550.0,400.0,400.0],0.0009890247],
[[1550.0,450.0,450.0],0.0009425063],
[[1550.0,500.0,500.0],0.0009395176],
[[1550.0,550.0,550.0],0.001110215],
[[1550.0,600.0,600.0],0.0009438197],
[[1550.0,650.0,650.0],0.001051691],
[[1550.0,700.0,700.0],0.00101973],
[[1550.0,750.0,750.0],0.0009796649],
[[1600.0,1.0,1.0],0.0006239618],
[[1600.0,150.0,150.0],0.0008975393],
[[1600.0,200.0,200.0],0.0007634123],
[[1600.0,250.0,250.0],0.001084698],
[[1600.0,300.0,300.0],0.001031602],
[[1600.0,350.0,350.0],0.001234571],
[[1600.0,400.0,400.0],0.001048812],
[[1600.0,450.0,450.0],0.0009986076],
[[1600.0,500.0,500.0],0.001041657],
[[1600.0,550.0,550.0],0.001127889],
[[1600.0,600.0,600.0],0.0009866889],
[[1600.0,650.0,650.0],0.001188517],
[[1600.0,700.0,700.0],0.001163204],
[[1600.0,750.0,750.0],0.001218705],
[[1650.0,1.0,1.0],0.0006129628],
[[1650.0,150.0,150.0],0.001039327],
[[1650.0,200.0,200.0],0.0008268277],
[[1650.0,250.0,250.0],0.0009379244],
[[1650.0,300.0,300.0],0.001016208],
[[1650.0,350.0,350.0],0.0009323486],
[[1650.0,400.0,400.0],0.001482645],
[[1650.0,450.0,450.0],0.001155792],
[[1650.0,500.0,500.0],0.001192707],
[[1650.0,550.0,550.0],0.001140442],
[[1650.0,600.0,600.0],0.001200428],
[[1650.0,650.0,650.0],0.001087304],
[[1650.0,700.0,700.0],0.001343891],
[[1650.0,750.0,750.0],0.00103463],
[[1650.0,800.0,800.0],0.001436715],
[[1700.0,1.0,1.0],0.0006679371],
[[1700.0,150.0,150.0],0.0008309759],
[[1700.0,200.0,200.0],0.0007998148],
[[1700.0,250.0,250.0],0.0009816024],
[[1700.0,300.0,300.0],0.001353217],
[[1700.0,350.0,350.0],0.001234817],
[[1700.0,400.0,400.0],0.001053706],
[[1700.0,450.0,450.0],0.001010551],
[[1700.0,500.0,500.0],0.0010574],
[[1700.0,550.0,550.0],0.001154154],
[[1700.0,600.0,600.0],0.001399971],
[[1700.0,650.0,650.0],0.001106588],
[[1700.0,700.0,700.0],0.001041523],
[[1700.0,750.0,750.0],0.001172374],
[[1700.0,800.0,800.0],0.001548749],
[[1750.0,1.0,1.0],0.0006040987],
[[1750.0,10.0,10.0],0.0006579915],
[[1750.0,50.0,50.0],0.0006479691],
[[1750.0,100.0,100.0],0.0007905733],
[[1750.0,150.0,150.0],0.0008264258],
[[1750.0,200.0,200.0],0.0008831075],
[[1750.0,250.0,250.0],0.001118757],
[[1750.0,300.0,300.0],0.001269483],
[[1750.0,350.0,350.0],0.001059854],
[[1750.0,400.0,400.0],0.001138206],
[[1750.0,450.0,450.0],0.001239741],
[[1750.0,500.0,500.0],0.00112],
[[1750.0,550.0,550.0],0.001208489],
[[1750.0,600.0,600.0],0.001138703],
[[1750.0,650.0,650.0],0.001073082],
[[1750.0,700.0,700.0],0.001242161],
[[1750.0,750.0,750.0],0.001242283],
[[1750.0,800.0,800.0],0.001125125],
[[1750.0,850.0,850.0],0.001244329],
[[1800.0,1.0,1.0],0.0006945902],
[[1800.0,150.0,150.0],0.0007597976],
[[1800.0,200.0,200.0],0.0007720604],
[[1800.0,250.0,250.0],0.000940414],
[[1800.0,300.0,300.0],0.001145238],
[[1800.0,350.0,350.0],0.001280057],
[[1800.0,400.0,400.0],0.001433816],
[[1800.0,450.0,450.0],0.00130229],
[[1800.0,500.0,500.0],0.001283187],
[[1800.0,550.0,550.0],0.001211812],
[[1800.0,600.0,600.0],0.001223849],
[[1800.0,650.0,650.0],0.00164165],
[[1800.0,700.0,700.0],0.001173731],
[[1800.0,750.0,750.0],0.001219124],
[[1800.0,800.0,800.0],0.00119673],
[[1800.0,850.0,850.0],0.001601791],
[[1850.0,1.0,1.0],0.0007449178],
[[1850.0,150.0,150.0],0.0008861556],
[[1850.0,200.0,200.0],0.0008844965],
[[1850.0,250.0,250.0],0.001109629],
[[1850.0,300.0,300.0],0.0009808625],
[[1850.0,350.0,350.0],0.001022882],
[[1850.0,400.0,400.0],0.001201723],
[[1850.0,450.0,450.0],0.001175314],
[[1850.0,500.0,500.0],0.001169515],
[[1850.0,550.0,550.0],0.001575478],
[[1850.0,600.0,600.0],0.001472102],
[[1850.0,650.0,650.0],0.00111668],
[[1850.0,700.0,700.0],0.001570784],
[[1850.0,750.0,750.0],0.001174491],
[[1850.0,800.0,800.0],0.001293221],
[[1850.0,850.0,850.0],0.001497641],
[[1850.0,900.0,900.0],0.001198417],
[[1900.0,1.0,1.0],0.0006669464],
[[1900.0,150.0,150.0],0.0008494331],
[[1900.0,200.0,200.0],0.0008884421],
[[1900.0,250.0,250.0],0.001006666],
[[1900.0,300.0,300.0],0.001157491],
[[1900.0,350.0,350.0],0.001369448],
[[1900.0,400.0,400.0],0.001289987],
[[1900.0,450.0,450.0],0.00146732],
[[1900.0,500.0,500.0],0.001288185],
[[1900.0,550.0,550.0],0.001272774],
[[1900.0,600.0,600.0],0.001205516],
[[1900.0,650.0,650.0],0.001376588],
[[1900.0,700.0,700.0],0.001095214],
[[1900.0,750.0,750.0],0.00122979],
[[1900.0,800.0,800.0],0.001359331],
[[1900.0,850.0,850.0],0.001425697],
[[1900.0,900.0,900.0],0.001230417],
[[1950.0,1.0,1.0],0.0006141823],
[[1950.0,150.0,150.0],0.0008754666],
[[1950.0,200.0,200.0],0.0009498925],
[[1950.0,250.0,250.0],0.001115673],
[[1950.0,300.0,300.0],0.001273025],
[[1950.0,350.0,350.0],0.001327304],
[[1950.0,400.0,400.0],0.001058736],
[[1950.0,450.0,450.0],0.001470397],
[[1950.0,500.0,500.0],0.001181183],
[[1950.0,550.0,550.0],0.001488255],
[[1950.0,600.0,600.0],0.001361235],
[[1950.0,650.0,650.0],0.001379285],
[[1950.0,700.0,700.0],0.001287057],
[[1950.0,750.0,750.0],0.001322778],
[[1950.0,800.0,800.0],0.001265126],
[[1950.0,850.0,850.0],0.001272301],
[[1950.0,900.0,900.0],0.001375601],
[[1950.0,950.0,950.0],0.001492094],
[[2000.0,1.0,1.0],0.0005777569],
[[2000.0,10.0,10.0],0.0006422209],
[[2000.0,50.0,50.0],0.00063922],
[[2000.0,100.0,100.0],0.0008091602],
[[2000.0,150.0,150.0],0.0009624269],
[[2000.0,200.0,200.0],0.000961948],
[[2000.0,250.0,250.0],0.001193963],
[[2000.0,300.0,300.0],0.001124513],
[[2000.0,350.0,350.0],0.001305243],
[[2000.0,400.0,400.0],0.00122004],
[[2000.0,450.0,450.0],0.001326307],
[[2000.0,500.0,500.0],0.001353822],
[[2000.0,550.0,550.0],0.001526545],
[[2000.0,600.0,600.0],0.001519515],
[[2000.0,650.0,650.0],0.001372452],
[[2000.0,700.0,700.0],0.001435785],
[[2000.0,750.0,750.0],0.001411103],
[[2000.0,800.0,800.0],0.001367399],
[[2000.0,850.0,850.0],0.001428582],
[[2000.0,900.0,900.0],0.00135926],
[[2000.0,950.0,950.0],0.001430834],
[[2250.0,1.0,1.0],0.0006613008],
[[2250.0,10.0,10.0],0.0005756024],
[[2250.0,50.0,50.0],0.0006354883],
[[2250.0,100.0,100.0],0.0006301161],
[[2250.0,150.0,150.0],0.0008322888],
[[2250.0,300.0,300.0],0.00132048],
[[2250.0,500.0,500.0],0.001421924],
[[2250.0,750.0,750.0],0.001402887],
[[2250.0,1000.0,1000.0],0.001538238],
[[2500.0,1.0,1.0],0.0005175793],
[[2500.0,10.0,10.0],0.0004630728],
[[2500.0,50.0,50.0],0.000504505],
[[2500.0,100.0,100.0],0.0006331566],
[[2500.0,150.0,150.0],0.0007224569],
[[2500.0,300.0,300.0],0.001185152],
[[2500.0,500.0,500.0],0.001616667],
[[2500.0,750.0,750.0],0.001656593],
[[2500.0,1000.0,1000.0],0.001759368],
[[2500.0,1200.0,1200.0],0.001693428],
[[2750.0,1.0,1.0],0.0004554803],
[[2750.0,10.0,10.0],0.0004600619],
[[2750.0,50.0,50.0],0.0004567556],
[[2750.0,100.0,100.0],0.0005377711],
[[2750.0,150.0,150.0],0.000701316],
[[2750.0,300.0,300.0],0.001136579],
[[2750.0,500.0,500.0],0.001549123],
[[2750.0,750.0,750.0],0.001543572],
[[2750.0,1000.0,1000.0],0.001737932],
[[2750.0,1200.0,1200.0],0.001646671],
[[3000.0,1.0,1.0],0.0004199835],
[[3000.0,10.0,10.0],0.0004229509],
[[3000.0,50.0,50.0],0.0004667733],
[[3000.0,100.0,100.0],0.0004106701],
[[3000.0,150.0,150.0],0.0005950796],
[[3000.0,300.0,300.0],0.001045302],
[[3000.0,500.0,500.0],0.001511473],
[[3000.0,750.0,750.0],0.001800907],
[[3000.0,1000.0,1000.0],0.001931063],
[[3000.0,1200.0,1200.0],0.001799456],
[[3000.0,1400.0,1400.0],0.00181445]]
