txName: TRV1
constraint: {(PV > Zprime(1)), (Zprime(1) > MET(2),MET(3))}
condition: None
conditionDescription: None
figureUrl: https://cms-results.web.cern.ch/cms-results/public-results/publications/EXO-20-004/CMS-EXO-20-004_Figure_007-b.png
source: https://doi.org/10.5281/zenodo.13324003
validated: True
axesMap: [{0: 'x', 1: 'y', 2: 'y'}]
dataMap: {0: (1, 'mass', GeV), 1: (2, 'mass', GeV), 2: (3, 'mass', GeV)}
finalState: ['MET', 'MET']
intermediateState: None
efficiencyMap: [[[50.0,1.0,1.0],8.361859e-08],
[[100.0,1.0,1.0],5.797828e-07],
[[100.0,10.0,10.0],2.871012e-07],
[[150.0,1.0,1.0],1.491811e-06],
[[150.0,75.0,75.0],2.376374e-06],
[[200.0,1.0,1.0],4.470461e-06],
[[200.0,75.0,75.0],4.922291e-06],
[[250.0,1.0,1.0],9.246273e-06],
[[250.0,10.0,10.0],7.85796e-06],
[[250.0,75.0,75.0],7.28648e-06],
[[300.0,1.0,1.0],1.079726e-05],
[[300.0,75.0,75.0],1.380035e-05],
[[350.0,1.0,1.0],2.048449e-05],
[[350.0,75.0,75.0],1.978668e-05],
[[350.0,150.0,150.0],2.303661e-05],
[[400.0,1.0,1.0],3.230997e-05],
[[400.0,75.0,75.0],2.8984e-05],
[[400.0,150.0,150.0],3.096337e-05],
[[450.0,1.0,1.0],3.933657e-05],
[[450.0,75.0,75.0],4.136153e-05],
[[450.0,150.0,150.0],3.50529e-05],
[[450.0,200.0,200.0],3.983554e-05],
[[500.0,1.0,1.0],4.391955e-05],
[[500.0,10.0,10.0],4.485391e-05],
[[500.0,75.0,75.0],5.094047e-05],
[[500.0,150.0,150.0],5.074675e-05],
[[500.0,200.0,200.0],5.657913e-05],
[[550.0,1.0,1.0],6.366261e-05],
[[550.0,75.0,75.0],6.548643e-05],
[[550.0,150.0,150.0],5.950807e-05],
[[550.0,200.0,200.0],6.335725e-05],
[[550.0,250.0,250.0],6.960683e-05],
[[600.0,1.0,1.0],7.28081e-05],
[[600.0,75.0,75.0],7.545376e-05],
[[600.0,150.0,150.0],9.16312e-05],
[[600.0,200.0,200.0],9.252104e-05],
[[600.0,250.0,250.0],7.502234e-05],
[[650.0,1.0,1.0],8.298148e-05],
[[650.0,75.0,75.0],8.348455e-05],
[[650.0,150.0,150.0],8.807699e-05],
[[650.0,200.0,200.0],0.0001028112],
[[650.0,250.0,250.0],9.729374e-05],
[[650.0,300.0,300.0],0.0001013643],
[[700.0,1.0,1.0],0.0001031773],
[[700.0,75.0,75.0],9.069947e-05],
[[700.0,150.0,150.0],8.971897e-05],
[[700.0,200.0,200.0],9.925898e-05],
[[700.0,250.0,250.0],0.0001037047],
[[700.0,300.0,300.0],0.0001131529],
[[750.0,1.0,1.0],0.0001186438],
[[750.0,10.0,10.0],0.0001167871],
[[750.0,75.0,75.0],0.0001126543],
[[750.0,150.0,150.0],0.0001036187],
[[750.0,200.0,200.0],0.0001234601],
[[750.0,250.0,250.0],0.0001146864],
[[750.0,300.0,300.0],0.0001193338],
[[750.0,350.0,350.0],0.0001118898],
[[800.0,1.0,1.0],0.0001453356],
[[800.0,75.0,75.0],0.0001321196],
[[800.0,150.0,150.0],0.0001536668],
[[800.0,200.0,200.0],0.0001347315],
[[800.0,250.0,250.0],0.0001391298],
[[800.0,300.0,300.0],0.0001879532],
[[800.0,350.0,350.0],0.000156013],
[[850.0,1.0,1.0],0.0001469817],
[[850.0,75.0,75.0],0.0001368477],
[[850.0,150.0,150.0],0.0001511479],
[[850.0,200.0,200.0],0.0001631872],
[[850.0,250.0,250.0],0.0001573763],
[[850.0,300.0,300.0],0.0001557721],
[[850.0,350.0,350.0],0.0001510454],
[[850.0,400.0,400.0],0.0002017668],
[[900.0,1.0,1.0],0.0001623418],
[[900.0,75.0,75.0],0.0001761424],
[[900.0,150.0,150.0],0.0001481706],
[[900.0,200.0,200.0],0.0001565891],
[[900.0,250.0,250.0],0.0001493065],
[[900.0,300.0,300.0],0.0001653238],
[[900.0,350.0,350.0],0.0001705198],
[[900.0,400.0,400.0],0.0001477756],
[[950.0,1.0,1.0],0.0001691736],
[[950.0,75.0,75.0],0.0001551563],
[[950.0,150.0,150.0],0.0001718543],
[[950.0,200.0,200.0],0.0001517719],
[[950.0,250.0,250.0],0.0001781183],
[[950.0,300.0,300.0],0.0001843985],
[[950.0,350.0,350.0],0.0001710893],
[[950.0,400.0,400.0],0.0001992838],
[[950.0,450.0,450.0],0.0001797209],
[[1000.0,1.0,1.0],0.0001965575],
[[1000.0,10.0,10.0],0.0001781091],
[[1000.0,75.0,75.0],0.0001910033],
[[1000.0,150.0,150.0],0.0002009403],
[[1000.0,200.0,200.0],0.0002127504],
[[1000.0,250.0,250.0],0.0001865964],
[[1000.0,300.0,300.0],0.0001788395],
[[1000.0,350.0,350.0],0.0001887027],
[[1000.0,400.0,400.0],0.0001855284],
[[1000.0,450.0,450.0],0.0001970111],
[[1050.0,1.0,1.0],0.0001838749],
[[1050.0,75.0,75.0],0.0002014665],
[[1050.0,150.0,150.0],0.0002001077],
[[1050.0,200.0,200.0],0.0001843664],
[[1050.0,250.0,250.0],0.0001943598],
[[1050.0,300.0,300.0],0.0002391824],
[[1050.0,350.0,350.0],0.0002469973],
[[1050.0,400.0,400.0],0.0002121526],
[[1050.0,450.0,450.0],0.00021075],
[[1050.0,500.0,500.0],0.0002132076],
[[1100.0,1.0,1.0],0.0002245523],
[[1100.0,75.0,75.0],0.0002394869],
[[1100.0,150.0,150.0],0.0002028632],
[[1100.0,200.0,200.0],0.0002346567],
[[1100.0,250.0,250.0],0.0002085714],
[[1100.0,300.0,300.0],0.0001949275],
[[1100.0,350.0,350.0],0.0001978599],
[[1100.0,400.0,400.0],0.0002399217],
[[1100.0,450.0,450.0],0.0002140656],
[[1100.0,500.0,500.0],0.0002108978],
[[1150.0,1.0,1.0],0.0002313883],
[[1150.0,75.0,75.0],0.0002321363],
[[1150.0,150.0,150.0],0.0002419648],
[[1150.0,200.0,200.0],0.0002303365],
[[1150.0,250.0,250.0],0.0002832161],
[[1150.0,300.0,300.0],0.0002638969],
[[1150.0,350.0,350.0],0.0002348926],
[[1150.0,400.0,400.0],0.0002675423],
[[1150.0,450.0,450.0],0.000248508],
[[1150.0,500.0,500.0],0.0002326496],
[[1150.0,550.0,550.0],0.0003504418],
[[1200.0,1.0,1.0],0.0002373313],
[[1200.0,75.0,75.0],0.0002477305],
[[1200.0,150.0,150.0],0.0002578547],
[[1200.0,200.0,200.0],0.0002715938],
[[1200.0,250.0,250.0],0.0002511243],
[[1200.0,300.0,300.0],0.0002382122],
[[1200.0,350.0,350.0],0.00029509],
[[1200.0,400.0,400.0],0.0002578365],
[[1200.0,450.0,450.0],0.0002543759],
[[1200.0,500.0,500.0],0.0002899951],
[[1200.0,550.0,550.0],0.0002676122],
[[1250.0,1.0,1.0],0.0002545725],
[[1250.0,10.0,10.0],0.0002778871],
[[1250.0,75.0,75.0],0.0002619215],
[[1250.0,150.0,150.0],0.0002977332],
[[1250.0,200.0,200.0],0.0002558693],
[[1250.0,250.0,250.0],0.0002829544],
[[1250.0,300.0,300.0],0.0002841996],
[[1250.0,350.0,350.0],0.000279604],
[[1250.0,400.0,400.0],0.0002789971],
[[1250.0,450.0,450.0],0.0002622796],
[[1250.0,500.0,500.0],0.0002837067],
[[1250.0,550.0,550.0],0.0003075233],
[[1250.0,600.0,600.0],0.0002744454],
[[1300.0,1.0,1.0],0.000258602],
[[1300.0,75.0,75.0],0.0002420967],
[[1300.0,150.0,150.0],0.0002608281],
[[1300.0,200.0,200.0],0.0002494689],
[[1300.0,250.0,250.0],0.0002723341],
[[1300.0,300.0,300.0],0.0002766476],
[[1300.0,350.0,350.0],0.0002786883],
[[1300.0,400.0,400.0],0.0003089198],
[[1300.0,450.0,450.0],0.0003022505],
[[1300.0,500.0,500.0],0.0002661277],
[[1300.0,550.0,550.0],0.00029268],
[[1300.0,600.0,600.0],0.0002826012],
[[1350.0,1.0,1.0],0.0002746736],
[[1350.0,75.0,75.0],0.0002956605],
[[1350.0,150.0,150.0],0.0002754288],
[[1350.0,200.0,200.0],0.0002456209],
[[1350.0,250.0,250.0],0.0002961069],
[[1350.0,300.0,300.0],0.0002807074],
[[1350.0,350.0,350.0],0.0002806184],
[[1350.0,400.0,400.0],0.0002960459],
[[1350.0,450.0,450.0],0.0002891897],
[[1350.0,500.0,500.0],0.0002774371],
[[1350.0,550.0,550.0],0.0003099076],
[[1350.0,600.0,600.0],0.0003465381],
[[1350.0,650.0,650.0],0.0003262066],
[[1400.0,1.0,1.0],0.0003013477],
[[1400.0,75.0,75.0],0.0002888953],
[[1400.0,150.0,150.0],0.0002635614],
[[1400.0,200.0,200.0],0.0002875001],
[[1400.0,250.0,250.0],0.0002922927],
[[1400.0,300.0,300.0],0.0003116984],
[[1400.0,350.0,350.0],0.0003048441],
[[1400.0,400.0,400.0],0.0002996806],
[[1400.0,450.0,450.0],0.0002936746],
[[1400.0,500.0,500.0],0.0003257763],
[[1400.0,550.0,550.0],0.0002618311],
[[1400.0,600.0,600.0],0.0003036314],
[[1400.0,650.0,650.0],0.0003140277],
[[1450.0,1.0,1.0],0.0003101907],
[[1450.0,75.0,75.0],0.0003089652],
[[1450.0,150.0,150.0],0.000374968],
[[1450.0,200.0,200.0],0.0003271325],
[[1450.0,250.0,250.0],0.0003331763],
[[1450.0,300.0,300.0],0.0003061769],
[[1450.0,350.0,350.0],0.000297601],
[[1450.0,400.0,400.0],0.0002905422],
[[1450.0,450.0,450.0],0.0003749165],
[[1450.0,500.0,500.0],0.000320738],
[[1450.0,550.0,550.0],0.0003891993],
[[1450.0,600.0,600.0],0.0003370459],
[[1450.0,650.0,650.0],0.0003929407],
[[1450.0,700.0,700.0],0.0003174971],
[[1500.0,1.0,1.0],0.0003336547],
[[1500.0,10.0,10.0],0.0003034613],
[[1500.0,75.0,75.0],0.0003022944],
[[1500.0,150.0,150.0],0.0003242815],
[[1500.0,200.0,200.0],0.0003137017],
[[1500.0,250.0,250.0],0.0003494664],
[[1500.0,300.0,300.0],0.000336396],
[[1500.0,350.0,350.0],0.000297737],
[[1500.0,400.0,400.0],0.0002953438],
[[1500.0,450.0,450.0],0.0003056917],
[[1500.0,500.0,500.0],0.0003258574],
[[1500.0,550.0,550.0],0.0003063344],
[[1500.0,600.0,600.0],0.0003653565],
[[1500.0,650.0,650.0],0.0003707013],
[[1500.0,700.0,700.0],0.0003124366],
[[1500.0,750.0,750.0],0.0003592965],
[[1550.0,1.0,1.0],0.0002981763],
[[1550.0,75.0,75.0],0.0002946337],
[[1550.0,150.0,150.0],0.0003475115],
[[1550.0,200.0,200.0],0.0003054087],
[[1550.0,250.0,250.0],0.0003293501],
[[1550.0,300.0,300.0],0.0003104454],
[[1550.0,350.0,350.0],0.0003915881],
[[1550.0,400.0,400.0],0.000391653],
[[1550.0,450.0,450.0],0.0003855055],
[[1550.0,500.0,500.0],0.0003429904],
[[1550.0,550.0,550.0],0.0003418231],
[[1550.0,600.0,600.0],0.0003623776],
[[1550.0,650.0,650.0],0.0002893935],
[[1550.0,700.0,700.0],0.0003181133],
[[1550.0,750.0,750.0],0.0003745164],
[[1600.0,1.0,1.0],0.000327269],
[[1600.0,75.0,75.0],0.0003289933],
[[1600.0,150.0,150.0],0.0003364161],
[[1600.0,200.0,200.0],0.0003231848],
[[1600.0,250.0,250.0],0.0003913696],
[[1600.0,300.0,300.0],0.000403499],
[[1600.0,350.0,350.0],0.0003708635],
[[1600.0,400.0,400.0],0.0003184689],
[[1600.0,450.0,450.0],0.000333106],
[[1600.0,500.0,500.0],0.0003528694],
[[1600.0,550.0,550.0],0.0003619406],
[[1600.0,600.0,600.0],0.0003432537],
[[1600.0,650.0,650.0],0.0003610834],
[[1600.0,700.0,700.0],0.0003333037],
[[1600.0,750.0,750.0],0.0003669002],
[[1650.0,1.0,1.0],0.0003200562],
[[1650.0,75.0,75.0],0.0003508328],
[[1650.0,150.0,150.0],0.0003257888],
[[1650.0,200.0,200.0],0.0003382002],
[[1650.0,250.0,250.0],0.0004276302],
[[1650.0,300.0,300.0],0.0003343271],
[[1650.0,350.0,350.0],0.0003885061],
[[1650.0,400.0,400.0],0.0003671171],
[[1650.0,450.0,450.0],0.0003617227],
[[1650.0,500.0,500.0],0.0003206956],
[[1650.0,550.0,550.0],0.0003896568],
[[1650.0,600.0,600.0],0.0003327765],
[[1650.0,650.0,650.0],0.0003427225],
[[1650.0,700.0,700.0],0.0003901496],
[[1650.0,750.0,750.0],0.000436861],
[[1650.0,800.0,800.0],0.0003900423],
[[1700.0,1.0,1.0],0.0003648652],
[[1700.0,75.0,75.0],0.00032469],
[[1700.0,150.0,150.0],0.000346866],
[[1700.0,200.0,200.0],0.000330014],
[[1700.0,250.0,250.0],0.0003666104],
[[1700.0,300.0,300.0],0.0003379582],
[[1700.0,350.0,350.0],0.0003628473],
[[1700.0,400.0,400.0],0.0003487322],
[[1700.0,450.0,450.0],0.0003984361],
[[1700.0,500.0,500.0],0.000334622],
[[1700.0,550.0,550.0],0.000378692],
[[1700.0,600.0,600.0],0.0003553262],
[[1700.0,650.0,650.0],0.0003419597],
[[1700.0,700.0,700.0],0.0003715196],
[[1700.0,750.0,750.0],0.000358689],
[[1700.0,800.0,800.0],0.0004155154],
[[1750.0,1.0,1.0],0.0003420422],
[[1750.0,10.0,10.0],0.0003729306],
[[1750.0,75.0,75.0],0.0003526589],
[[1750.0,150.0,150.0],0.0003479687],
[[1750.0,200.0,200.0],0.0004429374],
[[1750.0,250.0,250.0],0.0004034652],
[[1750.0,300.0,300.0],0.0003832261],
[[1750.0,350.0,350.0],0.0003526433],
[[1750.0,400.0,400.0],0.0003768597],
[[1750.0,450.0,450.0],0.0003601971],
[[1750.0,500.0,500.0],0.0003996791],
[[1750.0,550.0,550.0],0.0003925275],
[[1750.0,600.0,600.0],0.000399701],
[[1750.0,650.0,650.0],0.0003909358],
[[1750.0,700.0,700.0],0.0003993688],
[[1750.0,750.0,750.0],0.0003888328],
[[1750.0,800.0,800.0],0.0003722503],
[[1750.0,850.0,850.0],0.000415267],
[[1800.0,1.0,1.0],0.0003557846],
[[1800.0,75.0,75.0],0.0003664005],
[[1800.0,150.0,150.0],0.0004153998],
[[1800.0,200.0,200.0],0.0003771945],
[[1800.0,250.0,250.0],0.0003457581],
[[1800.0,300.0,300.0],0.0004047811],
[[1800.0,350.0,350.0],0.0003658001],
[[1800.0,400.0,400.0],0.0003616376],
[[1800.0,450.0,450.0],0.0004017815],
[[1800.0,500.0,500.0],0.000402557],
[[1800.0,550.0,550.0],0.0004777929],
[[1800.0,600.0,600.0],0.000446498],
[[1800.0,650.0,650.0],0.0004046637],
[[1800.0,700.0,700.0],0.0004164683],
[[1800.0,750.0,750.0],0.0003762801],
[[1800.0,800.0,800.0],0.0003961239],
[[1800.0,850.0,850.0],0.0003727588],
[[1850.0,1.0,1.0],0.000359306],
[[1850.0,75.0,75.0],0.0004068333],
[[1850.0,150.0,150.0],0.0003585259],
[[1850.0,200.0,200.0],0.0003635272],
[[1850.0,250.0,250.0],0.00036726],
[[1850.0,300.0,300.0],0.0004120445],
[[1850.0,350.0,350.0],0.0003892197],
[[1850.0,400.0,400.0],0.0004308142],
[[1850.0,450.0,450.0],0.0004184264],
[[1850.0,500.0,500.0],0.0004124259],
[[1850.0,550.0,550.0],0.000408309],
[[1850.0,600.0,600.0],0.000430491],
[[1850.0,650.0,650.0],0.0003988775],
[[1850.0,700.0,700.0],0.0003782704],
[[1850.0,750.0,750.0],0.0004114409],
[[1850.0,800.0,800.0],0.0004048095],
[[1850.0,850.0,850.0],0.0003849047],
[[1850.0,900.0,900.0],0.0004642048],
[[1900.0,1.0,1.0],0.0003868142],
[[1900.0,75.0,75.0],0.0003797166],
[[1900.0,150.0,150.0],0.0003717827],
[[1900.0,200.0,200.0],0.0003506639],
[[1900.0,250.0,250.0],0.0003841385],
[[1900.0,300.0,300.0],0.0004104756],
[[1900.0,350.0,350.0],0.0004339496],
[[1900.0,400.0,400.0],0.0003869639],
[[1900.0,450.0,450.0],0.0004003079],
[[1900.0,500.0,500.0],0.000415429],
[[1900.0,550.0,550.0],0.0003450551],
[[1900.0,600.0,600.0],0.0003926373],
[[1900.0,650.0,650.0],0.0004674863],
[[1900.0,700.0,700.0],0.0004574555],
[[1900.0,750.0,750.0],0.0004283995],
[[1900.0,800.0,800.0],0.0004342238],
[[1900.0,850.0,850.0],0.0004337539],
[[1900.0,900.0,900.0],0.0003890074],
[[1950.0,1.0,1.0],0.0003592812],
[[1950.0,75.0,75.0],0.0003931526],
[[1950.0,150.0,150.0],0.0004445445],
[[1950.0,200.0,200.0],0.0004038843],
[[1950.0,250.0,250.0],0.0003605736],
[[1950.0,300.0,300.0],0.000400741],
[[1950.0,350.0,350.0],0.0003776787],
[[1950.0,400.0,400.0],0.0003918948],
[[1950.0,450.0,450.0],0.000443325],
[[1950.0,500.0,500.0],0.0004105815],
[[1950.0,550.0,550.0],0.0003790117],
[[1950.0,600.0,600.0],0.0003800178],
[[1950.0,650.0,650.0],0.000373114],
[[1950.0,700.0,700.0],0.0003523663],
[[1950.0,750.0,750.0],0.0003872085],
[[1950.0,800.0,800.0],0.0003932854],
[[1950.0,850.0,850.0],0.0003966746],
[[1950.0,900.0,900.0],0.0004045251],
[[1950.0,950.0,950.0],0.0004784523],
[[2000.0,1.0,1.0],0.0004171375],
[[2000.0,75.0,75.0],0.0004126018],
[[2000.0,150.0,150.0],0.0004486971],
[[2000.0,200.0,200.0],0.0003941883],
[[2000.0,250.0,250.0],0.0004469546],
[[2000.0,300.0,300.0],0.0003856974],
[[2000.0,350.0,350.0],0.0003963344],
[[2000.0,400.0,400.0],0.0004522272],
[[2000.0,450.0,450.0],0.0004003036],
[[2000.0,500.0,500.0],0.0004198913],
[[2000.0,550.0,550.0],0.0004236011],
[[2000.0,600.0,600.0],0.0004214572],
[[2000.0,650.0,650.0],0.0004667601],
[[2000.0,700.0,700.0],0.0004083768],
[[2000.0,750.0,750.0],0.0004416656],
[[2000.0,800.0,800.0],0.00037617],
[[2000.0,850.0,850.0],0.0003855989],
[[2000.0,900.0,900.0],0.0004477332],
[[2000.0,950.0,950.0],0.0004452046],
[[2250.0,1.0,1.0],0.0004327365],
[[2250.0,75.0,75.0],0.000455109],
[[2250.0,150.0,150.0],0.0004668315],
[[2250.0,300.0,300.0],0.0004603916],
[[2250.0,500.0,500.0],0.0004442415],
[[2250.0,750.0,750.0],0.0004285852],
[[2250.0,1000.0,1000.0],0.0004596303],
[[2500.0,1.0,1.0],0.000458368],
[[2500.0,75.0,75.0],0.0004879399],
[[2500.0,150.0,150.0],0.0004472739],
[[2500.0,300.0,300.0],0.0004486141],
[[2500.0,500.0,500.0],0.0004575379],
[[2500.0,750.0,750.0],0.0004928864],
[[2500.0,1000.0,1000.0],0.0004534409],
[[2500.0,1200.0,1200.0],0.0005143429],
[[2750.0,1.0,1.0],0.0005121381],
[[2750.0,75.0,75.0],0.0005406335],
[[2750.0,150.0,150.0],0.0005048282],
[[2750.0,300.0,300.0],0.0004464192],
[[2750.0,500.0,500.0],0.0004632483],
[[2750.0,750.0,750.0],0.0005267225],
[[2750.0,1000.0,1000.0],0.0005108092],
[[2750.0,1200.0,1200.0],0.0005447179],
[[3000.0,1.0,1.0],0.0004752569],
[[3000.0,75.0,75.0],0.000497185],
[[3000.0,150.0,150.0],0.0005163113],
[[3000.0,300.0,300.0],0.000417583],
[[3000.0,500.0,500.0],0.0005124748],
[[3000.0,750.0,750.0],0.0005448531],
[[3000.0,1000.0,1000.0],0.0004603186],
[[3000.0,1200.0,1200.0],0.0005187545],
[[3000.0,1400.0,1400.0],0.000563388]]
