txName: TRV1
constraint: {(PV > Zprime(1)), (Zprime(1) > MET(2),MET(3))}
condition: None
conditionDescription: None
figureUrl: None
source: Recast by CM2
validated: True
axesMap: [{0: 'x', 1: 'y', 2: 'y'}]
dataMap: {0: (1, 'mass', GeV), 1: (2, 'mass', GeV), 2: (3, 'mass', GeV)}
finalState: ['MET', 'MET']
intermediateState: None
efficiencyMap: [[[50.0,0,0],0],
[[50.0,1.0,1.0],0],
[[50.0,10.0,10.0],0.0],
[[50.0,20.0,20.0],0],
[[100.0,0,0],0],
[[100.0,1.0,1.0],0],
[[100.0,10.0,10.0],0],
[[150.0,0,0],0],
[[150.0,1.0,1.0],0],
[[150.0,10.0,10.0],0],
[[150.0,50.0,50.0],0],
[[150.0,70.0,70.0],0],
[[200.0,0,0],0],
[[200.0,1.0,1.0],0],
[[200.0,10.0,10.0],0],
[[200.0,50.0,50.0],0],
[[200.0,75.0,75.0],0],
[[250.0,0,0],8.731035e-06],
[[250.0,1.0,1.0],0],
[[250.0,10.0,10.0],0],
[[250.0,50.0,50.0],0],
[[250.0,75.0,75.0],1.709513e-06],
[[250.0,100.0,100.0],0],
[[250.0,120.0,120.0],0],
[[300.0,0,0],2.369429e-06],
[[300.0,1.0,1.0],2.854963e-06],
[[300.0,10.0,10.0],3.374365e-06],
[[300.0,50.0,50.0],5.28056e-06],
[[300.0,75.0,75.0],2.683203e-06],
[[300.0,100.0,100.0],2.814139e-06],
[[350.0,0,0],3.872382e-06],
[[350.0,1.0,1.0],3.504921e-06],
[[350.0,10.0,10.0],3.201451e-06],
[[350.0,50.0,50.0],3.064585e-06],
[[350.0,75.0,75.0],5.244546e-06],
[[350.0,100.0,100.0],3.842913e-06],
[[350.0,150.0,150.0],4.062828e-06],
[[350.0,170.0,170.0],5.509126e-06],
[[400.0,0,0],6.430331e-06],
[[400.0,1.0,1.0],7.740682e-06],
[[400.0,10.0,10.0],4.557879e-06],
[[400.0,50.0,50.0],6.652843e-06],
[[400.0,75.0,75.0],5.929871e-06],
[[400.0,100.0,100.0],6.362483e-06],
[[400.0,150.0,150.0],6.64116e-06],
[[450.0,0,0],9.278209e-06],
[[450.0,1.0,1.0],8.762532e-06],
[[450.0,10.0,10.0],7.947555e-06],
[[450.0,50.0,50.0],8.248129e-06],
[[450.0,75.0,75.0],7.351814e-06],
[[450.0,100.0,100.0],7.206472e-06],
[[450.0,150.0,150.0],1.016728e-05],
[[450.0,200.0,200.0],7.440457e-06],
[[450.0,220.0,220.0],1.059023e-05],
[[500.0,0,0],1.004662e-05],
[[500.0,1.0,1.0],1.00027e-05],
[[500.0,10.0,10.0],1.069216e-05],
[[500.0,50.0,50.0],1.1375e-05],
[[500.0,75.0,75.0],1.104256e-05],
[[500.0,100.0,100.0],9.889795e-06],
[[500.0,150.0,150.0],1.076537e-05],
[[500.0,200.0,200.0],9.416895e-06],
[[550.0,1.0,1.0],1.694895e-05],
[[550.0,10.0,10.0],1.50618e-05],
[[550.0,75.0,75.0],1.192477e-05],
[[550.0,150.0,150.0],1.563737e-05],
[[550.0,200.0,200.0],1.747419e-05],
[[550.0,250.0,250.0],1.686389e-05],
[[550.0,270.0,270.0],1.604611e-05],
[[600.0,0,0],1.792975e-05],
[[600.0,1.0,1.0],1.726324e-05],
[[600.0,10.0,10.0],1.85592e-05],
[[600.0,50.0,50.0],1.959763e-05],
[[600.0,75.0,75.0],1.486766e-05],
[[600.0,100.0,100.0],1.643879e-05],
[[600.0,150.0,150.0],1.717794e-05],
[[600.0,200.0,200.0],1.909188e-05],
[[600.0,250.0,250.0],1.755864e-05],
[[600.0,295.0,295.0],1.761246e-05],
[[650.0,1.0,1.0],2.154892e-05],
[[650.0,10.0,10.0],2.0112e-05],
[[650.0,75.0,75.0],1.976265e-05],
[[650.0,150.0,150.0],2.307596e-05],
[[650.0,200.0,200.0],2.262338e-05],
[[650.0,250.0,250.0],2.227856e-05],
[[650.0,300.0,300.0],2.520682e-05],
[[650.0,320.0,320.0],2.343202e-05],
[[700.0,0,0],2.522252e-05],
[[700.0,1.0,1.0],2.315475e-05],
[[700.0,10.0,10.0],2.37912e-05],
[[700.0,50.0,50.0],3.031647e-05],
[[700.0,75.0,75.0],2.637827e-05],
[[700.0,100.0,100.0],1.199912e-05],
[[700.0,150.0,150.0],2.93688e-05],
[[700.0,200.0,200.0],2.947613e-05],
[[700.0,250.0,250.0],2.84859e-05],
[[700.0,300.0,300.0],2.790893e-05],
[[750.0,1.0,1.0],2.492689e-05],
[[750.0,10.0,10.0],2.766885e-05],
[[750.0,75.0,75.0],3.100457e-05],
[[750.0,150.0,150.0],2.695189e-05],
[[750.0,200.0,200.0],2.959036e-05],
[[750.0,250.0,250.0],3.166089e-05],
[[750.0,300.0,300.0],2.724559e-05],
[[750.0,350.0,350.0],3.490582e-05],
[[750.0,370.0,370.0],3.048274e-05],
[[800.0,0,0],3.193386e-05],
[[800.0,1.0,1.0],3.683265e-05],
[[800.0,10.0,10.0],3.683764e-05],
[[800.0,50.0,50.0],3.484185e-05],
[[800.0,75.0,75.0],3.317824e-05],
[[800.0,100.0,100.0],3.57194e-05],
[[800.0,150.0,150.0],3.72981e-05],
[[800.0,200.0,200.0],3.517956e-05],
[[800.0,250.0,250.0],3.31741e-05],
[[800.0,300.0,300.0],3.253329e-05],
[[800.0,350.0,350.0],4.165305e-05],
[[850.0,1.0,1.0],4.231554e-05],
[[850.0,10.0,10.0],3.624353e-05],
[[850.0,75.0,75.0],3.768481e-05],
[[850.0,150.0,150.0],3.987462e-05],
[[850.0,200.0,200.0],3.910006e-05],
[[850.0,250.0,250.0],3.866355e-05],
[[850.0,300.0,300.0],4.971313e-05],
[[850.0,350.0,350.0],4.08288e-05],
[[850.0,400.0,400.0],4.767118e-05],
[[850.0,420.0,420.0],4.552569e-05],
[[900.0,0,0],4.175367e-05],
[[900.0,1.0,1.0],4.628806e-05],
[[900.0,10.0,10.0],4.465403e-05],
[[900.0,50.0,50.0],3.780673e-05],
[[900.0,75.0,75.0],4.602484e-05],
[[900.0,100.0,100.0],3.959636e-05],
[[900.0,150.0,150.0],4.9199e-05],
[[900.0,200.0,200.0],4.659848e-05],
[[900.0,250.0,250.0],5.093012e-05],
[[900.0,300.0,300.0],5.086795e-05],
[[900.0,350.0,350.0],4.449251e-05],
[[900.0,400.0,400.0],4.631015e-05],
[[950.0,1.0,1.0],4.652375e-05],
[[950.0,10.0,10.0],5.332812e-05],
[[950.0,75.0,75.0],4.210357e-05],
[[950.0,150.0,150.0],4.198079e-05],
[[950.0,200.0,200.0],5.453218e-05],
[[950.0,250.0,250.0],4.477313e-05],
[[950.0,300.0,300.0],5.865045e-05],
[[950.0,350.0,350.0],5.029207e-05],
[[950.0,400.0,400.0],5.143914e-05],
[[950.0,450.0,450.0],5.068305e-05],
[[950.0,470.0,470.0],7.959866e-05],
[[1000.0,0,0],5.855667e-05],
[[1000.0,50.0,50.0],4.861349e-05],
[[1000.0,100.0,100.0],5.429777e-05],
[[1000.0,150.0,150.0],5.890608e-05],
[[1000.0,200.0,200.0],5.822093e-05],
[[1000.0,250.0,250.0],5.943965e-05],
[[1000.0,300.0,300.0],5.611044e-05],
[[1000.0,350.0,350.0],4.999326e-05],
[[1000.0,400.0,400.0],6.033715e-05],
[[1000.0,450.0,450.0],5.701921e-05],
[[1050.0,520.0,520.0],7.599873e-05],
[[1100.0,0,0],6.813625e-05],
[[1100.0,100.0,100.0],6.667081e-05],
[[1100.0,200.0,200.0],7.679312e-05],
[[1100.0,300.0,300.0],6.471717e-05],
[[1100.0,400.0,400.0],7.362049e-05],
[[1100.0,500.0,500.0],8.759835e-05],
[[1150.0,570.0,570.0],7.646607e-05],
[[1200.0,0,0],7.220831e-05],
[[1200.0,100.0,100.0],0.0001052424],
[[1200.0,200.0,200.0],8.90128e-05],
[[1200.0,300.0,300.0],8.445484e-05],
[[1200.0,400.0,400.0],8.55053e-05],
[[1200.0,500.0,500.0],8.542085e-05],
[[1250.0,620.0,620.0],0.00010331],
[[1300.0,0,0],8.870267e-05],
[[1300.0,100.0,100.0],7.898287e-05],
[[1300.0,200.0,200.0],9.830729e-05],
[[1300.0,300.0,300.0],9.064891e-05],
[[1300.0,400.0,400.0],8.352119e-05],
[[1300.0,500.0,500.0],0.0001076823],
[[1300.0,600.0,600.0],9.822662e-05],
[[1350.0,670.0,670.0],0.0001145845],
[[1400.0,0,0],0.0001039677],
[[1400.0,100.0,100.0],0.000106504],
[[1400.0,200.0,200.0],8.945622e-05],
[[1400.0,300.0,300.0],0.0001039134],
[[1400.0,400.0,400.0],0.0001062674],
[[1400.0,500.0,500.0],0.000116673],
[[1400.0,600.0,600.0],0.0001107401],
[[1450.0,720.0,720.0],0.0001426594],
[[1500.0,0,0],0.00012237],
[[1500.0,100.0,100.0],9.275731e-05],
[[1500.0,200.0,200.0],0.0001289299],
[[1500.0,300.0,300.0],0.0001155978],
[[1500.0,400.0,400.0],0.0001168653],
[[1500.0,500.0,500.0],0.0001182462],
[[1500.0,600.0,600.0],0.0001240691],
[[1500.0,700.0,700.0],0.0001228751],
[[1550.0,770.0,770.0],0.0001351181],
[[1600.0,0,0],0.000110116],
[[1600.0,100.0,100.0],0.0001296748],
[[1600.0,200.0,200.0],0.0001137346],
[[1600.0,300.0,300.0],0.0001298891],
[[1600.0,400.0,400.0],0.0001145732],
[[1600.0,500.0,500.0],0.0001423588],
[[1600.0,600.0,600.0],0.0001291157],
[[1600.0,700.0,700.0],0.0001415099],
[[1650.0,820.0,820.0],0.0001545446],
[[1700.0,0,0],0.0001205841],
[[1700.0,100.0,100.0],0.0001245645],
[[1700.0,200.0,200.0],0.0001292336],
[[1700.0,300.0,300.0],0.0001189445],
[[1700.0,400.0,400.0],0.0001209675],
[[1700.0,500.0,500.0],0.0001364163],
[[1700.0,600.0,600.0],0.0001516369],
[[1700.0,700.0,700.0],0.0001499698],
[[1700.0,800.0,800.0],0.0001577369],
[[1750.0,870.0,870.0],0.000179326],
[[1800.0,0,0],0.0001367014],
[[1800.0,100.0,100.0],0.0001387027],
[[1800.0,200.0,200.0],0.0001546628],
[[1800.0,300.0,300.0],0.0001436326],
[[1800.0,400.0,400.0],0.0001552502],
[[1800.0,500.0,500.0],0.0001373734],
[[1800.0,600.0,600.0],0.0001676399],
[[1800.0,700.0,700.0],0.0001167531],
[[1800.0,800.0,800.0],0.0001554043],
[[1850.0,920.0,920.0],0.0001911497],
[[1900.0,0,0],0.000152748],
[[1900.0,100.0,100.0],0.0001538549],
[[1900.0,200.0,200.0],0.0001388047],
[[1900.0,300.0,300.0],0.0001869252],
[[1900.0,400.0,400.0],0.0001731594],
[[1900.0,500.0,500.0],0.0001811369],
[[1900.0,600.0,600.0],0.0001579885],
[[1900.0,700.0,700.0],0.0001397654],
[[1900.0,800.0,800.0],0.0001631244],
[[1900.0,900.0,900.0],0.0001778834],
[[1950.0,970.0,970.0],0.0001710086],
[[2000.0,0,0],0.0001509105],
[[2000.0,100.0,100.0],0.0001677682],
[[2000.0,200.0,200.0],0.0001328201],
[[2000.0,300.0,300.0],0.0001670667],
[[2000.0,400.0,400.0],0.0001599491],
[[2000.0,500.0,500.0],0.0001721537],
[[2000.0,600.0,600.0],0.0001363671],
[[2000.0,700.0,700.0],0.0001774563],
[[2000.0,800.0,800.0],0.0001623141],
[[2000.0,900.0,900.0],0.0001882823],
[[2050.0,1020.0,1020.0],0.0002001097],
[[2100.0,0,0],0.0001462735],
[[2100.0,100.0,100.0],0.0001322382],
[[2100.0,200.0,200.0],0.0001769822],
[[2100.0,300.0,300.0],0.0001526087],
[[2100.0,400.0,400.0],0.0001934635],
[[2100.0,500.0,500.0],0.0002000185],
[[2100.0,600.0,600.0],0.0001772617],
[[2100.0,700.0,700.0],0.0001682247],
[[2100.0,800.0,800.0],0.0001601304],
[[2100.0,900.0,900.0],0.0002009033],
[[2100.0,1000.0,1000.0],0.000179109],
[[2150.0,1070.0,1070.0],0.0001893868],
[[2200.0,0,0],0.0001773036],
[[2200.0,100.0,100.0],0.0001681655],
[[2200.0,200.0,200.0],0.0001607774],
[[2200.0,300.0,300.0],0.0001659529],
[[2200.0,400.0,400.0],0.0001980636],
[[2200.0,500.0,500.0],0.0001766327],
[[2200.0,600.0,600.0],0.0001959349],
[[2200.0,700.0,700.0],0.0001718089],
[[2200.0,800.0,800.0],0.0001848266],
[[2200.0,900.0,900.0],0.0001992723],
[[2200.0,1000.0,1000.0],0.0001919794],
[[2250.0,1120.0,1120.0],0.000216287],
[[2300.0,0,0],0.0001687532],
[[2300.0,100.0,100.0],0.000187561],
[[2300.0,200.0,200.0],0.0001782251],
[[2300.0,300.0,300.0],0.0001911952],
[[2300.0,400.0,400.0],0.0001746995],
[[2300.0,500.0,500.0],0.0001901957],
[[2300.0,600.0,600.0],0.0002195802],
[[2300.0,700.0,700.0],0.000172696],
[[2300.0,800.0,800.0],0.0002335501],
[[2300.0,900.0,900.0],0.0001953347],
[[2300.0,1000.0,1000.0],0.0002189973],
[[2300.0,1100.0,1100.0],0.0002004515],
[[2350.0,1170.0,1170.0],0.0002120536],
[[2400.0,0,0],0.000183339],
[[2400.0,100.0,100.0],0.0001874579],
[[2400.0,200.0,200.0],0.0001767002],
[[2400.0,300.0,300.0],0.0001795464],
[[2400.0,400.0,400.0],0.000179873],
[[2400.0,500.0,500.0],0.0001929105],
[[2400.0,600.0,600.0],0.0001885454],
[[2400.0,700.0,700.0],0.0001977226],
[[2400.0,800.0,800.0],0.0001916858],
[[2400.0,900.0,900.0],0.0002024706],
[[2400.0,1000.0,1000.0],0.0001859027],
[[2400.0,1100.0,1100.0],0.0002242834],
[[2450.0,1220.0,1220.0],0.0002138381],
[[2500.0,0,0],0.0001712741],
[[2500.0,100.0,100.0],0.000157907],
[[2500.0,200.0,200.0],0.0002032171],
[[2500.0,300.0,300.0],0.0001840314],
[[2500.0,400.0,400.0],0.0001993809],
[[2500.0,500.0,500.0],0.0002102426],
[[2500.0,600.0,600.0],0.0002066339],
[[2500.0,700.0,700.0],0.0001978871],
[[2500.0,800.0,800.0],0.0001996295],
[[2500.0,900.0,900.0],0.0002122803],
[[2500.0,1000.0,1000.0],0.0002344519],
[[2500.0,1100.0,1100.0],0.0001945535],
[[2500.0,1200.0,1200.0],0.000227848],
[[2550.0,1270.0,1270.0],0.0001984554],
[[2600.0,0,0],0.0001823907],
[[2600.0,100.0,100.0],0.0001831246],
[[2600.0,200.0,200.0],0.0001779475],
[[2600.0,300.0,300.0],0.0001929562],
[[2600.0,400.0,400.0],0.0002089198],
[[2600.0,500.0,500.0],0.000208538],
[[2600.0,600.0,600.0],0.0002289835],
[[2600.0,700.0,700.0],0.0002143678],
[[2600.0,800.0,800.0],0.0001940812],
[[2600.0,900.0,900.0],0.0002296677],
[[2600.0,1000.0,1000.0],0.0002149457],
[[2600.0,1100.0,1100.0],0.0002106855],
[[2600.0,1200.0,1200.0],0.0002063068],
[[2650.0,1320.0,1320.0],0.0002353256],
[[2700.0,0,0],0.0001868727],
[[2700.0,100.0,100.0],0.0001815992],
[[2700.0,200.0,200.0],0.0001865521],
[[2700.0,300.0,300.0],0.0001885212],
[[2700.0,400.0,400.0],0.0001962921],
[[2700.0,500.0,500.0],0.0002177067],
[[2700.0,600.0,600.0],0.0002262976],
[[2700.0,700.0,700.0],0.0002070834],
[[2700.0,800.0,800.0],0.0002113997],
[[2700.0,900.0,900.0],0.0002282748],
[[2700.0,1000.0,1000.0],0.0002097442],
[[2700.0,1100.0,1100.0],0.0002280523],
[[2700.0,1200.0,1200.0],0.0002225271],
[[2700.0,1300.0,1300.0],0.0002169464],
[[2750.0,1370.0,1370.0],0.0002293775],
[[2800.0,0,0],0.0001855334],
[[2800.0,100.0,100.0],0.0001727946],
[[2800.0,200.0,200.0],0.0002029396],
[[2800.0,300.0,300.0],0.0002020867],
[[2800.0,400.0,400.0],0.0002074022],
[[2800.0,500.0,500.0],0.0002050056],
[[2800.0,600.0,600.0],0.0002162967],
[[2800.0,700.0,700.0],0.0002267861],
[[2800.0,800.0,800.0],0.0001941599],
[[2800.0,900.0,900.0],0.0002204384],
[[2800.0,1000.0,1000.0],0.0002348684],
[[2800.0,1100.0,1100.0],0.000227335],
[[2800.0,1200.0,1200.0],0.0002530667],
[[2800.0,1300.0,1300.0],0.0002446446],
[[2850.0,1420.0,1420.0],0.0002167025],
[[2900.0,0,0],0.0001774362],
[[2900.0,100.0,100.0],0.0001944159],
[[2900.0,200.0,200.0],0.0001821691],
[[2900.0,300.0,300.0],0.0002125902],
[[2900.0,400.0,400.0],0.0002122895],
[[2900.0,500.0,500.0],0.0004249996],
[[2900.0,600.0,600.0],0.0002138416],
[[2900.0,700.0,700.0],0.0002219881],
[[2900.0,800.0,800.0],0.0002113086],
[[2900.0,900.0,900.0],9.920251e-05],
[[2900.0,1000.0,1000.0],0.0002210266],
[[2900.0,1100.0,1100.0],0.0002152649],
[[2900.0,1200.0,1200.0],0.000209912],
[[2900.0,1300.0,1300.0],0.0002131552],
[[2900.0,1400.0,1400.0],0.0002212453],
[[2950.0,1470.0,1470.0],0.0002464424],
[[3000.0,0,0],0.0001736968],
[[3000.0,100.0,100.0],0.0001952388],
[[3000.0,200.0,200.0],0.0001946208],
[[3000.0,300.0,300.0],0.0002005355],
[[3000.0,400.0,400.0],0.0002052195],
[[3000.0,500.0,500.0],0.0002072572],
[[3000.0,600.0,600.0],0.0002166831],
[[3000.0,700.0,700.0],0.0002199525],
[[3000.0,800.0,800.0],0.0002284159],
[[3000.0,900.0,900.0],0.0002234826],
[[3000.0,1000.0,1000.0],0.0002226613],
[[3000.0,1100.0,1100.0],0.0002185553],
[[3000.0,1200.0,1200.0],0.0002275035],
[[3000.0,1300.0,1300.0],0.0002247599],
[[3000.0,1400.0,1400.0],0.0002246164]]
