txName: TRS1
constraint: {(PV > H0(1)), (H0(1) > MET(2),MET(3))}
condition: None
conditionDescription: None
figureUrl: https://cms-results.web.cern.ch/cms-results/public-results/publications/EXO-20-004/CMS-EXO-20-004_Figure_009-a.png
source: https://doi.org/10.5281/zenodo.13324003
validated: True
axesMap: [{0: 'x', 1: '1.0', 2: '1.0'}, {0: 'x', 1: 'y', 2: 'y'}]
dataMap: {0: (1, 'mass', GeV), 1: (2, 'mass', GeV), 2: (3, 'mass', GeV)}
finalState: ['MET', 'MET']
intermediateState: None
efficiencyMap: [[[100.0,1.0,1.0],1.098636e-07],
[[100.0,10.0,10.0],1.05441e-07],
[[150.0,1.0,1.0],2.212501e-07],
[[150.0,50.0,50.0],2.252583e-07],
[[200.0,1.0,1.0],3.710641e-07],
[[200.0,50.0,50.0],2.753998e-07],
[[200.0,100.0,100.0],8.335227e-07],
[[250.0,1.0,1.0],3.449532e-07],
[[250.0,10.0,10.0],6.386787e-07],
[[250.0,50.0,50.0],3.999506e-07],
[[250.0,100.0,100.0],7.357193e-07],
[[300.0,1.0,1.0],5.395951e-07],
[[300.0,50.0,50.0],8.119096e-07],
[[300.0,100.0,100.0],6.093326e-07],
[[350.0,1.0,1.0],1.229741e-06],
[[350.0,50.0,50.0],1.003515e-06],
[[350.0,100.0,100.0],8.217077e-07],
[[350.0,150.0,150.0],9.581768e-07],
[[400.0,1.0,1.0],1.105416e-06],
[[400.0,50.0,50.0],9.761597e-07],
[[400.0,100.0,100.0],1.253629e-06],
[[400.0,150.0,150.0],1.191518e-06],
[[450.0,1.0,1.0],1.439308e-06],
[[450.0,50.0,50.0],1.638863e-06],
[[450.0,100.0,100.0],1.745953e-06],
[[450.0,150.0,150.0],1.896194e-06],
[[450.0,200.0,200.0],1.363614e-06],
[[500.0,1.0,1.0],1.940142e-06],
[[500.0,10.0,10.0],2.367082e-06],
[[500.0,50.0,50.0],2.354728e-06],
[[500.0,100.0,100.0],1.970495e-06],
[[500.0,150.0,150.0],1.881571e-06],
[[500.0,200.0,200.0],1.260522e-06],
[[550.0,1.0,1.0],3.27412e-06],
[[550.0,50.0,50.0],2.741661e-06],
[[550.0,100.0,100.0],3.549139e-06],
[[550.0,150.0,150.0],2.954685e-06],
[[550.0,200.0,200.0],3.313777e-06],
[[550.0,250.0,250.0],3.491512e-06],
[[600.0,1.0,1.0],5.038981e-06],
[[600.0,50.0,50.0],4.132731e-06],
[[600.0,100.0,100.0],4.549272e-06],
[[600.0,150.0,150.0],4.762141e-06],
[[600.0,200.0,200.0],4.360176e-06],
[[600.0,250.0,250.0],3.61003e-06],
[[650.0,1.0,1.0],4.963424e-06],
[[650.0,50.0,50.0],5.03612e-06],
[[650.0,100.0,100.0],4.845094e-06],
[[650.0,150.0,150.0],5.443079e-06],
[[650.0,200.0,200.0],4.119839e-06],
[[650.0,250.0,250.0],5.067217e-06],
[[650.0,300.0,300.0],6.071224e-06],
[[700.0,1.0,1.0],7.778026e-06],
[[700.0,50.0,50.0],5.950658e-06],
[[700.0,100.0,100.0],6.850383e-06],
[[700.0,150.0,150.0],7.308844e-06],
[[700.0,200.0,200.0],6.055483e-06],
[[700.0,250.0,250.0],7.213423e-06],
[[700.0,300.0,300.0],8.063376e-06],
[[750.0,1.0,1.0],7.835865e-06],
[[750.0,10.0,10.0],8.095178e-06],
[[750.0,50.0,50.0],9.067432e-06],
[[750.0,100.0,100.0],8.174671e-06],
[[750.0,150.0,150.0],8.160063e-06],
[[750.0,200.0,200.0],8.165782e-06],
[[750.0,250.0,250.0],9.478684e-06],
[[750.0,300.0,300.0],9.367826e-06],
[[750.0,350.0,350.0],1.039838e-05],
[[800.0,1.0,1.0],8.985018e-06],
[[800.0,150.0,150.0],1.127733e-05],
[[800.0,200.0,200.0],1.24844e-05],
[[800.0,250.0,250.0],1.145828e-05],
[[800.0,300.0,300.0],1.230308e-05],
[[800.0,350.0,350.0],1.548247e-05],
[[850.0,1.0,1.0],1.345899e-05],
[[850.0,150.0,150.0],1.551375e-05],
[[850.0,200.0,200.0],1.389386e-05],
[[850.0,250.0,250.0],1.430065e-05],
[[850.0,300.0,300.0],1.560694e-05],
[[850.0,350.0,350.0],1.88705e-05],
[[850.0,400.0,400.0],1.735244e-05],
[[900.0,1.0,1.0],1.687116e-05],
[[900.0,150.0,150.0],1.615229e-05],
[[900.0,200.0,200.0],1.409205e-05],
[[900.0,250.0,250.0],1.5736e-05],
[[900.0,300.0,300.0],1.9557e-05],
[[900.0,350.0,350.0],1.79453e-05],
[[900.0,400.0,400.0],1.892817e-05],
[[950.0,1.0,1.0],1.963386e-05],
[[950.0,150.0,150.0],1.962276e-05],
[[950.0,200.0,200.0],2.248914e-05],
[[950.0,250.0,250.0],2.617562e-05],
[[950.0,300.0,300.0],2.347391e-05],
[[950.0,350.0,350.0],1.961829e-05],
[[950.0,400.0,400.0],2.787742e-05],
[[950.0,450.0,450.0],2.763217e-05],
[[1000.0,1.0,1.0],2.139443e-05],
[[1000.0,10.0,10.0],2.364502e-05],
[[1000.0,50.0,50.0],1.988193e-05],
[[1000.0,100.0,100.0],2.347752e-05],
[[1000.0,150.0,150.0],2.279688e-05],
[[1000.0,200.0,200.0],2.66219e-05],
[[1000.0,250.0,250.0],2.828373e-05],
[[1000.0,300.0,300.0],2.366044e-05],
[[1000.0,350.0,350.0],2.725072e-05],
[[1000.0,400.0,400.0],3.094929e-05],
[[1000.0,450.0,450.0],3.494639e-05],
[[1050.0,1.0,1.0],2.693669e-05],
[[1050.0,150.0,150.0],2.795067e-05],
[[1050.0,200.0,200.0],3.061079e-05],
[[1050.0,250.0,250.0],3.072163e-05],
[[1050.0,300.0,300.0],2.776664e-05],
[[1050.0,350.0,350.0],3.210059e-05],
[[1050.0,400.0,400.0],3.128442e-05],
[[1050.0,450.0,450.0],3.643146e-05],
[[1050.0,500.0,500.0],3.319265e-05],
[[1100.0,1.0,1.0],3.15312e-05],
[[1100.0,150.0,150.0],3.123125e-05],
[[1100.0,200.0,200.0],2.884785e-05],
[[1100.0,250.0,250.0],3.401158e-05],
[[1100.0,300.0,300.0],4.152708e-05],
[[1100.0,350.0,350.0],0.0001861497],
[[1100.0,400.0,400.0],3.098326e-05],
[[1100.0,450.0,450.0],4.177622e-05],
[[1100.0,500.0,500.0],3.988925e-05],
[[1150.0,1.0,1.0],3.048088e-05],
[[1150.0,150.0,150.0],3.232609e-05],
[[1150.0,200.0,200.0],3.920914e-05],
[[1150.0,250.0,250.0],4.159255e-05],
[[1150.0,300.0,300.0],3.987352e-05],
[[1150.0,350.0,350.0],4.289287e-05],
[[1150.0,400.0,400.0],5.001353e-05],
[[1150.0,450.0,450.0],3.651558e-05],
[[1150.0,500.0,500.0],4.211706e-05],
[[1150.0,550.0,550.0],5.202374e-05],
[[1200.0,1.0,1.0],3.65557e-05],
[[1200.0,150.0,150.0],4.138486e-05],
[[1200.0,200.0,200.0],3.941826e-05],
[[1200.0,250.0,250.0],4.388854e-05],
[[1200.0,300.0,300.0],4.197815e-05],
[[1200.0,350.0,350.0],5.041684e-05],
[[1200.0,400.0,400.0],5.102124e-05],
[[1200.0,450.0,450.0],5.105839e-05],
[[1200.0,500.0,500.0],5.225736e-05],
[[1200.0,550.0,550.0],5.714664e-05],
[[1250.0,1.0,1.0],3.693158e-05],
[[1250.0,10.0,10.0],3.567748e-05],
[[1250.0,50.0,50.0],3.929039e-05],
[[1250.0,100.0,100.0],3.790404e-05],
[[1250.0,150.0,150.0],4.342748e-05],
[[1250.0,200.0,200.0],5.191528e-05],
[[1250.0,250.0,250.0],5.003215e-05],
[[1250.0,300.0,300.0],5.745833e-05],
[[1250.0,350.0,350.0],5.28206e-05],
[[1250.0,400.0,400.0],7.104245e-05],
[[1250.0,450.0,450.0],5.148948e-05],
[[1250.0,500.0,500.0],5.642052e-05],
[[1250.0,550.0,550.0],6.268674e-05],
[[1250.0,600.0,600.0],7.207066e-05],
[[1300.0,1.0,1.0],4.597282e-05],
[[1300.0,150.0,150.0],5.471405e-05],
[[1300.0,200.0,200.0],6.383037e-05],
[[1300.0,250.0,250.0],5.494621e-05],
[[1300.0,300.0,300.0],6.144087e-05],
[[1300.0,350.0,350.0],5.565285e-05],
[[1300.0,400.0,400.0],6.680509e-05],
[[1300.0,450.0,450.0],6.255481e-05],
[[1300.0,500.0,500.0],6.517589e-05],
[[1300.0,550.0,550.0],7.267475e-05],
[[1300.0,600.0,600.0],7.096386e-05],
[[1350.0,1.0,1.0],4.863061e-05],
[[1350.0,150.0,150.0],5.31849e-05],
[[1350.0,200.0,200.0],6.670384e-05],
[[1350.0,250.0,250.0],5.836236e-05],
[[1350.0,300.0,300.0],6.674516e-05],
[[1350.0,350.0,350.0],7.175767e-05],
[[1350.0,400.0,400.0],6.710541e-05],
[[1350.0,450.0,450.0],7.657066e-05],
[[1350.0,500.0,500.0],6.488387e-05],
[[1350.0,550.0,550.0],8.413854e-05],
[[1350.0,600.0,600.0],8.73909e-05],
[[1350.0,650.0,650.0],7.687445e-05],
[[1400.0,1.0,1.0],5.276617e-05],
[[1400.0,150.0,150.0],5.321093e-05],
[[1400.0,200.0,200.0],6.531846e-05],
[[1400.0,250.0,250.0],7.790805e-05],
[[1400.0,300.0,300.0],6.373611e-05],
[[1400.0,350.0,350.0],8.146163e-05],
[[1400.0,400.0,400.0],7.773647e-05],
[[1400.0,450.0,450.0],7.393539e-05],
[[1400.0,500.0,500.0],7.81991e-05],
[[1400.0,550.0,550.0],7.879347e-05],
[[1400.0,600.0,600.0],9.232983e-05],
[[1400.0,650.0,650.0],8.931069e-05],
[[1450.0,1.0,1.0],5.097384e-05],
[[1450.0,150.0,150.0],6.321072e-05],
[[1450.0,200.0,200.0],7.525298e-05],
[[1450.0,250.0,250.0],7.237649e-05],
[[1450.0,300.0,300.0],7.549933e-05],
[[1450.0,350.0,350.0],6.76031e-05],
[[1450.0,400.0,400.0],8.942942e-05],
[[1450.0,450.0,450.0],8.055455e-05],
[[1450.0,500.0,500.0],6.811849e-05],
[[1450.0,550.0,550.0],9.022344e-05],
[[1450.0,600.0,600.0],8.378712e-05],
[[1450.0,650.0,650.0],9.700042e-05],
[[1450.0,700.0,700.0],9.026119e-05],
[[1500.0,1.0,1.0],6.104907e-05],
[[1500.0,10.0,10.0],6.346424e-05],
[[1500.0,50.0,50.0],5.692022e-05],
[[1500.0,100.0,100.0],7.376443e-05],
[[1500.0,150.0,150.0],5.942681e-05],
[[1500.0,200.0,200.0],8.194293e-05],
[[1500.0,250.0,250.0],7.760117e-05],
[[1500.0,300.0,300.0],8.853101e-05],
[[1500.0,350.0,350.0],7.989608e-05],
[[1500.0,400.0,400.0],9.802957e-05],
[[1500.0,450.0,450.0],8.727251e-05],
[[1500.0,500.0,500.0],0.0001174571],
[[1500.0,550.0,550.0],8.591527e-05],
[[1500.0,600.0,600.0],0.0001262815],
[[1500.0,650.0,650.0],0.0001473716],
[[1500.0,700.0,700.0],0.0001041962],
[[1500.0,750.0,750.0],0.0001144119],
[[1550.0,1.0,1.0],6.221689e-05],
[[1550.0,150.0,150.0],7.873656e-05],
[[1550.0,200.0,200.0],7.775527e-05],
[[1550.0,250.0,250.0],7.730522e-05],
[[1550.0,300.0,300.0],8.829824e-05],
[[1550.0,350.0,350.0],8.313363e-05],
[[1550.0,400.0,400.0],9.90222e-05],
[[1550.0,450.0,450.0],0.0001056001],
[[1550.0,500.0,500.0],0.0001112637],
[[1550.0,550.0,550.0],0.0001068218],
[[1550.0,600.0,600.0],9.943398e-05],
[[1550.0,650.0,650.0],0.0001090783],
[[1550.0,700.0,700.0],9.571882e-05],
[[1550.0,750.0,750.0],0.0001230349],
[[1600.0,1.0,1.0],6.091817e-05],
[[1600.0,150.0,150.0],0.0001335616],
[[1600.0,200.0,200.0],9.18704e-05],
[[1600.0,250.0,250.0],7.667144e-05],
[[1600.0,300.0,300.0],0.0001134615],
[[1600.0,350.0,350.0],0.0001059513],
[[1600.0,400.0,400.0],0.0001013223],
[[1600.0,450.0,450.0],9.158625e-05],
[[1600.0,500.0,500.0],0.0001142011],
[[1600.0,550.0,550.0],0.0001134468],
[[1600.0,600.0,600.0],0.000118455],
[[1600.0,650.0,650.0],0.0001140245],
[[1600.0,700.0,700.0],0.0001343346],
[[1600.0,750.0,750.0],0.000121854],
[[1650.0,1.0,1.0],5.711782e-05],
[[1650.0,150.0,150.0],7.32693e-05],
[[1650.0,200.0,200.0],0.0001109934],
[[1650.0,250.0,250.0],0.0001352985],
[[1650.0,300.0,300.0],0.0001000823],
[[1650.0,350.0,350.0],0.0001066429],
[[1650.0,400.0,400.0],0.0001016686],
[[1650.0,450.0,450.0],9.594496e-05],
[[1650.0,500.0,500.0],9.444026e-05],
[[1650.0,550.0,550.0],0.000185808],
[[1650.0,600.0,600.0],0.0001195712],
[[1650.0,650.0,650.0],0.000157373],
[[1650.0,700.0,700.0],0.0001274956],
[[1650.0,750.0,750.0],0.0001251166],
[[1650.0,800.0,800.0],0.000188548],
[[1700.0,1.0,1.0],7.656739e-05],
[[1700.0,150.0,150.0],8.207812e-05],
[[1700.0,200.0,200.0],9.67607e-05],
[[1700.0,250.0,250.0],0.0001344091],
[[1700.0,300.0,300.0],0.0001274066],
[[1700.0,350.0,350.0],9.906339e-05],
[[1700.0,400.0,400.0],0.0001044557],
[[1700.0,450.0,450.0],0.0001447848],
[[1700.0,500.0,500.0],0.0001401793],
[[1700.0,550.0,550.0],0.0001260654],
[[1700.0,600.0,600.0],0.0001310379],
[[1700.0,650.0,650.0],0.0001259293],
[[1700.0,700.0,700.0],0.0001251614],
[[1700.0,750.0,750.0],0.0001480955],
[[1700.0,800.0,800.0],0.0002302491],
[[1750.0,1.0,1.0],7.052935e-05],
[[1750.0,10.0,10.0],7.248338e-05],
[[1750.0,50.0,50.0],7.462083e-05],
[[1750.0,100.0,100.0],8.143621e-05],
[[1750.0,150.0,150.0],7.998932e-05],
[[1750.0,200.0,200.0],0.0001004741],
[[1750.0,250.0,250.0],0.0001322109],
[[1750.0,300.0,300.0],0.0002440011],
[[1750.0,350.0,350.0],0.0001259328],
[[1750.0,400.0,400.0],0.0001852082],
[[1750.0,450.0,450.0],0.0001381098],
[[1750.0,500.0,500.0],0.0001204795],
[[1750.0,550.0,550.0],0.0001389272],
[[1750.0,600.0,600.0],0.0001401359],
[[1750.0,650.0,650.0],0.0001480648],
[[1750.0,700.0,700.0],0.0001649674],
[[1750.0,750.0,750.0],0.0001438038],
[[1750.0,800.0,800.0],0.000151836],
[[1750.0,850.0,850.0],0.0001641433],
[[1800.0,1.0,1.0],5.650441e-05],
[[1800.0,150.0,150.0],9.794922e-05],
[[1800.0,200.0,200.0],9.896728e-05],
[[1800.0,250.0,250.0],0.0001284918],
[[1800.0,300.0,300.0],0.0001077626],
[[1800.0,350.0,350.0],0.0001450202],
[[1800.0,400.0,400.0],0.0001684126],
[[1800.0,450.0,450.0],0.0001783035],
[[1800.0,500.0,500.0],0.0004226395],
[[1800.0,550.0,550.0],0.0001878582],
[[1800.0,600.0,600.0],0.0001763822],
[[1800.0,650.0,650.0],0.000149038],
[[1800.0,700.0,700.0],0.0001467771],
[[1800.0,750.0,750.0],0.0001960868],
[[1800.0,800.0,800.0],0.0002164261],
[[1800.0,850.0,850.0],0.0001436729],
[[1850.0,1.0,1.0],7.344068e-05],
[[1850.0,150.0,150.0],9.98849e-05],
[[1850.0,200.0,200.0],0.0001008068],
[[1850.0,250.0,250.0],0.0001212102],
[[1850.0,300.0,300.0],0.0001425137],
[[1850.0,350.0,350.0],0.0001725606],
[[1850.0,400.0,400.0],0.0003119922],
[[1850.0,450.0,450.0],0.0001602401],
[[1850.0,500.0,500.0],0.0001292875],
[[1850.0,550.0,550.0],0.0001645793],
[[1850.0,600.0,600.0],0.0001492906],
[[1850.0,650.0,650.0],0.0001526858],
[[1850.0,700.0,700.0],0.0003116907],
[[1850.0,750.0,750.0],0.000184075],
[[1850.0,800.0,800.0],0.0001521029],
[[1850.0,850.0,850.0],0.000181587],
[[1850.0,900.0,900.0],0.0001992152],
[[1900.0,1.0,1.0],7.541674e-05],
[[1900.0,150.0,150.0],9.374907e-05],
[[1900.0,200.0,200.0],0.0001206379],
[[1900.0,250.0,250.0],0.0001203248],
[[1900.0,300.0,300.0],0.0001173613],
[[1900.0,350.0,350.0],0.0001633576],
[[1900.0,400.0,400.0],0.0001456561],
[[1900.0,450.0,450.0],0.0001538664],
[[1900.0,500.0,500.0],0.0001476876],
[[1900.0,550.0,550.0],0.0001828201],
[[1900.0,600.0,600.0],0.0001748901],
[[1900.0,650.0,650.0],0.0001412782],
[[1900.0,700.0,700.0],0.0002045091],
[[1900.0,750.0,750.0],0.0001841975],
[[1900.0,800.0,800.0],0.0001714756],
[[1900.0,850.0,850.0],0.0001683246],
[[1900.0,900.0,900.0],0.0001811706],
[[1950.0,1.0,1.0],7.306374e-05],
[[1950.0,150.0,150.0],0.0001091508],
[[1950.0,200.0,200.0],0.0001149088],
[[1950.0,250.0,250.0],0.0001641944],
[[1950.0,300.0,300.0],0.0001216224],
[[1950.0,350.0,350.0],0.0001258138],
[[1950.0,400.0,400.0],0.0001457098],
[[1950.0,450.0,450.0],0.0001590087],
[[1950.0,500.0,500.0],0.0001480486],
[[1950.0,550.0,550.0],0.000161285],
[[1950.0,600.0,600.0],0.0001795879],
[[1950.0,650.0,650.0],0.0001632368],
[[1950.0,700.0,700.0],0.000232476],
[[1950.0,750.0,750.0],0.0001753617],
[[1950.0,800.0,800.0],0.0001889304],
[[1950.0,850.0,850.0],0.0001758166],
[[1950.0,900.0,900.0],0.0002819984],
[[1950.0,950.0,950.0],0.0001935656],
[[2000.0,1.0,1.0],7.103076e-05],
[[2000.0,10.0,10.0],6.667696e-05],
[[2000.0,50.0,50.0],8.644116e-05],
[[2000.0,100.0,100.0],8.382791e-05],
[[2000.0,150.0,150.0],0.0001010364],
[[2000.0,200.0,200.0],0.000109491],
[[2000.0,250.0,250.0],0.0001342477],
[[2000.0,300.0,300.0],0.0001478358],
[[2000.0,350.0,350.0],0.0001448517],
[[2000.0,400.0,400.0],0.0001330492],
[[2000.0,450.0,450.0],0.0001548091],
[[2000.0,500.0,500.0],0.0001864005],
[[2000.0,550.0,550.0],0.0001722308],
[[2000.0,600.0,600.0],0.0001816032],
[[2000.0,650.0,650.0],0.0001851423],
[[2000.0,700.0,700.0],0.0002303125],
[[2000.0,750.0,750.0],0.0002033916],
[[2000.0,800.0,800.0],0.0002013064],
[[2000.0,850.0,850.0],0.0001761981],
[[2000.0,900.0,900.0],0.0002039055],
[[2000.0,950.0,950.0],0.0002826389],
[[2250.0,1.0,1.0],8.860799e-05],
[[2250.0,10.0,10.0],0.0001001245],
[[2250.0,50.0,50.0],8.875559e-05],
[[2250.0,100.0,100.0],7.627991e-05],
[[2250.0,150.0,150.0],9.211497e-05],
[[2250.0,300.0,300.0],0.0001649869],
[[2250.0,500.0,500.0],0.0002290615],
[[2250.0,750.0,750.0],0.0002497075],
[[2250.0,1000.0,1000.0],0.0002353788],
[[2500.0,1.0,1.0],6.915546e-05],
[[2500.0,10.0,10.0],7.240919e-05],
[[2500.0,50.0,50.0],6.599492e-05],
[[2500.0,100.0,100.0],0.0001081935],
[[2500.0,150.0,150.0],0.0001166954],
[[2500.0,300.0,300.0],0.0001864188],
[[2500.0,500.0,500.0],0.0002190306],
[[2500.0,750.0,750.0],0.0002940145],
[[2500.0,1000.0,1000.0],0.0002772448],
[[2500.0,1200.0,1200.0],0.0003180362],
[[2750.0,1.0,1.0],6.792418e-05],
[[2750.0,10.0,10.0],5.652413e-05],
[[2750.0,50.0,50.0],6.328665e-05],
[[2750.0,100.0,100.0],8.294801e-05],
[[2750.0,150.0,150.0],8.323626e-05],
[[2750.0,300.0,300.0],0.0001742285],
[[2750.0,500.0,500.0],0.0002303196],
[[2750.0,750.0,750.0],0.0002654173],
[[2750.0,1000.0,1000.0],0.0003374392],
[[2750.0,1200.0,1200.0],0.0003222889],
[[3000.0,1.0,1.0],4.288378e-05],
[[3000.0,10.0,10.0],5.22536e-05],
[[3000.0,50.0,50.0],5.661035e-05],
[[3000.0,100.0,100.0],5.763562e-05],
[[3000.0,150.0,150.0],9.022722e-05],
[[3000.0,300.0,300.0],0.000168915],
[[3000.0,500.0,500.0],0.0002646718],
[[3000.0,750.0,750.0],0.0003356185],
[[3000.0,1000.0,1000.0],0.0003210116],
[[3000.0,1200.0,1200.0],0.000350619],
[[3000.0,1400.0,1400.0],0.0003848439]]
