txName: TRV1
constraint: {(PV > Zprime(1)), (Zprime(1) > MET(2),MET(3))}
condition: None
conditionDescription: None
figureUrl: https://cms-results.web.cern.ch/cms-results/public-results/publications/EXO-20-004/CMS-EXO-20-004_Figure_007-b.png
source: https://doi.org/10.5281/zenodo.13324003
validated: True
axesMap: [{0: 'x', 1: 'y', 2: 'y'}]
dataMap: {0: (1, 'mass', GeV), 1: (2, 'mass', GeV), 2: (3, 'mass', GeV)}
finalState: ['MET', 'MET']
intermediateState: None
efficiencyMap: [[[50.0,1.0,1.0],2.236525e-09],
[[100.0,1.0,1.0],6.399215e-09],
[[100.0,10.0,10.0],1.194762e-08],
[[150.0,1.0,1.0],6.863587e-08],
[[150.0,75.0,75.0],8.156807e-08],
[[200.0,1.0,1.0],9.730764e-08],
[[200.0,75.0,75.0],1.049951e-07],
[[250.0,1.0,1.0],3.359239e-07],
[[250.0,10.0,10.0],4.045236e-07],
[[250.0,75.0,75.0],3.47466e-07],
[[300.0,1.0,1.0],6.520423e-07],
[[300.0,75.0,75.0],5.862757e-07],
[[350.0,1.0,1.0],1.217979e-06],
[[350.0,75.0,75.0],7.550992e-07],
[[350.0,150.0,150.0],8.480213e-07],
[[400.0,1.0,1.0],1.807321e-06],
[[400.0,75.0,75.0],9.614363e-07],
[[400.0,150.0,150.0],8.897758e-07],
[[450.0,1.0,1.0],2.162035e-06],
[[450.0,75.0,75.0],1.842959e-06],
[[450.0,150.0,150.0],1.982398e-06],
[[450.0,200.0,200.0],2.39157e-06],
[[500.0,1.0,1.0],2.365309e-06],
[[500.0,10.0,10.0],2.515559e-06],
[[500.0,75.0,75.0],2.132079e-06],
[[500.0,150.0,150.0],1.865192e-06],
[[500.0,200.0,200.0],3.641514e-06],
[[550.0,1.0,1.0],3.513248e-06],
[[550.0,75.0,75.0],3.418816e-06],
[[550.0,150.0,150.0],4.530331e-06],
[[550.0,200.0,200.0],3.238872e-06],
[[550.0,250.0,250.0],4.6794e-06],
[[600.0,1.0,1.0],3.75199e-06],
[[600.0,75.0,75.0],4.217859e-06],
[[600.0,150.0,150.0],3.702608e-06],
[[600.0,200.0,200.0],5.233136e-06],
[[600.0,250.0,250.0],3.411396e-06],
[[650.0,1.0,1.0],5.336598e-06],
[[650.0,75.0,75.0],5.256539e-06],
[[650.0,150.0,150.0],5.640524e-06],
[[650.0,200.0,200.0],5.262223e-06],
[[650.0,250.0,250.0],7.227396e-06],
[[650.0,300.0,300.0],6.604233e-06],
[[700.0,1.0,1.0],5.928196e-06],
[[700.0,75.0,75.0],5.791319e-06],
[[700.0,150.0,150.0],8.305416e-06],
[[700.0,200.0,200.0],6.029478e-06],
[[700.0,250.0,250.0],8.064561e-06],
[[700.0,300.0,300.0],6.140125e-06],
[[750.0,1.0,1.0],8.01083e-06],
[[750.0,10.0,10.0],8.428883e-06],
[[750.0,75.0,75.0],6.48559e-06],
[[750.0,150.0,150.0],9.237259e-06],
[[750.0,200.0,200.0],7.014477e-06],
[[750.0,250.0,250.0],8.875125e-06],
[[750.0,300.0,300.0],9.074605e-06],
[[750.0,350.0,350.0],1.051314e-05],
[[800.0,1.0,1.0],8.468139e-06],
[[800.0,75.0,75.0],1.022851e-05],
[[800.0,150.0,150.0],8.409497e-06],
[[800.0,200.0,200.0],9.586391e-06],
[[800.0,250.0,250.0],1.031283e-05],
[[800.0,300.0,300.0],8.058039e-06],
[[800.0,350.0,350.0],1.086159e-05],
[[850.0,1.0,1.0],1.033245e-05],
[[850.0,75.0,75.0],1.191481e-05],
[[850.0,150.0,150.0],1.385307e-05],
[[850.0,200.0,200.0],1.005815e-05],
[[850.0,250.0,250.0],1.199803e-05],
[[850.0,300.0,300.0],1.013726e-05],
[[850.0,350.0,350.0],1.516781e-05],
[[850.0,400.0,400.0],1.114938e-05],
[[900.0,1.0,1.0],1.363241e-05],
[[900.0,75.0,75.0],1.401108e-05],
[[900.0,150.0,150.0],1.44175e-05],
[[900.0,200.0,200.0],1.828568e-05],
[[900.0,250.0,250.0],1.589592e-05],
[[900.0,300.0,300.0],1.353219e-05],
[[900.0,350.0,350.0],1.360378e-05],
[[900.0,400.0,400.0],1.428317e-05],
[[950.0,1.0,1.0],1.415336e-05],
[[950.0,75.0,75.0],1.233123e-05],
[[950.0,150.0,150.0],1.337223e-05],
[[950.0,200.0,200.0],1.237906e-05],
[[950.0,250.0,250.0],1.765986e-05],
[[950.0,300.0,300.0],1.528534e-05],
[[950.0,350.0,350.0],1.427776e-05],
[[950.0,400.0,400.0],1.867322e-05],
[[950.0,450.0,450.0],1.813068e-05],
[[1000.0,1.0,1.0],1.426067e-05],
[[1000.0,10.0,10.0],1.598974e-05],
[[1000.0,75.0,75.0],1.503863e-05],
[[1000.0,150.0,150.0],1.732346e-05],
[[1000.0,200.0,200.0],1.897845e-05],
[[1000.0,250.0,250.0],1.490448e-05],
[[1000.0,300.0,300.0],1.498989e-05],
[[1000.0,350.0,350.0],1.812028e-05],
[[1000.0,400.0,400.0],2.080542e-05],
[[1000.0,450.0,450.0],1.680529e-05],
[[1050.0,1.0,1.0],1.609406e-05],
[[1050.0,75.0,75.0],1.82981e-05],
[[1050.0,150.0,150.0],1.738984e-05],
[[1050.0,200.0,200.0],1.689897e-05],
[[1050.0,250.0,250.0],1.950516e-05],
[[1050.0,300.0,300.0],1.685633e-05],
[[1050.0,350.0,350.0],1.931425e-05],
[[1050.0,400.0,400.0],2.3388e-05],
[[1050.0,450.0,450.0],2.181589e-05],
[[1050.0,500.0,500.0],2.025581e-05],
[[1100.0,1.0,1.0],1.920856e-05],
[[1100.0,75.0,75.0],1.982178e-05],
[[1100.0,150.0,150.0],2.181963e-05],
[[1100.0,200.0,200.0],2.438188e-05],
[[1100.0,250.0,250.0],2.444503e-05],
[[1100.0,300.0,300.0],2.088069e-05],
[[1100.0,350.0,350.0],1.649494e-05],
[[1100.0,400.0,400.0],2.51905e-05],
[[1100.0,450.0,450.0],2.321221e-05],
[[1100.0,500.0,500.0],2.389838e-05],
[[1150.0,1.0,1.0],1.978361e-05],
[[1150.0,75.0,75.0],2.333694e-05],
[[1150.0,150.0,150.0],2.623302e-05],
[[1150.0,200.0,200.0],1.86355e-05],
[[1150.0,250.0,250.0],2.266933e-05],
[[1150.0,300.0,300.0],2.6153e-05],
[[1150.0,350.0,350.0],2.089464e-05],
[[1150.0,400.0,400.0],2.35591e-05],
[[1150.0,450.0,450.0],2.198626e-05],
[[1150.0,500.0,500.0],2.593146e-05],
[[1150.0,550.0,550.0],2.231048e-05],
[[1200.0,1.0,1.0],2.35943e-05],
[[1200.0,75.0,75.0],2.365052e-05],
[[1200.0,150.0,150.0],2.631356e-05],
[[1200.0,200.0,200.0],2.43909e-05],
[[1200.0,250.0,250.0],2.7108e-05],
[[1200.0,300.0,300.0],2.763511e-05],
[[1200.0,350.0,350.0],2.52339e-05],
[[1200.0,400.0,400.0],2.534574e-05],
[[1200.0,450.0,450.0],2.488214e-05],
[[1200.0,500.0,500.0],2.450232e-05],
[[1200.0,550.0,550.0],2.67885e-05],
[[1250.0,1.0,1.0],2.621885e-05],
[[1250.0,10.0,10.0],2.521029e-05],
[[1250.0,75.0,75.0],2.698973e-05],
[[1250.0,150.0,150.0],2.834747e-05],
[[1250.0,200.0,200.0],2.839877e-05],
[[1250.0,250.0,250.0],2.228074e-05],
[[1250.0,300.0,300.0],2.865568e-05],
[[1250.0,350.0,350.0],2.401159e-05],
[[1250.0,400.0,400.0],2.354944e-05],
[[1250.0,450.0,450.0],2.941046e-05],
[[1250.0,500.0,500.0],2.423672e-05],
[[1250.0,550.0,550.0],2.579363e-05],
[[1250.0,600.0,600.0],2.730205e-05],
[[1300.0,1.0,1.0],2.395527e-05],
[[1300.0,75.0,75.0],2.710622e-05],
[[1300.0,150.0,150.0],2.721378e-05],
[[1300.0,200.0,200.0],2.963561e-05],
[[1300.0,250.0,250.0],3.432643e-05],
[[1300.0,300.0,300.0],2.642036e-05],
[[1300.0,350.0,350.0],2.687858e-05],
[[1300.0,400.0,400.0],2.751034e-05],
[[1300.0,450.0,450.0],2.955449e-05],
[[1300.0,500.0,500.0],2.856832e-05],
[[1300.0,550.0,550.0],2.981536e-05],
[[1300.0,600.0,600.0],2.681453e-05],
[[1350.0,1.0,1.0],2.660234e-05],
[[1350.0,75.0,75.0],2.530681e-05],
[[1350.0,150.0,150.0],3.168605e-05],
[[1350.0,200.0,200.0],4.380763e-05],
[[1350.0,250.0,250.0],2.81342e-05],
[[1350.0,300.0,300.0],3.102646e-05],
[[1350.0,350.0,350.0],3.273591e-05],
[[1350.0,400.0,400.0],3.152979e-05],
[[1350.0,450.0,450.0],3.10878e-05],
[[1350.0,500.0,500.0],2.920777e-05],
[[1350.0,550.0,550.0],3.398966e-05],
[[1350.0,600.0,600.0],2.979517e-05],
[[1350.0,650.0,650.0],3.906131e-05],
[[1400.0,1.0,1.0],2.823169e-05],
[[1400.0,75.0,75.0],3.5204e-05],
[[1400.0,150.0,150.0],3.008536e-05],
[[1400.0,200.0,200.0],2.78542e-05],
[[1400.0,250.0,250.0],3.612336e-05],
[[1400.0,300.0,300.0],3.273512e-05],
[[1400.0,350.0,350.0],3.788987e-05],
[[1400.0,400.0,400.0],3.18293e-05],
[[1400.0,450.0,450.0],3.133116e-05],
[[1400.0,500.0,500.0],2.973026e-05],
[[1400.0,550.0,550.0],3.620509e-05],
[[1400.0,600.0,600.0],3.256902e-05],
[[1400.0,650.0,650.0],3.376533e-05],
[[1450.0,1.0,1.0],3.17931e-05],
[[1450.0,75.0,75.0],3.25252e-05],
[[1450.0,150.0,150.0],3.8199e-05],
[[1450.0,200.0,200.0],3.685351e-05],
[[1450.0,250.0,250.0],2.592322e-05],
[[1450.0,300.0,300.0],3.776142e-05],
[[1450.0,350.0,350.0],3.907754e-05],
[[1450.0,400.0,400.0],4.599851e-05],
[[1450.0,450.0,450.0],4.091502e-05],
[[1450.0,500.0,500.0],3.804874e-05],
[[1450.0,550.0,550.0],3.12549e-05],
[[1450.0,600.0,600.0],3.885199e-05],
[[1450.0,650.0,650.0],3.771477e-05],
[[1450.0,700.0,700.0],3.888508e-05],
[[1500.0,1.0,1.0],3.529651e-05],
[[1500.0,10.0,10.0],3.810627e-05],
[[1500.0,75.0,75.0],3.778933e-05],
[[1500.0,150.0,150.0],3.62006e-05],
[[1500.0,200.0,200.0],3.576514e-05],
[[1500.0,250.0,250.0],4.115702e-05],
[[1500.0,300.0,300.0],3.348619e-05],
[[1500.0,350.0,350.0],3.959915e-05],
[[1500.0,400.0,400.0],3.867924e-05],
[[1500.0,450.0,450.0],4.92108e-05],
[[1500.0,500.0,500.0],3.34026e-05],
[[1500.0,550.0,550.0],4.074183e-05],
[[1500.0,600.0,600.0],4.515477e-05],
[[1500.0,650.0,650.0],4.155265e-05],
[[1500.0,700.0,700.0],3.784545e-05],
[[1500.0,750.0,750.0],4.193735e-05],
[[1550.0,1.0,1.0],3.889366e-05],
[[1550.0,75.0,75.0],3.574927e-05],
[[1550.0,150.0,150.0],4.191176e-05],
[[1550.0,200.0,200.0],3.808042e-05],
[[1550.0,250.0,250.0],3.07094e-05],
[[1550.0,300.0,300.0],3.919178e-05],
[[1550.0,350.0,350.0],5.804847e-05],
[[1550.0,400.0,400.0],4.336622e-05],
[[1550.0,450.0,450.0],3.432801e-05],
[[1550.0,500.0,500.0],3.753643e-05],
[[1550.0,550.0,550.0],4.060797e-05],
[[1550.0,600.0,600.0],4.983835e-05],
[[1550.0,650.0,650.0],3.402707e-05],
[[1550.0,700.0,700.0],3.881004e-05],
[[1550.0,750.0,750.0],4.818022e-05],
[[1600.0,1.0,1.0],3.480601e-05],
[[1600.0,75.0,75.0],4.148201e-05],
[[1600.0,150.0,150.0],4.400794e-05],
[[1600.0,200.0,200.0],4.288185e-05],
[[1600.0,250.0,250.0],5.408207e-05],
[[1600.0,300.0,300.0],4.077064e-05],
[[1600.0,350.0,350.0],4.536426e-05],
[[1600.0,400.0,400.0],4.31593e-05],
[[1600.0,450.0,450.0],3.720548e-05],
[[1600.0,500.0,500.0],3.392178e-05],
[[1600.0,550.0,550.0],4.877068e-05],
[[1600.0,600.0,600.0],4.597135e-05],
[[1600.0,650.0,650.0],4.421655e-05],
[[1600.0,700.0,700.0],4.469028e-05],
[[1600.0,750.0,750.0],4.527976e-05],
[[1650.0,1.0,1.0],4.625866e-05],
[[1650.0,75.0,75.0],3.984273e-05],
[[1650.0,150.0,150.0],3.793934e-05],
[[1650.0,200.0,200.0],4.766445e-05],
[[1650.0,250.0,250.0],4.500562e-05],
[[1650.0,300.0,300.0],4.232785e-05],
[[1650.0,350.0,350.0],4.104924e-05],
[[1650.0,400.0,400.0],4.401954e-05],
[[1650.0,450.0,450.0],3.606731e-05],
[[1650.0,500.0,500.0],5.209494e-05],
[[1650.0,550.0,550.0],4.906097e-05],
[[1650.0,600.0,600.0],4.367763e-05],
[[1650.0,650.0,650.0],4.742334e-05],
[[1650.0,700.0,700.0],6.112756e-05],
[[1650.0,750.0,750.0],5.357899e-05],
[[1650.0,800.0,800.0],4.633434e-05],
[[1700.0,1.0,1.0],3.701985e-05],
[[1700.0,75.0,75.0],4.987709e-05],
[[1700.0,150.0,150.0],4.473858e-05],
[[1700.0,200.0,200.0],4.928e-05],
[[1700.0,250.0,250.0],4.207291e-05],
[[1700.0,300.0,300.0],4.682318e-05],
[[1700.0,350.0,350.0],4.075462e-05],
[[1700.0,400.0,400.0],4.549998e-05],
[[1700.0,450.0,450.0],4.31177e-05],
[[1700.0,500.0,500.0],4.230113e-05],
[[1700.0,550.0,550.0],6.174732e-05],
[[1700.0,600.0,600.0],5.594113e-05],
[[1700.0,650.0,650.0],5.046879e-05],
[[1700.0,700.0,700.0],4.529984e-05],
[[1700.0,750.0,750.0],5.26789e-05],
[[1700.0,800.0,800.0],5.323286e-05],
[[1750.0,1.0,1.0],5.635515e-05],
[[1750.0,10.0,10.0],3.909898e-05],
[[1750.0,75.0,75.0],4.192286e-05],
[[1750.0,150.0,150.0],5.415382e-05],
[[1750.0,200.0,200.0],4.026474e-05],
[[1750.0,250.0,250.0],4.83782e-05],
[[1750.0,300.0,300.0],4.940439e-05],
[[1750.0,350.0,350.0],4.651718e-05],
[[1750.0,400.0,400.0],3.912671e-05],
[[1750.0,450.0,450.0],5.347315e-05],
[[1750.0,500.0,500.0],4.576954e-05],
[[1750.0,550.0,550.0],4.687395e-05],
[[1750.0,600.0,600.0],4.86089e-05],
[[1750.0,650.0,650.0],5.756896e-05],
[[1750.0,700.0,700.0],4.057027e-05],
[[1750.0,750.0,750.0],5.472082e-05],
[[1750.0,800.0,800.0],5.051312e-05],
[[1750.0,850.0,850.0],4.586307e-05],
[[1800.0,1.0,1.0],4.989844e-05],
[[1800.0,75.0,75.0],4.72509e-05],
[[1800.0,150.0,150.0],4.389349e-05],
[[1800.0,200.0,200.0],4.339557e-05],
[[1800.0,250.0,250.0],5.218153e-05],
[[1800.0,300.0,300.0],5.115483e-05],
[[1800.0,350.0,350.0],5.833661e-05],
[[1800.0,400.0,400.0],4.935746e-05],
[[1800.0,450.0,450.0],4.746115e-05],
[[1800.0,500.0,500.0],4.479885e-05],
[[1800.0,550.0,550.0],4.573739e-05],
[[1800.0,600.0,600.0],4.529125e-05],
[[1800.0,650.0,650.0],4.890065e-05],
[[1800.0,700.0,700.0],5.098237e-05],
[[1800.0,750.0,750.0],4.379283e-05],
[[1800.0,800.0,800.0],4.736104e-05],
[[1800.0,850.0,850.0],4.994044e-05],
[[1850.0,1.0,1.0],4.860596e-05],
[[1850.0,75.0,75.0],4.543003e-05],
[[1850.0,150.0,150.0],6.10136e-05],
[[1850.0,200.0,200.0],5.339194e-05],
[[1850.0,250.0,250.0],4.994583e-05],
[[1850.0,300.0,300.0],7.08244e-05],
[[1850.0,350.0,350.0],4.505242e-05],
[[1850.0,400.0,400.0],4.790566e-05],
[[1850.0,450.0,450.0],4.688764e-05],
[[1850.0,500.0,500.0],4.891748e-05],
[[1850.0,550.0,550.0],5.018749e-05],
[[1850.0,600.0,600.0],5.557691e-05],
[[1850.0,650.0,650.0],4.907936e-05],
[[1850.0,700.0,700.0],5.275456e-05],
[[1850.0,750.0,750.0],4.761878e-05],
[[1850.0,800.0,800.0],5.866396e-05],
[[1850.0,850.0,850.0],4.941612e-05],
[[1850.0,900.0,900.0],4.988638e-05],
[[1900.0,1.0,1.0],4.931111e-05],
[[1900.0,75.0,75.0],4.558104e-05],
[[1900.0,150.0,150.0],5.660719e-05],
[[1900.0,200.0,200.0],6.093141e-05],
[[1900.0,250.0,250.0],4.041488e-05],
[[1900.0,300.0,300.0],5.963062e-05],
[[1900.0,350.0,350.0],4.904647e-05],
[[1900.0,400.0,400.0],5.886973e-05],
[[1900.0,450.0,450.0],6.083153e-05],
[[1900.0,500.0,500.0],6.048857e-05],
[[1900.0,550.0,550.0],5.287293e-05],
[[1900.0,600.0,600.0],5.91291e-05],
[[1900.0,650.0,650.0],5.603737e-05],
[[1900.0,700.0,700.0],5.22399e-05],
[[1900.0,750.0,750.0],5.107602e-05],
[[1900.0,800.0,800.0],6.690597e-05],
[[1900.0,850.0,850.0],5.927011e-05],
[[1900.0,900.0,900.0],5.086534e-05],
[[1950.0,1.0,1.0],4.635131e-05],
[[1950.0,75.0,75.0],6.204854e-05],
[[1950.0,150.0,150.0],4.698169e-05],
[[1950.0,200.0,200.0],5.217105e-05],
[[1950.0,250.0,250.0],4.863435e-05],
[[1950.0,300.0,300.0],5.638113e-05],
[[1950.0,350.0,350.0],4.768345e-05],
[[1950.0,400.0,400.0],4.293339e-05],
[[1950.0,450.0,450.0],4.788001e-05],
[[1950.0,500.0,500.0],6.084887e-05],
[[1950.0,550.0,550.0],6.167917e-05],
[[1950.0,600.0,600.0],5.189187e-05],
[[1950.0,650.0,650.0],4.47438e-05],
[[1950.0,700.0,700.0],6.702213e-05],
[[1950.0,750.0,750.0],5.167533e-05],
[[1950.0,800.0,800.0],5.611281e-05],
[[1950.0,850.0,850.0],5.723005e-05],
[[1950.0,900.0,900.0],5.753045e-05],
[[1950.0,950.0,950.0],5.23861e-05],
[[2000.0,1.0,1.0],4.850418e-05],
[[2000.0,75.0,75.0],5.810803e-05],
[[2000.0,150.0,150.0],5.49643e-05],
[[2000.0,200.0,200.0],4.583046e-05],
[[2000.0,250.0,250.0],5.65722e-05],
[[2000.0,300.0,300.0],4.942574e-05],
[[2000.0,350.0,350.0],4.917283e-05],
[[2000.0,400.0,400.0],5.772484e-05],
[[2000.0,450.0,450.0],6.201824e-05],
[[2000.0,500.0,500.0],6.899581e-05],
[[2000.0,550.0,550.0],5.312258e-05],
[[2000.0,600.0,600.0],5.832053e-05],
[[2000.0,650.0,650.0],6.178375e-05],
[[2000.0,700.0,700.0],6.084349e-05],
[[2000.0,750.0,750.0],5.477536e-05],
[[2000.0,800.0,800.0],6.876684e-05],
[[2000.0,850.0,850.0],5.049148e-05],
[[2000.0,900.0,900.0],6.099561e-05],
[[2000.0,950.0,950.0],5.008543e-05],
[[2250.0,1.0,1.0],6.08299e-05],
[[2250.0,75.0,75.0],6.648484e-05],
[[2250.0,150.0,150.0],6.191313e-05],
[[2250.0,300.0,300.0],5.799818e-05],
[[2250.0,500.0,500.0],6.06812e-05],
[[2250.0,750.0,750.0],6.571917e-05],
[[2250.0,1000.0,1000.0],7.670635e-05],
[[2500.0,1.0,1.0],7.084896e-05],
[[2500.0,75.0,75.0],6.359086e-05],
[[2500.0,150.0,150.0],7.144351e-05],
[[2500.0,300.0,300.0],6.048772e-05],
[[2500.0,500.0,500.0],6.294605e-05],
[[2500.0,750.0,750.0],6.768652e-05],
[[2500.0,1000.0,1000.0],7.989596e-05],
[[2500.0,1200.0,1200.0],6.380146e-05],
[[2750.0,1.0,1.0],7.50574e-05],
[[2750.0,75.0,75.0],6.985213e-05],
[[2750.0,150.0,150.0],6.813174e-05],
[[2750.0,300.0,300.0],5.968054e-05],
[[2750.0,500.0,500.0],6.988376e-05],
[[2750.0,750.0,750.0],6.60266e-05],
[[2750.0,1000.0,1000.0],8.16395e-05],
[[2750.0,1200.0,1200.0],7.081394e-05],
[[3000.0,1.0,1.0],6.494672e-05],
[[3000.0,75.0,75.0],6.386655e-05],
[[3000.0,150.0,150.0],8.194427e-05],
[[3000.0,300.0,300.0],6.209843e-05],
[[3000.0,500.0,500.0],7.761247e-05],
[[3000.0,750.0,750.0],7.522381e-05],
[[3000.0,1000.0,1000.0],8.225275e-05],
[[3000.0,1200.0,1200.0],6.433766e-05],
[[3000.0,1400.0,1400.0],7.387033e-05]]
