txName: TRS1
constraint: {(PV > H0(1)), (H0(1) > MET(2),MET(3))}
condition: None
conditionDescription: None
figureUrl: https://cms-results.web.cern.ch/cms-results/public-results/publications/EXO-20-004/CMS-EXO-20-004_Figure_009-a.png
source: https://doi.org/10.5281/zenodo.13324003
validated: True
axesMap: [{0: 'x', 1: '1.0', 2: '1.0'}, {0: 'x', 1: 'y', 2: 'y'}]
dataMap: {0: (1, 'mass', GeV), 1: (2, 'mass', GeV), 2: (3, 'mass', GeV)}
finalState: ['MET', 'MET']
intermediateState: None
efficiencyMap: [[[100.0,10.0,10.0],2.675182e-06],
[[150.0,1.0,1.0],6.03647e-06],
[[150.0,50.0,50.0],5.517814e-06],
[[200.0,1.0,1.0],7.620265e-06],
[[200.0,50.0,50.0],7.820057e-06],
[[200.0,100.0,100.0],1.748833e-05],
[[250.0,1.0,1.0],1.258411e-05],
[[250.0,10.0,10.0],1.386694e-05],
[[250.0,50.0,50.0],1.199128e-05],
[[250.0,100.0,100.0],1.426207e-05],
[[300.0,1.0,1.0],1.49717e-05],
[[300.0,50.0,50.0],1.786555e-05],
[[300.0,100.0,100.0],1.775113e-05],
[[350.0,1.0,1.0],1.833243e-05],
[[350.0,50.0,50.0],1.822155e-05],
[[350.0,100.0,100.0],1.962712e-05],
[[350.0,150.0,150.0],1.916675e-05],
[[400.0,1.0,1.0],2.280587e-05],
[[400.0,50.0,50.0],2.454012e-05],
[[400.0,100.0,100.0],2.072159e-05],
[[400.0,150.0,150.0],1.908988e-05],
[[450.0,1.0,1.0],3.825647e-05],
[[450.0,50.0,50.0],3.008043e-05],
[[450.0,100.0,100.0],3.187354e-05],
[[450.0,150.0,150.0],2.978638e-05],
[[450.0,200.0,200.0],3.414295e-05],
[[500.0,1.0,1.0],4.696462e-05],
[[500.0,10.0,10.0],4.224804e-05],
[[500.0,50.0,50.0],4.25068e-05],
[[500.0,100.0,100.0],4.215652e-05],
[[500.0,150.0,150.0],4.586644e-05],
[[500.0,200.0,200.0],4.257553e-05],
[[550.0,1.0,1.0],5.788782e-05],
[[550.0,50.0,50.0],6.016412e-05],
[[550.0,100.0,100.0],5.776193e-05],
[[550.0,150.0,150.0],6.088898e-05],
[[550.0,200.0,200.0],7.11211e-05],
[[550.0,250.0,250.0],6.323328e-05],
[[600.0,1.0,1.0],7.930754e-05],
[[600.0,50.0,50.0],7.257805e-05],
[[600.0,100.0,100.0],7.605033e-05],
[[600.0,150.0,150.0],7.30606e-05],
[[600.0,200.0,200.0],9.086554e-05],
[[600.0,250.0,250.0],9.287512e-05],
[[650.0,1.0,1.0],0.0001021017],
[[650.0,50.0,50.0],9.596177e-05],
[[650.0,100.0,100.0],0.000101712],
[[650.0,150.0,150.0],9.74878e-05],
[[650.0,200.0,200.0],9.49379e-05],
[[650.0,250.0,250.0],0.0001134934],
[[650.0,300.0,300.0],0.0001335889],
[[700.0,1.0,1.0],0.0001242701],
[[700.0,50.0,50.0],0.0001222243],
[[700.0,100.0,100.0],0.0001161021],
[[700.0,150.0,150.0],0.0001142792],
[[700.0,200.0,200.0],0.0001415009],
[[700.0,250.0,250.0],0.0001399346],
[[700.0,300.0,300.0],0.0001217978],
[[750.0,1.0,1.0],0.0001318116],
[[750.0,10.0,10.0],0.0001467375],
[[750.0,50.0,50.0],0.0001486156],
[[750.0,100.0,100.0],0.0001560621],
[[750.0,150.0,150.0],0.0001645997],
[[750.0,200.0,200.0],0.0001683092],
[[750.0,250.0,250.0],0.0001802735],
[[750.0,300.0,300.0],0.0001711061],
[[750.0,350.0,350.0],0.0001887045],
[[800.0,1.0,1.0],0.000164364],
[[800.0,150.0,150.0],0.0001895758],
[[800.0,200.0,200.0],0.0001752884],
[[800.0,250.0,250.0],0.000190075],
[[800.0,300.0,300.0],0.0002123691],
[[800.0,350.0,350.0],0.0001980556],
[[850.0,1.0,1.0],0.0002143156],
[[850.0,150.0,150.0],0.0005892028],
[[850.0,200.0,200.0],0.0002780326],
[[850.0,250.0,250.0],0.0002556893],
[[850.0,300.0,300.0],0.00023181],
[[850.0,350.0,350.0],0.0002482878],
[[850.0,400.0,400.0],0.0002719533],
[[900.0,1.0,1.0],0.0002375079],
[[900.0,150.0,150.0],0.0002547859],
[[900.0,200.0,200.0],0.0002500301],
[[900.0,250.0,250.0],0.0002758976],
[[900.0,300.0,300.0],0.0002448896],
[[900.0,350.0,350.0],0.0009095079],
[[900.0,400.0,400.0],0.0002863671],
[[950.0,1.0,1.0],0.0002408152],
[[950.0,150.0,150.0],0.0002953905],
[[950.0,200.0,200.0],0.0003096026],
[[950.0,250.0,250.0],0.0003120187],
[[950.0,300.0,300.0],0.0003361408],
[[950.0,350.0,350.0],0.0003216768],
[[950.0,400.0,400.0],0.0003270728],
[[950.0,450.0,450.0],0.0004105931],
[[1000.0,1.0,1.0],0.0003004013],
[[1000.0,10.0,10.0],0.0005302593],
[[1000.0,50.0,50.0],0.0002988132],
[[1000.0,100.0,100.0],0.0003322962],
[[1000.0,150.0,150.0],0.0003649764],
[[1000.0,200.0,200.0],0.0003261582],
[[1000.0,250.0,250.0],0.0003271016],
[[1000.0,300.0,300.0],0.0004117735],
[[1000.0,350.0,350.0],0.0003677073],
[[1000.0,400.0,400.0],0.0003873295],
[[1000.0,450.0,450.0],0.0003915677],
[[1050.0,1.0,1.0],0.0003519062],
[[1050.0,150.0,150.0],0.0003705896],
[[1050.0,200.0,200.0],0.0003376769],
[[1050.0,250.0,250.0],0.0004057877],
[[1050.0,300.0,300.0],0.0004037474],
[[1050.0,350.0,350.0],0.000367178],
[[1050.0,400.0,400.0],0.0004051531],
[[1050.0,450.0,450.0],0.0004278925],
[[1050.0,500.0,500.0],0.0008056274],
[[1100.0,1.0,1.0],0.0004440433],
[[1100.0,150.0,150.0],0.0004167139],
[[1100.0,200.0,200.0],0.0004320313],
[[1100.0,250.0,250.0],0.0004185279],
[[1100.0,300.0,300.0],0.0004782267],
[[1100.0,350.0,350.0],0.0004351043],
[[1100.0,400.0,400.0],0.0004868317],
[[1100.0,450.0,450.0],0.0004956623],
[[1100.0,500.0,500.0],0.001191769],
[[1150.0,1.0,1.0],0.0003766518],
[[1150.0,150.0,150.0],0.0007130857],
[[1150.0,200.0,200.0],0.0007491916],
[[1150.0,250.0,250.0],0.0004899318],
[[1150.0,300.0,300.0],0.0005110797],
[[1150.0,350.0,350.0],0.0004907327],
[[1150.0,400.0,400.0],0.0006470349],
[[1150.0,450.0,450.0],0.0005061112],
[[1150.0,500.0,500.0],0.0005144517],
[[1150.0,550.0,550.0],0.0006079197],
[[1200.0,1.0,1.0],0.0004483716],
[[1200.0,150.0,150.0],0.0006419323],
[[1200.0,200.0,200.0],0.0004374476],
[[1200.0,250.0,250.0],0.0005432638],
[[1200.0,300.0,300.0],0.0005602453],
[[1200.0,350.0,350.0],0.0006031439],
[[1200.0,400.0,400.0],0.0005361286],
[[1200.0,450.0,450.0],0.0005790067],
[[1200.0,500.0,500.0],0.0006944968],
[[1200.0,550.0,550.0],0.000607301],
[[1250.0,1.0,1.0],0.0004225852],
[[1250.0,10.0,10.0],0.0004559083],
[[1250.0,50.0,50.0],0.0004766832],
[[1250.0,100.0,100.0],0.0004703732],
[[1250.0,150.0,150.0],0.0005074931],
[[1250.0,200.0,200.0],0.0005716885],
[[1250.0,250.0,250.0],0.000566965],
[[1250.0,300.0,300.0],0.0005521455],
[[1250.0,350.0,350.0],0.0006073746],
[[1250.0,400.0,400.0],0.0006112122],
[[1250.0,450.0,450.0],0.0005546844],
[[1250.0,500.0,500.0],0.0005589859],
[[1250.0,550.0,550.0],0.0005749637],
[[1250.0,600.0,600.0],0.0006738207],
[[1300.0,1.0,1.0],0.0005885941],
[[1300.0,150.0,150.0],0.0005734099],
[[1300.0,200.0,200.0],0.0005907872],
[[1300.0,250.0,250.0],0.0006783509],
[[1300.0,300.0,300.0],0.0005720471],
[[1300.0,350.0,350.0],0.0007039745],
[[1300.0,400.0,400.0],0.0006064383],
[[1300.0,450.0,450.0],0.0006544474],
[[1300.0,500.0,500.0],0.0007045866],
[[1300.0,550.0,550.0],0.0006778962],
[[1300.0,600.0,600.0],0.0009945421],
[[1350.0,1.0,1.0],0.000498003],
[[1350.0,150.0,150.0],0.000521838],
[[1350.0,200.0,200.0],0.0005821595],
[[1350.0,250.0,250.0],0.000619217],
[[1350.0,300.0,300.0],0.0007898477],
[[1350.0,350.0,350.0],0.0006543802],
[[1350.0,400.0,400.0],0.0007304802],
[[1350.0,450.0,450.0],0.0008107262],
[[1350.0,500.0,500.0],0.00121045],
[[1350.0,550.0,550.0],0.0008134253],
[[1350.0,600.0,600.0],0.0007056896],
[[1350.0,650.0,650.0],0.0007336634],
[[1400.0,1.0,1.0],0.0005182042],
[[1400.0,150.0,150.0],0.0007393315],
[[1400.0,200.0,200.0],0.0005895904],
[[1400.0,250.0,250.0],0.0006632466],
[[1400.0,300.0,300.0],0.00107925],
[[1400.0,350.0,350.0],0.0007381892],
[[1400.0,400.0,400.0],0.0007092296],
[[1400.0,450.0,450.0],0.0007642918],
[[1400.0,500.0,500.0],0.0009678158],
[[1400.0,550.0,550.0],0.0008060407],
[[1400.0,600.0,600.0],0.000876086],
[[1400.0,650.0,650.0],0.0007794745],
[[1450.0,1.0,1.0],0.0006558642],
[[1450.0,150.0,150.0],0.0006209733],
[[1450.0,200.0,200.0],0.0006428845],
[[1450.0,250.0,250.0],0.0006606607],
[[1450.0,300.0,300.0],0.0006606378],
[[1450.0,350.0,350.0],0.0007813401],
[[1450.0,400.0,400.0],0.00137301],
[[1450.0,450.0,450.0],0.000888526],
[[1450.0,500.0,500.0],0.0009267796],
[[1450.0,550.0,550.0],0.0008144351],
[[1450.0,600.0,600.0],0.0008466457],
[[1450.0,650.0,650.0],0.0009471464],
[[1450.0,700.0,700.0],0.001320269],
[[1500.0,1.0,1.0],0.0005646567],
[[1500.0,10.0,10.0],0.0005282984],
[[1500.0,50.0,50.0],0.0006570486],
[[1500.0,100.0,100.0],0.0005882984],
[[1500.0,150.0,150.0],0.0006296643],
[[1500.0,200.0,200.0],0.0006254339],
[[1500.0,250.0,250.0],0.0007633885],
[[1500.0,300.0,300.0],0.0009859481],
[[1500.0,350.0,350.0],0.0009583458],
[[1500.0,400.0,400.0],0.0008543386],
[[1500.0,450.0,450.0],0.0009338887],
[[1500.0,500.0,500.0],0.0008735388],
[[1500.0,550.0,550.0],0.000872021],
[[1500.0,600.0,600.0],0.0008295005],
[[1500.0,650.0,650.0],0.001232128],
[[1500.0,700.0,700.0],0.0009589437],
[[1500.0,750.0,750.0],0.00117846],
[[1550.0,1.0,1.0],0.0005900725],
[[1550.0,150.0,150.0],0.0006134415],
[[1550.0,200.0,200.0],0.0007840244],
[[1550.0,250.0,250.0],0.0009173759],
[[1550.0,300.0,300.0],0.0009312406],
[[1550.0,350.0,350.0],0.0009161622],
[[1550.0,400.0,400.0],0.0009780577],
[[1550.0,450.0,450.0],0.001090181],
[[1550.0,500.0,500.0],0.0009041394],
[[1550.0,550.0,550.0],0.001391033],
[[1550.0,600.0,600.0],0.0009322073],
[[1550.0,650.0,650.0],0.0009316304],
[[1550.0,700.0,700.0],0.0008852427],
[[1550.0,750.0,750.0],0.0009029581],
[[1600.0,1.0,1.0],0.0006409099],
[[1600.0,150.0,150.0],0.0007233214],
[[1600.0,200.0,200.0],0.0007558944],
[[1600.0,250.0,250.0],0.001112015],
[[1600.0,300.0,300.0],0.001065707],
[[1600.0,350.0,350.0],0.000904806],
[[1600.0,400.0,400.0],0.001042087],
[[1600.0,450.0,450.0],0.0008789798],
[[1600.0,500.0,500.0],0.0009605631],
[[1600.0,550.0,550.0],0.0009010964],
[[1600.0,600.0,600.0],0.0008930119],
[[1600.0,650.0,650.0],0.00105709],
[[1600.0,700.0,700.0],0.00101116],
[[1600.0,750.0,750.0],0.001014193],
[[1650.0,1.0,1.0],0.0005787662],
[[1650.0,150.0,150.0],0.00077527],
[[1650.0,200.0,200.0],0.0009203703],
[[1650.0,250.0,250.0],0.0009882689],
[[1650.0,300.0,300.0],0.0009365471],
[[1650.0,350.0,350.0],0.0009191641],
[[1650.0,400.0,400.0],0.001089477],
[[1650.0,450.0,450.0],0.001088423],
[[1650.0,500.0,500.0],0.0009295154],
[[1650.0,550.0,550.0],0.001141039],
[[1650.0,600.0,600.0],0.0009736712],
[[1650.0,650.0,650.0],0.001135842],
[[1650.0,700.0,700.0],0.001026621],
[[1650.0,750.0,750.0],0.001076905],
[[1650.0,800.0,800.0],0.001245147],
[[1700.0,1.0,1.0],0.0005635247],
[[1700.0,150.0,150.0],0.0007847241],
[[1700.0,200.0,200.0],0.0009974929],
[[1700.0,250.0,250.0],0.0009695203],
[[1700.0,300.0,300.0],0.0008474482],
[[1700.0,350.0,350.0],0.0009793494],
[[1700.0,400.0,400.0],0.001093474],
[[1700.0,450.0,450.0],0.00128939],
[[1700.0,500.0,500.0],0.0009811315],
[[1700.0,550.0,550.0],0.001057548],
[[1700.0,600.0,600.0],0.001078848],
[[1700.0,650.0,650.0],0.001259077],
[[1700.0,700.0,700.0],0.00119513],
[[1700.0,750.0,750.0],0.0009540292],
[[1700.0,800.0,800.0],0.001219843],
[[1750.0,1.0,1.0],0.0006069933],
[[1750.0,10.0,10.0],0.0005927494],
[[1750.0,50.0,50.0],0.000579494],
[[1750.0,100.0,100.0],0.0006710421],
[[1750.0,150.0,150.0],0.0007339957],
[[1750.0,200.0,200.0],0.000824551],
[[1750.0,250.0,250.0],0.0008899691],
[[1750.0,300.0,300.0],0.0009965653],
[[1750.0,350.0,350.0],0.00100386],
[[1750.0,400.0,400.0],0.001061887],
[[1750.0,450.0,450.0],0.001146021],
[[1750.0,500.0,500.0],0.001104916],
[[1750.0,550.0,550.0],0.00125941],
[[1750.0,600.0,600.0],0.0009925889],
[[1750.0,650.0,650.0],0.001271445],
[[1750.0,700.0,700.0],0.001043085],
[[1750.0,750.0,750.0],0.001196677],
[[1750.0,800.0,800.0],0.00118626],
[[1750.0,850.0,850.0],0.00119397],
[[1800.0,1.0,1.0],0.0006149617],
[[1800.0,150.0,150.0],0.0007974004],
[[1800.0,200.0,200.0],0.0008767503],
[[1800.0,250.0,250.0],0.0008722324],
[[1800.0,300.0,300.0],0.001045948],
[[1800.0,350.0,350.0],0.0009136028],
[[1800.0,400.0,400.0],0.001084279],
[[1800.0,450.0,450.0],0.00114714],
[[1800.0,500.0,500.0],0.001250369],
[[1800.0,550.0,550.0],0.001137176],
[[1800.0,600.0,600.0],0.001181984],
[[1800.0,650.0,650.0],0.001212917],
[[1800.0,700.0,700.0],0.001162965],
[[1800.0,750.0,750.0],0.001276316],
[[1800.0,800.0,800.0],0.001427947],
[[1800.0,850.0,850.0],0.001109718],
[[1850.0,1.0,1.0],0.0006277742],
[[1850.0,150.0,150.0],0.0009913167],
[[1850.0,200.0,200.0],0.0008904336],
[[1850.0,250.0,250.0],0.000845274],
[[1850.0,300.0,300.0],0.0009111514],
[[1850.0,350.0,350.0],0.0009612175],
[[1850.0,400.0,400.0],0.0009953551],
[[1850.0,450.0,450.0],0.001308652],
[[1850.0,500.0,500.0],0.001028228],
[[1850.0,550.0,550.0],0.001142331],
[[1850.0,600.0,600.0],0.001530625],
[[1850.0,650.0,650.0],0.001138059],
[[1850.0,700.0,700.0],0.0009754257],
[[1850.0,750.0,750.0],0.001073151],
[[1850.0,800.0,800.0],0.00129938],
[[1850.0,850.0,850.0],0.001393699],
[[1850.0,900.0,900.0],0.001452749],
[[1900.0,1.0,1.0],0.0005852207],
[[1900.0,150.0,150.0],0.0007652367],
[[1900.0,200.0,200.0],0.0009712363],
[[1900.0,250.0,250.0],0.0009112558],
[[1900.0,300.0,300.0],0.001096369],
[[1900.0,350.0,350.0],0.001287099],
[[1900.0,400.0,400.0],0.001494397],
[[1900.0,450.0,450.0],0.001170294],
[[1900.0,500.0,500.0],0.001302339],
[[1900.0,550.0,550.0],0.001400781],
[[1900.0,600.0,600.0],0.001134817],
[[1900.0,650.0,650.0],0.001314556],
[[1900.0,700.0,700.0],0.001222301],
[[1900.0,750.0,750.0],0.001252089],
[[1900.0,800.0,800.0],0.001362783],
[[1900.0,850.0,850.0],0.001214949],
[[1900.0,900.0,900.0],0.001341428],
[[1950.0,1.0,1.0],0.0005813518],
[[1950.0,150.0,150.0],0.0007489228],
[[1950.0,200.0,200.0],0.001001604],
[[1950.0,250.0,250.0],0.001030532],
[[1950.0,300.0,300.0],0.000998209],
[[1950.0,350.0,350.0],0.001013151],
[[1950.0,400.0,400.0],0.001321642],
[[1950.0,450.0,450.0],0.001326364],
[[1950.0,500.0,500.0],0.001267321],
[[1950.0,550.0,550.0],0.00113448],
[[1950.0,600.0,600.0],0.001472117],
[[1950.0,650.0,650.0],0.001507572],
[[1950.0,700.0,700.0],0.001280785],
[[1950.0,750.0,750.0],0.001187912],
[[1950.0,800.0,800.0],0.001322176],
[[1950.0,850.0,850.0],0.001223181],
[[1950.0,900.0,900.0],0.001427908],
[[1950.0,950.0,950.0],0.001668524],
[[2000.0,1.0,1.0],0.0006240122],
[[2000.0,10.0,10.0],0.000681079],
[[2000.0,50.0,50.0],0.0006237296],
[[2000.0,100.0,100.0],0.0006654407],
[[2000.0,150.0,150.0],0.0007705373],
[[2000.0,200.0,200.0],0.0009382653],
[[2000.0,250.0,250.0],0.0009242657],
[[2000.0,300.0,300.0],0.001057515],
[[2000.0,350.0,350.0],0.00127872],
[[2000.0,400.0,400.0],0.001330659],
[[2000.0,450.0,450.0],0.001188957],
[[2000.0,500.0,500.0],0.001192424],
[[2000.0,550.0,550.0],0.001272408],
[[2000.0,600.0,600.0],0.001362866],
[[2000.0,650.0,650.0],0.001526763],
[[2000.0,700.0,700.0],0.001488356],
[[2000.0,750.0,750.0],0.001407283],
[[2000.0,800.0,800.0],0.001385106],
[[2000.0,850.0,850.0],0.001248933],
[[2000.0,900.0,900.0],0.001331864],
[[2000.0,950.0,950.0],0.00130773],
[[2250.0,1.0,1.0],0.0005395196],
[[2250.0,10.0,10.0],0.0006336595],
[[2250.0,50.0,50.0],0.0005563657],
[[2250.0,100.0,100.0],0.0006175206],
[[2250.0,150.0,150.0],0.0007837466],
[[2250.0,300.0,300.0],0.001269151],
[[2250.0,500.0,500.0],0.001363387],
[[2250.0,750.0,750.0],0.001611634],
[[2250.0,1000.0,1000.0],0.001696822],
[[2500.0,1.0,1.0],0.000564036],
[[2500.0,10.0,10.0],0.0004541692],
[[2500.0,50.0,50.0],0.0004865493],
[[2500.0,100.0,100.0],0.0005828437],
[[2500.0,150.0,150.0],0.0006969592],
[[2500.0,300.0,300.0],0.001068427],
[[2500.0,500.0,500.0],0.001439464],
[[2500.0,750.0,750.0],0.001500367],
[[2500.0,1000.0,1000.0],0.00171809],
[[2500.0,1200.0,1200.0],0.001868887],
[[2750.0,1.0,1.0],0.00044197],
[[2750.0,10.0,10.0],0.0004300757],
[[2750.0,50.0,50.0],0.0004286577],
[[2750.0,100.0,100.0],0.0005038798],
[[2750.0,150.0,150.0],0.0006352559],
[[2750.0,300.0,300.0],0.001028263],
[[2750.0,500.0,500.0],0.001528575],
[[2750.0,750.0,750.0],0.001821089],
[[2750.0,1000.0,1000.0],0.001883866],
[[2750.0,1200.0,1200.0],0.001970705],
[[3000.0,1.0,1.0],0.0003918938],
[[3000.0,10.0,10.0],0.0003848338],
[[3000.0,50.0,50.0],0.0003797686],
[[3000.0,100.0,100.0],0.0004774075],
[[3000.0,150.0,150.0],0.0005707801],
[[3000.0,300.0,300.0],0.001008607],
[[3000.0,500.0,500.0],0.001614571],
[[3000.0,750.0,750.0],0.001800237],
[[3000.0,1000.0,1000.0],0.002036652],
[[3000.0,1200.0,1200.0],0.001938554],
[[3000.0,1400.0,1400.0],0.001896552]]
