txName: TRV1
constraint: {(PV > Zprime(1)), (Zprime(1) > MET(2),MET(3))}
condition: None
conditionDescription: None
figureUrl: https://cms-results.web.cern.ch/cms-results/public-results/publications/EXO-20-004/CMS-EXO-20-004_Figure_007-b.png
source: CMS
validated: True
axesMap: [{0: 'x', 1: 'y', 2: 'y'}]
dataMap: {0: (1, 'mass', GeV), 1: (2, 'mass', GeV), 2: (3, 'mass', GeV)}
finalState: ['MET', 'MET']
intermediateState: None
efficiencyMap: [[[50.0,1.0,1.0],4.133262e-08],
[[100.0,1.0,1.0],2.835468e-07],
[[100.0,10.0,10.0],2.917555e-07],
[[150.0,1.0,1.0],1.485197e-06],
[[150.0,75.0,75.0],1.606416e-06],
[[200.0,1.0,1.0],2.305604e-06],
[[200.0,75.0,75.0],3.19501e-06],
[[250.0,1.0,1.0],4.876614e-06],
[[250.0,10.0,10.0],4.910577e-06],
[[250.0,75.0,75.0],4.167398e-06],
[[300.0,1.0,1.0],8.018461e-06],
[[300.0,75.0,75.0],1.037878e-05],
[[350.0,1.0,1.0],1.315195e-05],
[[350.0,75.0,75.0],1.69911e-05],
[[350.0,150.0,150.0],1.608756e-05],
[[400.0,1.0,1.0],2.030129e-05],
[[400.0,75.0,75.0],2.114069e-05],
[[400.0,150.0,150.0],2.755475e-05],
[[450.0,1.0,1.0],2.505747e-05],
[[450.0,75.0,75.0],3.124285e-05],
[[450.0,150.0,150.0],4.149572e-05],
[[450.0,200.0,200.0],2.964267e-05],
[[500.0,1.0,1.0],3.778028e-05],
[[500.0,10.0,10.0],3.737075e-05],
[[500.0,75.0,75.0],3.620568e-05],
[[500.0,150.0,150.0],3.193687e-05],
[[500.0,200.0,200.0],3.93379e-05],
[[550.0,1.0,1.0],4.33543e-05],
[[550.0,75.0,75.0],4.61145e-05],
[[550.0,150.0,150.0],4.294299e-05],
[[550.0,200.0,200.0],4.839263e-05],
[[550.0,250.0,250.0],5.78839e-05],
[[600.0,1.0,1.0],4.865238e-05],
[[600.0,75.0,75.0],5.786052e-05],
[[600.0,150.0,150.0],6.055783e-05],
[[600.0,200.0,200.0],5.55144e-05],
[[600.0,250.0,250.0],6.648973e-05],
[[650.0,1.0,1.0],6.257783e-05],
[[650.0,75.0,75.0],6.853047e-05],
[[650.0,150.0,150.0],7.216693e-05],
[[650.0,200.0,200.0],8.783599e-05],
[[650.0,250.0,250.0],6.788282e-05],
[[650.0,300.0,300.0],7.456015e-05],
[[700.0,1.0,1.0],8.124359e-05],
[[700.0,75.0,75.0],8.431183e-05],
[[700.0,150.0,150.0],8.522783e-05],
[[700.0,200.0,200.0],7.38776e-05],
[[700.0,250.0,250.0],9.417786e-05],
[[700.0,300.0,300.0],9.245437e-05],
[[750.0,1.0,1.0],8.525442e-05],
[[750.0,10.0,10.0],9.247384e-05],
[[750.0,75.0,75.0],9.369063e-05],
[[750.0,150.0,150.0],9.029908e-05],
[[750.0,200.0,200.0],9.181904e-05],
[[750.0,250.0,250.0],9.61471e-05],
[[750.0,300.0,300.0],9.12315e-05],
[[750.0,350.0,350.0],0.000107526],
[[800.0,1.0,1.0],0.0001058563],
[[800.0,75.0,75.0],0.0001124757],
[[800.0,150.0,150.0],0.0001066125],
[[800.0,200.0,200.0],0.0001108428],
[[800.0,250.0,250.0],0.0001078177],
[[800.0,300.0,300.0],0.0001060929],
[[800.0,350.0,350.0],0.0001221931],
[[850.0,1.0,1.0],0.0001179395],
[[850.0,75.0,75.0],0.0001169217],
[[850.0,150.0,150.0],0.0001300484],
[[850.0,200.0,200.0],0.0001280313],
[[850.0,250.0,250.0],0.0001096323],
[[850.0,300.0,300.0],0.0001233723],
[[850.0,350.0,350.0],0.000144929],
[[850.0,400.0,400.0],0.0001279244],
[[900.0,1.0,1.0],0.0001346896],
[[900.0,75.0,75.0],0.0001397554],
[[900.0,150.0,150.0],0.0001229743],
[[900.0,200.0,200.0],0.0001312013],
[[900.0,250.0,250.0],0.0001391737],
[[900.0,300.0,300.0],0.0001615997],
[[900.0,350.0,350.0],0.0001448659],
[[900.0,400.0,400.0],0.0001506823],
[[950.0,1.0,1.0],0.0001470458],
[[950.0,75.0,75.0],0.0001359141],
[[950.0,150.0,150.0],0.0001382758],
[[950.0,200.0,200.0],0.000156225],
[[950.0,250.0,250.0],0.0001458967],
[[950.0,300.0,300.0],0.0001562953],
[[950.0,350.0,350.0],0.0001526215],
[[950.0,400.0,400.0],0.0001593139],
[[950.0,450.0,450.0],0.0001414645],
[[1000.0,1.0,1.0],0.0001460807],
[[1000.0,10.0,10.0],0.000154075],
[[1000.0,75.0,75.0],0.0001523208],
[[1000.0,150.0,150.0],0.0001578913],
[[1000.0,200.0,200.0],0.0001755111],
[[1000.0,250.0,250.0],0.0001842086],
[[1000.0,300.0,300.0],0.0001508244],
[[1000.0,350.0,350.0],0.000155484],
[[1000.0,400.0,400.0],0.0001809683],
[[1000.0,450.0,450.0],0.0001623923],
[[1050.0,1.0,1.0],0.0001639866],
[[1050.0,75.0,75.0],0.0001658673],
[[1050.0,150.0,150.0],0.0001840129],
[[1050.0,200.0,200.0],0.0001715889],
[[1050.0,250.0,250.0],0.0001871818],
[[1050.0,300.0,300.0],0.0001603757],
[[1050.0,350.0,350.0],0.0002052049],
[[1050.0,400.0,400.0],0.0001926658],
[[1050.0,450.0,450.0],0.0001789887],
[[1050.0,500.0,500.0],0.0001948668],
[[1100.0,1.0,1.0],0.0001945536],
[[1100.0,75.0,75.0],0.0001776719],
[[1100.0,150.0,150.0],0.0001790932],
[[1100.0,200.0,200.0],0.0001950843],
[[1100.0,250.0,250.0],0.0002056884],
[[1100.0,300.0,300.0],0.0001940773],
[[1100.0,350.0,350.0],0.000183657],
[[1100.0,400.0,400.0],0.0001734017],
[[1100.0,450.0,450.0],0.000199422],
[[1100.0,500.0,500.0],0.0001645064],
[[1150.0,1.0,1.0],0.0001988896],
[[1150.0,75.0,75.0],0.0002056918],
[[1150.0,150.0,150.0],0.0001958339],
[[1150.0,200.0,200.0],0.0001972287],
[[1150.0,250.0,250.0],0.0001907382],
[[1150.0,300.0,300.0],0.0001872466],
[[1150.0,350.0,350.0],0.0002240923],
[[1150.0,400.0,400.0],0.0002022855],
[[1150.0,450.0,450.0],0.0002336098],
[[1150.0,500.0,500.0],0.0002012775],
[[1150.0,550.0,550.0],0.0002180033],
[[1200.0,1.0,1.0],0.0001980696],
[[1200.0,75.0,75.0],0.0002117945],
[[1200.0,150.0,150.0],0.0001994675],
[[1200.0,200.0,200.0],0.0002055963],
[[1200.0,250.0,250.0],0.0002153207],
[[1200.0,300.0,300.0],0.0002236823],
[[1200.0,350.0,350.0],0.0002372921],
[[1200.0,400.0,400.0],0.0002183211],
[[1200.0,450.0,450.0],0.0002751803],
[[1200.0,500.0,500.0],0.0002329598],
[[1200.0,550.0,550.0],0.0002364178],
[[1250.0,1.0,1.0],0.0002353089],
[[1250.0,10.0,10.0],0.0002065554],
[[1250.0,75.0,75.0],0.0002078047],
[[1250.0,150.0,150.0],0.0002247225],
[[1250.0,200.0,200.0],0.000217018],
[[1250.0,250.0,250.0],0.0002318388],
[[1250.0,300.0,300.0],0.000243634],
[[1250.0,350.0,350.0],0.0002523934],
[[1250.0,400.0,400.0],0.0002143607],
[[1250.0,450.0,450.0],0.0002431103],
[[1250.0,500.0,500.0],0.0002685154],
[[1250.0,550.0,550.0],0.0002596561],
[[1250.0,600.0,600.0],0.0002692112],
[[1300.0,1.0,1.0],0.0002141578],
[[1300.0,75.0,75.0],0.0002320779],
[[1300.0,150.0,150.0],0.000245097],
[[1300.0,200.0,200.0],0.000258439],
[[1300.0,250.0,250.0],0.0002397976],
[[1300.0,300.0,300.0],0.0002565449],
[[1300.0,350.0,350.0],0.000248666],
[[1300.0,400.0,400.0],0.0002337623],
[[1300.0,450.0,450.0],0.0002183828],
[[1300.0,500.0,500.0],0.0002737535],
[[1300.0,550.0,550.0],0.000247862],
[[1300.0,600.0,600.0],0.0002950157],
[[1350.0,1.0,1.0],0.0002699548],
[[1350.0,75.0,75.0],0.0002651237],
[[1350.0,150.0,150.0],0.0002563362],
[[1350.0,200.0,200.0],0.0002609378],
[[1350.0,250.0,250.0],0.0002529469],
[[1350.0,300.0,300.0],0.0002301628],
[[1350.0,350.0,350.0],0.0002769174],
[[1350.0,400.0,400.0],0.0002790521],
[[1350.0,450.0,450.0],0.0002379898],
[[1350.0,500.0,500.0],0.0002367331],
[[1350.0,550.0,550.0],0.0002762817],
[[1350.0,600.0,600.0],0.0002502992],
[[1350.0,650.0,650.0],0.0002557458],
[[1400.0,1.0,1.0],0.0002639357],
[[1400.0,75.0,75.0],0.0002769949],
[[1400.0,150.0,150.0],0.0002549074],
[[1400.0,200.0,200.0],0.0002752116],
[[1400.0,250.0,250.0],0.0002612691],
[[1400.0,300.0,300.0],0.0002566408],
[[1400.0,350.0,350.0],0.0003058144],
[[1400.0,400.0,400.0],0.0002585598],
[[1400.0,450.0,450.0],0.0002943988],
[[1400.0,500.0,500.0],0.00030084],
[[1400.0,550.0,550.0],0.0002704236],
[[1400.0,600.0,600.0],0.0003012575],
[[1400.0,650.0,650.0],0.0002653115],
[[1450.0,1.0,1.0],0.0002536379],
[[1450.0,75.0,75.0],0.0002655605],
[[1450.0,150.0,150.0],0.0002579188],
[[1450.0,200.0,200.0],0.0002773427],
[[1450.0,250.0,250.0],0.0002857256],
[[1450.0,300.0,300.0],0.0003433097],
[[1450.0,350.0,350.0],0.0002726153],
[[1450.0,400.0,400.0],0.0003169578],
[[1450.0,450.0,450.0],0.000303294],
[[1450.0,500.0,500.0],0.000328073],
[[1450.0,550.0,550.0],0.000278594],
[[1450.0,600.0,600.0],0.0003204174],
[[1450.0,650.0,650.0],0.0003163911],
[[1450.0,700.0,700.0],0.0003062337],
[[1500.0,1.0,1.0],0.0002714606],
[[1500.0,10.0,10.0],0.0002865779],
[[1500.0,75.0,75.0],0.0002735321],
[[1500.0,150.0,150.0],0.0002912651],
[[1500.0,200.0,200.0],0.0002413874],
[[1500.0,250.0,250.0],0.0003076614],
[[1500.0,300.0,300.0],0.0002995864],
[[1500.0,350.0,350.0],0.0002860349],
[[1500.0,400.0,400.0],0.0003193262],
[[1500.0,450.0,450.0],0.0002911881],
[[1500.0,500.0,500.0],0.0003206795],
[[1500.0,550.0,550.0],0.0003098278],
[[1500.0,600.0,600.0],0.0003390435],
[[1500.0,650.0,650.0],0.0003013307],
[[1500.0,700.0,700.0],0.0003254639],
[[1500.0,750.0,750.0],0.000321376],
[[1550.0,1.0,1.0],0.0002877297],
[[1550.0,75.0,75.0],0.0003087695],
[[1550.0,150.0,150.0],0.0003323882],
[[1550.0,200.0,200.0],0.0002969287],
[[1550.0,250.0,250.0],0.0002783081],
[[1550.0,300.0,300.0],0.0003183295],
[[1550.0,350.0,350.0],0.0003383195],
[[1550.0,400.0,400.0],0.0003358282],
[[1550.0,450.0,450.0],0.0003270914],
[[1550.0,500.0,500.0],0.0003201923],
[[1550.0,550.0,550.0],0.0003713547],
[[1550.0,600.0,600.0],0.0003546074],
[[1550.0,650.0,650.0],0.0003544565],
[[1550.0,700.0,700.0],0.0003259475],
[[1550.0,750.0,750.0],0.0003521205],
[[1600.0,1.0,1.0],0.0003044482],
[[1600.0,75.0,75.0],0.0002648105],
[[1600.0,150.0,150.0],0.0003934596],
[[1600.0,200.0,200.0],0.0003084459],
[[1600.0,250.0,250.0],0.0003417414],
[[1600.0,300.0,300.0],0.0003421578],
[[1600.0,350.0,350.0],0.000313168],
[[1600.0,400.0,400.0],0.000341126],
[[1600.0,450.0,450.0],0.0003314054],
[[1600.0,500.0,500.0],0.0003215658],
[[1600.0,550.0,550.0],0.0003421983],
[[1600.0,600.0,600.0],0.0003218186],
[[1600.0,650.0,650.0],0.0003446949],
[[1600.0,700.0,700.0],0.0003518443],
[[1600.0,750.0,750.0],0.0003781545],
[[1650.0,1.0,1.0],0.000311251],
[[1650.0,75.0,75.0],0.0003070662],
[[1650.0,150.0,150.0],0.0003005415],
[[1650.0,200.0,200.0],0.0003018835],
[[1650.0,250.0,250.0],0.000320705],
[[1650.0,300.0,300.0],0.0003229379],
[[1650.0,350.0,350.0],0.0003459903],
[[1650.0,400.0,400.0],0.0003520862],
[[1650.0,450.0,450.0],0.0003140486],
[[1650.0,500.0,500.0],0.000312943],
[[1650.0,550.0,550.0],0.0003555597],
[[1650.0,600.0,600.0],0.0003207554],
[[1650.0,650.0,650.0],0.0003216904],
[[1650.0,700.0,700.0],0.000329094],
[[1650.0,750.0,750.0],0.0003656487],
[[1650.0,800.0,800.0],0.0004158108],
[[1700.0,1.0,1.0],0.00031548],
[[1700.0,75.0,75.0],0.0003155559],
[[1700.0,150.0,150.0],0.0002724889],
[[1700.0,200.0,200.0],0.0003161056],
[[1700.0,250.0,250.0],0.0003399046],
[[1700.0,300.0,300.0],0.0003357397],
[[1700.0,350.0,350.0],0.0003387376],
[[1700.0,400.0,400.0],0.0003287935],
[[1700.0,450.0,450.0],0.0003121568],
[[1700.0,500.0,500.0],0.0003521087],
[[1700.0,550.0,550.0],0.0003468935],
[[1700.0,600.0,600.0],0.0003283251],
[[1700.0,650.0,650.0],0.0003902568],
[[1700.0,700.0,700.0],0.0003350639],
[[1700.0,750.0,750.0],0.0003775471],
[[1700.0,800.0,800.0],0.0003415426],
[[1750.0,1.0,1.0],0.0003604522],
[[1750.0,10.0,10.0],0.0003267769],
[[1750.0,75.0,75.0],0.0003499399],
[[1750.0,150.0,150.0],0.0003234939],
[[1750.0,200.0,200.0],0.0003490479],
[[1750.0,250.0,250.0],0.0003039127],
[[1750.0,300.0,300.0],0.0003500331],
[[1750.0,350.0,350.0],0.0003349407],
[[1750.0,400.0,400.0],0.0003621242],
[[1750.0,450.0,450.0],0.000365295],
[[1750.0,500.0,500.0],0.0003375734],
[[1750.0,550.0,550.0],0.0003822566],
[[1750.0,600.0,600.0],0.0004134028],
[[1750.0,650.0,650.0],0.0003574102],
[[1750.0,700.0,700.0],0.0003690693],
[[1750.0,750.0,750.0],0.0003792117],
[[1750.0,800.0,800.0],0.0003667162],
[[1750.0,850.0,850.0],0.0003651256],
[[1800.0,1.0,1.0],0.0003397452],
[[1800.0,75.0,75.0],0.0003277923],
[[1800.0,150.0,150.0],0.0003534932],
[[1800.0,200.0,200.0],0.000363092],
[[1800.0,250.0,250.0],0.0003200035],
[[1800.0,300.0,300.0],0.0003728314],
[[1800.0,350.0,350.0],0.000350297],
[[1800.0,400.0,400.0],0.0003475522],
[[1800.0,450.0,450.0],0.000356785],
[[1800.0,500.0,500.0],0.0003816824],
[[1800.0,550.0,550.0],0.0004333706],
[[1800.0,600.0,600.0],0.0003648486],
[[1800.0,650.0,650.0],0.0004130248],
[[1800.0,700.0,700.0],0.0003960465],
[[1800.0,750.0,750.0],0.0004123122],
[[1800.0,800.0,800.0],0.0003298722],
[[1800.0,850.0,850.0],0.000391493],
[[1850.0,1.0,1.0],0.0003439789],
[[1850.0,75.0,75.0],0.0003716473],
[[1850.0,150.0,150.0],0.0003628877],
[[1850.0,200.0,200.0],0.0003278933],
[[1850.0,250.0,250.0],0.000371585],
[[1850.0,300.0,300.0],0.0003906014],
[[1850.0,350.0,350.0],0.0003571436],
[[1850.0,400.0,400.0],0.0003536367],
[[1850.0,450.0,450.0],0.0004352972],
[[1850.0,500.0,500.0],0.0003647713],
[[1850.0,550.0,550.0],0.000414309],
[[1850.0,600.0,600.0],0.0003826804],
[[1850.0,650.0,650.0],0.0003919495],
[[1850.0,700.0,700.0],0.0004464761],
[[1850.0,750.0,750.0],0.0004131391],
[[1850.0,800.0,800.0],0.0004261221],
[[1850.0,850.0,850.0],0.0003950281],
[[1850.0,900.0,900.0],0.0003682323],
[[1900.0,1.0,1.0],0.0003633854],
[[1900.0,75.0,75.0],0.0003728688],
[[1900.0,150.0,150.0],0.0003520815],
[[1900.0,200.0,200.0],0.0003855531],
[[1900.0,250.0,250.0],0.0003730209],
[[1900.0,300.0,300.0],0.0004131759],
[[1900.0,350.0,350.0],0.0003597896],
[[1900.0,400.0,400.0],0.0003685875],
[[1900.0,450.0,450.0],0.0004377625],
[[1900.0,500.0,500.0],0.0003914639],
[[1900.0,550.0,550.0],0.0003881075],
[[1900.0,600.0,600.0],0.0003871192],
[[1900.0,650.0,650.0],0.0003741167],
[[1900.0,700.0,700.0],0.0003521171],
[[1900.0,750.0,750.0],0.0003700069],
[[1900.0,800.0,800.0],0.0004342579],
[[1900.0,850.0,850.0],0.0004489658],
[[1900.0,900.0,900.0],0.0004130144],
[[1950.0,1.0,1.0],0.0003373011],
[[1950.0,75.0,75.0],0.0003566355],
[[1950.0,150.0,150.0],0.0003292499],
[[1950.0,200.0,200.0],0.0003461229],
[[1950.0,250.0,250.0],0.0003650334],
[[1950.0,300.0,300.0],0.0003537681],
[[1950.0,350.0,350.0],0.0004028306],
[[1950.0,400.0,400.0],0.0004097437],
[[1950.0,450.0,450.0],0.0004006561],
[[1950.0,500.0,500.0],0.0003462841],
[[1950.0,550.0,550.0],0.0004040489],
[[1950.0,600.0,600.0],0.0004350889],
[[1950.0,650.0,650.0],0.0003943274],
[[1950.0,700.0,700.0],0.0004080226],
[[1950.0,750.0,750.0],0.0004000657],
[[1950.0,800.0,800.0],0.0003712381],
[[1950.0,850.0,850.0],0.0004440811],
[[1950.0,900.0,900.0],0.0004341569],
[[1950.0,950.0,950.0],0.0004066022],
[[2000.0,1.0,1.0],0.0003989261],
[[2000.0,75.0,75.0],0.0003711305],
[[2000.0,150.0,150.0],0.0004024009],
[[2000.0,200.0,200.0],0.0004541231],
[[2000.0,250.0,250.0],0.0003912643],
[[2000.0,300.0,300.0],0.0004281697],
[[2000.0,350.0,350.0],0.0003711514],
[[2000.0,400.0,400.0],0.0004273405],
[[2000.0,450.0,450.0],0.0003736058],
[[2000.0,500.0,500.0],0.0004166503],
[[2000.0,550.0,550.0],0.0003863473],
[[2000.0,600.0,600.0],0.0004096018],
[[2000.0,650.0,650.0],0.0004223954],
[[2000.0,700.0,700.0],0.0004427007],
[[2000.0,750.0,750.0],0.000383514],
[[2000.0,800.0,800.0],0.0004104914],
[[2000.0,850.0,850.0],0.0004181594],
[[2000.0,900.0,900.0],0.0004116314],
[[2000.0,950.0,950.0],0.0004358609],
[[2250.0,1.0,1.0],0.0004164658],
[[2250.0,75.0,75.0],0.0004455552],
[[2250.0,150.0,150.0],0.0004525632],
[[2250.0,300.0,300.0],0.0004249987],
[[2250.0,500.0,500.0],0.0003971523],
[[2250.0,750.0,750.0],0.0004467292],
[[2250.0,1000.0,1000.0],0.0004717071],
[[2500.0,1.0,1.0],0.0004550559],
[[2500.0,75.0,75.0],0.0004613662],
[[2500.0,150.0,150.0],0.0004619896],
[[2500.0,300.0,300.0],0.0004461657],
[[2500.0,500.0,500.0],0.000451165],
[[2500.0,750.0,750.0],0.0004779171],
[[2500.0,1000.0,1000.0],0.000438725],
[[2500.0,1200.0,1200.0],0.0005136848],
[[2750.0,1.0,1.0],0.0004795483],
[[2750.0,75.0,75.0],0.00050295],
[[2750.0,150.0,150.0],0.0005047393],
[[2750.0,300.0,300.0],0.0004327268],
[[2750.0,500.0,500.0],0.0004621401],
[[2750.0,750.0,750.0],0.0005315718],
[[2750.0,1000.0,1000.0],0.0004618538],
[[2750.0,1200.0,1200.0],0.0004856758],
[[3000.0,1.0,1.0],0.000513961],
[[3000.0,75.0,75.0],0.0004860276],
[[3000.0,150.0,150.0],0.0004469985],
[[3000.0,300.0,300.0],0.0004735226],
[[3000.0,500.0,500.0],0.000457548],
[[3000.0,750.0,750.0],0.0004984552],
[[3000.0,1000.0,1000.0],0.0005149819],
[[3000.0,1200.0,1200.0],0.0005055187],
[[3000.0,1400.0,1400.0],0.000485019]]
