txName: TRV1
constraint: {(PV > Zprime(1)), (Zprime(1) > MET(2),MET(3))}
condition: None
conditionDescription: None
figureUrl: None
source: Recast by CM2
validated: True
axesMap: [{0: 'x', 1: 'y', 2: 'y'}]
dataMap: {0: (1, 'mass', GeV), 1: (2, 'mass', GeV), 2: (3, 'mass', GeV)}
finalState: ['MET', 'MET']
intermediateState: None
efficiencyMap: [[[50.0,0,0],0],
[[50.0,1.0,1.0],0],
[[50.0,10.0,10.0],0],
[[50.0,20.0,20.0],0],
[[100.0,0,0],0],
[[100.0,1.0,1.0],0],
[[100.0,10.0,10.0],0],
[[150.0,0,0],3.6409e-06],
[[150.0,1.0,1.0],3.589135e-06],
[[150.0,10.0,10.0],3.337209e-06],
[[150.0,50.0,50.0],4.272103e-06],
[[150.0,70.0,70.0],3.905994e-06],
[[200.0,0,0],1.012511e-05],
[[200.0,1.0,1.0],6.832436e-06],
[[200.0,10.0,10.0],8.567126e-06],
[[200.0,50.0,50.0],9.699947e-06],
[[200.0,75.0,75.0],1.025529e-05],
[[250.0,0,0],6.773471e-05],
[[250.0,1.0,1.0],1.794631e-05],
[[250.0,10.0,10.0],1.700129e-05],
[[250.0,50.0,50.0],1.753119e-05],
[[250.0,75.0,75.0],1.781212e-05],
[[250.0,100.0,100.0],1.63225e-05],
[[250.0,120.0,120.0],1.934519e-05],
[[300.0,0,0],2.561347e-05],
[[300.0,1.0,1.0],2.65644e-05],
[[300.0,10.0,10.0],2.022003e-05],
[[300.0,50.0,50.0],7.199474e-05],
[[300.0,75.0,75.0],2.732416e-05],
[[300.0,100.0,100.0],3.106873e-05],
[[350.0,0,0],3.363545e-05],
[[350.0,1.0,1.0],3.727288e-05],
[[350.0,10.0,10.0],3.536348e-05],
[[350.0,50.0,50.0],3.67018e-05],
[[350.0,75.0,75.0],3.995494e-05],
[[350.0,100.0,100.0],4.215022e-05],
[[350.0,150.0,150.0],3.981032e-05],
[[350.0,170.0,170.0],4.325823e-05],
[[400.0,0,0],5.98261e-05],
[[400.0,1.0,1.0],5.529633e-05],
[[400.0,10.0,10.0],4.583502e-05],
[[400.0,50.0,50.0],5.322935e-05],
[[400.0,75.0,75.0],5.823172e-05],
[[400.0,100.0,100.0],6.722641e-05],
[[400.0,150.0,150.0],6.609906e-05],
[[450.0,0,0],6.465548e-05],
[[450.0,1.0,1.0],6.402575e-05],
[[450.0,10.0,10.0],6.503087e-05],
[[450.0,50.0,50.0],7.313035e-05],
[[450.0,75.0,75.0],6.567658e-05],
[[450.0,100.0,100.0],6.904397e-05],
[[450.0,150.0,150.0],7.098977e-05],
[[450.0,200.0,200.0],0.0001251003],
[[450.0,220.0,220.0],7.423223e-05],
[[500.0,0,0],7.413194e-05],
[[500.0,1.0,1.0],8.153938e-05],
[[500.0,10.0,10.0],9.446842e-05],
[[500.0,50.0,50.0],8.351453e-05],
[[500.0,75.0,75.0],8.58556e-05],
[[500.0,100.0,100.0],9.38113e-05],
[[500.0,150.0,150.0],0.000108267],
[[500.0,200.0,200.0],8.987994e-05],
[[550.0,1.0,1.0],0.0001006085],
[[550.0,10.0,10.0],9.369504e-05],
[[550.0,75.0,75.0],9.139035e-05],
[[550.0,150.0,150.0],0.0001087269],
[[550.0,200.0,200.0],0.0001020024],
[[550.0,250.0,250.0],9.692085e-05],
[[550.0,270.0,270.0],0.0001035708],
[[600.0,0,0],0.0001127914],
[[600.0,1.0,1.0],0.0001231102],
[[600.0,10.0,10.0],0.0001256641],
[[600.0,50.0,50.0],0.0001239133],
[[600.0,75.0,75.0],0.0001291413],
[[600.0,100.0,100.0],0.0001084654],
[[600.0,150.0,150.0],0.0001203322],
[[600.0,200.0,200.0],0.0001198432],
[[600.0,250.0,250.0],0.0001160739],
[[600.0,295.0,295.0],0.0001341163],
[[650.0,1.0,1.0],0.0001636393],
[[650.0,10.0,10.0],0.0001258863],
[[650.0,75.0,75.0],0.000132972],
[[650.0,150.0,150.0],0.000138522],
[[650.0,200.0,200.0],0.0001451206],
[[650.0,250.0,250.0],0.0001454885],
[[650.0,300.0,300.0],0.0001477095],
[[650.0,320.0,320.0],0.0001580651],
[[700.0,0,0],0.000176374],
[[700.0,1.0,1.0],0.0001403203],
[[700.0,10.0,10.0],0.0001571371],
[[700.0,50.0,50.0],0.0001576968],
[[700.0,75.0,75.0],0.0001382393],
[[700.0,100.0,100.0],8.838435e-05],
[[700.0,150.0,150.0],0.0001700656],
[[700.0,200.0,200.0],0.0001790043],
[[700.0,250.0,250.0],0.0001607385],
[[700.0,300.0,300.0],0.0001555306],
[[750.0,1.0,1.0],0.0001580199],
[[750.0,10.0,10.0],0.0001500434],
[[750.0,75.0,75.0],0.0001550154],
[[750.0,150.0,150.0],0.0001905209],
[[750.0,200.0,200.0],0.0001807188],
[[750.0,250.0,250.0],0.0001770213],
[[750.0,300.0,300.0],0.000189965],
[[750.0,350.0,350.0],0.0001887058],
[[750.0,370.0,370.0],0.0001745415],
[[800.0,0,0],0.0001878566],
[[800.0,1.0,1.0],0.0001820653],
[[800.0,10.0,10.0],0.000189237],
[[800.0,50.0,50.0],0.0001786363],
[[800.0,75.0,75.0],0.0001554232],
[[800.0,100.0,100.0],0.0001737578],
[[800.0,150.0,150.0],0.0001824668],
[[800.0,200.0,200.0],0.0001599638],
[[800.0,250.0,250.0],0.0001925961],
[[800.0,300.0,300.0],0.0001825059],
[[800.0,350.0,350.0],0.0001847388],
[[850.0,1.0,1.0],0.0001833875],
[[850.0,10.0,10.0],0.0002330581],
[[850.0,75.0,75.0],0.0001895963],
[[850.0,150.0,150.0],0.0001826698],
[[850.0,200.0,200.0],0.0001927962],
[[850.0,250.0,250.0],0.0001919045],
[[850.0,300.0,300.0],0.0001947384],
[[850.0,350.0,350.0],0.0002076592],
[[850.0,400.0,400.0],0.0002361579],
[[850.0,420.0,420.0],0.0002038471],
[[900.0,0,0],0.000190071],
[[900.0,1.0,1.0],0.0002001216],
[[900.0,10.0,10.0],0.0001955952],
[[900.0,50.0,50.0],0.000187703],
[[900.0,75.0,75.0],0.000236452],
[[900.0,100.0,100.0],0.0002451469],
[[900.0,150.0,150.0],0.0002046379],
[[900.0,200.0,200.0],0.0002196777],
[[900.0,250.0,250.0],0.0002105689],
[[900.0,300.0,300.0],0.000285447],
[[900.0,350.0,350.0],0.0002197122],
[[900.0,400.0,400.0],0.0002109927],
[[950.0,1.0,1.0],0.0001984248],
[[950.0,10.0,10.0],0.0002454543],
[[950.0,75.0,75.0],0.0002091007],
[[950.0,150.0,150.0],0.0002191026],
[[950.0,200.0,200.0],0.0002123888],
[[950.0,250.0,250.0],0.0002263468],
[[950.0,300.0,300.0],0.0002869859],
[[950.0,350.0,350.0],0.0001954186],
[[950.0,400.0,400.0],0.0002296595],
[[950.0,450.0,450.0],0.0002420525],
[[950.0,470.0,470.0],0.0002413661],
[[1000.0,0,0],0.000247229],
[[1000.0,50.0,50.0],0.0002577309],
[[1000.0,100.0,100.0],0.000244548],
[[1000.0,150.0,150.0],0.0002310892],
[[1000.0,200.0,200.0],0.0001931864],
[[1000.0,250.0,250.0],0.0002165242],
[[1000.0,300.0,300.0],0.0002410365],
[[1000.0,350.0,350.0],0.0002242883],
[[1000.0,400.0,400.0],0.0002600404],
[[1000.0,450.0,450.0],0.0002492478],
[[1050.0,520.0,520.0],0.0002397392],
[[1100.0,0,0],0.0002473842],
[[1100.0,100.0,100.0],0.0002675766],
[[1100.0,200.0,200.0],0.0002528265],
[[1100.0,300.0,300.0],0.0002687532],
[[1100.0,400.0,400.0],0.0002577706],
[[1100.0,500.0,500.0],0.0002828942],
[[1150.0,570.0,570.0],0.0003064119],
[[1200.0,0,0],0.000297539],
[[1200.0,100.0,100.0],0.0002813635],
[[1200.0,200.0,200.0],0.0002708363],
[[1200.0,300.0,300.0],0.0002799013],
[[1200.0,400.0,400.0],0.0002862219],
[[1200.0,500.0,500.0],0.0002673646],
[[1250.0,620.0,620.0],0.0003253485],
[[1300.0,0,0],0.0002994699],
[[1300.0,100.0,100.0],0.0003143564],
[[1300.0,200.0,200.0],0.0002883104],
[[1300.0,300.0,300.0],0.0002567123],
[[1300.0,400.0,400.0],0.000308844],
[[1300.0,500.0,500.0],0.0002904557],
[[1300.0,600.0,600.0],0.0003179695],
[[1350.0,670.0,670.0],0.0003273558],
[[1400.0,0,0],0.0002942908],
[[1400.0,100.0,100.0],0.0002969104],
[[1400.0,200.0,200.0],0.0003167918],
[[1400.0,300.0,300.0],0.0002998129],
[[1400.0,400.0,400.0],0.0003072972],
[[1400.0,500.0,500.0],0.0003684769],
[[1400.0,600.0,600.0],0.0003360439],
[[1450.0,720.0,720.0],0.0003284388],
[[1500.0,0,0],0.0003064714],
[[1500.0,100.0,100.0],0.0003090082],
[[1500.0,200.0,200.0],0.0003346508],
[[1500.0,300.0,300.0],0.000374925],
[[1500.0,400.0,400.0],0.0003496122],
[[1500.0,500.0,500.0],0.0003045902],
[[1500.0,600.0,600.0],0.0003114513],
[[1500.0,700.0,700.0],0.0003391885],
[[1550.0,770.0,770.0],0.0003473101],
[[1600.0,0,0],0.0003614978],
[[1600.0,100.0,100.0],0.0003319063],
[[1600.0,200.0,200.0],0.0003443003],
[[1600.0,300.0,300.0],0.0003673127],
[[1600.0,400.0,400.0],0.000394588],
[[1600.0,500.0,500.0],0.0003237319],
[[1600.0,600.0,600.0],0.0003567063],
[[1600.0,700.0,700.0],0.0003541028],
[[1650.0,820.0,820.0],0.0003598191],
[[1700.0,0,0],0.0003644482],
[[1700.0,100.0,100.0],0.0003211495],
[[1700.0,200.0,200.0],0.0003823558],
[[1700.0,300.0,300.0],0.0003319045],
[[1700.0,400.0,400.0],0.000365978],
[[1700.0,500.0,500.0],0.0003835633],
[[1700.0,600.0,600.0],0.0003843199],
[[1700.0,700.0,700.0],0.0003500944],
[[1700.0,800.0,800.0],0.0003554857],
[[1750.0,870.0,870.0],0.0004025884],
[[1800.0,0,0],0.0003464301],
[[1800.0,100.0,100.0],0.0003389195],
[[1800.0,200.0,200.0],0.0003745418],
[[1800.0,300.0,300.0],0.0003386038],
[[1800.0,400.0,400.0],0.0003468911],
[[1800.0,500.0,500.0],0.0003806133],
[[1800.0,600.0,600.0],0.000365861],
[[1800.0,700.0,700.0],0.0003855029],
[[1800.0,800.0,800.0],0.0004080282],
[[1850.0,920.0,920.0],0.0003917698],
[[1900.0,0,0],0.0003396703],
[[1900.0,100.0,100.0],0.0003426606],
[[1900.0,200.0,200.0],0.0004133781],
[[1900.0,300.0,300.0],0.0003420462],
[[1900.0,400.0,400.0],0.0003519251],
[[1900.0,500.0,500.0],0.0004218661],
[[1900.0,600.0,600.0],0.0004012067],
[[1900.0,700.0,700.0],0.000426696],
[[1900.0,800.0,800.0],0.0004078763],
[[1900.0,900.0,900.0],0.0004061393],
[[1950.0,970.0,970.0],0.0004471503],
[[2000.0,0,0],0.0003606669],
[[2000.0,100.0,100.0],0.0003766741],
[[2000.0,200.0,200.0],0.0003883579],
[[2000.0,300.0,300.0],0.0004342386],
[[2000.0,400.0,400.0],0.0003863474],
[[2000.0,500.0,500.0],0.0004463732],
[[2000.0,600.0,600.0],0.0004277776],
[[2000.0,700.0,700.0],0.0003812722],
[[2000.0,800.0,800.0],0.0004026152],
[[2000.0,900.0,900.0],0.0004540632],
[[2050.0,1020.0,1020.0],0.000418075],
[[2100.0,0,0],0.0003932894],
[[2100.0,100.0,100.0],0.0003472644],
[[2100.0,200.0,200.0],0.0003942254],
[[2100.0,300.0,300.0],0.0004003613],
[[2100.0,400.0,400.0],0.0004078923],
[[2100.0,500.0,500.0],0.0003918642],
[[2100.0,600.0,600.0],0.0004283764],
[[2100.0,700.0,700.0],0.0003993874],
[[2100.0,800.0,800.0],0.0004067492],
[[2100.0,900.0,900.0],0.0004282942],
[[2100.0,1000.0,1000.0],0.0004395008],
[[2150.0,1070.0,1070.0],0.0004127445],
[[2200.0,0,0],0.0003727472],
[[2200.0,100.0,100.0],0.0003824443],
[[2200.0,200.0,200.0],0.0003903125],
[[2200.0,300.0,300.0],0.00036979],
[[2200.0,400.0,400.0],0.0004468588],
[[2200.0,500.0,500.0],0.0003785713],
[[2200.0,600.0,600.0],0.0004125701],
[[2200.0,700.0,700.0],0.0004394816],
[[2200.0,800.0,800.0],0.0004397465],
[[2200.0,900.0,900.0],0.0004177377],
[[2200.0,1000.0,1000.0],0.0004377226],
[[2250.0,1120.0,1120.0],0.0004499846],
[[2300.0,0,0],0.0003023674],
[[2300.0,100.0,100.0],0.0003577453],
[[2300.0,200.0,200.0],0.0003655],
[[2300.0,300.0,300.0],0.0003932418],
[[2300.0,400.0,400.0],0.0004064657],
[[2300.0,500.0,500.0],0.0004105978],
[[2300.0,600.0,600.0],0.0004413202],
[[2300.0,700.0,700.0],0.0004138948],
[[2300.0,800.0,800.0],0.00042243],
[[2300.0,900.0,900.0],0.0004516652],
[[2300.0,1000.0,1000.0],0.0004388222],
[[2300.0,1100.0,1100.0],0.0004430392],
[[2350.0,1170.0,1170.0],0.0004311047],
[[2400.0,0,0],0.000401995],
[[2400.0,100.0,100.0],0.0004254819],
[[2400.0,200.0,200.0],0.0004008974],
[[2400.0,300.0,300.0],0.0004609125],
[[2400.0,400.0,400.0],0.0004384854],
[[2400.0,500.0,500.0],0.0004205467],
[[2400.0,600.0,600.0],0.0004338045],
[[2400.0,700.0,700.0],0.0004476706],
[[2400.0,800.0,800.0],0.0004369634],
[[2400.0,900.0,900.0],0.00043117],
[[2400.0,1000.0,1000.0],0.0004392202],
[[2400.0,1100.0,1100.0],0.0004398252],
[[2450.0,1220.0,1220.0],0.000441091],
[[2500.0,0,0],0.0003792013],
[[2500.0,100.0,100.0],0.0003681444],
[[2500.0,200.0,200.0],0.0004274731],
[[2500.0,300.0,300.0],0.0004314468],
[[2500.0,400.0,400.0],0.0004077909],
[[2500.0,500.0,500.0],0.0004557163],
[[2500.0,600.0,600.0],0.0004532926],
[[2500.0,700.0,700.0],0.0004485837],
[[2500.0,800.0,800.0],0.0004882644],
[[2500.0,900.0,900.0],0.0004734194],
[[2500.0,1000.0,1000.0],0.0004314839],
[[2500.0,1100.0,1100.0],0.0004713899],
[[2500.0,1200.0,1200.0],0.0004702747],
[[2550.0,1270.0,1270.0],0.0004380682],
[[2600.0,0,0],0.000408696],
[[2600.0,100.0,100.0],0.0004263151],
[[2600.0,200.0,200.0],0.0004343871],
[[2600.0,300.0,300.0],0.0004427573],
[[2600.0,400.0,400.0],0.000480408],
[[2600.0,500.0,500.0],0.0004118901],
[[2600.0,600.0,600.0],0.0004501455],
[[2600.0,700.0,700.0],0.0004237298],
[[2600.0,800.0,800.0],0.0004761339],
[[2600.0,900.0,900.0],0.0004430555],
[[2600.0,1000.0,1000.0],0.0004967403],
[[2600.0,1100.0,1100.0],0.0004249228],
[[2600.0,1200.0,1200.0],0.0004571495],
[[2650.0,1320.0,1320.0],0.0004863165],
[[2700.0,0,0],0.0004018921],
[[2700.0,100.0,100.0],0.0004222831],
[[2700.0,200.0,200.0],0.0004411618],
[[2700.0,300.0,300.0],0.0004259693],
[[2700.0,400.0,400.0],0.0004168414],
[[2700.0,500.0,500.0],0.000409668],
[[2700.0,600.0,600.0],0.0004663655],
[[2700.0,700.0,700.0],0.0004505086],
[[2700.0,800.0,800.0],0.0004740212],
[[2700.0,900.0,900.0],0.0004783382],
[[2700.0,1000.0,1000.0],0.0004679224],
[[2700.0,1100.0,1100.0],0.0004537085],
[[2700.0,1200.0,1200.0],0.0004467332],
[[2700.0,1300.0,1300.0],0.0004294422],
[[2750.0,1370.0,1370.0],0.0004389073],
[[2800.0,0,0],0.0003630244],
[[2800.0,100.0,100.0],0.0004174356],
[[2800.0,200.0,200.0],0.0003901685],
[[2800.0,300.0,300.0],0.0004563936],
[[2800.0,400.0,400.0],0.0004313334],
[[2800.0,500.0,500.0],0.0004857914],
[[2800.0,600.0,600.0],0.0004522531],
[[2800.0,700.0,700.0],0.0004437989],
[[2800.0,800.0,800.0],0.0004410681],
[[2800.0,900.0,900.0],0.0004658665],
[[2800.0,1000.0,1000.0],0.0004433877],
[[2800.0,1100.0,1100.0],0.0004243412],
[[2800.0,1200.0,1200.0],0.0005310964],
[[2800.0,1300.0,1300.0],0.0004611754],
[[2850.0,1420.0,1420.0],0.000419819],
[[2900.0,0,0],0.0004210613],
[[2900.0,100.0,100.0],0.0004093474],
[[2900.0,200.0,200.0],0.0004303179],
[[2900.0,300.0,300.0],0.000462933],
[[2900.0,400.0,400.0],0.0004013083],
[[2900.0,500.0,500.0],0.0007430048],
[[2900.0,600.0,600.0],0.0004334901],
[[2900.0,700.0,700.0],0.0004697553],
[[2900.0,800.0,800.0],0.0004390595],
[[2900.0,900.0,900.0],0.0002296414],
[[2900.0,1000.0,1000.0],0.0004079126],
[[2900.0,1100.0,1100.0],0.0004405432],
[[2900.0,1200.0,1200.0],0.000445453],
[[2900.0,1300.0,1300.0],0.0004682198],
[[2900.0,1400.0,1400.0],0.0004628253],
[[2950.0,1470.0,1470.0],0.0004500677],
[[3000.0,0,0],0.000384957],
[[3000.0,100.0,100.0],0.0003867461],
[[3000.0,200.0,200.0],0.0004171949],
[[3000.0,300.0,300.0],0.0004476413],
[[3000.0,400.0,400.0],0.0004430499],
[[3000.0,500.0,500.0],0.0004921651],
[[3000.0,600.0,600.0],0.0004160253],
[[3000.0,700.0,700.0],0.0004541662],
[[3000.0,800.0,800.0],0.0004582472],
[[3000.0,900.0,900.0],0.0004621888],
[[3000.0,1000.0,1000.0],0.0004658076],
[[3000.0,1100.0,1100.0],0.0004958021],
[[3000.0,1200.0,1200.0],0.0004713583],
[[3000.0,1300.0,1300.0],0.0004346826],
[[3000.0,1400.0,1400.0],0.0005105194]]
