txName: TRV1
constraint: {(PV > Zprime(1)), (Zprime(1) > MET(2),MET(3))}
condition: None
conditionDescription: None
figureUrl: None
source: Recast by CM2
validated: True
axesMap: [{0: 'x', 1: 'y', 2: 'y'}]
dataMap: {0: (1, 'mass', GeV), 1: (2, 'mass', GeV), 2: (3, 'mass', GeV)}
finalState: ['MET', 'MET']
intermediateState: None
efficiencyMap: [[[50.0,0,0],0.0],
[[50.0,1.0,1.0],0.0],
[[50.0,10.0,10.0],0.0],
[[50.0,20.0,20.0],0.0],
[[100.0,0,0],0.0],
[[100.0,1.0,1.0],0.0],
[[100.0,10.0,10.0],0],
[[150.0,0,0],0],
[[150.0,1.0,1.0],0],
[[150.0,10.0,10.0],0],
[[150.0,50.0,50.0],0],
[[150.0,70.0,70.0],0],
[[200.0,0,0],0],
[[200.0,1.0,1.0],0],
[[200.0,10.0,10.0],0],
[[200.0,50.0,50.0],0],
[[200.0,75.0,75.0],0],
[[250.0,0,0],0],
[[250.0,1.0,1.0],0],
[[250.0,10.0,10.0],0],
[[250.0,50.0,50.0],0],
[[250.0,75.0,75.0],0],
[[250.0,100.0,100.0],0],
[[250.0,120.0,120.0],0],
[[300.0,0,0],0],
[[300.0,1.0,1.0],0],
[[300.0,10.0,10.0],0],
[[300.0,50.0,50.0],0],
[[300.0,75.0,75.0],0],
[[300.0,100.0,100.0],0],
[[350.0,0,0],0],
[[350.0,1.0,1.0],0],
[[350.0,10.0,10.0],0],
[[350.0,50.0,50.0],0],
[[350.0,75.0,75.0],0],
[[350.0,100.0,100.0],0],
[[350.0,150.0,150.0],0],
[[350.0,170.0,170.0],0],
[[400.0,0,0],0],
[[400.0,1.0,1.0],0],
[[400.0,10.0,10.0],0],
[[400.0,50.0,50.0],0],
[[400.0,75.0,75.0],0],
[[400.0,100.0,100.0],0],
[[400.0,150.0,150.0],0],
[[450.0,0,0],0],
[[450.0,1.0,1.0],0],
[[450.0,10.0,10.0],0],
[[450.0,50.0,50.0],0],
[[450.0,75.0,75.0],0],
[[450.0,100.0,100.0],0],
[[450.0,150.0,150.0],0],
[[450.0,200.0,200.0],0],
[[450.0,220.0,220.0],0],
[[500.0,0,0],0],
[[500.0,1.0,1.0],0],
[[500.0,10.0,10.0],0],
[[500.0,50.0,50.0],0],
[[500.0,75.0,75.0],0],
[[500.0,100.0,100.0],0],
[[500.0,150.0,150.0],0],
[[500.0,200.0,200.0],0],
[[550.0,1.0,1.0],0],
[[550.0,10.0,10.0],0],
[[550.0,75.0,75.0],1.646061e-06],
[[550.0,150.0,150.0],0],
[[550.0,200.0,200.0],1.678394e-06],
[[550.0,250.0,250.0],0],
[[550.0,270.0,270.0],0],
[[600.0,0,0],0],
[[600.0,1.0,1.0],2.061536e-06],
[[600.0,10.0,10.0],1.817727e-06],
[[600.0,50.0,50.0],2.598959e-06],
[[600.0,75.0,75.0],1.683546e-06],
[[600.0,100.0,100.0],0],
[[600.0,150.0,150.0],2.295732e-06],
[[600.0,200.0,200.0],1.851552e-06],
[[600.0,250.0,250.0],2.724665e-06],
[[600.0,295.0,295.0],2.011407e-06],
[[650.0,1.0,1.0],2.569074e-06],
[[650.0,10.0,10.0],1.803848e-06],
[[650.0,75.0,75.0],2.512683e-06],
[[650.0,150.0,150.0],2.499538e-06],
[[650.0,200.0,200.0],2.143423e-06],
[[650.0,250.0,250.0],2.429115e-06],
[[650.0,300.0,300.0],3.093654e-06],
[[650.0,320.0,320.0],2.338597e-06],
[[700.0,0,0],3.30756e-06],
[[700.0,1.0,1.0],2.737183e-06],
[[700.0,10.0,10.0],2.727905e-06],
[[700.0,50.0,50.0],2.427231e-06],
[[700.0,75.0,75.0],2.683882e-06],
[[700.0,100.0,100.0],2.136645e-06],
[[700.0,150.0,150.0],2.882692e-06],
[[700.0,200.0,200.0],3.287732e-06],
[[700.0,250.0,250.0],4.156573e-06],
[[700.0,300.0,300.0],2.156011e-06],
[[750.0,1.0,1.0],3.521974e-06],
[[750.0,10.0,10.0],3.451923e-06],
[[750.0,75.0,75.0],3.354171e-06],
[[750.0,150.0,150.0],4.155955e-06],
[[750.0,200.0,200.0],4.032911e-06],
[[750.0,250.0,250.0],4.121697e-06],
[[750.0,300.0,300.0],4.52693e-06],
[[750.0,350.0,350.0],4.164791e-06],
[[750.0,370.0,370.0],3.830431e-06],
[[800.0,0,0],3.281714e-06],
[[800.0,1.0,1.0],4.721988e-06],
[[800.0,10.0,10.0],4.300852e-06],
[[800.0,50.0,50.0],3.788293e-06],
[[800.0,75.0,75.0],4.39748e-06],
[[800.0,100.0,100.0],4.368278e-06],
[[800.0,150.0,150.0],5.198174e-06],
[[800.0,200.0,200.0],4.55142e-06],
[[800.0,250.0,250.0],3.107596e-06],
[[800.0,300.0,300.0],4.660983e-06],
[[800.0,350.0,350.0],3.913993e-06],
[[850.0,1.0,1.0],5.719088e-06],
[[850.0,10.0,10.0],6.250607e-06],
[[850.0,75.0,75.0],5.806128e-06],
[[850.0,150.0,150.0],6.191671e-06],
[[850.0,200.0,200.0],5.446129e-06],
[[850.0,250.0,250.0],5.743803e-06],
[[850.0,300.0,300.0],5.820541e-06],
[[850.0,350.0,350.0],6.007933e-06],
[[850.0,400.0,400.0],7.222858e-06],
[[850.0,420.0,420.0],5.959542e-06],
[[900.0,0,0],5.140852e-06],
[[900.0,1.0,1.0],6.56666e-06],
[[900.0,10.0,10.0],5.76637e-06],
[[900.0,50.0,50.0],4.596613e-06],
[[900.0,75.0,75.0],6.055788e-06],
[[900.0,100.0,100.0],5.820379e-06],
[[900.0,150.0,150.0],4.366831e-06],
[[900.0,200.0,200.0],7.209759e-06],
[[900.0,250.0,250.0],5.883681e-06],
[[900.0,300.0,300.0],8.137256e-06],
[[900.0,350.0,350.0],6.795703e-06],
[[900.0,400.0,400.0],7.562009e-06],
[[950.0,1.0,1.0],4.944524e-06],
[[950.0,10.0,10.0],7.281421e-06],
[[950.0,75.0,75.0],7.044415e-06],
[[950.0,150.0,150.0],8.858479e-06],
[[950.0,200.0,200.0],6.42866e-06],
[[950.0,250.0,250.0],6.194718e-06],
[[950.0,300.0,300.0],7.442278e-06],
[[950.0,350.0,350.0],7.642678e-06],
[[950.0,400.0,400.0],6.094717e-06],
[[950.0,450.0,450.0],8.081457e-06],
[[950.0,470.0,470.0],9.357949e-06],
[[1000.0,0,0],8.164159e-06],
[[1000.0,50.0,50.0],8.617436e-06],
[[1000.0,100.0,100.0],9.987017e-06],
[[1000.0,150.0,150.0],7.03969e-06],
[[1000.0,200.0,200.0],7.507062e-06],
[[1000.0,250.0,250.0],9.695234e-06],
[[1000.0,300.0,300.0],8.464243e-06],
[[1000.0,350.0,350.0],8.059967e-06],
[[1000.0,400.0,400.0],8.732933e-06],
[[1000.0,450.0,450.0],9.701674e-06],
[[1050.0,520.0,520.0],1.221163e-05],
[[1100.0,0,0],1.191627e-05],
[[1100.0,100.0,100.0],9.546505e-06],
[[1100.0,200.0,200.0],1.153178e-05],
[[1100.0,300.0,300.0],1.063631e-05],
[[1100.0,400.0,400.0],1.090413e-05],
[[1100.0,500.0,500.0],9.865972e-06],
[[1150.0,570.0,570.0],1.348583e-05],
[[1200.0,0,0],1.117785e-05],
[[1200.0,100.0,100.0],1.431648e-05],
[[1200.0,200.0,200.0],1.256764e-05],
[[1200.0,300.0,300.0],1.333925e-05],
[[1200.0,400.0,400.0],1.323628e-05],
[[1200.0,500.0,500.0],1.356078e-05],
[[1250.0,620.0,620.0],1.61854e-05],
[[1300.0,0,0],1.242575e-05],
[[1300.0,100.0,100.0],1.525339e-05],
[[1300.0,200.0,200.0],1.564579e-05],
[[1300.0,300.0,300.0],1.557556e-05],
[[1300.0,400.0,400.0],1.299879e-05],
[[1300.0,500.0,500.0],1.596155e-05],
[[1300.0,600.0,600.0],1.898617e-05],
[[1350.0,670.0,670.0],2.061615e-05],
[[1400.0,0,0],1.845667e-05],
[[1400.0,100.0,100.0],1.82491e-05],
[[1400.0,200.0,200.0],1.817884e-05],
[[1400.0,300.0,300.0],1.852971e-05],
[[1400.0,400.0,400.0],1.813131e-05],
[[1400.0,500.0,500.0],1.787309e-05],
[[1400.0,600.0,600.0],1.85974e-05],
[[1450.0,720.0,720.0],1.904559e-05],
[[1500.0,0,0],1.907093e-05],
[[1500.0,100.0,100.0],2.367667e-05],
[[1500.0,200.0,200.0],1.925261e-05],
[[1500.0,300.0,300.0],2.146913e-05],
[[1500.0,400.0,400.0],2.039667e-05],
[[1500.0,500.0,500.0],2.126697e-05],
[[1500.0,600.0,600.0],2.129782e-05],
[[1500.0,700.0,700.0],2.259059e-05],
[[1550.0,770.0,770.0],2.487801e-05],
[[1600.0,0,0],2.837785e-05],
[[1600.0,100.0,100.0],2.715751e-05],
[[1600.0,200.0,200.0],2.514711e-05],
[[1600.0,300.0,300.0],2.789463e-05],
[[1600.0,400.0,400.0],2.125133e-05],
[[1600.0,500.0,500.0],2.85176e-05],
[[1600.0,600.0,600.0],2.605784e-05],
[[1600.0,700.0,700.0],2.735944e-05],
[[1650.0,820.0,820.0],2.862171e-05],
[[1700.0,0,0],2.4899e-05],
[[1700.0,100.0,100.0],2.277744e-05],
[[1700.0,200.0,200.0],3.08415e-05],
[[1700.0,300.0,300.0],2.955623e-05],
[[1700.0,400.0,400.0],2.869599e-05],
[[1700.0,500.0,500.0],2.338343e-05],
[[1700.0,600.0,600.0],2.882628e-05],
[[1700.0,700.0,700.0],2.595977e-05],
[[1700.0,800.0,800.0],3.638819e-05],
[[1750.0,870.0,870.0],2.924042e-05],
[[1800.0,0,0],4.176613e-05],
[[1800.0,100.0,100.0],3.585283e-05],
[[1800.0,200.0,200.0],2.931968e-05],
[[1800.0,300.0,300.0],2.49093e-05],
[[1800.0,400.0,400.0],2.942588e-05],
[[1800.0,500.0,500.0],2.898129e-05],
[[1800.0,600.0,600.0],3.303507e-05],
[[1800.0,700.0,700.0],2.988614e-05],
[[1800.0,800.0,800.0],3.391519e-05],
[[1850.0,920.0,920.0],3.491962e-05],
[[1900.0,0,0],2.913829e-05],
[[1900.0,100.0,100.0],3.257001e-05],
[[1900.0,200.0,200.0],4.548795e-05],
[[1900.0,300.0,300.0],3.002301e-05],
[[1900.0,400.0,400.0],3.190419e-05],
[[1900.0,500.0,500.0],4.57284e-05],
[[1900.0,600.0,600.0],3.206965e-05],
[[1900.0,700.0,700.0],3.295007e-05],
[[1900.0,800.0,800.0],3.419937e-05],
[[1900.0,900.0,900.0],3.441656e-05],
[[1950.0,970.0,970.0],3.599136e-05],
[[2000.0,0,0],3.495936e-05],
[[2000.0,100.0,100.0],3.085426e-05],
[[2000.0,200.0,200.0],3.487499e-05],
[[2000.0,300.0,300.0],3.060344e-05],
[[2000.0,400.0,400.0],4.31149e-05],
[[2000.0,500.0,500.0],3.127055e-05],
[[2000.0,600.0,600.0],4.244413e-05],
[[2000.0,700.0,700.0],4.149349e-05],
[[2000.0,800.0,800.0],3.239374e-05],
[[2000.0,900.0,900.0],3.357193e-05],
[[2050.0,1020.0,1020.0],3.904737e-05],
[[2100.0,0,0],3.473372e-05],
[[2100.0,100.0,100.0],3.474458e-05],
[[2100.0,200.0,200.0],3.979185e-05],
[[2100.0,300.0,300.0],4.522193e-05],
[[2100.0,400.0,400.0],3.934192e-05],
[[2100.0,500.0,500.0],4.169187e-05],
[[2100.0,600.0,600.0],3.879419e-05],
[[2100.0,700.0,700.0],4.124474e-05],
[[2100.0,800.0,800.0],3.912353e-05],
[[2100.0,900.0,900.0],3.964633e-05],
[[2100.0,1000.0,1000.0],3.856927e-05],
[[2150.0,1070.0,1070.0],4.555178e-05],
[[2200.0,0,0],3.702066e-05],
[[2200.0,100.0,100.0],3.495435e-05],
[[2200.0,200.0,200.0],3.542437e-05],
[[2200.0,300.0,300.0],4.044449e-05],
[[2200.0,400.0,400.0],4.301383e-05],
[[2200.0,500.0,500.0],4.049324e-05],
[[2200.0,600.0,600.0],4.087978e-05],
[[2200.0,700.0,700.0],4.477831e-05],
[[2200.0,800.0,800.0],4.515542e-05],
[[2200.0,900.0,900.0],3.99871e-05],
[[2200.0,1000.0,1000.0],4.585064e-05],
[[2250.0,1120.0,1120.0],4.644711e-05],
[[2300.0,0,0],4.049434e-05],
[[2300.0,100.0,100.0],4.112897e-05],
[[2300.0,200.0,200.0],3.822525e-05],
[[2300.0,300.0,300.0],4.34797e-05],
[[2300.0,400.0,400.0],4.770647e-05],
[[2300.0,500.0,500.0],5.297122e-05],
[[2300.0,600.0,600.0],5.195394e-05],
[[2300.0,700.0,700.0],5.170692e-05],
[[2300.0,800.0,800.0],4.564836e-05],
[[2300.0,900.0,900.0],3.960509e-05],
[[2300.0,1000.0,1000.0],4.543096e-05],
[[2300.0,1100.0,1100.0],4.629925e-05],
[[2350.0,1170.0,1170.0],5.264017e-05],
[[2400.0,0,0],4.235916e-05],
[[2400.0,100.0,100.0],4.329402e-05],
[[2400.0,200.0,200.0],4.411619e-05],
[[2400.0,300.0,300.0],5.57254e-05],
[[2400.0,400.0,400.0],4.484129e-05],
[[2400.0,500.0,500.0],5.845681e-05],
[[2400.0,600.0,600.0],4.358885e-05],
[[2400.0,700.0,700.0],4.270795e-05],
[[2400.0,800.0,800.0],4.536141e-05],
[[2400.0,900.0,900.0],4.60246e-05],
[[2400.0,1000.0,1000.0],4.953101e-05],
[[2400.0,1100.0,1100.0],5.771646e-05],
[[2450.0,1220.0,1220.0],5.538172e-05],
[[2500.0,0,0],3.998801e-05],
[[2500.0,100.0,100.0],5.509936e-05],
[[2500.0,200.0,200.0],4.538238e-05],
[[2500.0,300.0,300.0],4.545359e-05],
[[2500.0,400.0,400.0],5.340975e-05],
[[2500.0,500.0,500.0],4.529937e-05],
[[2500.0,600.0,600.0],5.055646e-05],
[[2500.0,700.0,700.0],4.710038e-05],
[[2500.0,800.0,800.0],4.632608e-05],
[[2500.0,900.0,900.0],4.733697e-05],
[[2500.0,1000.0,1000.0],4.614691e-05],
[[2500.0,1100.0,1100.0],5.828047e-05],
[[2500.0,1200.0,1200.0],4.730782e-05],
[[2550.0,1270.0,1270.0],5.326902e-05],
[[2600.0,0,0],5.103154e-05],
[[2600.0,100.0,100.0],3.973167e-05],
[[2600.0,200.0,200.0],4.074539e-05],
[[2600.0,300.0,300.0],4.561239e-05],
[[2600.0,400.0,400.0],5.617722e-05],
[[2600.0,500.0,500.0],5.312472e-05],
[[2600.0,600.0,600.0],5.65424e-05],
[[2600.0,700.0,700.0],6.585202e-05],
[[2600.0,800.0,800.0],4.642044e-05],
[[2600.0,900.0,900.0],6.941176e-05],
[[2600.0,1000.0,1000.0],5.621492e-05],
[[2600.0,1100.0,1100.0],6.056754e-05],
[[2600.0,1200.0,1200.0],6.268749e-05],
[[2650.0,1320.0,1320.0],5.723688e-05],
[[2700.0,0,0],4.576774e-05],
[[2700.0,100.0,100.0],4.314301e-05],
[[2700.0,200.0,200.0],5.106431e-05],
[[2700.0,300.0,300.0],4.623155e-05],
[[2700.0,400.0,400.0],5.144093e-05],
[[2700.0,500.0,500.0],6.308529e-05],
[[2700.0,600.0,600.0],5.606388e-05],
[[2700.0,700.0,700.0],5.276072e-05],
[[2700.0,800.0,800.0],4.835318e-05],
[[2700.0,900.0,900.0],4.487271e-05],
[[2700.0,1000.0,1000.0],6.246498e-05],
[[2700.0,1100.0,1100.0],5.263006e-05],
[[2700.0,1200.0,1200.0],4.803439e-05],
[[2700.0,1300.0,1300.0],5.544981e-05],
[[2750.0,1370.0,1370.0],6.805345e-05],
[[2800.0,0,0],4.311821e-05],
[[2800.0,100.0,100.0],4.629313e-05],
[[2800.0,200.0,200.0],5.944601e-05],
[[2800.0,300.0,300.0],5.241638e-05],
[[2800.0,400.0,400.0],5.046662e-05],
[[2800.0,500.0,500.0],6.251304e-05],
[[2800.0,600.0,600.0],4.853801e-05],
[[2800.0,700.0,700.0],5.717962e-05],
[[2800.0,800.0,800.0],6.289706e-05],
[[2800.0,900.0,900.0],5.412679e-05],
[[2800.0,1000.0,1000.0],6.120706e-05],
[[2800.0,1100.0,1100.0],5.434191e-05],
[[2800.0,1200.0,1200.0],6.439326e-05],
[[2800.0,1300.0,1300.0],5.889398e-05],
[[2850.0,1420.0,1420.0],6.27142e-05],
[[2900.0,0,0],4.630352e-05],
[[2900.0,100.0,100.0],4.38886e-05],
[[2900.0,200.0,200.0],5.320056e-05],
[[2900.0,300.0,300.0],4.940448e-05],
[[2900.0,400.0,400.0],4.955928e-05],
[[2900.0,500.0,500.0],7.991344e-05],
[[2900.0,600.0,600.0],6.25014e-05],
[[2900.0,700.0,700.0],5.796786e-05],
[[2900.0,800.0,800.0],5.858774e-05],
[[2900.0,900.0,900.0],2.905787e-05],
[[2900.0,1000.0,1000.0],6.056704e-05],
[[2900.0,1100.0,1100.0],6.05041e-05],
[[2900.0,1200.0,1200.0],5.801881e-05],
[[2900.0,1300.0,1300.0],5.163799e-05],
[[2900.0,1400.0,1400.0],5.867488e-05],
[[2950.0,1470.0,1470.0],6.09827e-05],
[[3000.0,0,0],3.906668e-05],
[[3000.0,100.0,100.0],5.036973e-05],
[[3000.0,200.0,200.0],5.368771e-05],
[[3000.0,300.0,300.0],5.008749e-05],
[[3000.0,400.0,400.0],5.148792e-05],
[[3000.0,500.0,500.0],5.343754e-05],
[[3000.0,600.0,600.0],5.639878e-05],
[[3000.0,700.0,700.0],5.630762e-05],
[[3000.0,800.0,800.0],7.200873e-05],
[[3000.0,900.0,900.0],5.301463e-05],
[[3000.0,1000.0,1000.0],6.842615e-05],
[[3000.0,1100.0,1100.0],5.557519e-05],
[[3000.0,1200.0,1200.0],6.61874e-05],
[[3000.0,1300.0,1300.0],5.917662e-05],
[[3000.0,1400.0,1400.0],6.022203e-05]]
