txName: TRS1
constraint: {(PV > H0(1)), (H0(1) > MET(2),MET(3))}
condition: None
conditionDescription: None
figureUrl: https://cms-results.web.cern.ch/cms-results/public-results/publications/EXO-20-004/CMS-EXO-20-004_Figure_009-a.png
source: https://doi.org/10.5281/zenodo.13324003
validated: True
axesMap: [{0: 'x', 1: '1.0', 2: '1.0'}, {0: 'x', 1: 'y', 2: 'y'}]
dataMap: {0: (1, 'mass', GeV), 1: (2, 'mass', GeV), 2: (3, 'mass', GeV)}
finalState: ['MET', 'MET']
intermediateState: None
efficiencyMap: [[[100.0,1.0,1.0],2.515373e-07],
[[100.0,10.0,10.0],2.823325e-07],
[[150.0,1.0,1.0],5.616718e-07],
[[150.0,50.0,50.0],4.8997e-07],
[[200.0,1.0,1.0],7.081312e-07],
[[200.0,50.0,50.0],7.536441e-07],
[[200.0,100.0,100.0],1.292217e-06],
[[250.0,1.0,1.0],1.3323e-06],
[[250.0,10.0,10.0],1.499159e-06],
[[250.0,50.0,50.0],1.277576e-06],
[[250.0,100.0,100.0],7.918783e-07],
[[300.0,1.0,1.0],1.595036e-06],
[[300.0,50.0,50.0],1.625295e-06],
[[300.0,100.0,100.0],1.703048e-06],
[[350.0,1.0,1.0],1.79538e-06],
[[350.0,50.0,50.0],2.14507e-06],
[[350.0,100.0,100.0],1.302703e-06],
[[350.0,150.0,150.0],1.873576e-06],
[[400.0,1.0,1.0],2.051967e-06],
[[400.0,50.0,50.0],2.911364e-06],
[[400.0,100.0,100.0],2.174671e-06],
[[400.0,150.0,150.0],2.846174e-06],
[[450.0,1.0,1.0],3.146857e-06],
[[450.0,50.0,50.0],3.011722e-06],
[[450.0,100.0,100.0],3.730186e-06],
[[450.0,150.0,150.0],3.23417e-06],
[[450.0,200.0,200.0],3.680162e-06],
[[500.0,1.0,1.0],5.275084e-06],
[[500.0,10.0,10.0],4.047148e-06],
[[500.0,50.0,50.0],5.122434e-06],
[[500.0,100.0,100.0],4.625241e-06],
[[500.0,150.0,150.0],4.254226e-06],
[[500.0,200.0,200.0],5.141806e-06],
[[550.0,1.0,1.0],4.514388e-06],
[[550.0,50.0,50.0],7.501e-06],
[[550.0,100.0,100.0],5.515957e-06],
[[550.0,150.0,150.0],7.264138e-06],
[[550.0,200.0,200.0],5.43821e-06],
[[550.0,250.0,250.0],7.90906e-06],
[[600.0,1.0,1.0],9.503107e-06],
[[600.0,50.0,50.0],8.831521e-06],
[[600.0,100.0,100.0],9.747799e-06],
[[600.0,150.0,150.0],1.06904e-05],
[[600.0,200.0,200.0],1.000709e-05],
[[600.0,250.0,250.0],1.021224e-05],
[[650.0,1.0,1.0],1.286995e-05],
[[650.0,50.0,50.0],1.122012e-05],
[[650.0,100.0,100.0],1.081141e-05],
[[650.0,150.0,150.0],1.146793e-05],
[[650.0,200.0,200.0],1.026228e-05],
[[650.0,250.0,250.0],1.509567e-05],
[[650.0,300.0,300.0],1.670113e-05],
[[700.0,1.0,1.0],1.35656e-05],
[[700.0,50.0,50.0],1.477833e-05],
[[700.0,100.0,100.0],1.680883e-05],
[[700.0,150.0,150.0],1.449663e-05],
[[700.0,200.0,200.0],2.102201e-05],
[[700.0,250.0,250.0],2.030291e-05],
[[700.0,300.0,300.0],1.745038e-05],
[[750.0,1.0,1.0],2.314283e-05],
[[750.0,10.0,10.0],2.150491e-05],
[[750.0,50.0,50.0],1.85091e-05],
[[750.0,100.0,100.0],2.045997e-05],
[[750.0,150.0,150.0],1.782974e-05],
[[750.0,200.0,200.0],2.048596e-05],
[[750.0,250.0,250.0],1.883515e-05],
[[750.0,300.0,300.0],2.292512e-05],
[[750.0,350.0,350.0],2.707943e-05],
[[800.0,1.0,1.0],2.297744e-05],
[[800.0,150.0,150.0],2.994165e-05],
[[800.0,200.0,200.0],3.008558e-05],
[[800.0,250.0,250.0],2.618365e-05],
[[800.0,300.0,300.0],2.952673e-05],
[[800.0,350.0,350.0],3.331321e-05],
[[850.0,1.0,1.0],2.742095e-05],
[[850.0,150.0,150.0],3.024964e-05],
[[850.0,200.0,200.0],3.058283e-05],
[[850.0,250.0,250.0],3.078539e-05],
[[850.0,300.0,300.0],3.824724e-05],
[[850.0,350.0,350.0],3.662648e-05],
[[850.0,400.0,400.0],4.14271e-05],
[[900.0,1.0,1.0],3.55118e-05],
[[900.0,150.0,150.0],4.162841e-05],
[[900.0,200.0,200.0],4.326784e-05],
[[900.0,250.0,250.0],3.595179e-05],
[[900.0,300.0,300.0],4.372327e-05],
[[900.0,350.0,350.0],4.254794e-05],
[[900.0,400.0,400.0],4.765806e-05],
[[950.0,1.0,1.0],3.980475e-05],
[[950.0,150.0,150.0],4.550372e-05],
[[950.0,200.0,200.0],5.276613e-05],
[[950.0,250.0,250.0],4.174588e-05],
[[950.0,300.0,300.0],5.038142e-05],
[[950.0,350.0,350.0],4.922977e-05],
[[950.0,400.0,400.0],4.781412e-05],
[[950.0,450.0,450.0],6.151783e-05],
[[1000.0,1.0,1.0],4.995055e-05],
[[1000.0,10.0,10.0],4.608885e-05],
[[1000.0,50.0,50.0],4.452983e-05],
[[1000.0,100.0,100.0],4.377513e-05],
[[1000.0,150.0,150.0],4.741827e-05],
[[1000.0,200.0,200.0],5.55549e-05],
[[1000.0,250.0,250.0],5.062451e-05],
[[1000.0,300.0,300.0],6.198811e-05],
[[1000.0,350.0,350.0],6.515814e-05],
[[1000.0,400.0,400.0],5.382415e-05],
[[1000.0,450.0,450.0],5.807806e-05],
[[1050.0,1.0,1.0],5.219949e-05],
[[1050.0,150.0,150.0],6.517144e-05],
[[1050.0,200.0,200.0],6.29514e-05],
[[1050.0,250.0,250.0],6.007989e-05],
[[1050.0,300.0,300.0],6.119517e-05],
[[1050.0,350.0,350.0],6.603706e-05],
[[1050.0,400.0,400.0],7.382755e-05],
[[1050.0,450.0,450.0],6.462934e-05],
[[1050.0,500.0,500.0],6.788069e-05],
[[1100.0,1.0,1.0],6.414451e-05],
[[1100.0,150.0,150.0],6.078034e-05],
[[1100.0,200.0,200.0],5.988969e-05],
[[1100.0,250.0,250.0],6.814347e-05],
[[1100.0,300.0,300.0],7.800284e-05],
[[1100.0,350.0,350.0],8.527247e-05],
[[1100.0,400.0,400.0],7.389451e-05],
[[1100.0,450.0,450.0],8.562401e-05],
[[1100.0,500.0,500.0],7.802169e-05],
[[1150.0,1.0,1.0],5.822773e-05],
[[1150.0,150.0,150.0],7.171958e-05],
[[1150.0,200.0,200.0],6.888719e-05],
[[1150.0,250.0,250.0],6.860283e-05],
[[1150.0,300.0,300.0],9.536375e-05],
[[1150.0,350.0,350.0],8.415352e-05],
[[1150.0,400.0,400.0],8.590905e-05],
[[1150.0,450.0,450.0],9.048379e-05],
[[1150.0,500.0,500.0],9.000332e-05],
[[1150.0,550.0,550.0],9.914786e-05],
[[1200.0,1.0,1.0],7.790293e-05],
[[1200.0,150.0,150.0],7.832958e-05],
[[1200.0,200.0,200.0],0.0001021622],
[[1200.0,250.0,250.0],8.414996e-05],
[[1200.0,300.0,300.0],9.019239e-05],
[[1200.0,350.0,350.0],0.000127067],
[[1200.0,400.0,400.0],0.0001054455],
[[1200.0,450.0,450.0],0.0001058211],
[[1200.0,500.0,500.0],0.0001075992],
[[1200.0,550.0,550.0],0.0001032745],
[[1250.0,1.0,1.0],7.708656e-05],
[[1250.0,10.0,10.0],7.842036e-05],
[[1250.0,50.0,50.0],8.300408e-05],
[[1250.0,100.0,100.0],8.345246e-05],
[[1250.0,150.0,150.0],8.781259e-05],
[[1250.0,200.0,200.0],9.04125e-05],
[[1250.0,250.0,250.0],0.0001007316],
[[1250.0,300.0,300.0],0.0001323938],
[[1250.0,350.0,350.0],0.0001223128],
[[1250.0,400.0,400.0],0.0001073051],
[[1250.0,450.0,450.0],0.0001056285],
[[1250.0,500.0,500.0],0.0001168112],
[[1250.0,550.0,550.0],0.000142224],
[[1250.0,600.0,600.0],0.00014906],
[[1300.0,1.0,1.0],9.201378e-05],
[[1300.0,150.0,150.0],9.167565e-05],
[[1300.0,200.0,200.0],8.728786e-05],
[[1300.0,250.0,250.0],0.0001404815],
[[1300.0,300.0,300.0],0.0001074976],
[[1300.0,350.0,350.0],0.0001117866],
[[1300.0,400.0,400.0],9.936902e-05],
[[1300.0,450.0,450.0],0.00011241],
[[1300.0,500.0,500.0],0.0001516636],
[[1300.0,550.0,550.0],0.000184893],
[[1300.0,600.0,600.0],0.000117169],
[[1350.0,1.0,1.0],9.794487e-05],
[[1350.0,150.0,150.0],0.0001308583],
[[1350.0,200.0,200.0],0.0001062502],
[[1350.0,250.0,250.0],0.0001272025],
[[1350.0,300.0,300.0],0.0001492694],
[[1350.0,350.0,350.0],0.0001178662],
[[1350.0,400.0,400.0],0.0001277656],
[[1350.0,450.0,450.0],0.0001454479],
[[1350.0,500.0,500.0],0.0001553443],
[[1350.0,550.0,550.0],0.0001427585],
[[1350.0,600.0,600.0],0.0001575904],
[[1350.0,650.0,650.0],0.0001605366],
[[1400.0,1.0,1.0],8.987588e-05],
[[1400.0,150.0,150.0],0.0001183803],
[[1400.0,200.0,200.0],0.000117816],
[[1400.0,250.0,250.0],0.0001336402],
[[1400.0,300.0,300.0],0.000128101],
[[1400.0,350.0,350.0],0.0001518281],
[[1400.0,400.0,400.0],0.0001713408],
[[1400.0,450.0,450.0],0.0001278933],
[[1400.0,500.0,500.0],0.0001550719],
[[1400.0,550.0,550.0],0.0001331555],
[[1400.0,600.0,600.0],0.000151028],
[[1400.0,650.0,650.0],0.0002003678],
[[1450.0,1.0,1.0],0.0001241122],
[[1450.0,150.0,150.0],0.0002369213],
[[1450.0,200.0,200.0],0.0001268514],
[[1450.0,250.0,250.0],0.0001268629],
[[1450.0,300.0,300.0],0.0001600613],
[[1450.0,350.0,350.0],0.0001429952],
[[1450.0,400.0,400.0],0.0001542422],
[[1450.0,450.0,450.0],0.0001509032],
[[1450.0,500.0,500.0],0.00015918],
[[1450.0,550.0,550.0],0.0002266712],
[[1450.0,600.0,600.0],0.0002005177],
[[1450.0,650.0,650.0],0.000160587],
[[1450.0,700.0,700.0],0.0001827644],
[[1500.0,1.0,1.0],0.0001141634],
[[1500.0,10.0,10.0],0.0001086059],
[[1500.0,50.0,50.0],0.0001108756],
[[1500.0,100.0,100.0],0.0001003817],
[[1500.0,150.0,150.0],0.0001223332],
[[1500.0,200.0,200.0],0.0003557091],
[[1500.0,250.0,250.0],0.0001223612],
[[1500.0,300.0,300.0],0.0002364853],
[[1500.0,350.0,350.0],0.0002676072],
[[1500.0,400.0,400.0],0.0001731037],
[[1500.0,450.0,450.0],0.000189476],
[[1500.0,500.0,500.0],0.0001847779],
[[1500.0,550.0,550.0],0.0002092122],
[[1500.0,600.0,600.0],0.0001824352],
[[1500.0,650.0,650.0],0.0001803518],
[[1500.0,700.0,700.0],0.0001895243],
[[1500.0,750.0,750.0],0.0001966122],
[[1550.0,1.0,1.0],0.0001190182],
[[1550.0,150.0,150.0],0.0001446325],
[[1550.0,200.0,200.0],0.0001403687],
[[1550.0,250.0,250.0],0.000178813],
[[1550.0,300.0,300.0],0.0002119013],
[[1550.0,350.0,350.0],0.0001712858],
[[1550.0,400.0,400.0],0.0001674666],
[[1550.0,450.0,450.0],0.0001901305],
[[1550.0,500.0,500.0],0.0001693558],
[[1550.0,550.0,550.0],0.0002124966],
[[1550.0,600.0,600.0],0.0002189358],
[[1550.0,650.0,650.0],0.0002636686],
[[1550.0,700.0,700.0],0.000208556],
[[1550.0,750.0,750.0],0.0003637319],
[[1600.0,1.0,1.0],0.0001272595],
[[1600.0,150.0,150.0],0.0001482319],
[[1600.0,200.0,200.0],0.0001562802],
[[1600.0,250.0,250.0],0.0001635576],
[[1600.0,300.0,300.0],0.0001790657],
[[1600.0,350.0,350.0],0.0001784896],
[[1600.0,400.0,400.0],0.0001926601],
[[1600.0,450.0,450.0],0.0001863872],
[[1600.0,500.0,500.0],0.0001911389],
[[1600.0,550.0,550.0],0.0002065534],
[[1600.0,600.0,600.0],0.0002393302],
[[1600.0,650.0,650.0],0.000196247],
[[1600.0,700.0,700.0],0.0003006526],
[[1600.0,750.0,750.0],0.0002233093],
[[1650.0,1.0,1.0],0.0001227669],
[[1650.0,150.0,150.0],0.0001506688],
[[1650.0,200.0,200.0],0.000171534],
[[1650.0,250.0,250.0],0.0001560285],
[[1650.0,300.0,300.0],0.0002013855],
[[1650.0,350.0,350.0],0.0001977546],
[[1650.0,400.0,400.0],0.000194765],
[[1650.0,450.0,450.0],0.0002526706],
[[1650.0,500.0,500.0],0.0002679124],
[[1650.0,550.0,550.0],0.0002784829],
[[1650.0,600.0,600.0],0.0002093077],
[[1650.0,650.0,650.0],0.0002800812],
[[1650.0,700.0,700.0],0.0002054243],
[[1650.0,750.0,750.0],0.0002107748],
[[1650.0,800.0,800.0],0.0002511495],
[[1700.0,1.0,1.0],0.0001219605],
[[1700.0,150.0,150.0],0.0001457667],
[[1700.0,200.0,200.0],0.0001855201],
[[1700.0,250.0,250.0],0.0002096119],
[[1700.0,300.0,300.0],0.0001729097],
[[1700.0,350.0,350.0],0.0003182925],
[[1700.0,400.0,400.0],0.00018575],
[[1700.0,450.0,450.0],0.0002055809],
[[1700.0,500.0,500.0],0.0001982477],
[[1700.0,550.0,550.0],0.0002116209],
[[1700.0,600.0,600.0],0.000212205],
[[1700.0,650.0,650.0],0.0002199147],
[[1700.0,700.0,700.0],0.0002258112],
[[1700.0,750.0,750.0],0.0002554195],
[[1700.0,800.0,800.0],0.0002827833],
[[1750.0,1.0,1.0],0.000121897],
[[1750.0,10.0,10.0],0.0001213807],
[[1750.0,50.0,50.0],0.0001562713],
[[1750.0,100.0,100.0],0.0001292723],
[[1750.0,150.0,150.0],0.0001564276],
[[1750.0,200.0,200.0],0.0001634317],
[[1750.0,250.0,250.0],0.0002051946],
[[1750.0,300.0,300.0],0.0002225912],
[[1750.0,350.0,350.0],0.0002177944],
[[1750.0,400.0,400.0],0.0002652323],
[[1750.0,450.0,450.0],0.0002139932],
[[1750.0,500.0,500.0],0.0002718264],
[[1750.0,550.0,550.0],0.0002312216],
[[1750.0,600.0,600.0],0.0002203784],
[[1750.0,650.0,650.0],0.0002384297],
[[1750.0,700.0,700.0],0.0002660413],
[[1750.0,750.0,750.0],0.0002734124],
[[1750.0,800.0,800.0],0.0003014258],
[[1750.0,850.0,850.0],0.0003267965],
[[1800.0,1.0,1.0],0.0001235443],
[[1800.0,150.0,150.0],0.0001651759],
[[1800.0,200.0,200.0],0.0001847514],
[[1800.0,250.0,250.0],0.0001985743],
[[1800.0,300.0,300.0],0.0003278186],
[[1800.0,350.0,350.0],0.0002227022],
[[1800.0,400.0,400.0],0.0002141382],
[[1800.0,450.0,450.0],0.0003704032],
[[1800.0,500.0,500.0],0.0002778671],
[[1800.0,550.0,550.0],0.0002629821],
[[1800.0,600.0,600.0],0.0002393903],
[[1800.0,650.0,650.0],0.0002473288],
[[1800.0,700.0,700.0],0.0002424623],
[[1800.0,750.0,750.0],0.0003527259],
[[1800.0,800.0,800.0],0.0002734831],
[[1800.0,850.0,850.0],0.0002726494],
[[1850.0,1.0,1.0],0.0001189842],
[[1850.0,150.0,150.0],0.0001674472],
[[1850.0,200.0,200.0],0.0002057788],
[[1850.0,250.0,250.0],0.0002612585],
[[1850.0,300.0,300.0],0.0002052155],
[[1850.0,350.0,350.0],0.0002668641],
[[1850.0,400.0,400.0],0.0002507988],
[[1850.0,450.0,450.0],0.0002690333],
[[1850.0,500.0,500.0],0.0002491344],
[[1850.0,550.0,550.0],0.0002353729],
[[1850.0,600.0,600.0],0.000284447],
[[1850.0,650.0,650.0],0.0002702781],
[[1850.0,700.0,700.0],0.0002447794],
[[1850.0,750.0,750.0],0.0002784145],
[[1850.0,800.0,800.0],0.0002336326],
[[1850.0,850.0,850.0],0.0003117794],
[[1850.0,900.0,900.0],0.0003072114],
[[1900.0,1.0,1.0],0.0001310905],
[[1900.0,150.0,150.0],0.0001720593],
[[1900.0,200.0,200.0],0.0002178769],
[[1900.0,250.0,250.0],0.0002434404],
[[1900.0,300.0,300.0],0.000274399],
[[1900.0,350.0,350.0],0.0002318606],
[[1900.0,400.0,400.0],0.0002231051],
[[1900.0,450.0,450.0],0.0002422711],
[[1900.0,500.0,500.0],0.0002446997],
[[1900.0,550.0,550.0],0.0004268593],
[[1900.0,600.0,600.0],0.0003105422],
[[1900.0,650.0,650.0],0.0002516751],
[[1900.0,700.0,700.0],0.000345994],
[[1900.0,750.0,750.0],0.000273601],
[[1900.0,800.0,800.0],0.0003679114],
[[1900.0,850.0,850.0],0.0003222856],
[[1900.0,900.0,900.0],0.0003602299],
[[1950.0,1.0,1.0],0.000154199],
[[1950.0,150.0,150.0],0.0001527123],
[[1950.0,200.0,200.0],0.0002293274],
[[1950.0,250.0,250.0],0.0002098688],
[[1950.0,300.0,300.0],0.0002939159],
[[1950.0,350.0,350.0],0.0002658889],
[[1950.0,400.0,400.0],0.0002499739],
[[1950.0,450.0,450.0],0.0002538263],
[[1950.0,500.0,500.0],0.0003062421],
[[1950.0,550.0,550.0],0.0002644018],
[[1950.0,600.0,600.0],0.0003268777],
[[1950.0,650.0,650.0],0.0003234306],
[[1950.0,700.0,700.0],0.000303834],
[[1950.0,750.0,750.0],0.000285535],
[[1950.0,800.0,800.0],0.000291282],
[[1950.0,850.0,850.0],0.0003608011],
[[1950.0,900.0,900.0],0.0004351469],
[[1950.0,950.0,950.0],0.0003920855],
[[2000.0,1.0,1.0],0.000144624],
[[2000.0,10.0,10.0],0.0001872848],
[[2000.0,50.0,50.0],0.0001346095],
[[2000.0,100.0,100.0],0.000130264],
[[2000.0,150.0,150.0],0.0001661686],
[[2000.0,200.0,200.0],0.000257255],
[[2000.0,250.0,250.0],0.0002564852],
[[2000.0,300.0,300.0],0.000240176],
[[2000.0,350.0,350.0],0.0002859165],
[[2000.0,400.0,400.0],0.0002333116],
[[2000.0,450.0,450.0],0.0005122319],
[[2000.0,500.0,500.0],0.0003334996],
[[2000.0,550.0,550.0],0.0003020923],
[[2000.0,600.0,600.0],0.0003374953],
[[2000.0,650.0,650.0],0.0003557075],
[[2000.0,700.0,700.0],0.0003259263],
[[2000.0,750.0,750.0],0.0003135621],
[[2000.0,800.0,800.0],0.0003084742],
[[2000.0,850.0,850.0],0.0003774237],
[[2000.0,900.0,900.0],0.0003315217],
[[2000.0,950.0,950.0],0.0003192882],
[[2250.0,1.0,1.0],0.0001112017],
[[2250.0,10.0,10.0],0.0001620757],
[[2250.0,50.0,50.0],0.0001276295],
[[2250.0,100.0,100.0],0.0001474975],
[[2250.0,150.0,150.0],0.0001901065],
[[2250.0,300.0,300.0],0.0002284049],
[[2250.0,500.0,500.0],0.0003262353],
[[2250.0,750.0,750.0],0.0004316111],
[[2250.0,1000.0,1000.0],0.0003875217],
[[2500.0,1.0,1.0],0.0001421849],
[[2500.0,10.0,10.0],0.0001164952],
[[2500.0,50.0,50.0],0.000119208],
[[2500.0,100.0,100.0],0.0001609519],
[[2500.0,150.0,150.0],0.0001582598],
[[2500.0,300.0,300.0],0.0002508626],
[[2500.0,500.0,500.0],0.0003122647],
[[2500.0,750.0,750.0],0.0004303983],
[[2500.0,1000.0,1000.0],0.0005578329],
[[2500.0,1200.0,1200.0],0.0005182902],
[[2750.0,1.0,1.0],0.0001257355],
[[2750.0,10.0,10.0],0.000127592],
[[2750.0,50.0,50.0],0.0001026467],
[[2750.0,100.0,100.0],0.0001233301],
[[2750.0,150.0,150.0],0.0001488575],
[[2750.0,300.0,300.0],0.0002962106],
[[2750.0,500.0,500.0],0.0003552108],
[[2750.0,750.0,750.0],0.0004411576],
[[2750.0,1000.0,1000.0],0.0004832441],
[[2750.0,1200.0,1200.0],0.0004914415],
[[3000.0,1.0,1.0],8.542995e-05],
[[3000.0,10.0,10.0],8.135906e-05],
[[3000.0,50.0,50.0],8.905257e-05],
[[3000.0,100.0,100.0],0.0001148342],
[[3000.0,150.0,150.0],0.0001349309],
[[3000.0,300.0,300.0],0.000240705],
[[3000.0,500.0,500.0],0.0003601787],
[[3000.0,750.0,750.0],0.0004735203],
[[3000.0,1000.0,1000.0],0.0004785575],
[[3000.0,1200.0,1200.0],0.0005397123],
[[3000.0,1400.0,1400.0],0.0005178749]]
