txName: TRV1
constraint: {(PV > Zprime(1)), (Zprime(1) > MET(2),MET(3))}
condition: None
conditionDescription: None
figureUrl: https://cms-results.web.cern.ch/cms-results/public-results/publications/EXO-20-004/CMS-EXO-20-004_Figure_007-b.png
source: https://doi.org/10.5281/zenodo.13324003
validated: True
axesMap: [{0: 'x', 1: 'y', 2: 'y'}]
dataMap: {0: (1, 'mass', GeV), 1: (2, 'mass', GeV), 2: (3, 'mass', GeV)}
finalState: ['MET', 'MET']
intermediateState: None
efficiencyMap: [[[50.0,1.0,1.0],0.0],
[[100.0,1.0,1.0],2.290703e-08],
[[100.0,10.0,10.0],5.067744e-08],
[[150.0,1.0,1.0],1.114728e-07],
[[150.0,75.0,75.0],2.168977e-07],
[[200.0,1.0,1.0],4.075682e-07],
[[200.0,75.0,75.0],3.115162e-07],
[[250.0,1.0,1.0],6.965748e-07],
[[250.0,10.0,10.0],3.918924e-07],
[[250.0,75.0,75.0],5.239057e-07],
[[300.0,1.0,1.0],1.354406e-06],
[[300.0,75.0,75.0],8.105494e-07],
[[350.0,1.0,1.0],2.351762e-06],
[[350.0,75.0,75.0],2.566107e-06],
[[350.0,150.0,150.0],1.613335e-06],
[[400.0,1.0,1.0],2.655608e-06],
[[400.0,75.0,75.0],1.854555e-06],
[[400.0,150.0,150.0],3.624152e-06],
[[450.0,1.0,1.0],3.664965e-06],
[[450.0,75.0,75.0],4.614581e-06],
[[450.0,150.0,150.0],4.864485e-06],
[[450.0,200.0,200.0],3.767917e-06],
[[500.0,1.0,1.0],6.392326e-06],
[[500.0,10.0,10.0],4.834659e-06],
[[500.0,75.0,75.0],6.869e-06],
[[500.0,150.0,150.0],5.170142e-06],
[[500.0,200.0,200.0],7.651647e-06],
[[550.0,1.0,1.0],7.348059e-06],
[[550.0,75.0,75.0],6.900888e-06],
[[550.0,150.0,150.0],9.307852e-06],
[[550.0,200.0,200.0],9.197841e-06],
[[550.0,250.0,250.0],5.69946e-06],
[[600.0,1.0,1.0],8.428194e-06],
[[600.0,75.0,75.0],9.030432e-06],
[[600.0,150.0,150.0],1.489515e-05],
[[600.0,200.0,200.0],9.939633e-06],
[[600.0,250.0,250.0],1.016449e-05],
[[650.0,1.0,1.0],1.294869e-05],
[[650.0,75.0,75.0],1.380089e-05],
[[650.0,150.0,150.0],8.921533e-06],
[[650.0,200.0,200.0],1.2541e-05],
[[650.0,250.0,250.0],1.241192e-05],
[[650.0,300.0,300.0],1.161375e-05],
[[700.0,1.0,1.0],1.430623e-05],
[[700.0,75.0,75.0],1.34085e-05],
[[700.0,150.0,150.0],2.07805e-05],
[[700.0,200.0,200.0],1.287941e-05],
[[700.0,250.0,250.0],1.579906e-05],
[[700.0,300.0,300.0],1.318437e-05],
[[750.0,1.0,1.0],1.801253e-05],
[[750.0,10.0,10.0],1.965537e-05],
[[750.0,75.0,75.0],1.590616e-05],
[[750.0,150.0,150.0],1.665982e-05],
[[750.0,200.0,200.0],1.707645e-05],
[[750.0,250.0,250.0],1.555801e-05],
[[750.0,300.0,300.0],1.587961e-05],
[[750.0,350.0,350.0],2.105847e-05],
[[800.0,1.0,1.0],1.679534e-05],
[[800.0,75.0,75.0],2.037685e-05],
[[800.0,150.0,150.0],2.169055e-05],
[[800.0,200.0,200.0],1.845987e-05],
[[800.0,250.0,250.0],2.290813e-05],
[[800.0,300.0,300.0],2.265796e-05],
[[800.0,350.0,350.0],1.623261e-05],
[[850.0,1.0,1.0],1.862471e-05],
[[850.0,75.0,75.0],2.008174e-05],
[[850.0,150.0,150.0],2.409296e-05],
[[850.0,200.0,200.0],2.110872e-05],
[[850.0,250.0,250.0],2.108511e-05],
[[850.0,300.0,300.0],2.126924e-05],
[[850.0,350.0,350.0],2.411002e-05],
[[850.0,400.0,400.0],2.458801e-05],
[[900.0,1.0,1.0],2.209948e-05],
[[900.0,75.0,75.0],2.497685e-05],
[[900.0,150.0,150.0],2.462499e-05],
[[900.0,200.0,200.0],2.057977e-05],
[[900.0,250.0,250.0],2.450012e-05],
[[900.0,300.0,300.0],2.400393e-05],
[[900.0,350.0,350.0],2.29324e-05],
[[900.0,400.0,400.0],2.291741e-05],
[[950.0,1.0,1.0],2.588987e-05],
[[950.0,75.0,75.0],2.585673e-05],
[[950.0,150.0,150.0],2.930696e-05],
[[950.0,200.0,200.0],2.684798e-05],
[[950.0,250.0,250.0],3.21083e-05],
[[950.0,300.0,300.0],3.132146e-05],
[[950.0,350.0,350.0],2.75584e-05],
[[950.0,400.0,400.0],3.019766e-05],
[[950.0,450.0,450.0],2.521033e-05],
[[1000.0,1.0,1.0],2.906587e-05],
[[1000.0,10.0,10.0],3.147696e-05],
[[1000.0,75.0,75.0],3.025388e-05],
[[1000.0,150.0,150.0],3.637814e-05],
[[1000.0,200.0,200.0],3.215181e-05],
[[1000.0,250.0,250.0],2.755896e-05],
[[1000.0,300.0,300.0],3.281981e-05],
[[1000.0,350.0,350.0],3.326388e-05],
[[1000.0,400.0,400.0],3.438976e-05],
[[1000.0,450.0,450.0],3.424981e-05],
[[1050.0,1.0,1.0],3.012647e-05],
[[1050.0,75.0,75.0],3.637341e-05],
[[1050.0,150.0,150.0],4.778611e-05],
[[1050.0,200.0,200.0],3.22972e-05],
[[1050.0,250.0,250.0],3.841944e-05],
[[1050.0,300.0,300.0],3.129786e-05],
[[1050.0,350.0,350.0],3.849052e-05],
[[1050.0,400.0,400.0],3.466495e-05],
[[1050.0,450.0,450.0],5.025838e-05],
[[1050.0,500.0,500.0],3.799227e-05],
[[1100.0,1.0,1.0],3.767489e-05],
[[1100.0,75.0,75.0],3.818246e-05],
[[1100.0,150.0,150.0],2.996515e-05],
[[1100.0,200.0,200.0],4.902421e-05],
[[1100.0,250.0,250.0],4.064327e-05],
[[1100.0,300.0,300.0],3.691044e-05],
[[1100.0,350.0,350.0],4.470207e-05],
[[1100.0,400.0,400.0],5.322922e-05],
[[1100.0,450.0,450.0],3.985635e-05],
[[1100.0,500.0,500.0],5.145837e-05],
[[1150.0,1.0,1.0],4.046582e-05],
[[1150.0,75.0,75.0],4.239601e-05],
[[1150.0,150.0,150.0],3.661551e-05],
[[1150.0,200.0,200.0],3.95121e-05],
[[1150.0,250.0,250.0],4.305138e-05],
[[1150.0,300.0,300.0],4.046587e-05],
[[1150.0,350.0,350.0],3.823752e-05],
[[1150.0,400.0,400.0],4.213341e-05],
[[1150.0,450.0,450.0],4.314172e-05],
[[1150.0,500.0,500.0],4.767243e-05],
[[1150.0,550.0,550.0],5.951164e-05],
[[1200.0,1.0,1.0],4.71934e-05],
[[1200.0,75.0,75.0],4.105834e-05],
[[1200.0,150.0,150.0],3.935665e-05],
[[1200.0,200.0,200.0],4.844829e-05],
[[1200.0,250.0,250.0],4.956081e-05],
[[1200.0,300.0,300.0],8.032536e-05],
[[1200.0,350.0,350.0],4.447732e-05],
[[1200.0,400.0,400.0],5.307904e-05],
[[1200.0,450.0,450.0],4.006043e-05],
[[1200.0,500.0,500.0],4.181264e-05],
[[1200.0,550.0,550.0],4.609835e-05],
[[1250.0,1.0,1.0],4.13378e-05],
[[1250.0,10.0,10.0],4.695765e-05],
[[1250.0,75.0,75.0],4.722014e-05],
[[1250.0,150.0,150.0],3.714905e-05],
[[1250.0,200.0,200.0],4.770054e-05],
[[1250.0,250.0,250.0],4.353546e-05],
[[1250.0,300.0,300.0],3.989351e-05],
[[1250.0,350.0,350.0],4.665372e-05],
[[1250.0,400.0,400.0],5.233487e-05],
[[1250.0,450.0,450.0],4.921847e-05],
[[1250.0,500.0,500.0],5.345965e-05],
[[1250.0,550.0,550.0],4.79559e-05],
[[1250.0,600.0,600.0],5.280345e-05],
[[1300.0,1.0,1.0],4.324839e-05],
[[1300.0,75.0,75.0],4.86139e-05],
[[1300.0,150.0,150.0],5.090165e-05],
[[1300.0,200.0,200.0],5.633199e-05],
[[1300.0,250.0,250.0],4.957304e-05],
[[1300.0,300.0,300.0],5.45449e-05],
[[1300.0,350.0,350.0],5.71807e-05],
[[1300.0,400.0,400.0],6.626283e-05],
[[1300.0,450.0,450.0],4.692302e-05],
[[1300.0,500.0,500.0],8.819701e-05],
[[1300.0,550.0,550.0],4.97564e-05],
[[1300.0,600.0,600.0],6.943444e-05],
[[1350.0,1.0,1.0],4.577472e-05],
[[1350.0,75.0,75.0],5.528436e-05],
[[1350.0,150.0,150.0],6.352893e-05],
[[1350.0,200.0,200.0],4.687856e-05],
[[1350.0,250.0,250.0],5.528796e-05],
[[1350.0,300.0,300.0],6.087716e-05],
[[1350.0,350.0,350.0],5.029178e-05],
[[1350.0,400.0,400.0],5.509792e-05],
[[1350.0,450.0,450.0],5.585576e-05],
[[1350.0,500.0,500.0],6.23872e-05],
[[1350.0,550.0,550.0],5.588988e-05],
[[1350.0,600.0,600.0],5.235177e-05],
[[1350.0,650.0,650.0],6.565691e-05],
[[1400.0,1.0,1.0],5.377031e-05],
[[1400.0,75.0,75.0],5.765076e-05],
[[1400.0,150.0,150.0],5.558401e-05],
[[1400.0,200.0,200.0],5.053487e-05],
[[1400.0,250.0,250.0],5.19534e-05],
[[1400.0,300.0,300.0],6.007558e-05],
[[1400.0,350.0,350.0],6.141567e-05],
[[1400.0,400.0,400.0],5.451502e-05],
[[1400.0,450.0,450.0],5.795214e-05],
[[1400.0,500.0,500.0],6.110638e-05],
[[1400.0,550.0,550.0],6.435157e-05],
[[1400.0,600.0,600.0],7.147705e-05],
[[1400.0,650.0,650.0],5.939094e-05],
[[1450.0,1.0,1.0],6.509764e-05],
[[1450.0,75.0,75.0],5.868008e-05],
[[1450.0,150.0,150.0],5.737268e-05],
[[1450.0,200.0,200.0],5.346331e-05],
[[1450.0,250.0,250.0],6.207505e-05],
[[1450.0,300.0,300.0],6.083085e-05],
[[1450.0,350.0,350.0],6.350535e-05],
[[1450.0,400.0,400.0],6.85666e-05],
[[1450.0,450.0,450.0],6.300442e-05],
[[1450.0,500.0,500.0],7.102808e-05],
[[1450.0,550.0,550.0],6.402161e-05],
[[1450.0,600.0,600.0],6.019075e-05],
[[1450.0,650.0,650.0],5.890205e-05],
[[1450.0,700.0,700.0],7.238182e-05],
[[1500.0,1.0,1.0],6.400617e-05],
[[1500.0,10.0,10.0],7.482003e-05],
[[1500.0,75.0,75.0],5.999333e-05],
[[1500.0,150.0,150.0],6.505894e-05],
[[1500.0,200.0,200.0],6.171998e-05],
[[1500.0,250.0,250.0],7.218479e-05],
[[1500.0,300.0,300.0],6.085658e-05],
[[1500.0,350.0,350.0],5.782417e-05],
[[1500.0,400.0,400.0],6.492398e-05],
[[1500.0,450.0,450.0],6.851711e-05],
[[1500.0,500.0,500.0],6.271003e-05],
[[1500.0,550.0,550.0],6.601314e-05],
[[1500.0,600.0,600.0],6.602332e-05],
[[1500.0,650.0,650.0],6.281771e-05],
[[1500.0,700.0,700.0],5.716899e-05],
[[1500.0,750.0,750.0],6.828035e-05],
[[1550.0,1.0,1.0],6.228327e-05],
[[1550.0,75.0,75.0],7.318482e-05],
[[1550.0,150.0,150.0],6.203734e-05],
[[1550.0,200.0,200.0],6.258805e-05],
[[1550.0,250.0,250.0],8.374804e-05],
[[1550.0,300.0,300.0],7.412808e-05],
[[1550.0,350.0,350.0],7.571002e-05],
[[1550.0,400.0,400.0],7.116763e-05],
[[1550.0,450.0,450.0],6.610967e-05],
[[1550.0,500.0,500.0],6.182893e-05],
[[1550.0,550.0,550.0],8.322872e-05],
[[1550.0,600.0,600.0],5.382089e-05],
[[1550.0,650.0,650.0],7.257631e-05],
[[1550.0,700.0,700.0],7.394815e-05],
[[1550.0,750.0,750.0],7.466336e-05],
[[1600.0,1.0,1.0],6.385785e-05],
[[1600.0,75.0,75.0],7.312972e-05],
[[1600.0,150.0,150.0],7.905904e-05],
[[1600.0,200.0,200.0],7.099063e-05],
[[1600.0,250.0,250.0],7.927338e-05],
[[1600.0,300.0,300.0],7.695605e-05],
[[1600.0,350.0,350.0],7.347572e-05],
[[1600.0,400.0,400.0],5.535511e-05],
[[1600.0,450.0,450.0],8.026377e-05],
[[1600.0,500.0,500.0],8.111605e-05],
[[1600.0,550.0,550.0],8.02083e-05],
[[1600.0,600.0,600.0],6.264511e-05],
[[1600.0,650.0,650.0],6.614574e-05],
[[1600.0,700.0,700.0],9.089305e-05],
[[1600.0,750.0,750.0],8.332849e-05],
[[1650.0,1.0,1.0],7.155002e-05],
[[1650.0,75.0,75.0],7.899298e-05],
[[1650.0,150.0,150.0],8.206416e-05],
[[1650.0,200.0,200.0],7.650986e-05],
[[1650.0,250.0,250.0],7.014406e-05],
[[1650.0,300.0,300.0],8.170248e-05],
[[1650.0,350.0,350.0],7.468499e-05],
[[1650.0,400.0,400.0],8.124344e-05],
[[1650.0,450.0,450.0],7.817174e-05],
[[1650.0,500.0,500.0],6.813894e-05],
[[1650.0,550.0,550.0],6.694041e-05],
[[1650.0,600.0,600.0],7.098732e-05],
[[1650.0,650.0,650.0],7.169552e-05],
[[1650.0,700.0,700.0],8.44335e-05],
[[1650.0,750.0,750.0],9.708387e-05],
[[1650.0,800.0,800.0],6.562186e-05],
[[1700.0,1.0,1.0],5.649088e-05],
[[1700.0,75.0,75.0],7.172407e-05],
[[1700.0,150.0,150.0],7.821358e-05],
[[1700.0,200.0,200.0],7.334582e-05],
[[1700.0,250.0,250.0],8.034888e-05],
[[1700.0,300.0,300.0],7.589857e-05],
[[1700.0,350.0,350.0],6.004163e-05],
[[1700.0,400.0,400.0],7.871153e-05],
[[1700.0,450.0,450.0],5.797693e-05],
[[1700.0,500.0,500.0],8.529274e-05],
[[1700.0,550.0,550.0],9.017701e-05],
[[1700.0,600.0,600.0],0.0001175385],
[[1700.0,650.0,650.0],7.681734e-05],
[[1700.0,700.0,700.0],8.037255e-05],
[[1700.0,750.0,750.0],8.693097e-05],
[[1700.0,800.0,800.0],8.965566e-05],
[[1750.0,1.0,1.0],7.225979e-05],
[[1750.0,10.0,10.0],7.515024e-05],
[[1750.0,75.0,75.0],0.0001107644],
[[1750.0,150.0,150.0],7.945204e-05],
[[1750.0,200.0,200.0],8.508257e-05],
[[1750.0,250.0,250.0],7.755963e-05],
[[1750.0,300.0,300.0],8.160814e-05],
[[1750.0,350.0,350.0],7.161696e-05],
[[1750.0,400.0,400.0],8.493349e-05],
[[1750.0,450.0,450.0],7.861275e-05],
[[1750.0,500.0,500.0],8.067686e-05],
[[1750.0,550.0,550.0],8.153391e-05],
[[1750.0,600.0,600.0],7.139565e-05],
[[1750.0,650.0,650.0],8.182626e-05],
[[1750.0,700.0,700.0],9.180907e-05],
[[1750.0,750.0,750.0],8.353614e-05],
[[1750.0,800.0,800.0],8.880848e-05],
[[1750.0,850.0,850.0],8.167776e-05],
[[1800.0,1.0,1.0],8.643534e-05],
[[1800.0,75.0,75.0],7.422708e-05],
[[1800.0,150.0,150.0],7.774717e-05],
[[1800.0,200.0,200.0],7.954003e-05],
[[1800.0,250.0,250.0],9.161826e-05],
[[1800.0,300.0,300.0],0.0001146227],
[[1800.0,350.0,350.0],9.43973e-05],
[[1800.0,400.0,400.0],9.704518e-05],
[[1800.0,450.0,450.0],7.634455e-05],
[[1800.0,500.0,500.0],7.690195e-05],
[[1800.0,550.0,550.0],8.824887e-05],
[[1800.0,600.0,600.0],8.859345e-05],
[[1800.0,650.0,650.0],9.06291e-05],
[[1800.0,700.0,700.0],9.844027e-05],
[[1800.0,750.0,750.0],8.763485e-05],
[[1800.0,800.0,800.0],9.408334e-05],
[[1800.0,850.0,850.0],0.0001042836],
[[1850.0,1.0,1.0],7.387886e-05],
[[1850.0,75.0,75.0],6.674318e-05],
[[1850.0,150.0,150.0],8.891825e-05],
[[1850.0,200.0,200.0],8.602578e-05],
[[1850.0,250.0,250.0],9.272617e-05],
[[1850.0,300.0,300.0],8.119414e-05],
[[1850.0,350.0,350.0],8.360506e-05],
[[1850.0,400.0,400.0],0.0001068601],
[[1850.0,450.0,450.0],8.840766e-05],
[[1850.0,500.0,500.0],9.088905e-05],
[[1850.0,550.0,550.0],9.190571e-05],
[[1850.0,600.0,600.0],8.536338e-05],
[[1850.0,650.0,650.0],7.238957e-05],
[[1850.0,700.0,700.0],0.0001004896],
[[1850.0,750.0,750.0],9.813684e-05],
[[1850.0,800.0,800.0],8.118079e-05],
[[1850.0,850.0,850.0],9.871901e-05],
[[1850.0,900.0,900.0],7.774681e-05],
[[1900.0,1.0,1.0],7.737977e-05],
[[1900.0,75.0,75.0],7.611349e-05],
[[1900.0,150.0,150.0],8.628554e-05],
[[1900.0,200.0,200.0],9.551761e-05],
[[1900.0,250.0,250.0],8.34183e-05],
[[1900.0,300.0,300.0],8.84005e-05],
[[1900.0,350.0,350.0],8.732109e-05],
[[1900.0,400.0,400.0],7.90221e-05],
[[1900.0,450.0,450.0],8.383029e-05],
[[1900.0,500.0,500.0],0.0001095988],
[[1900.0,550.0,550.0],8.357391e-05],
[[1900.0,600.0,600.0],9.369914e-05],
[[1900.0,650.0,650.0],8.457054e-05],
[[1900.0,700.0,700.0],8.82407e-05],
[[1900.0,750.0,750.0],9.282966e-05],
[[1900.0,800.0,800.0],9.366427e-05],
[[1900.0,850.0,850.0],0.0001112177],
[[1900.0,900.0,900.0],0.0001025319],
[[1950.0,1.0,1.0],8.950502e-05],
[[1950.0,75.0,75.0],7.331238e-05],
[[1950.0,150.0,150.0],8.214113e-05],
[[1950.0,200.0,200.0],7.701492e-05],
[[1950.0,250.0,250.0],7.170694e-05],
[[1950.0,300.0,300.0],8.514608e-05],
[[1950.0,350.0,350.0],9.065363e-05],
[[1950.0,400.0,400.0],0.0001002829],
[[1950.0,450.0,450.0],9.111922e-05],
[[1950.0,500.0,500.0],0.0001142446],
[[1950.0,550.0,550.0],8.210256e-05],
[[1950.0,600.0,600.0],7.89228e-05],
[[1950.0,650.0,650.0],8.913218e-05],
[[1950.0,700.0,700.0],0.0001003345],
[[1950.0,750.0,750.0],0.0001033652],
[[1950.0,800.0,800.0],9.808775e-05],
[[1950.0,850.0,850.0],9.679648e-05],
[[1950.0,900.0,900.0],0.0001003726],
[[1950.0,950.0,950.0],8.262934e-05],
[[2000.0,1.0,1.0],9.500686e-05],
[[2000.0,75.0,75.0],0.0001051202],
[[2000.0,150.0,150.0],8.932697e-05],
[[2000.0,200.0,200.0],8.375728e-05],
[[2000.0,250.0,250.0],0.0001190133],
[[2000.0,300.0,300.0],9.36056e-05],
[[2000.0,350.0,350.0],8.846887e-05],
[[2000.0,400.0,400.0],0.0001059922],
[[2000.0,450.0,450.0],9.211186e-05],
[[2000.0,500.0,500.0],0.0001195032],
[[2000.0,550.0,550.0],8.781407e-05],
[[2000.0,600.0,600.0],0.0001170454],
[[2000.0,650.0,650.0],8.65978e-05],
[[2000.0,700.0,700.0],0.0001038469],
[[2000.0,750.0,750.0],9.133052e-05],
[[2000.0,800.0,800.0],0.0001110328],
[[2000.0,850.0,850.0],9.130061e-05],
[[2000.0,900.0,900.0],0.0001017609],
[[2000.0,950.0,950.0],0.0001033782],
[[2250.0,1.0,1.0],0.0001049068],
[[2250.0,75.0,75.0],0.0001238917],
[[2250.0,150.0,150.0],0.0001051937],
[[2250.0,300.0,300.0],9.838847e-05],
[[2250.0,500.0,500.0],0.0001063359],
[[2250.0,750.0,750.0],9.245345e-05],
[[2250.0,1000.0,1000.0],0.000108544],
[[2500.0,1.0,1.0],0.0001106545],
[[2500.0,75.0,75.0],0.0001211209],
[[2500.0,150.0,150.0],0.0001223303],
[[2500.0,300.0,300.0],0.000105617],
[[2500.0,500.0,500.0],0.0001101357],
[[2500.0,750.0,750.0],0.0001143511],
[[2500.0,1000.0,1000.0],0.0001198209],
[[2500.0,1200.0,1200.0],0.0001205063],
[[2750.0,1.0,1.0],0.0001239096],
[[2750.0,75.0,75.0],0.0001369189],
[[2750.0,150.0,150.0],0.0001080909],
[[2750.0,300.0,300.0],0.0001044572],
[[2750.0,500.0,500.0],0.0001357565],
[[2750.0,750.0,750.0],0.0001051549],
[[2750.0,1000.0,1000.0],0.0001158639],
[[2750.0,1200.0,1200.0],0.0001308995],
[[3000.0,1.0,1.0],0.0001196823],
[[3000.0,75.0,75.0],0.0001110896],
[[3000.0,150.0,150.0],0.000125693],
[[3000.0,300.0,300.0],0.0001213928],
[[3000.0,500.0,500.0],0.0001233536],
[[3000.0,750.0,750.0],0.0001078517],
[[3000.0,1000.0,1000.0],0.0001219951],
[[3000.0,1200.0,1200.0],0.0001181621],
[[3000.0,1400.0,1400.0],0.0001224553]]
