txName: TRV1
constraint: {(PV > Zprime(1)), (Zprime(1) > MET(2),MET(3))}
condition: None
conditionDescription: None
figureUrl: None
source: Recast by CM2
validated: True
axesMap: [{0: 'x', 1: 'y', 2: 'y'}]
dataMap: {0: (1, 'mass', GeV), 1: (2, 'mass', GeV), 2: (3, 'mass', GeV)}
finalState: ['MET', 'MET']
intermediateState: None
efficiencyMap: [[[50.0,0,0],0],
[[50.0,1.0,1.0],0],
[[50.0,10.0,10.0],0.0],
[[50.0,20.0,20.0],0],
[[100.0,0,0],0],
[[100.0,1.0,1.0],0],
[[100.0,10.0,10.0],0],
[[150.0,0,0],0],
[[150.0,1.0,1.0],0],
[[150.0,10.0,10.0],0],
[[150.0,50.0,50.0],0],
[[150.0,70.0,70.0],0],
[[200.0,0,0],0],
[[200.0,1.0,1.0],0],
[[200.0,10.0,10.0],0],
[[200.0,50.0,50.0],0],
[[200.0,75.0,75.0],0],
[[250.0,0,0],5.852251e-06],
[[250.0,1.0,1.0],0],
[[250.0,10.0,10.0],0],
[[250.0,50.0,50.0],0],
[[250.0,75.0,75.0],0],
[[250.0,100.0,100.0],0],
[[250.0,120.0,120.0],2.341071e-06],
[[300.0,0,0],2.147029e-06],
[[300.0,1.0,1.0],3.296277e-06],
[[300.0,10.0,10.0],2.236074e-06],
[[300.0,50.0,50.0],5.300446e-06],
[[300.0,75.0,75.0],2.706805e-06],
[[300.0,100.0,100.0],2.422357e-06],
[[350.0,0,0],2.970481e-06],
[[350.0,1.0,1.0],4.011062e-06],
[[350.0,10.0,10.0],2.076427e-06],
[[350.0,50.0,50.0],3.659733e-06],
[[350.0,75.0,75.0],3.176394e-06],
[[350.0,100.0,100.0],2.952018e-06],
[[350.0,150.0,150.0],4.228898e-06],
[[350.0,170.0,170.0],3.868057e-06],
[[400.0,0,0],5.369899e-06],
[[400.0,1.0,1.0],6.620609e-06],
[[400.0,10.0,10.0],4.690134e-06],
[[400.0,50.0,50.0],6.692446e-06],
[[400.0,75.0,75.0],4.373141e-06],
[[400.0,100.0,100.0],4.559571e-06],
[[400.0,150.0,150.0],4.226648e-06],
[[450.0,0,0],6.986078e-06],
[[450.0,1.0,1.0],7.010313e-06],
[[450.0,10.0,10.0],9.498158e-06],
[[450.0,50.0,50.0],7.023983e-06],
[[450.0,75.0,75.0],6.803576e-06],
[[450.0,100.0,100.0],6.165412e-06],
[[450.0,150.0,150.0],6.96786e-06],
[[450.0,200.0,200.0],9.046029e-06],
[[450.0,220.0,220.0],9.403258e-06],
[[500.0,0,0],9.904031e-06],
[[500.0,1.0,1.0],8.396832e-06],
[[500.0,10.0,10.0],9.627365e-06],
[[500.0,50.0,50.0],1.125147e-05],
[[500.0,75.0,75.0],8.043827e-06],
[[500.0,100.0,100.0],9.575811e-06],
[[500.0,150.0,150.0],8.634472e-06],
[[500.0,200.0,200.0],9.559781e-06],
[[550.0,1.0,1.0],1.193009e-05],
[[550.0,10.0,10.0],1.129704e-05],
[[550.0,75.0,75.0],1.221364e-05],
[[550.0,150.0,150.0],1.203128e-05],
[[550.0,200.0,200.0],1.20991e-05],
[[550.0,250.0,250.0],1.240389e-05],
[[550.0,270.0,270.0],1.491983e-05],
[[600.0,0,0],1.563477e-05],
[[600.0,1.0,1.0],1.467009e-05],
[[600.0,10.0,10.0],1.480078e-05],
[[600.0,50.0,50.0],1.535865e-05],
[[600.0,75.0,75.0],1.766859e-05],
[[600.0,100.0,100.0],1.543824e-05],
[[600.0,150.0,150.0],1.609258e-05],
[[600.0,200.0,200.0],1.450635e-05],
[[600.0,250.0,250.0],1.787425e-05],
[[600.0,295.0,295.0],1.637058e-05],
[[650.0,1.0,1.0],1.657999e-05],
[[650.0,10.0,10.0],1.753452e-05],
[[650.0,75.0,75.0],2.019725e-05],
[[650.0,150.0,150.0],2.021022e-05],
[[650.0,200.0,200.0],1.814853e-05],
[[650.0,250.0,250.0],1.740729e-05],
[[650.0,300.0,300.0],2.033219e-05],
[[650.0,320.0,320.0],2.211429e-05],
[[700.0,0,0],2.115881e-05],
[[700.0,1.0,1.0],2.102721e-05],
[[700.0,10.0,10.0],2.359721e-05],
[[700.0,50.0,50.0],1.977644e-05],
[[700.0,75.0,75.0],1.97183e-05],
[[700.0,100.0,100.0],1.305032e-05],
[[700.0,150.0,150.0],2.173403e-05],
[[700.0,200.0,200.0],2.039226e-05],
[[700.0,250.0,250.0],2.661331e-05],
[[700.0,300.0,300.0],2.240201e-05],
[[750.0,1.0,1.0],2.525646e-05],
[[750.0,10.0,10.0],3.722077e-05],
[[750.0,75.0,75.0],2.676129e-05],
[[750.0,150.0,150.0],2.662372e-05],
[[750.0,200.0,200.0],2.799591e-05],
[[750.0,250.0,250.0],2.995691e-05],
[[750.0,300.0,300.0],2.822294e-05],
[[750.0,350.0,350.0],2.875807e-05],
[[750.0,370.0,370.0],3.044576e-05],
[[800.0,0,0],2.47736e-05],
[[800.0,1.0,1.0],2.912824e-05],
[[800.0,10.0,10.0],2.903522e-05],
[[800.0,50.0,50.0],3.008279e-05],
[[800.0,75.0,75.0],3.13228e-05],
[[800.0,100.0,100.0],3.195627e-05],
[[800.0,150.0,150.0],3.348861e-05],
[[800.0,200.0,200.0],3.117779e-05],
[[800.0,250.0,250.0],3.353246e-05],
[[800.0,300.0,300.0],2.865908e-05],
[[800.0,350.0,350.0],2.9998e-05],
[[850.0,1.0,1.0],2.962504e-05],
[[850.0,10.0,10.0],3.075561e-05],
[[850.0,75.0,75.0],3.358724e-05],
[[850.0,150.0,150.0],3.66857e-05],
[[850.0,200.0,200.0],3.475171e-05],
[[850.0,250.0,250.0],3.544436e-05],
[[850.0,300.0,300.0],4.020274e-05],
[[850.0,350.0,350.0],3.867606e-05],
[[850.0,400.0,400.0],4.650745e-05],
[[850.0,420.0,420.0],4.10815e-05],
[[900.0,0,0],3.676381e-05],
[[900.0,1.0,1.0],4.079392e-05],
[[900.0,10.0,10.0],3.529844e-05],
[[900.0,50.0,50.0],3.850509e-05],
[[900.0,75.0,75.0],4.119383e-05],
[[900.0,100.0,100.0],4.171732e-05],
[[900.0,150.0,150.0],3.767304e-05],
[[900.0,200.0,200.0],3.675648e-05],
[[900.0,250.0,250.0],3.728841e-05],
[[900.0,300.0,300.0],3.755388e-05],
[[900.0,350.0,350.0],4.282907e-05],
[[900.0,400.0,400.0],4.693567e-05],
[[950.0,1.0,1.0],3.842464e-05],
[[950.0,10.0,10.0],4.317516e-05],
[[950.0,75.0,75.0],3.836724e-05],
[[950.0,150.0,150.0],4.171728e-05],
[[950.0,200.0,200.0],4.469695e-05],
[[950.0,250.0,250.0],4.457087e-05],
[[950.0,300.0,300.0],4.505154e-05],
[[950.0,350.0,350.0],4.160567e-05],
[[950.0,400.0,400.0],4.512605e-05],
[[950.0,450.0,450.0],4.829519e-05],
[[950.0,470.0,470.0],4.66342e-05],
[[1000.0,0,0],4.873076e-05],
[[1000.0,50.0,50.0],4.892959e-05],
[[1000.0,100.0,100.0],5.315481e-05],
[[1000.0,150.0,150.0],4.92249e-05],
[[1000.0,200.0,200.0],4.765303e-05],
[[1000.0,250.0,250.0],5.647274e-05],
[[1000.0,300.0,300.0],4.762865e-05],
[[1000.0,350.0,350.0],5.241131e-05],
[[1000.0,400.0,400.0],4.686462e-05],
[[1000.0,450.0,450.0],6.399567e-05],
[[1050.0,520.0,520.0],7.170803e-05],
[[1100.0,0,0],5.079304e-05],
[[1100.0,100.0,100.0],5.82729e-05],
[[1100.0,200.0,200.0],6.095351e-05],
[[1100.0,300.0,300.0],6.23282e-05],
[[1100.0,400.0,400.0],6.292185e-05],
[[1100.0,500.0,500.0],6.319359e-05],
[[1150.0,570.0,570.0],7.173547e-05],
[[1200.0,0,0],7.363182e-05],
[[1200.0,100.0,100.0],9.06019e-05],
[[1200.0,200.0,200.0],6.576534e-05],
[[1200.0,300.0,300.0],6.872545e-05],
[[1200.0,400.0,400.0],7.727132e-05],
[[1200.0,500.0,500.0],7.377996e-05],
[[1250.0,620.0,620.0],8.708775e-05],
[[1300.0,0,0],8.534692e-05],
[[1300.0,100.0,100.0],7.387986e-05],
[[1300.0,200.0,200.0],7.35044e-05],
[[1300.0,300.0,300.0],8.405158e-05],
[[1300.0,400.0,400.0],7.104365e-05],
[[1300.0,500.0,500.0],9.017902e-05],
[[1300.0,600.0,600.0],9.174432e-05],
[[1350.0,670.0,670.0],0.0001137346],
[[1400.0,0,0],0.0001013803],
[[1400.0,100.0,100.0],8.651323e-05],
[[1400.0,200.0,200.0],9.541531e-05],
[[1400.0,300.0,300.0],8.907628e-05],
[[1400.0,400.0,400.0],9.691287e-05],
[[1400.0,500.0,500.0],8.633599e-05],
[[1400.0,600.0,600.0],0.0001136848],
[[1450.0,720.0,720.0],0.0001186561],
[[1500.0,0,0],9.370545e-05],
[[1500.0,100.0,100.0],0.0001105958],
[[1500.0,200.0,200.0],0.0001459663],
[[1500.0,300.0,300.0],9.984525e-05],
[[1500.0,400.0,400.0],0.0001187724],
[[1500.0,500.0,500.0],0.0001156074],
[[1500.0,600.0,600.0],0.000105963],
[[1500.0,700.0,700.0],0.0001105112],
[[1550.0,770.0,770.0],0.0001164815],
[[1600.0,0,0],0.0001134683],
[[1600.0,100.0,100.0],0.0001246158],
[[1600.0,200.0,200.0],0.000112115],
[[1600.0,300.0,300.0],0.0001426408],
[[1600.0,400.0,400.0],0.000144462],
[[1600.0,500.0,500.0],0.0001309653],
[[1600.0,600.0,600.0],0.0001242328],
[[1600.0,700.0,700.0],0.0001179655],
[[1650.0,820.0,820.0],0.0001207571],
[[1700.0,0,0],0.0001277086],
[[1700.0,100.0,100.0],0.0001203708],
[[1700.0,200.0,200.0],0.0001462633],
[[1700.0,300.0,300.0],0.0001115234],
[[1700.0,400.0,400.0],0.0001213177],
[[1700.0,500.0,500.0],0.0001264193],
[[1700.0,600.0,600.0],0.000136271],
[[1700.0,700.0,700.0],0.0001519218],
[[1700.0,800.0,800.0],0.0001516676],
[[1750.0,870.0,870.0],0.0001450173],
[[1800.0,0,0],0.0001535151],
[[1800.0,100.0,100.0],0.0001373351],
[[1800.0,200.0,200.0],0.0001319049],
[[1800.0,300.0,300.0],0.0001560875],
[[1800.0,400.0,400.0],0.0001634879],
[[1800.0,500.0,500.0],0.0001229434],
[[1800.0,600.0,600.0],0.0001421257],
[[1800.0,700.0,700.0],0.0001657569],
[[1800.0,800.0,800.0],0.0001460872],
[[1850.0,920.0,920.0],0.0001455041],
[[1900.0,0,0],0.0001276385],
[[1900.0,100.0,100.0],0.0001378935],
[[1900.0,200.0,200.0],0.0001493862],
[[1900.0,300.0,300.0],0.0001435921],
[[1900.0,400.0,400.0],0.000159024],
[[1900.0,500.0,500.0],0.0001734263],
[[1900.0,600.0,600.0],0.0001773104],
[[1900.0,700.0,700.0],0.0001575579],
[[1900.0,800.0,800.0],0.0001491164],
[[1900.0,900.0,900.0],0.0001433424],
[[1950.0,970.0,970.0],0.0001860226],
[[2000.0,0,0],0.0001511672],
[[2000.0,100.0,100.0],0.0001588604],
[[2000.0,200.0,200.0],0.0001554993],
[[2000.0,300.0,300.0],0.0001520253],
[[2000.0,400.0,400.0],0.0001641862],
[[2000.0,500.0,500.0],0.0001476334],
[[2000.0,600.0,600.0],0.0001565939],
[[2000.0,700.0,700.0],0.0002040839],
[[2000.0,800.0,800.0],0.0001591862],
[[2000.0,900.0,900.0],0.0001462557],
[[2050.0,1020.0,1020.0],0.000165327],
[[2100.0,0,0],0.0001454064],
[[2100.0,100.0,100.0],0.0001589682],
[[2100.0,200.0,200.0],0.0001552279],
[[2100.0,300.0,300.0],0.0001787271],
[[2100.0,400.0,400.0],0.0001721052],
[[2100.0,500.0,500.0],0.0001840897],
[[2100.0,600.0,600.0],0.0001622035],
[[2100.0,700.0,700.0],0.0001899861],
[[2100.0,800.0,800.0],0.0001661615],
[[2100.0,900.0,900.0],0.0001797326],
[[2100.0,1000.0,1000.0],0.0001691277],
[[2150.0,1070.0,1070.0],0.0001727136],
[[2200.0,0,0],0.0001464361],
[[2200.0,100.0,100.0],0.0001709142],
[[2200.0,200.0,200.0],0.0001684356],
[[2200.0,300.0,300.0],0.0001612729],
[[2200.0,400.0,400.0],0.0001690152],
[[2200.0,500.0,500.0],0.0001738553],
[[2200.0,600.0,600.0],0.0001638681],
[[2200.0,700.0,700.0],0.0001607789],
[[2200.0,800.0,800.0],0.0001770212],
[[2200.0,900.0,900.0],0.00018011],
[[2200.0,1000.0,1000.0],0.0001784164],
[[2250.0,1120.0,1120.0],0.0001899466],
[[2300.0,0,0],0.0001709276],
[[2300.0,100.0,100.0],0.0001505185],
[[2300.0,200.0,200.0],0.0001549311],
[[2300.0,300.0,300.0],0.0001874041],
[[2300.0,400.0,400.0],0.0001853666],
[[2300.0,500.0,500.0],0.0002111122],
[[2300.0,600.0,600.0],0.0001770045],
[[2300.0,700.0,700.0],0.0001900092],
[[2300.0,800.0,800.0],0.0001782612],
[[2300.0,900.0,900.0],0.0001832767],
[[2300.0,1000.0,1000.0],0.0001954308],
[[2300.0,1100.0,1100.0],0.000183226],
[[2350.0,1170.0,1170.0],0.000199071],
[[2400.0,0,0],0.0001685652],
[[2400.0,100.0,100.0],0.0001813757],
[[2400.0,200.0,200.0],0.0001678788],
[[2400.0,300.0,300.0],0.0001722931],
[[2400.0,400.0,400.0],0.0001781662],
[[2400.0,500.0,500.0],0.0002036093],
[[2400.0,600.0,600.0],0.0001831402],
[[2400.0,700.0,700.0],0.0002018176],
[[2400.0,800.0,800.0],0.0002040203],
[[2400.0,900.0,900.0],0.0001930869],
[[2400.0,1000.0,1000.0],0.0001974011],
[[2400.0,1100.0,1100.0],0.0002013446],
[[2450.0,1220.0,1220.0],0.0002080072],
[[2500.0,0,0],0.0001764043],
[[2500.0,100.0,100.0],0.000197548],
[[2500.0,200.0,200.0],0.0001890802],
[[2500.0,300.0,300.0],0.0001784512],
[[2500.0,400.0,400.0],0.000185341],
[[2500.0,500.0,500.0],0.0001844278],
[[2500.0,600.0,600.0],0.0001676386],
[[2500.0,700.0,700.0],0.0002037744],
[[2500.0,800.0,800.0],0.0001872795],
[[2500.0,900.0,900.0],0.0002065536],
[[2500.0,1000.0,1000.0],0.0002046588],
[[2500.0,1100.0,1100.0],0.000216572],
[[2500.0,1200.0,1200.0],0.0002000926],
[[2550.0,1270.0,1270.0],0.0002183336],
[[2600.0,0,0],0.0001924853],
[[2600.0,100.0,100.0],0.0001816804],
[[2600.0,200.0,200.0],0.0001716965],
[[2600.0,300.0,300.0],0.0001810575],
[[2600.0,400.0,400.0],0.0002153347],
[[2600.0,500.0,500.0],0.0001965847],
[[2600.0,600.0,600.0],0.000214399],
[[2600.0,700.0,700.0],0.0002127947],
[[2600.0,800.0,800.0],0.0002163796],
[[2600.0,900.0,900.0],0.0002066046],
[[2600.0,1000.0,1000.0],0.0002038218],
[[2600.0,1100.0,1100.0],0.000212521],
[[2600.0,1200.0,1200.0],0.0002163525],
[[2650.0,1320.0,1320.0],0.0002043381],
[[2700.0,0,0],0.0001809421],
[[2700.0,100.0,100.0],0.000184329],
[[2700.0,200.0,200.0],0.0002037728],
[[2700.0,300.0,300.0],0.0001793258],
[[2700.0,400.0,400.0],0.0002095849],
[[2700.0,500.0,500.0],0.0002015823],
[[2700.0,600.0,600.0],0.0001852198],
[[2700.0,700.0,700.0],0.0002136452],
[[2700.0,800.0,800.0],0.0001969238],
[[2700.0,900.0,900.0],0.0002313837],
[[2700.0,1000.0,1000.0],0.0002278568],
[[2700.0,1100.0,1100.0],0.0002093117],
[[2700.0,1200.0,1200.0],0.0002128549],
[[2700.0,1300.0,1300.0],0.0002208867],
[[2750.0,1370.0,1370.0],0.0002152042],
[[2800.0,0,0],0.0001814947],
[[2800.0,100.0,100.0],0.0001816922],
[[2800.0,200.0,200.0],0.0002099335],
[[2800.0,300.0,300.0],0.000188861],
[[2800.0,400.0,400.0],0.0001974353],
[[2800.0,500.0,500.0],0.0001895721],
[[2800.0,600.0,600.0],0.0002109068],
[[2800.0,700.0,700.0],0.0002192463],
[[2800.0,800.0,800.0],0.0002084194],
[[2800.0,900.0,900.0],0.0002178046],
[[2800.0,1000.0,1000.0],0.0002071215],
[[2800.0,1100.0,1100.0],0.000205385],
[[2800.0,1200.0,1200.0],0.0002508508],
[[2800.0,1300.0,1300.0],0.0002147084],
[[2850.0,1420.0,1420.0],0.0002147034],
[[2900.0,0,0],0.0001726433],
[[2900.0,100.0,100.0],0.0001688121],
[[2900.0,200.0,200.0],0.0001962612],
[[2900.0,300.0,300.0],0.0001919354],
[[2900.0,400.0,400.0],0.0002243064],
[[2900.0,500.0,500.0],0.0003755105],
[[2900.0,600.0,600.0],0.0001987708],
[[2900.0,700.0,700.0],0.0002077628],
[[2900.0,800.0,800.0],0.0002393602],
[[2900.0,900.0,900.0],9.151543e-05],
[[2900.0,1000.0,1000.0],0.0002099896],
[[2900.0,1100.0,1100.0],0.0002234992],
[[2900.0,1200.0,1200.0],0.0002099451],
[[2900.0,1300.0,1300.0],0.0002044848],
[[2900.0,1400.0,1400.0],0.0002147852],
[[2950.0,1470.0,1470.0],0.0002006342],
[[3000.0,0,0],0.0001565164],
[[3000.0,100.0,100.0],0.0001730477],
[[3000.0,200.0,200.0],0.0001809218],
[[3000.0,300.0,300.0],0.000200873],
[[3000.0,400.0,400.0],0.000203727],
[[3000.0,500.0,500.0],0.0001818739],
[[3000.0,600.0,600.0],0.0001961233],
[[3000.0,700.0,700.0],0.0002190649],
[[3000.0,800.0,800.0],0.0002414002],
[[3000.0,900.0,900.0],0.0002374338],
[[3000.0,1000.0,1000.0],0.0002262937],
[[3000.0,1100.0,1100.0],0.000218296],
[[3000.0,1200.0,1200.0],0.0002213264],
[[3000.0,1300.0,1300.0],0.0002201288],
[[3000.0,1400.0,1400.0],0.0002152858]]
