txName: TRS1
constraint: {(PV > H0(1)), (H0(1) > MET(2),MET(3))}
condition: None
conditionDescription: None
figureUrl: https://cms-results.web.cern.ch/cms-results/public-results/publications/EXO-20-004/CMS-EXO-20-004_Figure_009-a.png
source: CMS
validated: True
axesMap: [{0: 'x', 1: '1.0', 2: '1.0'}, {0: 'x', 1: 'y', 2: 'y'}]
dataMap: {0: (1, 'mass', GeV), 1: (2, 'mass', GeV), 2: (3, 'mass', GeV)}
finalState: ['MET', 'MET']
intermediateState: None
efficiencyMap: [[[100.0,1.0,1.0],8.020227e-06],
[[100.0,10.0,10.0],7.911781e-06],
[[150.0,1.0,1.0],1.305011e-05],
[[150.0,50.0,50.0],1.394896e-05],
[[200.0,1.0,1.0],2.287506e-05],
[[200.0,50.0,50.0],2.33066e-05],
[[200.0,100.0,100.0],5.252309e-05],
[[250.0,1.0,1.0],3.530902e-05],
[[250.0,10.0,10.0],3.453414e-05],
[[250.0,50.0,50.0],3.652457e-05],
[[250.0,100.0,100.0],3.375612e-05],
[[300.0,1.0,1.0],4.400955e-05],
[[300.0,50.0,50.0],4.595423e-05],
[[300.0,100.0,100.0],5.137145e-05],
[[350.0,1.0,1.0],4.863071e-05],
[[350.0,50.0,50.0],4.746017e-05],
[[350.0,100.0,100.0],5.882735e-05],
[[350.0,150.0,150.0],4.453361e-05],
[[400.0,1.0,1.0],6.164691e-05],
[[400.0,50.0,50.0],5.517913e-05],
[[400.0,100.0,100.0],6.049793e-05],
[[400.0,150.0,150.0],6.661045e-05],
[[450.0,1.0,1.0],8.460618e-05],
[[450.0,50.0,50.0],8.839408e-05],
[[450.0,100.0,100.0],8.647355e-05],
[[450.0,150.0,150.0],8.838628e-05],
[[450.0,200.0,200.0],8.941902e-05],
[[500.0,1.0,1.0],0.0001134751],
[[500.0,10.0,10.0],0.0001130358],
[[500.0,50.0,50.0],0.0001123057],
[[500.0,100.0,100.0],0.0001123593],
[[500.0,150.0,150.0],0.0001098674],
[[500.0,200.0,200.0],0.0001229165],
[[550.0,1.0,1.0],0.0001502891],
[[550.0,50.0,50.0],0.0001308735],
[[550.0,100.0,100.0],0.0001585505],
[[550.0,150.0,150.0],0.0001547712],
[[550.0,200.0,200.0],0.0001456192],
[[550.0,250.0,250.0],0.0001769376],
[[600.0,1.0,1.0],0.000193578],
[[600.0,50.0,50.0],0.0001788291],
[[600.0,100.0,100.0],0.0001763598],
[[600.0,150.0,150.0],0.0001538102],
[[600.0,200.0,200.0],0.0001831165],
[[600.0,250.0,250.0],0.0001895566],
[[650.0,1.0,1.0],0.0002533544],
[[650.0,50.0,50.0],0.0002449294],
[[650.0,100.0,100.0],0.0002177825],
[[650.0,150.0,150.0],0.0002263791],
[[650.0,200.0,200.0],0.0002495348],
[[650.0,250.0,250.0],0.0002256181],
[[650.0,300.0,300.0],0.000287718],
[[700.0,1.0,1.0],0.0002537673],
[[700.0,50.0,50.0],0.0003016711],
[[700.0,100.0,100.0],0.0002837449],
[[700.0,150.0,150.0],0.0002596438],
[[700.0,200.0,200.0],0.0003138234],
[[700.0,250.0,250.0],0.0003044194],
[[700.0,300.0,300.0],0.000288497],
[[750.0,1.0,1.0],0.0003426509],
[[750.0,10.0,10.0],0.0003297272],
[[750.0,50.0,50.0],0.0002999738],
[[750.0,100.0,100.0],0.0003247236],
[[750.0,150.0,150.0],0.0003192349],
[[750.0,200.0,200.0],0.0003284011],
[[750.0,250.0,250.0],0.0003428178],
[[750.0,300.0,300.0],0.0003724353],
[[750.0,350.0,350.0],0.0003809954],
[[800.0,1.0,1.0],0.0003801699],
[[800.0,150.0,150.0],0.0003818613],
[[800.0,200.0,200.0],0.0003577235],
[[800.0,250.0,250.0],0.0004036804],
[[800.0,300.0,300.0],0.0004189223],
[[800.0,350.0,350.0],0.0004229044],
[[850.0,1.0,1.0],0.0004374013],
[[850.0,150.0,150.0],0.0004749562],
[[850.0,200.0,200.0],0.0006857595],
[[850.0,250.0,250.0],0.0005082583],
[[850.0,300.0,300.0],0.0004862354],
[[850.0,350.0,350.0],0.0004906063],
[[850.0,400.0,400.0],0.0005473259],
[[900.0,1.0,1.0],0.0004677249],
[[900.0,150.0,150.0],0.0005982883],
[[900.0,200.0,200.0],0.0005004984],
[[900.0,250.0,250.0],0.0005651943],
[[900.0,300.0,300.0],0.000499043],
[[900.0,350.0,350.0],0.0005913738],
[[900.0,400.0,400.0],0.0009367608],
[[950.0,1.0,1.0],0.0005478785],
[[950.0,150.0,150.0],0.0006560963],
[[950.0,200.0,200.0],0.0005169178],
[[950.0,250.0,250.0],0.0005889796],
[[950.0,300.0,300.0],0.0007319789],
[[950.0,350.0,350.0],0.0005829045],
[[950.0,400.0,400.0],0.0006556167],
[[950.0,450.0,450.0],0.0007186038],
[[1000.0,1.0,1.0],0.000646594],
[[1000.0,10.0,10.0],0.0008854099],
[[1000.0,50.0,50.0],0.0005622147],
[[1000.0,100.0,100.0],0.0006068759],
[[1000.0,150.0,150.0],0.0006096282],
[[1000.0,200.0,200.0],0.0006644553],
[[1000.0,250.0,250.0],0.0007550697],
[[1000.0,300.0,300.0],0.0007377207],
[[1000.0,350.0,350.0],0.0009668144],
[[1000.0,400.0,400.0],0.0007120888],
[[1000.0,450.0,450.0],0.0009197438],
[[1050.0,1.0,1.0],0.0005836231],
[[1050.0,150.0,150.0],0.0007173882],
[[1050.0,200.0,200.0],0.0006526317],
[[1050.0,250.0,250.0],0.0007590458],
[[1050.0,300.0,300.0],0.0006800116],
[[1050.0,350.0,350.0],0.0007565124],
[[1050.0,400.0,400.0],0.0007178298],
[[1050.0,450.0,450.0],0.0007070232],
[[1050.0,500.0,500.0],0.0008116926],
[[1100.0,1.0,1.0],0.0006265535],
[[1100.0,150.0,150.0],0.0007653315],
[[1100.0,200.0,200.0],0.0007335982],
[[1100.0,250.0,250.0],0.0007249578],
[[1100.0,300.0,300.0],0.0007689503],
[[1100.0,350.0,350.0],0.001071305],
[[1100.0,400.0,400.0],0.0007787345],
[[1100.0,450.0,450.0],0.0007488873],
[[1100.0,500.0,500.0],0.0008378929],
[[1150.0,1.0,1.0],0.0006605058],
[[1150.0,150.0,150.0],0.0007623773],
[[1150.0,200.0,200.0],0.0009317994],
[[1150.0,250.0,250.0],0.0009261242],
[[1150.0,300.0,300.0],0.0009212318],
[[1150.0,350.0,350.0],0.000846377],
[[1150.0,400.0,400.0],0.0007626787],
[[1150.0,450.0,450.0],0.001055344],
[[1150.0,500.0,500.0],0.0009803591],
[[1150.0,550.0,550.0],0.0009811234],
[[1200.0,1.0,1.0],0.000702405],
[[1200.0,150.0,150.0],0.0009548728],
[[1200.0,200.0,200.0],0.0009365252],
[[1200.0,250.0,250.0],0.0007778963],
[[1200.0,300.0,300.0],0.0008464876],
[[1200.0,350.0,350.0],0.0008263759],
[[1200.0,400.0,400.0],0.001060692],
[[1200.0,450.0,450.0],0.0009405233],
[[1200.0,500.0,500.0],0.0008746908],
[[1200.0,550.0,550.0],0.001081889],
[[1250.0,1.0,1.0],0.0008789721],
[[1250.0,10.0,10.0],0.0008459452],
[[1250.0,50.0,50.0],0.0007589966],
[[1250.0,100.0,100.0],0.000974901],
[[1250.0,150.0,150.0],0.001005777],
[[1250.0,200.0,200.0],0.001043485],
[[1250.0,250.0,250.0],0.001096748],
[[1250.0,300.0,300.0],0.0009802033],
[[1250.0,350.0,350.0],0.001003089],
[[1250.0,400.0,400.0],0.001038283],
[[1250.0,450.0,450.0],0.001023985],
[[1250.0,500.0,500.0],0.0009722455],
[[1250.0,550.0,550.0],0.001224975],
[[1250.0,600.0,600.0],0.001082036],
[[1300.0,1.0,1.0],0.0008279777],
[[1300.0,150.0,150.0],0.0009491499],
[[1300.0,200.0,200.0],0.000934319],
[[1300.0,250.0,250.0],0.0009322587],
[[1300.0,300.0,300.0],0.001136383],
[[1300.0,350.0,350.0],0.0009358516],
[[1300.0,400.0,400.0],0.001225957],
[[1300.0,450.0,450.0],0.001081851],
[[1300.0,500.0,500.0],0.001288624],
[[1300.0,550.0,550.0],0.001114522],
[[1300.0,600.0,600.0],0.001143263],
[[1350.0,1.0,1.0],0.0008963049],
[[1350.0,150.0,150.0],0.0008844918],
[[1350.0,200.0,200.0],0.001097903],
[[1350.0,250.0,250.0],0.001044335],
[[1350.0,300.0,300.0],0.001215295],
[[1350.0,350.0,350.0],0.00106152],
[[1350.0,400.0,400.0],0.001135791],
[[1350.0,450.0,450.0],0.001334516],
[[1350.0,500.0,500.0],0.001240562],
[[1350.0,550.0,550.0],0.001201052],
[[1350.0,600.0,600.0],0.001182128],
[[1350.0,650.0,650.0],0.001244845],
[[1400.0,1.0,1.0],0.0009365677],
[[1400.0,150.0,150.0],0.0009050358],
[[1400.0,200.0,200.0],0.000918079],
[[1400.0,250.0,250.0],0.001059497],
[[1400.0,300.0,300.0],0.001375857],
[[1400.0,350.0,350.0],0.001182472],
[[1400.0,400.0,400.0],0.001115902],
[[1400.0,450.0,450.0],0.001192984],
[[1400.0,500.0,500.0],0.001323862],
[[1400.0,550.0,550.0],0.001337658],
[[1400.0,600.0,600.0],0.001305948],
[[1400.0,650.0,650.0],0.001391029],
[[1450.0,1.0,1.0],0.0009110454],
[[1450.0,150.0,150.0],0.0008685803],
[[1450.0,200.0,200.0],0.001293065],
[[1450.0,250.0,250.0],0.001042713],
[[1450.0,300.0,300.0],0.001096711],
[[1450.0,350.0,350.0],0.001061335],
[[1450.0,400.0,400.0],0.00128318],
[[1450.0,450.0,450.0],0.001510848],
[[1450.0,500.0,500.0],0.001358745],
[[1450.0,550.0,550.0],0.001131545],
[[1450.0,600.0,600.0],0.001117463],
[[1450.0,650.0,650.0],0.001405504],
[[1450.0,700.0,700.0],0.00139274],
[[1500.0,1.0,1.0],0.0008616324],
[[1500.0,10.0,10.0],0.0009154743],
[[1500.0,50.0,50.0],0.0009885212],
[[1500.0,100.0,100.0],0.001021051],
[[1500.0,150.0,150.0],0.001167837],
[[1500.0,200.0,200.0],0.001182083],
[[1500.0,250.0,250.0],0.001052482],
[[1500.0,300.0,300.0],0.001091555],
[[1500.0,350.0,350.0],0.00114775],
[[1500.0,400.0,400.0],0.0010723],
[[1500.0,450.0,450.0],0.001157273],
[[1500.0,500.0,500.0],0.001337814],
[[1500.0,550.0,550.0],0.001388604],
[[1500.0,600.0,600.0],0.001469979],
[[1500.0,650.0,650.0],0.001528985],
[[1500.0,700.0,700.0],0.001401078],
[[1500.0,750.0,750.0],0.001429977],
[[1550.0,1.0,1.0],0.0009207886],
[[1550.0,150.0,150.0],0.0009202796],
[[1550.0,200.0,200.0],0.00131856],
[[1550.0,250.0,250.0],0.001149563],
[[1550.0,300.0,300.0],0.001297508],
[[1550.0,350.0,350.0],0.001459407],
[[1550.0,400.0,400.0],0.001519086],
[[1550.0,450.0,450.0],0.001191597],
[[1550.0,500.0,500.0],0.001397934],
[[1550.0,550.0,550.0],0.00124637],
[[1550.0,600.0,600.0],0.001517013],
[[1550.0,650.0,650.0],0.001434389],
[[1550.0,700.0,700.0],0.001322234],
[[1550.0,750.0,750.0],0.001563257],
[[1600.0,1.0,1.0],0.0008680185],
[[1600.0,150.0,150.0],0.001048798],
[[1600.0,200.0,200.0],0.001089388],
[[1600.0,250.0,250.0],0.001109448],
[[1600.0,300.0,300.0],0.001280212],
[[1600.0,350.0,350.0],0.001404427],
[[1600.0,400.0,400.0],0.00145969],
[[1600.0,450.0,450.0],0.001567992],
[[1600.0,500.0,500.0],0.001608531],
[[1600.0,550.0,550.0],0.001477446],
[[1600.0,600.0,600.0],0.001287014],
[[1600.0,650.0,650.0],0.001646253],
[[1600.0,700.0,700.0],0.001553252],
[[1600.0,750.0,750.0],0.001686956],
[[1650.0,1.0,1.0],0.0009238897],
[[1650.0,150.0,150.0],0.001105502],
[[1650.0,200.0,200.0],0.001125339],
[[1650.0,250.0,250.0],0.001475752],
[[1650.0,300.0,300.0],0.001328835],
[[1650.0,350.0,350.0],0.001428547],
[[1650.0,400.0,400.0],0.001432275],
[[1650.0,450.0,450.0],0.001431791],
[[1650.0,500.0,500.0],0.001389415],
[[1650.0,550.0,550.0],0.001474331],
[[1650.0,600.0,600.0],0.001864826],
[[1650.0,650.0,650.0],0.0021428],
[[1650.0,700.0,700.0],0.001484147],
[[1650.0,750.0,750.0],0.001515576],
[[1650.0,800.0,800.0],0.001454268],
[[1700.0,1.0,1.0],0.001082313],
[[1700.0,150.0,150.0],0.001208455],
[[1700.0,200.0,200.0],0.001077508],
[[1700.0,250.0,250.0],0.001495394],
[[1700.0,300.0,300.0],0.0013228],
[[1700.0,350.0,350.0],0.001443437],
[[1700.0,400.0,400.0],0.00138975],
[[1700.0,450.0,450.0],0.001367315],
[[1700.0,500.0,500.0],0.001688632],
[[1700.0,550.0,550.0],0.001399603],
[[1700.0,600.0,600.0],0.001927137],
[[1700.0,650.0,650.0],0.001666536],
[[1700.0,700.0,700.0],0.001604032],
[[1700.0,750.0,750.0],0.001907889],
[[1700.0,800.0,800.0],0.001500582],
[[1750.0,1.0,1.0],0.0009716085],
[[1750.0,10.0,10.0],0.000873523],
[[1750.0,50.0,50.0],0.0008524217],
[[1750.0,100.0,100.0],0.0009530306],
[[1750.0,150.0,150.0],0.001106248],
[[1750.0,200.0,200.0],0.001356577],
[[1750.0,250.0,250.0],0.001278766],
[[1750.0,300.0,300.0],0.001376782],
[[1750.0,350.0,350.0],0.001458835],
[[1750.0,400.0,400.0],0.001363359],
[[1750.0,450.0,450.0],0.001564081],
[[1750.0,500.0,500.0],0.001531662],
[[1750.0,550.0,550.0],0.001509019],
[[1750.0,600.0,600.0],0.001813297],
[[1750.0,650.0,650.0],0.001774453],
[[1750.0,700.0,700.0],0.001532526],
[[1750.0,750.0,750.0],0.001773043],
[[1750.0,800.0,800.0],0.00182735],
[[1750.0,850.0,850.0],0.001520954],
[[1800.0,1.0,1.0],0.0008844955],
[[1800.0,150.0,150.0],0.001158625],
[[1800.0,200.0,200.0],0.001286856],
[[1800.0,250.0,250.0],0.001235085],
[[1800.0,300.0,300.0],0.001234748],
[[1800.0,350.0,350.0],0.00164973],
[[1800.0,400.0,400.0],0.001385907],
[[1800.0,450.0,450.0],0.001409593],
[[1800.0,500.0,500.0],0.001674875],
[[1800.0,550.0,550.0],0.001424732],
[[1800.0,600.0,600.0],0.001483037],
[[1800.0,650.0,650.0],0.001537096],
[[1800.0,700.0,700.0],0.001731289],
[[1800.0,750.0,750.0],0.001724997],
[[1800.0,800.0,800.0],0.002093786],
[[1800.0,850.0,850.0],0.001720641],
[[1850.0,1.0,1.0],0.00102285],
[[1850.0,150.0,150.0],0.0012502],
[[1850.0,200.0,200.0],0.001289952],
[[1850.0,250.0,250.0],0.001319567],
[[1850.0,300.0,300.0],0.001462984],
[[1850.0,350.0,350.0],0.001457566],
[[1850.0,400.0,400.0],0.001630789],
[[1850.0,450.0,450.0],0.001459585],
[[1850.0,500.0,500.0],0.001673944],
[[1850.0,550.0,550.0],0.001574051],
[[1850.0,600.0,600.0],0.001825655],
[[1850.0,650.0,650.0],0.001800946],
[[1850.0,700.0,700.0],0.001677881],
[[1850.0,750.0,750.0],0.001573185],
[[1850.0,800.0,800.0],0.001777604],
[[1850.0,850.0,850.0],0.001843231],
[[1850.0,900.0,900.0],0.001967832],
[[1900.0,1.0,1.0],0.0007879006],
[[1900.0,150.0,150.0],0.001250649],
[[1900.0,200.0,200.0],0.001262069],
[[1900.0,250.0,250.0],0.001408156],
[[1900.0,300.0,300.0],0.00163616],
[[1900.0,350.0,350.0],0.001568142],
[[1900.0,400.0,400.0],0.001574815],
[[1900.0,450.0,450.0],0.001707976],
[[1900.0,500.0,500.0],0.001810807],
[[1900.0,550.0,550.0],0.00163545],
[[1900.0,600.0,600.0],0.001910366],
[[1900.0,650.0,650.0],0.001958202],
[[1900.0,700.0,700.0],0.001540421],
[[1900.0,750.0,750.0],0.001969743],
[[1900.0,800.0,800.0],0.001600231],
[[1900.0,850.0,850.0],0.001752549],
[[1900.0,900.0,900.0],0.001662383],
[[1950.0,1.0,1.0],0.0008458516],
[[1950.0,150.0,150.0],0.001397901],
[[1950.0,200.0,200.0],0.001214296],
[[1950.0,250.0,250.0],0.001388821],
[[1950.0,300.0,300.0],0.001325187],
[[1950.0,350.0,350.0],0.001510848],
[[1950.0,400.0,400.0],0.001437518],
[[1950.0,450.0,450.0],0.002220643],
[[1950.0,500.0,500.0],0.001788249],
[[1950.0,550.0,550.0],0.001660126],
[[1950.0,600.0,600.0],0.001739883],
[[1950.0,650.0,650.0],0.001705027],
[[1950.0,700.0,700.0],0.001840144],
[[1950.0,750.0,750.0],0.001756443],
[[1950.0,800.0,800.0],0.001803289],
[[1950.0,850.0,850.0],0.001699276],
[[1950.0,900.0,900.0],0.001722548],
[[1950.0,950.0,950.0],0.001831616],
[[2000.0,1.0,1.0],0.0008973685],
[[2000.0,10.0,10.0],0.0008258528],
[[2000.0,50.0,50.0],0.0008398073],
[[2000.0,100.0,100.0],0.001036621],
[[2000.0,150.0,150.0],0.001056949],
[[2000.0,200.0,200.0],0.001337353],
[[2000.0,250.0,250.0],0.001247033],
[[2000.0,300.0,300.0],0.001486824],
[[2000.0,350.0,350.0],0.0014029],
[[2000.0,400.0,400.0],0.001560049],
[[2000.0,450.0,450.0],0.001701007],
[[2000.0,500.0,500.0],0.001703605],
[[2000.0,550.0,550.0],0.001538947],
[[2000.0,600.0,600.0],0.001762829],
[[2000.0,650.0,650.0],0.001823889],
[[2000.0,700.0,700.0],0.001831555],
[[2000.0,750.0,750.0],0.001793389],
[[2000.0,800.0,800.0],0.001826583],
[[2000.0,850.0,850.0],0.00198699],
[[2000.0,900.0,900.0],0.001996031],
[[2000.0,950.0,950.0],0.001730718],
[[2250.0,1.0,1.0],0.0007904072],
[[2250.0,10.0,10.0],0.0008208486],
[[2250.0,50.0,50.0],0.0007087037],
[[2250.0,100.0,100.0],0.0008761941],
[[2250.0,150.0,150.0],0.00102169],
[[2250.0,300.0,300.0],0.001520917],
[[2250.0,500.0,500.0],0.002109522],
[[2250.0,750.0,750.0],0.001911365],
[[2250.0,1000.0,1000.0],0.002042151],
[[2500.0,1.0,1.0],0.000742117],
[[2500.0,10.0,10.0],0.0007115489],
[[2500.0,50.0,50.0],0.0007703082],
[[2500.0,100.0,100.0],0.0007951933],
[[2500.0,150.0,150.0],0.0009091441],
[[2500.0,300.0,300.0],0.001461554],
[[2500.0,500.0,500.0],0.001879634],
[[2500.0,750.0,750.0],0.00195747],
[[2500.0,1000.0,1000.0],0.002193431],
[[2500.0,1200.0,1200.0],0.002063569],
[[2750.0,1.0,1.0],0.0005849072],
[[2750.0,10.0,10.0],0.0005992308],
[[2750.0,50.0,50.0],0.0006336236],
[[2750.0,100.0,100.0],0.0007741436],
[[2750.0,150.0,150.0],0.0008863712],
[[2750.0,300.0,300.0],0.001419646],
[[2750.0,500.0,500.0],0.001781588],
[[2750.0,750.0,750.0],0.002125821],
[[2750.0,1000.0,1000.0],0.001987296],
[[2750.0,1200.0,1200.0],0.002393539],
[[3000.0,1.0,1.0],0.0005867424],
[[3000.0,10.0,10.0],0.0005341747],
[[3000.0,50.0,50.0],0.0005902745],
[[3000.0,100.0,100.0],0.0005901649],
[[3000.0,150.0,150.0],0.000796805],
[[3000.0,300.0,300.0],0.001456659],
[[3000.0,500.0,500.0],0.001996238],
[[3000.0,750.0,750.0],0.002208492],
[[3000.0,1000.0,1000.0],0.002231138],
[[3000.0,1200.0,1200.0],0.002253436],
[[3000.0,1400.0,1400.0],0.002546939]]
