txName: TRV1
constraint: {(PV > Zprime(1)), (Zprime(1) > MET(2),MET(3))}
condition: None
conditionDescription: None
figureUrl: https://cms-results.web.cern.ch/cms-results/public-results/publications/EXO-20-004/CMS-EXO-20-004_Figure_007-b.png
source: https://doi.org/10.5281/zenodo.13324003
validated: True
axesMap: [{0: 'x', 1: 'y', 2: 'y'}]
dataMap: {0: (1, 'mass', GeV), 1: (2, 'mass', GeV), 2: (3, 'mass', GeV)}
finalState: ['MET', 'MET']
intermediateState: None
efficiencyMap: [[[50.0,1.0,1.0],1.208121e-07],
[[100.0,1.0,1.0],1.04906e-06],
[[100.0,10.0,10.0],6.937441e-07],
[[150.0,1.0,1.0],2.454132e-06],
[[150.0,75.0,75.0],4.270904e-06],
[[200.0,1.0,1.0],7.095991e-06],
[[200.0,75.0,75.0],6.914061e-06],
[[250.0,1.0,1.0],1.417005e-05],
[[250.0,10.0,10.0],1.187473e-05],
[[250.0,75.0,75.0],1.188313e-05],
[[300.0,1.0,1.0],2.129376e-05],
[[300.0,75.0,75.0],2.366052e-05],
[[350.0,1.0,1.0],3.384322e-05],
[[350.0,75.0,75.0],3.198304e-05],
[[350.0,150.0,150.0],2.985778e-05],
[[400.0,1.0,1.0],4.401889e-05],
[[400.0,75.0,75.0],4.16867e-05],
[[400.0,150.0,150.0],4.752957e-05],
[[450.0,1.0,1.0],5.921628e-05],
[[450.0,75.0,75.0],6.032364e-05],
[[450.0,150.0,150.0],5.592164e-05],
[[450.0,200.0,200.0],5.883949e-05],
[[500.0,1.0,1.0],8.745165e-05],
[[500.0,10.0,10.0],7.340893e-05],
[[500.0,75.0,75.0],7.465092e-05],
[[500.0,150.0,150.0],7.772895e-05],
[[500.0,200.0,200.0],8.659911e-05],
[[550.0,1.0,1.0],9.868446e-05],
[[550.0,75.0,75.0],8.586318e-05],
[[550.0,150.0,150.0],9.141558e-05],
[[550.0,200.0,200.0],8.526701e-05],
[[550.0,250.0,250.0],9.846127e-05],
[[600.0,1.0,1.0],0.0001045825],
[[600.0,75.0,75.0],0.0001130253],
[[600.0,150.0,150.0],0.000100031],
[[600.0,200.0,200.0],9.499751e-05],
[[600.0,250.0,250.0],0.0001312741],
[[650.0,1.0,1.0],0.0001276213],
[[650.0,75.0,75.0],0.0001349145],
[[650.0,150.0,150.0],0.0001376876],
[[650.0,200.0,200.0],0.0001263168],
[[650.0,250.0,250.0],0.0001498437],
[[650.0,300.0,300.0],0.0001697026],
[[700.0,1.0,1.0],0.0001422417],
[[700.0,75.0,75.0],0.0001435531],
[[700.0,150.0,150.0],0.0001464081],
[[700.0,200.0,200.0],0.000170545],
[[700.0,250.0,250.0],0.0001414251],
[[700.0,300.0,300.0],0.0001520322],
[[750.0,1.0,1.0],0.0001646359],
[[750.0,10.0,10.0],0.0001561231],
[[750.0,75.0,75.0],0.0001794115],
[[750.0,150.0,150.0],0.00017371],
[[750.0,200.0,200.0],0.0001658604],
[[750.0,250.0,250.0],0.0001782098],
[[750.0,300.0,300.0],0.0001878409],
[[750.0,350.0,350.0],0.0001840969],
[[800.0,1.0,1.0],0.0001866569],
[[800.0,75.0,75.0],0.0001773707],
[[800.0,150.0,150.0],0.0001801612],
[[800.0,200.0,200.0],0.0001709545],
[[800.0,250.0,250.0],0.0001766935],
[[800.0,300.0,300.0],0.0002062461],
[[800.0,350.0,350.0],0.0001978633],
[[850.0,1.0,1.0],0.000230645],
[[850.0,75.0,75.0],0.0001920002],
[[850.0,150.0,150.0],0.0002104308],
[[850.0,200.0,200.0],0.0001960435],
[[850.0,250.0,250.0],0.0002110908],
[[850.0,300.0,300.0],0.000219276],
[[850.0,350.0,350.0],0.000255457],
[[850.0,400.0,400.0],0.0002303428],
[[900.0,1.0,1.0],0.0002092925],
[[900.0,75.0,75.0],0.0002335859],
[[900.0,150.0,150.0],0.0002307971],
[[900.0,200.0,200.0],0.0002441401],
[[900.0,250.0,250.0],0.0002355064],
[[900.0,300.0,300.0],0.0002375165],
[[900.0,350.0,350.0],0.0002413575],
[[900.0,400.0,400.0],0.000225864],
[[950.0,1.0,1.0],0.0002458657],
[[950.0,75.0,75.0],0.0002615435],
[[950.0,150.0,150.0],0.0002582736],
[[950.0,200.0,200.0],0.0002786208],
[[950.0,250.0,250.0],0.0002682621],
[[950.0,300.0,300.0],0.0002291519],
[[950.0,350.0,350.0],0.0002378531],
[[950.0,400.0,400.0],0.0002805907],
[[950.0,450.0,450.0],0.0003430597],
[[1000.0,1.0,1.0],0.0002532606],
[[1000.0,10.0,10.0],0.0002497621],
[[1000.0,75.0,75.0],0.0002699244],
[[1000.0,150.0,150.0],0.0002739143],
[[1000.0,200.0,200.0],0.0002723741],
[[1000.0,250.0,250.0],0.0002690764],
[[1000.0,300.0,300.0],0.0002715834],
[[1000.0,350.0,350.0],0.00025271],
[[1000.0,400.0,400.0],0.0002806094],
[[1000.0,450.0,450.0],0.0002498454],
[[1050.0,1.0,1.0],0.0003086634],
[[1050.0,75.0,75.0],0.0002897787],
[[1050.0,150.0,150.0],0.0002569985],
[[1050.0,200.0,200.0],0.0003354823],
[[1050.0,250.0,250.0],0.0002795325],
[[1050.0,300.0,300.0],0.0003463919],
[[1050.0,350.0,350.0],0.0002892816],
[[1050.0,400.0,400.0],0.0003281121],
[[1050.0,450.0,450.0],0.0003297902],
[[1050.0,500.0,500.0],0.0002629586],
[[1100.0,1.0,1.0],0.0003054657],
[[1100.0,75.0,75.0],0.000299919],
[[1100.0,150.0,150.0],0.0002877082],
[[1100.0,200.0,200.0],0.0003197265],
[[1100.0,250.0,250.0],0.0003235114],
[[1100.0,300.0,300.0],0.0003051684],
[[1100.0,350.0,350.0],0.0003369833],
[[1100.0,400.0,400.0],0.0003584673],
[[1100.0,450.0,450.0],0.0003217065],
[[1100.0,500.0,500.0],0.0003102686],
[[1150.0,1.0,1.0],0.0003497274],
[[1150.0,75.0,75.0],0.0003159928],
[[1150.0,150.0,150.0],0.0002851466],
[[1150.0,200.0,200.0],0.0003481209],
[[1150.0,250.0,250.0],0.0003128538],
[[1150.0,300.0,300.0],0.0003073238],
[[1150.0,350.0,350.0],0.0003308083],
[[1150.0,400.0,400.0],0.0003379547],
[[1150.0,450.0,450.0],0.000360531],
[[1150.0,500.0,500.0],0.0003463892],
[[1150.0,550.0,550.0],0.0003638042],
[[1200.0,1.0,1.0],0.0003343095],
[[1200.0,75.0,75.0],0.000300513],
[[1200.0,150.0,150.0],0.0003353426],
[[1200.0,200.0,200.0],0.0003717866],
[[1200.0,250.0,250.0],0.0003505509],
[[1200.0,300.0,300.0],0.0003301978],
[[1200.0,350.0,350.0],0.0003415261],
[[1200.0,400.0,400.0],0.0003346377],
[[1200.0,450.0,450.0],0.0003114212],
[[1200.0,500.0,500.0],0.000340716],
[[1200.0,550.0,550.0],0.0003968875],
[[1250.0,1.0,1.0],0.0003542377],
[[1250.0,10.0,10.0],0.0003239316],
[[1250.0,75.0,75.0],0.0003914155],
[[1250.0,150.0,150.0],0.000327619],
[[1250.0,200.0,200.0],0.0003375514],
[[1250.0,250.0,250.0],0.0003923999],
[[1250.0,300.0,300.0],0.0003572831],
[[1250.0,350.0,350.0],0.0004149158],
[[1250.0,400.0,400.0],0.0003563714],
[[1250.0,450.0,450.0],0.0004155104],
[[1250.0,500.0,500.0],0.0003868091],
[[1250.0,550.0,550.0],0.0003761736],
[[1250.0,600.0,600.0],0.0004020527],
[[1300.0,1.0,1.0],0.0003883421],
[[1300.0,75.0,75.0],0.0004369745],
[[1300.0,150.0,150.0],0.0003697802],
[[1300.0,200.0,200.0],0.0003722582],
[[1300.0,250.0,250.0],0.0003547547],
[[1300.0,300.0,300.0],0.0003567489],
[[1300.0,350.0,350.0],0.0003972305],
[[1300.0,400.0,400.0],0.0004228569],
[[1300.0,450.0,450.0],0.0003951339],
[[1300.0,500.0,500.0],0.0003899362],
[[1300.0,550.0,550.0],0.0004056321],
[[1300.0,600.0,600.0],0.0004339577],
[[1350.0,1.0,1.0],0.0003622302],
[[1350.0,75.0,75.0],0.0003587907],
[[1350.0,150.0,150.0],0.0003874636],
[[1350.0,200.0,200.0],0.0003852412],
[[1350.0,250.0,250.0],0.0003531155],
[[1350.0,300.0,300.0],0.0003616777],
[[1350.0,350.0,350.0],0.0004103493],
[[1350.0,400.0,400.0],0.0004627453],
[[1350.0,450.0,450.0],0.0003761583],
[[1350.0,500.0,500.0],0.0004588814],
[[1350.0,550.0,550.0],0.0004020044],
[[1350.0,600.0,600.0],0.0003856156],
[[1350.0,650.0,650.0],0.0004111479],
[[1400.0,1.0,1.0],0.0003692885],
[[1400.0,75.0,75.0],0.0003897847],
[[1400.0,150.0,150.0],0.0004250599],
[[1400.0,200.0,200.0],0.0003870625],
[[1400.0,250.0,250.0],0.0004116393],
[[1400.0,300.0,300.0],0.0004702996],
[[1400.0,350.0,350.0],0.0003963453],
[[1400.0,400.0,400.0],0.000391421],
[[1400.0,450.0,450.0],0.0004565356],
[[1400.0,500.0,500.0],0.0004495636],
[[1400.0,550.0,550.0],0.0004162605],
[[1400.0,600.0,600.0],0.0004303863],
[[1400.0,650.0,650.0],0.0004014643],
[[1450.0,1.0,1.0],0.0003886715],
[[1450.0,75.0,75.0],0.000416532],
[[1450.0,150.0,150.0],0.0004377655],
[[1450.0,200.0,200.0],0.0003979532],
[[1450.0,250.0,250.0],0.0003817723],
[[1450.0,300.0,300.0],0.0003945804],
[[1450.0,350.0,350.0],0.0003833744],
[[1450.0,400.0,400.0],0.0004204221],
[[1450.0,450.0,450.0],0.0004099176],
[[1450.0,500.0,500.0],0.0004466728],
[[1450.0,550.0,550.0],0.0004952401],
[[1450.0,600.0,600.0],0.0004734921],
[[1450.0,650.0,650.0],0.0004289624],
[[1450.0,700.0,700.0],0.0004554428],
[[1500.0,1.0,1.0],0.0004186663],
[[1500.0,10.0,10.0],0.0004474645],
[[1500.0,75.0,75.0],0.0003822805],
[[1500.0,150.0,150.0],0.0004281996],
[[1500.0,200.0,200.0],0.000394113],
[[1500.0,250.0,250.0],0.0004025139],
[[1500.0,300.0,300.0],0.000461534],
[[1500.0,350.0,350.0],0.000496964],
[[1500.0,400.0,400.0],0.0004324354],
[[1500.0,450.0,450.0],0.0004561423],
[[1500.0,500.0,500.0],0.0004378406],
[[1500.0,550.0,550.0],0.000497805],
[[1500.0,600.0,600.0],0.0004767905],
[[1500.0,650.0,650.0],0.0004675449],
[[1500.0,700.0,700.0],0.0005052638],
[[1500.0,750.0,750.0],0.0004711211],
[[1550.0,1.0,1.0],0.0004231582],
[[1550.0,75.0,75.0],0.0004449503],
[[1550.0,150.0,150.0],0.0004593781],
[[1550.0,200.0,200.0],0.0004925222],
[[1550.0,250.0,250.0],0.0004152001],
[[1550.0,300.0,300.0],0.0004486283],
[[1550.0,350.0,350.0],0.0004853956],
[[1550.0,400.0,400.0],0.0004685388],
[[1550.0,450.0,450.0],0.0003949283],
[[1550.0,500.0,500.0],0.0004974919],
[[1550.0,550.0,550.0],0.0004132038],
[[1550.0,600.0,600.0],0.0005280744],
[[1550.0,650.0,650.0],0.0005290469],
[[1550.0,700.0,700.0],0.0004826039],
[[1550.0,750.0,750.0],0.0004889421],
[[1600.0,1.0,1.0],0.0004846088],
[[1600.0,75.0,75.0],0.0004115959],
[[1600.0,150.0,150.0],0.0004676814],
[[1600.0,200.0,200.0],0.0003747263],
[[1600.0,250.0,250.0],0.0005029875],
[[1600.0,300.0,300.0],0.0004678031],
[[1600.0,350.0,350.0],0.0004891358],
[[1600.0,400.0,400.0],0.0004805439],
[[1600.0,450.0,450.0],0.0005131633],
[[1600.0,500.0,500.0],0.0005190061],
[[1600.0,550.0,550.0],0.0004593775],
[[1600.0,600.0,600.0],0.0004792051],
[[1600.0,650.0,650.0],0.0005119655],
[[1600.0,700.0,700.0],0.00045263],
[[1600.0,750.0,750.0],0.0004804451],
[[1650.0,1.0,1.0],0.0004123691],
[[1650.0,75.0,75.0],0.0004606808],
[[1650.0,150.0,150.0],0.0004727565],
[[1650.0,200.0,200.0],0.0004872005],
[[1650.0,250.0,250.0],0.0004771216],
[[1650.0,300.0,300.0],0.00044749],
[[1650.0,350.0,350.0],0.0004772909],
[[1650.0,400.0,400.0],0.0004817433],
[[1650.0,450.0,450.0],0.0005354291],
[[1650.0,500.0,500.0],0.0004779178],
[[1650.0,550.0,550.0],0.0005400491],
[[1650.0,600.0,600.0],0.0005036837],
[[1650.0,650.0,650.0],0.000537904],
[[1650.0,700.0,700.0],0.000546034],
[[1650.0,750.0,750.0],0.0005042847],
[[1650.0,800.0,800.0],0.0004881441],
[[1700.0,1.0,1.0],0.000462495],
[[1700.0,75.0,75.0],0.000439398],
[[1700.0,150.0,150.0],0.0004795795],
[[1700.0,200.0,200.0],0.0004741658],
[[1700.0,250.0,250.0],0.0004689476],
[[1700.0,300.0,300.0],0.0004552175],
[[1700.0,350.0,350.0],0.0005069865],
[[1700.0,400.0,400.0],0.0004583336],
[[1700.0,450.0,450.0],0.0005002691],
[[1700.0,500.0,500.0],0.0005199151],
[[1700.0,550.0,550.0],0.0004908913],
[[1700.0,600.0,600.0],0.0005409121],
[[1700.0,650.0,650.0],0.0005453084],
[[1700.0,700.0,700.0],0.0005063076],
[[1700.0,750.0,750.0],0.0004943571],
[[1700.0,800.0,800.0],0.0005241477],
[[1750.0,1.0,1.0],0.0004556071],
[[1750.0,10.0,10.0],0.0004932154],
[[1750.0,75.0,75.0],0.0004568048],
[[1750.0,150.0,150.0],0.0004874656],
[[1750.0,200.0,200.0],0.0005760991],
[[1750.0,250.0,250.0],0.000497632],
[[1750.0,300.0,300.0],0.000503057],
[[1750.0,350.0,350.0],0.0005252778],
[[1750.0,400.0,400.0],0.0005283336],
[[1750.0,450.0,450.0],0.0005548096],
[[1750.0,500.0,500.0],0.0005345421],
[[1750.0,550.0,550.0],0.0004916928],
[[1750.0,600.0,600.0],0.0005168321],
[[1750.0,650.0,650.0],0.0005001984],
[[1750.0,700.0,700.0],0.0005967718],
[[1750.0,750.0,750.0],0.0005124612],
[[1750.0,800.0,800.0],0.000507752],
[[1750.0,850.0,850.0],0.00050886],
[[1800.0,1.0,1.0],0.000444365],
[[1800.0,75.0,75.0],0.0005044188],
[[1800.0,150.0,150.0],0.000436908],
[[1800.0,200.0,200.0],0.000523663],
[[1800.0,250.0,250.0],0.0004911842],
[[1800.0,300.0,300.0],0.0005587431],
[[1800.0,350.0,350.0],0.0005576972],
[[1800.0,400.0,400.0],0.0005185405],
[[1800.0,450.0,450.0],0.0004638634],
[[1800.0,500.0,500.0],0.000522875],
[[1800.0,550.0,550.0],0.000535628],
[[1800.0,600.0,600.0],0.000601787],
[[1800.0,650.0,650.0],0.000520386],
[[1800.0,700.0,700.0],0.0005806688],
[[1800.0,750.0,750.0],0.0005341211],
[[1800.0,800.0,800.0],0.0005401205],
[[1800.0,850.0,850.0],0.0005643105],
[[1850.0,1.0,1.0],0.0004894715],
[[1850.0,75.0,75.0],0.0004633281],
[[1850.0,150.0,150.0],0.0005087984],
[[1850.0,200.0,200.0],0.0005529204],
[[1850.0,250.0,250.0],0.0004955241],
[[1850.0,300.0,300.0],0.00054774],
[[1850.0,350.0,350.0],0.0005518616],
[[1850.0,400.0,400.0],0.0005088134],
[[1850.0,450.0,450.0],0.0004814956],
[[1850.0,500.0,500.0],0.0005347259],
[[1850.0,550.0,550.0],0.000551202],
[[1850.0,600.0,600.0],0.0005723443],
[[1850.0,650.0,650.0],0.0005213771],
[[1850.0,700.0,700.0],0.0005649921],
[[1850.0,750.0,750.0],0.0005418781],
[[1850.0,800.0,800.0],0.0005216947],
[[1850.0,850.0,850.0],0.0005427058],
[[1850.0,900.0,900.0],0.0005236033],
[[1900.0,1.0,1.0],0.0004360343],
[[1900.0,75.0,75.0],0.0005487068],
[[1900.0,150.0,150.0],0.0004594239],
[[1900.0,200.0,200.0],0.0004906298],
[[1900.0,250.0,250.0],0.0005595574],
[[1900.0,300.0,300.0],0.0005204175],
[[1900.0,350.0,350.0],0.0005287037],
[[1900.0,400.0,400.0],0.0006224455],
[[1900.0,450.0,450.0],0.0005279078],
[[1900.0,500.0,500.0],0.0005648072],
[[1900.0,550.0,550.0],0.0006288814],
[[1900.0,600.0,600.0],0.000588933],
[[1900.0,650.0,650.0],0.0005196742],
[[1900.0,700.0,700.0],0.0005636399],
[[1900.0,750.0,750.0],0.0005297567],
[[1900.0,800.0,800.0],0.0006298537],
[[1900.0,850.0,850.0],0.0005374764],
[[1900.0,900.0,900.0],0.0005736617],
[[1950.0,1.0,1.0],0.0004964598],
[[1950.0,75.0,75.0],0.0005135881],
[[1950.0,150.0,150.0],0.000501246],
[[1950.0,200.0,200.0],0.0005061484],
[[1950.0,250.0,250.0],0.000537864],
[[1950.0,300.0,300.0],0.0004644353],
[[1950.0,350.0,350.0],0.0004766878],
[[1950.0,400.0,400.0],0.0005520721],
[[1950.0,450.0,450.0],0.0005869677],
[[1950.0,500.0,500.0],0.0005269075],
[[1950.0,550.0,550.0],0.0005948489],
[[1950.0,600.0,600.0],0.0005596389],
[[1950.0,650.0,650.0],0.0005454686],
[[1950.0,700.0,700.0],0.0005481413],
[[1950.0,750.0,750.0],0.0005384286],
[[1950.0,800.0,800.0],0.0005529593],
[[1950.0,850.0,850.0],0.0005895905],
[[1950.0,900.0,900.0],0.0005734389],
[[1950.0,950.0,950.0],0.0005815159],
[[2000.0,1.0,1.0],0.0005397974],
[[2000.0,75.0,75.0],0.0005483558],
[[2000.0,150.0,150.0],0.0005615738],
[[2000.0,200.0,200.0],0.0005368465],
[[2000.0,250.0,250.0],0.0005628241],
[[2000.0,300.0,300.0],0.0005169061],
[[2000.0,350.0,350.0],0.000501781],
[[2000.0,400.0,400.0],0.0005066489],
[[2000.0,450.0,450.0],0.0005542077],
[[2000.0,500.0,500.0],0.0005196162],
[[2000.0,550.0,550.0],0.0005169612],
[[2000.0,600.0,600.0],0.0005269805],
[[2000.0,650.0,650.0],0.0006301446],
[[2000.0,700.0,700.0],0.0005165627],
[[2000.0,750.0,750.0],0.0005929997],
[[2000.0,800.0,800.0],0.0005885812],
[[2000.0,850.0,850.0],0.0005700907],
[[2000.0,900.0,900.0],0.000539632],
[[2000.0,950.0,950.0],0.0005044907],
[[2250.0,1.0,1.0],0.0005474972],
[[2250.0,75.0,75.0],0.0005950011],
[[2250.0,150.0,150.0],0.0005791238],
[[2250.0,300.0,300.0],0.0005844123],
[[2250.0,500.0,500.0],0.0006120479],
[[2250.0,750.0,750.0],0.0006306012],
[[2250.0,1000.0,1000.0],0.0006108245],
[[2500.0,1.0,1.0],0.0006028853],
[[2500.0,75.0,75.0],0.0005833627],
[[2500.0,150.0,150.0],0.0006124223],
[[2500.0,300.0,300.0],0.0005911233],
[[2500.0,500.0,500.0],0.0005986761],
[[2500.0,750.0,750.0],0.0006210697],
[[2500.0,1000.0,1000.0],0.0006549577],
[[2500.0,1200.0,1200.0],0.000695474],
[[2750.0,1.0,1.0],0.0006491471],
[[2750.0,75.0,75.0],0.0006406127],
[[2750.0,150.0,150.0],0.000645656],
[[2750.0,300.0,300.0],0.0006423759],
[[2750.0,500.0,500.0],0.0005691905],
[[2750.0,750.0,750.0],0.0006487327],
[[2750.0,1000.0,1000.0],0.0006919837],
[[2750.0,1200.0,1200.0],0.0006702107],
[[3000.0,1.0,1.0],0.0006834084],
[[3000.0,75.0,75.0],0.0006613851],
[[3000.0,150.0,150.0],0.0006276771],
[[3000.0,300.0,300.0],0.0006668688],
[[3000.0,500.0,500.0],0.0006311305],
[[3000.0,750.0,750.0],0.0006576491],
[[3000.0,1000.0,1000.0],0.0007017905],
[[3000.0,1200.0,1200.0],0.0006169045],
[[3000.0,1400.0,1400.0],0.000727396]]
