txName: TRS1
constraint: {(PV > H0(1)), (H0(1) > MET(2),MET(3))}
condition: None
conditionDescription: None
figureUrl: https://cms-results.web.cern.ch/cms-results/public-results/publications/EXO-20-004/CMS-EXO-20-004_Figure_009-a.png
source: https://doi.org/10.5281/zenodo.13324003
validated: True
axesMap: [{0: 'x', 1: '1.0', 2: '1.0'}, {0: 'x', 1: 'y', 2: 'y'}]
dataMap: {0: (1, 'mass', GeV), 1: (2, 'mass', GeV), 2: (3, 'mass', GeV)}
finalState: ['MET', 'MET']
intermediateState: None
efficiencyMap: [[[100.0,1.0,1.0],0.0004651933],
[[100.0,10.0,10.0],0.0004762591],
[[150.0,1.0,1.0],0.0007751826],
[[150.0,50.0,50.0],0.0008303756],
[[200.0,1.0,1.0],0.001326061],
[[200.0,50.0,50.0],0.001285083],
[[200.0,100.0,100.0],0.001653001],
[[250.0,1.0,1.0],0.001699695],
[[250.0,10.0,10.0],0.001518897],
[[250.0,50.0,50.0],0.001570191],
[[250.0,100.0,100.0],0.001587508],
[[300.0,1.0,1.0],0.001845659],
[[300.0,50.0,50.0],0.002052481],
[[300.0,100.0,100.0],0.001992009],
[[350.0,1.0,1.0],0.001890812],
[[350.0,50.0,50.0],0.001935232],
[[350.0,100.0,100.0],0.001924344],
[[350.0,150.0,150.0],0.002045848],
[[400.0,1.0,1.0],0.002327371],
[[400.0,50.0,50.0],0.002287678],
[[400.0,100.0,100.0],0.002266372],
[[400.0,150.0,150.0],0.002259061],
[[450.0,1.0,1.0],0.00291507],
[[450.0,50.0,50.0],0.002523266],
[[450.0,100.0,100.0],0.002795579],
[[450.0,150.0,150.0],0.002619143],
[[450.0,200.0,200.0],0.002307132],
[[500.0,1.0,1.0],0.003031021],
[[500.0,10.0,10.0],0.002565432],
[[500.0,50.0,50.0],0.003098099],
[[500.0,100.0,100.0],0.003005188],
[[500.0,150.0,150.0],0.002751595],
[[500.0,200.0,200.0],0.003364545],
[[550.0,1.0,1.0],0.003512443],
[[550.0,50.0,50.0],0.003161024],
[[550.0,100.0,100.0],0.003073868],
[[550.0,150.0,150.0],0.003258706],
[[550.0,200.0,200.0],0.003320499],
[[550.0,250.0,250.0],0.003922848],
[[600.0,1.0,1.0],0.004192196],
[[600.0,50.0,50.0],0.003410031],
[[600.0,100.0,100.0],0.003423501],
[[600.0,150.0,150.0],0.004072531],
[[600.0,200.0,200.0],0.003592933],
[[600.0,250.0,250.0],0.003592445],
[[650.0,1.0,1.0],0.003848843],
[[650.0,50.0,50.0],0.003932903],
[[650.0,100.0,100.0],0.004447725],
[[650.0,150.0,150.0],0.003600011],
[[650.0,200.0,200.0],0.003734194],
[[650.0,250.0,250.0],0.004085217],
[[650.0,300.0,300.0],0.00393765],
[[700.0,1.0,1.0],0.004523069],
[[700.0,50.0,50.0],0.003670766],
[[700.0,100.0,100.0],0.00407244],
[[700.0,150.0,150.0],0.003996474],
[[700.0,200.0,200.0],0.004315603],
[[700.0,250.0,250.0],0.004226203],
[[700.0,300.0,300.0],0.00459189],
[[750.0,1.0,1.0],0.004342786],
[[750.0,10.0,10.0],0.004457966],
[[750.0,50.0,50.0],0.00477575],
[[750.0,100.0,100.0],0.004826967],
[[750.0,150.0,150.0],0.004374599],
[[750.0,200.0,200.0],0.004225551],
[[750.0,250.0,250.0],0.004241265],
[[750.0,300.0,300.0],0.004546477],
[[750.0,350.0,350.0],0.004758289],
[[800.0,1.0,1.0],0.003994631],
[[800.0,150.0,150.0],0.004476702],
[[800.0,200.0,200.0],0.004448025],
[[800.0,250.0,250.0],0.004098709],
[[800.0,300.0,300.0],0.004904475],
[[800.0,350.0,350.0],0.005782551],
[[850.0,1.0,1.0],0.004495426],
[[850.0,150.0,150.0],0.00559097],
[[850.0,200.0,200.0],0.005270662],
[[850.0,250.0,250.0],0.00534369],
[[850.0,300.0,300.0],0.005606631],
[[850.0,350.0,350.0],0.005098183],
[[850.0,400.0,400.0],0.005690573],
[[900.0,1.0,1.0],0.005305394],
[[900.0,150.0,150.0],0.004443202],
[[900.0,200.0,200.0],0.005121977],
[[900.0,250.0,250.0],0.005901542],
[[900.0,300.0,300.0],0.004730778],
[[900.0,350.0,350.0],0.005119216],
[[900.0,400.0,400.0],0.005509041],
[[950.0,1.0,1.0],0.004832895],
[[950.0,150.0,150.0],0.00492538],
[[950.0,200.0,200.0],0.00576224],
[[950.0,250.0,250.0],0.004967656],
[[950.0,300.0,300.0],0.00567745],
[[950.0,350.0,350.0],0.005030479],
[[950.0,400.0,400.0],0.005117244],
[[950.0,450.0,450.0],0.005838283],
[[1000.0,1.0,1.0],0.00490927],
[[1000.0,10.0,10.0],0.005340915],
[[1000.0,50.0,50.0],0.00482982],
[[1000.0,100.0,100.0],0.005052081],
[[1000.0,150.0,150.0],0.004893157],
[[1000.0,200.0,200.0],0.005958584],
[[1000.0,250.0,250.0],0.005624108],
[[1000.0,300.0,300.0],0.00526359],
[[1000.0,350.0,350.0],0.005823113],
[[1000.0,400.0,400.0],0.004820451],
[[1000.0,450.0,450.0],0.005989543],
[[1050.0,1.0,1.0],0.004899392],
[[1050.0,150.0,150.0],0.005693067],
[[1050.0,200.0,200.0],0.005217102],
[[1050.0,250.0,250.0],0.005735632],
[[1050.0,300.0,300.0],0.005126595],
[[1050.0,350.0,350.0],0.005577453],
[[1050.0,400.0,400.0],0.006478386],
[[1050.0,450.0,450.0],0.006413595],
[[1050.0,500.0,500.0],0.006346815],
[[1100.0,1.0,1.0],0.005199389],
[[1100.0,150.0,150.0],0.005302643],
[[1100.0,200.0,200.0],0.005280721],
[[1100.0,250.0,250.0],0.005583012],
[[1100.0,300.0,300.0],0.005807374],
[[1100.0,350.0,350.0],0.00645476],
[[1100.0,400.0,400.0],0.005748312],
[[1100.0,450.0,450.0],0.005630619],
[[1100.0,500.0,500.0],0.005810607],
[[1150.0,1.0,1.0],0.005633539],
[[1150.0,150.0,150.0],0.005153242],
[[1150.0,200.0,200.0],0.006701481],
[[1150.0,250.0,250.0],0.005085909],
[[1150.0,300.0,300.0],0.005435879],
[[1150.0,350.0,350.0],0.005101886],
[[1150.0,400.0,400.0],0.005834549],
[[1150.0,450.0,450.0],0.004654743],
[[1150.0,500.0,500.0],0.005951691],
[[1150.0,550.0,550.0],0.006806029],
[[1200.0,1.0,1.0],0.005110255],
[[1200.0,150.0,150.0],0.005617771],
[[1200.0,200.0,200.0],0.005802942],
[[1200.0,250.0,250.0],0.005677809],
[[1200.0,300.0,300.0],0.006175356],
[[1200.0,350.0,350.0],0.005647242],
[[1200.0,400.0,400.0],0.006690669],
[[1200.0,450.0,450.0],0.006759722],
[[1200.0,500.0,500.0],0.005723864],
[[1200.0,550.0,550.0],0.005464703],
[[1250.0,1.0,1.0],0.004974735],
[[1250.0,10.0,10.0],0.004886767],
[[1250.0,50.0,50.0],0.005605049],
[[1250.0,100.0,100.0],0.005671716],
[[1250.0,150.0,150.0],0.006299181],
[[1250.0,200.0,200.0],0.005617467],
[[1250.0,250.0,250.0],0.005987597],
[[1250.0,300.0,300.0],0.006070041],
[[1250.0,350.0,350.0],0.006045535],
[[1250.0,400.0,400.0],0.006307525],
[[1250.0,450.0,450.0],0.005965377],
[[1250.0,500.0,500.0],0.006223233],
[[1250.0,550.0,550.0],0.005886195],
[[1250.0,600.0,600.0],0.006755665],
[[1300.0,1.0,1.0],0.005665853],
[[1300.0,150.0,150.0],0.005498145],
[[1300.0,200.0,200.0],0.006096507],
[[1300.0,250.0,250.0],0.005256587],
[[1300.0,300.0,300.0],0.005323632],
[[1300.0,350.0,350.0],0.006463315],
[[1300.0,400.0,400.0],0.005299379],
[[1300.0,450.0,450.0],0.006043527],
[[1300.0,500.0,500.0],0.005533887],
[[1300.0,550.0,550.0],0.006388371],
[[1300.0,600.0,600.0],0.008286791],
[[1350.0,1.0,1.0],0.005240277],
[[1350.0,150.0,150.0],0.005966611],
[[1350.0,200.0,200.0],0.005765096],
[[1350.0,250.0,250.0],0.006055181],
[[1350.0,300.0,300.0],0.006389823],
[[1350.0,350.0,350.0],0.00588254],
[[1350.0,400.0,400.0],0.005939704],
[[1350.0,450.0,450.0],0.005785458],
[[1350.0,500.0,500.0],0.00602757],
[[1350.0,550.0,550.0],0.006430456],
[[1350.0,600.0,600.0],0.007116374],
[[1350.0,650.0,650.0],0.006348643],
[[1400.0,1.0,1.0],0.005492814],
[[1400.0,150.0,150.0],0.005995028],
[[1400.0,200.0,200.0],0.00531561],
[[1400.0,250.0,250.0],0.005949316],
[[1400.0,300.0,300.0],0.005676716],
[[1400.0,350.0,350.0],0.006681152],
[[1400.0,400.0,400.0],0.005775658],
[[1400.0,450.0,450.0],0.007054149],
[[1400.0,500.0,500.0],0.005866161],
[[1400.0,550.0,550.0],0.005780058],
[[1400.0,600.0,600.0],0.005512306],
[[1400.0,650.0,650.0],0.006833388],
[[1450.0,1.0,1.0],0.005216475],
[[1450.0,150.0,150.0],0.005377557],
[[1450.0,200.0,200.0],0.005154105],
[[1450.0,250.0,250.0],0.006791738],
[[1450.0,300.0,300.0],0.006930336],
[[1450.0,350.0,350.0],0.006717183],
[[1450.0,400.0,400.0],0.005812678],
[[1450.0,450.0,450.0],0.006226651],
[[1450.0,500.0,500.0],0.007156784],
[[1450.0,550.0,550.0],0.006619773],
[[1450.0,600.0,600.0],0.006488714],
[[1450.0,650.0,650.0],0.00636914],
[[1450.0,700.0,700.0],0.005412828],
[[1500.0,1.0,1.0],0.004834991],
[[1500.0,10.0,10.0],0.00482789],
[[1500.0,50.0,50.0],0.004905707],
[[1500.0,100.0,100.0],0.005254482],
[[1500.0,150.0,150.0],0.00610329],
[[1500.0,200.0,200.0],0.006642977],
[[1500.0,250.0,250.0],0.006110188],
[[1500.0,300.0,300.0],0.006128945],
[[1500.0,350.0,350.0],0.005718923],
[[1500.0,400.0,400.0],0.007329251],
[[1500.0,450.0,450.0],0.006162192],
[[1500.0,500.0,500.0],0.006008739],
[[1500.0,550.0,550.0],0.007807854],
[[1500.0,600.0,600.0],0.006305898],
[[1500.0,650.0,650.0],0.006399153],
[[1500.0,700.0,700.0],0.006386748],
[[1500.0,750.0,750.0],0.007931255],
[[1550.0,1.0,1.0],0.005154277],
[[1550.0,150.0,150.0],0.005920222],
[[1550.0,200.0,200.0],0.005414836],
[[1550.0,250.0,250.0],0.005748395],
[[1550.0,300.0,300.0],0.006435688],
[[1550.0,350.0,350.0],0.005944736],
[[1550.0,400.0,400.0],0.006476802],
[[1550.0,450.0,450.0],0.007195273],
[[1550.0,500.0,500.0],0.007320953],
[[1550.0,550.0,550.0],0.006730293],
[[1550.0,600.0,600.0],0.006470587],
[[1550.0,650.0,650.0],0.006250698],
[[1550.0,700.0,700.0],0.006068958],
[[1550.0,750.0,750.0],0.007134557],
[[1600.0,1.0,1.0],0.004913891],
[[1600.0,150.0,150.0],0.005802031],
[[1600.0,200.0,200.0],0.006136878],
[[1600.0,250.0,250.0],0.005958038],
[[1600.0,300.0,300.0],0.006431996],
[[1600.0,350.0,350.0],0.00712316],
[[1600.0,400.0,400.0],0.005547374],
[[1600.0,450.0,450.0],0.006578996],
[[1600.0,500.0,500.0],0.005362053],
[[1600.0,550.0,550.0],0.006251564],
[[1600.0,600.0,600.0],0.007227797],
[[1600.0,650.0,650.0],0.00710076],
[[1600.0,700.0,700.0],0.007356089],
[[1600.0,750.0,750.0],0.007781567],
[[1650.0,1.0,1.0],0.005211758],
[[1650.0,150.0,150.0],0.006103785],
[[1650.0,200.0,200.0],0.006087721],
[[1650.0,250.0,250.0],0.006065567],
[[1650.0,300.0,300.0],0.005896244],
[[1650.0,350.0,350.0],0.00710866],
[[1650.0,400.0,400.0],0.006184354],
[[1650.0,450.0,450.0],0.006731914],
[[1650.0,500.0,500.0],0.00598127],
[[1650.0,550.0,550.0],0.006840857],
[[1650.0,600.0,600.0],0.006544099],
[[1650.0,650.0,650.0],0.006857462],
[[1650.0,700.0,700.0],0.007579572],
[[1650.0,750.0,750.0],0.007897648],
[[1650.0,800.0,800.0],0.006363486],
[[1700.0,1.0,1.0],0.005076514],
[[1700.0,150.0,150.0],0.005194679],
[[1700.0,200.0,200.0],0.005225877],
[[1700.0,250.0,250.0],0.005938893],
[[1700.0,300.0,300.0],0.0064858],
[[1700.0,350.0,350.0],0.006538102],
[[1700.0,400.0,400.0],0.00635707],
[[1700.0,450.0,450.0],0.005522184],
[[1700.0,500.0,500.0],0.007018998],
[[1700.0,550.0,550.0],0.006307571],
[[1700.0,600.0,600.0],0.006777067],
[[1700.0,650.0,650.0],0.006767237],
[[1700.0,700.0,700.0],0.007058166],
[[1700.0,750.0,750.0],0.006317392],
[[1700.0,800.0,800.0],0.006318425],
[[1750.0,1.0,1.0],0.004909493],
[[1750.0,10.0,10.0],0.004633661],
[[1750.0,50.0,50.0],0.005360662],
[[1750.0,100.0,100.0],0.005886414],
[[1750.0,150.0,150.0],0.005448288],
[[1750.0,200.0,200.0],0.005868417],
[[1750.0,250.0,250.0],0.006262624],
[[1750.0,300.0,300.0],0.00744959],
[[1750.0,350.0,350.0],0.005581475],
[[1750.0,400.0,400.0],0.006258012],
[[1750.0,450.0,450.0],0.006748974],
[[1750.0,500.0,500.0],0.007702708],
[[1750.0,550.0,550.0],0.007011268],
[[1750.0,600.0,600.0],0.007809762],
[[1750.0,650.0,650.0],0.007263495],
[[1750.0,700.0,700.0],0.006647961],
[[1750.0,750.0,750.0],0.006571767],
[[1750.0,800.0,800.0],0.006744859],
[[1750.0,850.0,850.0],0.007738381],
[[1800.0,1.0,1.0],0.005401741],
[[1800.0,150.0,150.0],0.006703772],
[[1800.0,200.0,200.0],0.006246145],
[[1800.0,250.0,250.0],0.006874588],
[[1800.0,300.0,300.0],0.006275413],
[[1800.0,350.0,350.0],0.006364958],
[[1800.0,400.0,400.0],0.00692399],
[[1800.0,450.0,450.0],0.006558828],
[[1800.0,500.0,500.0],0.007707138],
[[1800.0,550.0,550.0],0.006709926],
[[1800.0,600.0,600.0],0.006696383],
[[1800.0,650.0,650.0],0.006728858],
[[1800.0,700.0,700.0],0.006596865],
[[1800.0,750.0,750.0],0.008277941],
[[1800.0,800.0,800.0],0.007120214],
[[1800.0,850.0,850.0],0.006893026],
[[1850.0,1.0,1.0],0.005504909],
[[1850.0,150.0,150.0],0.006412501],
[[1850.0,200.0,200.0],0.00631539],
[[1850.0,250.0,250.0],0.006100435],
[[1850.0,300.0,300.0],0.006141683],
[[1850.0,350.0,350.0],0.007115718],
[[1850.0,400.0,400.0],0.007003799],
[[1850.0,450.0,450.0],0.00623751],
[[1850.0,500.0,500.0],0.007173245],
[[1850.0,550.0,550.0],0.006125668],
[[1850.0,600.0,600.0],0.006629219],
[[1850.0,650.0,650.0],0.00723205],
[[1850.0,700.0,700.0],0.006108622],
[[1850.0,750.0,750.0],0.006668733],
[[1850.0,800.0,800.0],0.0067128],
[[1850.0,850.0,850.0],0.00638242],
[[1850.0,900.0,900.0],0.007074621],
[[1900.0,1.0,1.0],0.005630458],
[[1900.0,150.0,150.0],0.006059924],
[[1900.0,200.0,200.0],0.006301523],
[[1900.0,250.0,250.0],0.006352188],
[[1900.0,300.0,300.0],0.007352886],
[[1900.0,350.0,350.0],0.00691347],
[[1900.0,400.0,400.0],0.006701008],
[[1900.0,450.0,450.0],0.005861738],
[[1900.0,500.0,500.0],0.006703998],
[[1900.0,550.0,550.0],0.006883074],
[[1900.0,600.0,600.0],0.007302342],
[[1900.0,650.0,650.0],0.006459062],
[[1900.0,700.0,700.0],0.006794841],
[[1900.0,750.0,750.0],0.007049513],
[[1900.0,800.0,800.0],0.007599175],
[[1900.0,850.0,850.0],0.006835057],
[[1900.0,900.0,900.0],0.007377635],
[[1950.0,1.0,1.0],0.00465451],
[[1950.0,150.0,150.0],0.005051998],
[[1950.0,200.0,200.0],0.006048671],
[[1950.0,250.0,250.0],0.005911821],
[[1950.0,300.0,300.0],0.007523484],
[[1950.0,350.0,350.0],0.006553754],
[[1950.0,400.0,400.0],0.007491217],
[[1950.0,450.0,450.0],0.007135998],
[[1950.0,500.0,500.0],0.006739493],
[[1950.0,550.0,550.0],0.00745691],
[[1950.0,600.0,600.0],0.006707613],
[[1950.0,650.0,650.0],0.007069667],
[[1950.0,700.0,700.0],0.006563098],
[[1950.0,750.0,750.0],0.007628102],
[[1950.0,800.0,800.0],0.006203326],
[[1950.0,850.0,850.0],0.006763934],
[[1950.0,900.0,900.0],0.007079606],
[[1950.0,950.0,950.0],0.006200772],
[[2000.0,1.0,1.0],0.004680052],
[[2000.0,10.0,10.0],0.005129909],
[[2000.0,50.0,50.0],0.005438711],
[[2000.0,100.0,100.0],0.00554919],
[[2000.0,150.0,150.0],0.005164389],
[[2000.0,200.0,200.0],0.006437106],
[[2000.0,250.0,250.0],0.006269488],
[[2000.0,300.0,300.0],0.006543497],
[[2000.0,350.0,350.0],0.006120996],
[[2000.0,400.0,400.0],0.006911908],
[[2000.0,450.0,450.0],0.006989241],
[[2000.0,500.0,500.0],0.007147377],
[[2000.0,550.0,550.0],0.006538412],
[[2000.0,600.0,600.0],0.006950596],
[[2000.0,650.0,650.0],0.007258694],
[[2000.0,700.0,700.0],0.00666113],
[[2000.0,750.0,750.0],0.00708367],
[[2000.0,800.0,800.0],0.005998712],
[[2000.0,850.0,850.0],0.007438977],
[[2000.0,900.0,900.0],0.006647439],
[[2000.0,950.0,950.0],0.008095345],
[[2250.0,1.0,1.0],0.00462272],
[[2250.0,10.0,10.0],0.004414187],
[[2250.0,50.0,50.0],0.005906915],
[[2250.0,100.0,100.0],0.006002188],
[[2250.0,150.0,150.0],0.005599825],
[[2250.0,300.0,300.0],0.006629174],
[[2250.0,500.0,500.0],0.007322972],
[[2250.0,750.0,750.0],0.006849946],
[[2250.0,1000.0,1000.0],0.006560403],
[[2500.0,1.0,1.0],0.004895863],
[[2500.0,10.0,10.0],0.004765144],
[[2500.0,50.0,50.0],0.005714354],
[[2500.0,100.0,100.0],0.006008008],
[[2500.0,150.0,150.0],0.006494867],
[[2500.0,300.0,300.0],0.006540502],
[[2500.0,500.0,500.0],0.007330038],
[[2500.0,750.0,750.0],0.007862057],
[[2500.0,1000.0,1000.0],0.006602852],
[[2500.0,1200.0,1200.0],0.007851012],
[[2750.0,1.0,1.0],0.005244649],
[[2750.0,10.0,10.0],0.00527266],
[[2750.0,50.0,50.0],0.005520438],
[[2750.0,100.0,100.0],0.006455336],
[[2750.0,150.0,150.0],0.005664337],
[[2750.0,300.0,300.0],0.006530912],
[[2750.0,500.0,500.0],0.007619381],
[[2750.0,750.0,750.0],0.008157985],
[[2750.0,1000.0,1000.0],0.008021946],
[[2750.0,1200.0,1200.0],0.007380932],
[[3000.0,1.0,1.0],0.00530133],
[[3000.0,10.0,10.0],0.005052973],
[[3000.0,50.0,50.0],0.005928045],
[[3000.0,100.0,100.0],0.006374269],
[[3000.0,150.0,150.0],0.006400105],
[[3000.0,300.0,300.0],0.007191857],
[[3000.0,500.0,500.0],0.007800257],
[[3000.0,750.0,750.0],0.007990009],
[[3000.0,1000.0,1000.0],0.008089656],
[[3000.0,1200.0,1200.0],0.00793679],
[[3000.0,1400.0,1400.0],0.007843475]]
