txName: TRV1
constraint: {(PV > Zprime(1)), (Zprime(1) > MET(2),MET(3))}
condition: None
conditionDescription: None
figureUrl: https://cms-results.web.cern.ch/cms-results/public-results/publications/EXO-20-004/CMS-EXO-20-004_Figure_007-b.png
source: CMS
validated: True
axesMap: [{0: 'x', 1: 'y', 2: 'y'}]
dataMap: {0: (1, 'mass', GeV), 1: (2, 'mass', GeV), 2: (3, 'mass', GeV)}
finalState: ['MET', 'MET']
intermediateState: None
efficiencyMap: [[[50.0,1.0,1.0],1.013602e-05],
[[100.0,1.0,1.0],5.581111e-05],
[[100.0,10.0,10.0],5.644467e-05],
[[150.0,1.0,1.0],0.0001623509],
[[150.0,75.0,75.0],0.0001804553],
[[200.0,1.0,1.0],0.0002768165],
[[200.0,75.0,75.0],0.0003180386],
[[250.0,1.0,1.0],0.0004512162],
[[250.0,10.0,10.0],0.0004454228],
[[250.0,75.0,75.0],0.0004462304],
[[300.0,1.0,1.0],0.0006145147],
[[300.0,75.0,75.0],0.000610719],
[[350.0,1.0,1.0],0.0008103763],
[[350.0,75.0,75.0],0.0008955541],
[[350.0,150.0,150.0],0.0009152458],
[[400.0,1.0,1.0],0.0009249432],
[[400.0,75.0,75.0],0.00101597],
[[400.0,150.0,150.0],0.001141096],
[[450.0,1.0,1.0],0.00123698],
[[450.0,75.0,75.0],0.001140636],
[[450.0,150.0,150.0],0.001339356],
[[450.0,200.0,200.0],0.00134488],
[[500.0,1.0,1.0],0.001289847],
[[500.0,10.0,10.0],0.001277912],
[[500.0,75.0,75.0],0.001288247],
[[500.0,150.0,150.0],0.001423753],
[[500.0,200.0,200.0],0.001395219],
[[550.0,1.0,1.0],0.001419281],
[[550.0,75.0,75.0],0.001471433],
[[550.0,150.0,150.0],0.001572994],
[[550.0,200.0,200.0],0.001587028],
[[550.0,250.0,250.0],0.001576207],
[[600.0,1.0,1.0],0.001545545],
[[600.0,75.0,75.0],0.001557396],
[[600.0,150.0,150.0],0.001744236],
[[600.0,200.0,200.0],0.001811145],
[[600.0,250.0,250.0],0.001692384],
[[650.0,1.0,1.0],0.001643011],
[[650.0,75.0,75.0],0.001786649],
[[650.0,150.0,150.0],0.00174564],
[[650.0,200.0,200.0],0.001591178],
[[650.0,250.0,250.0],0.001537596],
[[650.0,300.0,300.0],0.001877602],
[[700.0,1.0,1.0],0.00177154],
[[700.0,75.0,75.0],0.001682943],
[[700.0,150.0,150.0],0.001679786],
[[700.0,200.0,200.0],0.001856741],
[[700.0,250.0,250.0],0.00183904],
[[700.0,300.0,300.0],0.001825245],
[[750.0,1.0,1.0],0.00186769],
[[750.0,10.0,10.0],0.001939602],
[[750.0,75.0,75.0],0.001830677],
[[750.0,150.0,150.0],0.001804758],
[[750.0,200.0,200.0],0.001775441],
[[750.0,250.0,250.0],0.002208411],
[[750.0,300.0,300.0],0.001953349],
[[750.0,350.0,350.0],0.002005088],
[[800.0,1.0,1.0],0.002000351],
[[800.0,75.0,75.0],0.001953562],
[[800.0,150.0,150.0],0.001912355],
[[800.0,200.0,200.0],0.002005126],
[[800.0,250.0,250.0],0.002203786],
[[800.0,300.0,300.0],0.002049326],
[[800.0,350.0,350.0],0.001865983],
[[850.0,1.0,1.0],0.001977218],
[[850.0,75.0,75.0],0.002081197],
[[850.0,150.0,150.0],0.00194861],
[[850.0,200.0,200.0],0.002294715],
[[850.0,250.0,250.0],0.001936629],
[[850.0,300.0,300.0],0.001965059],
[[850.0,350.0,350.0],0.002070223],
[[850.0,400.0,400.0],0.002300194],
[[900.0,1.0,1.0],0.002105984],
[[900.0,75.0,75.0],0.002298849],
[[900.0,150.0,150.0],0.002076769],
[[900.0,200.0,200.0],0.002251201],
[[900.0,250.0,250.0],0.002002304],
[[900.0,300.0,300.0],0.002434164],
[[900.0,350.0,350.0],0.002049906],
[[900.0,400.0,400.0],0.002171287],
[[950.0,1.0,1.0],0.002144299],
[[950.0,75.0,75.0],0.002186338],
[[950.0,150.0,150.0],0.002428812],
[[950.0,200.0,200.0],0.002085651],
[[950.0,250.0,250.0],0.002143511],
[[950.0,300.0,300.0],0.002355837],
[[950.0,350.0,350.0],0.001988011],
[[950.0,400.0,400.0],0.002392563],
[[950.0,450.0,450.0],0.00240874],
[[1000.0,1.0,1.0],0.002198212],
[[1000.0,10.0,10.0],0.002348588],
[[1000.0,75.0,75.0],0.002200333],
[[1000.0,150.0,150.0],0.002366356],
[[1000.0,200.0,200.0],0.002148371],
[[1000.0,250.0,250.0],0.002428259],
[[1000.0,300.0,300.0],0.002296323],
[[1000.0,350.0,350.0],0.00224577],
[[1000.0,400.0,400.0],0.002395671],
[[1000.0,450.0,450.0],0.002137764],
[[1050.0,1.0,1.0],0.002393559],
[[1050.0,75.0,75.0],0.002316463],
[[1050.0,150.0,150.0],0.002536242],
[[1050.0,200.0,200.0],0.002474186],
[[1050.0,250.0,250.0],0.002264463],
[[1050.0,300.0,300.0],0.002523581],
[[1050.0,350.0,350.0],0.002225758],
[[1050.0,400.0,400.0],0.002291121],
[[1050.0,450.0,450.0],0.002601769],
[[1050.0,500.0,500.0],0.002414284],
[[1100.0,1.0,1.0],0.00229678],
[[1100.0,75.0,75.0],0.002319618],
[[1100.0,150.0,150.0],0.002716988],
[[1100.0,200.0,200.0],0.00239571],
[[1100.0,250.0,250.0],0.002360183],
[[1100.0,300.0,300.0],0.002296385],
[[1100.0,350.0,350.0],0.002334798],
[[1100.0,400.0,400.0],0.002612358],
[[1100.0,450.0,450.0],0.002375017],
[[1100.0,500.0,500.0],0.002557452],
[[1150.0,1.0,1.0],0.002436692],
[[1150.0,75.0,75.0],0.002381821],
[[1150.0,150.0,150.0],0.00223737],
[[1150.0,200.0,200.0],0.002515443],
[[1150.0,250.0,250.0],0.002347364],
[[1150.0,300.0,300.0],0.00243639],
[[1150.0,350.0,350.0],0.002561105],
[[1150.0,400.0,400.0],0.002672527],
[[1150.0,450.0,450.0],0.002605864],
[[1150.0,500.0,500.0],0.002563401],
[[1150.0,550.0,550.0],0.002717735],
[[1200.0,1.0,1.0],0.002298208],
[[1200.0,75.0,75.0],0.002512204],
[[1200.0,150.0,150.0],0.00265386],
[[1200.0,200.0,200.0],0.002379702],
[[1200.0,250.0,250.0],0.002534275],
[[1200.0,300.0,300.0],0.002576765],
[[1200.0,350.0,350.0],0.002642425],
[[1200.0,400.0,400.0],0.002459133],
[[1200.0,450.0,450.0],0.002376116],
[[1200.0,500.0,500.0],0.002483371],
[[1200.0,550.0,550.0],0.002860239],
[[1250.0,1.0,1.0],0.00235769],
[[1250.0,10.0,10.0],0.002393942],
[[1250.0,75.0,75.0],0.002301559],
[[1250.0,150.0,150.0],0.002675634],
[[1250.0,200.0,200.0],0.002690812],
[[1250.0,250.0,250.0],0.002450783],
[[1250.0,300.0,300.0],0.002710146],
[[1250.0,350.0,350.0],0.002345744],
[[1250.0,400.0,400.0],0.002720809],
[[1250.0,450.0,450.0],0.002714736],
[[1250.0,500.0,500.0],0.002663323],
[[1250.0,550.0,550.0],0.002552532],
[[1250.0,600.0,600.0],0.002822718],
[[1300.0,1.0,1.0],0.002392444],
[[1300.0,75.0,75.0],0.002746674],
[[1300.0,150.0,150.0],0.002518348],
[[1300.0,200.0,200.0],0.002522398],
[[1300.0,250.0,250.0],0.002758347],
[[1300.0,300.0,300.0],0.002619313],
[[1300.0,350.0,350.0],0.002348752],
[[1300.0,400.0,400.0],0.002859649],
[[1300.0,450.0,450.0],0.002447338],
[[1300.0,500.0,500.0],0.002644378],
[[1300.0,550.0,550.0],0.002618887],
[[1300.0,600.0,600.0],0.002645955],
[[1350.0,1.0,1.0],0.002597465],
[[1350.0,75.0,75.0],0.00262817],
[[1350.0,150.0,150.0],0.00253413],
[[1350.0,200.0,200.0],0.002467487],
[[1350.0,250.0,250.0],0.002548064],
[[1350.0,300.0,300.0],0.002560432],
[[1350.0,350.0,350.0],0.00272514],
[[1350.0,400.0,400.0],0.002562085],
[[1350.0,450.0,450.0],0.002612261],
[[1350.0,500.0,500.0],0.0026824],
[[1350.0,550.0,550.0],0.00264249],
[[1350.0,600.0,600.0],0.002579481],
[[1350.0,650.0,650.0],0.002915219],
[[1400.0,1.0,1.0],0.002563559],
[[1400.0,75.0,75.0],0.002489763],
[[1400.0,150.0,150.0],0.002557504],
[[1400.0,200.0,200.0],0.002428801],
[[1400.0,250.0,250.0],0.002576864],
[[1400.0,300.0,300.0],0.002891665],
[[1400.0,350.0,350.0],0.002855541],
[[1400.0,400.0,400.0],0.002653041],
[[1400.0,450.0,450.0],0.002801606],
[[1400.0,500.0,500.0],0.002955649],
[[1400.0,550.0,550.0],0.002635597],
[[1400.0,600.0,600.0],0.002516974],
[[1400.0,650.0,650.0],0.002769406],
[[1450.0,1.0,1.0],0.002599759],
[[1450.0,75.0,75.0],0.002768515],
[[1450.0,150.0,150.0],0.00254857],
[[1450.0,200.0,200.0],0.002671597],
[[1450.0,250.0,250.0],0.002650051],
[[1450.0,300.0,300.0],0.002560551],
[[1450.0,350.0,350.0],0.002910291],
[[1450.0,400.0,400.0],0.002865775],
[[1450.0,450.0,450.0],0.00233185],
[[1450.0,500.0,500.0],0.003005068],
[[1450.0,550.0,550.0],0.002871056],
[[1450.0,600.0,600.0],0.002803788],
[[1450.0,650.0,650.0],0.002587437],
[[1450.0,700.0,700.0],0.002942536],
[[1500.0,1.0,1.0],0.002806614],
[[1500.0,10.0,10.0],0.002549052],
[[1500.0,75.0,75.0],0.002786686],
[[1500.0,150.0,150.0],0.002712759],
[[1500.0,200.0,200.0],0.002498036],
[[1500.0,250.0,250.0],0.002782724],
[[1500.0,300.0,300.0],0.002968188],
[[1500.0,350.0,350.0],0.002465782],
[[1500.0,400.0,400.0],0.002850519],
[[1500.0,450.0,450.0],0.002766398],
[[1500.0,500.0,500.0],0.002595459],
[[1500.0,550.0,550.0],0.002862304],
[[1500.0,600.0,600.0],0.002792153],
[[1500.0,650.0,650.0],0.002540537],
[[1500.0,700.0,700.0],0.003077609],
[[1500.0,750.0,750.0],0.002860601],
[[1550.0,1.0,1.0],0.002664314],
[[1550.0,75.0,75.0],0.002705507],
[[1550.0,150.0,150.0],0.002941641],
[[1550.0,200.0,200.0],0.002591331],
[[1550.0,250.0,250.0],0.002654535],
[[1550.0,300.0,300.0],0.002772206],
[[1550.0,350.0,350.0],0.002788015],
[[1550.0,400.0,400.0],0.002823536],
[[1550.0,450.0,450.0],0.002828923],
[[1550.0,500.0,500.0],0.003097049],
[[1550.0,550.0,550.0],0.002973936],
[[1550.0,600.0,600.0],0.002662343],
[[1550.0,650.0,650.0],0.002733907],
[[1550.0,700.0,700.0],0.002868324],
[[1550.0,750.0,750.0],0.002712952],
[[1600.0,1.0,1.0],0.002744174],
[[1600.0,75.0,75.0],0.002857995],
[[1600.0,150.0,150.0],0.002691869],
[[1600.0,200.0,200.0],0.002794776],
[[1600.0,250.0,250.0],0.002631481],
[[1600.0,300.0,300.0],0.0028332],
[[1600.0,350.0,350.0],0.002787834],
[[1600.0,400.0,400.0],0.002897747],
[[1600.0,450.0,450.0],0.002847082],
[[1600.0,500.0,500.0],0.002928979],
[[1600.0,550.0,550.0],0.002576441],
[[1600.0,600.0,600.0],0.002937297],
[[1600.0,650.0,650.0],0.002776455],
[[1600.0,700.0,700.0],0.002712254],
[[1600.0,750.0,750.0],0.002936432],
[[1650.0,1.0,1.0],0.002712313],
[[1650.0,75.0,75.0],0.002783714],
[[1650.0,150.0,150.0],0.00283234],
[[1650.0,200.0,200.0],0.002990597],
[[1650.0,250.0,250.0],0.002935434],
[[1650.0,300.0,300.0],0.003024579],
[[1650.0,350.0,350.0],0.003144548],
[[1650.0,400.0,400.0],0.002735908],
[[1650.0,450.0,450.0],0.002805865],
[[1650.0,500.0,500.0],0.002704105],
[[1650.0,550.0,550.0],0.002963254],
[[1650.0,600.0,600.0],0.002599156],
[[1650.0,650.0,650.0],0.002464718],
[[1650.0,700.0,700.0],0.002967497],
[[1650.0,750.0,750.0],0.002810417],
[[1650.0,800.0,800.0],0.002825501],
[[1700.0,1.0,1.0],0.002490562],
[[1700.0,75.0,75.0],0.002641579],
[[1700.0,150.0,150.0],0.002705127],
[[1700.0,200.0,200.0],0.002921157],
[[1700.0,250.0,250.0],0.002955883],
[[1700.0,300.0,300.0],0.00297662],
[[1700.0,350.0,350.0],0.003018075],
[[1700.0,400.0,400.0],0.002724899],
[[1700.0,450.0,450.0],0.002843044],
[[1700.0,500.0,500.0],0.00310103],
[[1700.0,550.0,550.0],0.002768267],
[[1700.0,600.0,600.0],0.00274414],
[[1700.0,650.0,650.0],0.003061578],
[[1700.0,700.0,700.0],0.002856996],
[[1700.0,750.0,750.0],0.002842965],
[[1700.0,800.0,800.0],0.003067271],
[[1750.0,1.0,1.0],0.002690365],
[[1750.0,10.0,10.0],0.002592965],
[[1750.0,75.0,75.0],0.002678906],
[[1750.0,150.0,150.0],0.002778039],
[[1750.0,200.0,200.0],0.002951326],
[[1750.0,250.0,250.0],0.002654967],
[[1750.0,300.0,300.0],0.00289334],
[[1750.0,350.0,350.0],0.003047106],
[[1750.0,400.0,400.0],0.002651773],
[[1750.0,450.0,450.0],0.002909164],
[[1750.0,500.0,500.0],0.002909791],
[[1750.0,550.0,550.0],0.003066972],
[[1750.0,600.0,600.0],0.003252916],
[[1750.0,650.0,650.0],0.003217709],
[[1750.0,700.0,700.0],0.002807788],
[[1750.0,750.0,750.0],0.003004164],
[[1750.0,800.0,800.0],0.002972698],
[[1750.0,850.0,850.0],0.003065269],
[[1800.0,1.0,1.0],0.002693484],
[[1800.0,75.0,75.0],0.00289632],
[[1800.0,150.0,150.0],0.002795897],
[[1800.0,200.0,200.0],0.002937006],
[[1800.0,250.0,250.0],0.002895737],
[[1800.0,300.0,300.0],0.002940595],
[[1800.0,350.0,350.0],0.002973055],
[[1800.0,400.0,400.0],0.00297475],
[[1800.0,450.0,450.0],0.002766412],
[[1800.0,500.0,500.0],0.003199576],
[[1800.0,550.0,550.0],0.002948666],
[[1800.0,600.0,600.0],0.003053359],
[[1800.0,650.0,650.0],0.003012648],
[[1800.0,700.0,700.0],0.003061835],
[[1800.0,750.0,750.0],0.003050331],
[[1800.0,800.0,800.0],0.003130698],
[[1800.0,850.0,850.0],0.00310545],
[[1850.0,1.0,1.0],0.002916031],
[[1850.0,75.0,75.0],0.002754758],
[[1850.0,150.0,150.0],0.002795295],
[[1850.0,200.0,200.0],0.00300086],
[[1850.0,250.0,250.0],0.002747972],
[[1850.0,300.0,300.0],0.003034172],
[[1850.0,350.0,350.0],0.002829073],
[[1850.0,400.0,400.0],0.003174633],
[[1850.0,450.0,450.0],0.003037418],
[[1850.0,500.0,500.0],0.002929538],
[[1850.0,550.0,550.0],0.002735996],
[[1850.0,600.0,600.0],0.00315146],
[[1850.0,650.0,650.0],0.002696524],
[[1850.0,700.0,700.0],0.003641964],
[[1850.0,750.0,750.0],0.002570869],
[[1850.0,800.0,800.0],0.002816939],
[[1850.0,850.0,850.0],0.003046315],
[[1850.0,900.0,900.0],0.002912892],
[[1900.0,1.0,1.0],0.002827327],
[[1900.0,75.0,75.0],0.002739001],
[[1900.0,150.0,150.0],0.002696722],
[[1900.0,200.0,200.0],0.003099262],
[[1900.0,250.0,250.0],0.003063872],
[[1900.0,300.0,300.0],0.002746479],
[[1900.0,350.0,350.0],0.002925357],
[[1900.0,400.0,400.0],0.00290562],
[[1900.0,450.0,450.0],0.002847213],
[[1900.0,500.0,500.0],0.002817396],
[[1900.0,550.0,550.0],0.002801618],
[[1900.0,600.0,600.0],0.002995039],
[[1900.0,650.0,650.0],0.002646901],
[[1900.0,700.0,700.0],0.002963391],
[[1900.0,750.0,750.0],0.00302407],
[[1900.0,800.0,800.0],0.00323515],
[[1900.0,850.0,850.0],0.003263279],
[[1900.0,900.0,900.0],0.00311917],
[[1950.0,1.0,1.0],0.002713582],
[[1950.0,75.0,75.0],0.002866526],
[[1950.0,150.0,150.0],0.003131249],
[[1950.0,200.0,200.0],0.002893404],
[[1950.0,250.0,250.0],0.003004931],
[[1950.0,300.0,300.0],0.002968095],
[[1950.0,350.0,350.0],0.002958743],
[[1950.0,400.0,400.0],0.002940932],
[[1950.0,450.0,450.0],0.003044883],
[[1950.0,500.0,500.0],0.003037337],
[[1950.0,550.0,550.0],0.002880375],
[[1950.0,600.0,600.0],0.002936717],
[[1950.0,650.0,650.0],0.002976951],
[[1950.0,700.0,700.0],0.003057639],
[[1950.0,750.0,750.0],0.002954249],
[[1950.0,800.0,800.0],0.003208825],
[[1950.0,850.0,850.0],0.002652794],
[[1950.0,900.0,900.0],0.002497378],
[[1950.0,950.0,950.0],0.003172753],
[[2000.0,1.0,1.0],0.003048616],
[[2000.0,75.0,75.0],0.003196722],
[[2000.0,150.0,150.0],0.003204334],
[[2000.0,200.0,200.0],0.003095382],
[[2000.0,250.0,250.0],0.003359089],
[[2000.0,300.0,300.0],0.003105507],
[[2000.0,350.0,350.0],0.00334132],
[[2000.0,400.0,400.0],0.003089694],
[[2000.0,450.0,450.0],0.002993452],
[[2000.0,500.0,500.0],0.003151115],
[[2000.0,550.0,550.0],0.003158606],
[[2000.0,600.0,600.0],0.003176196],
[[2000.0,650.0,650.0],0.003022507],
[[2000.0,700.0,700.0],0.003264683],
[[2000.0,750.0,750.0],0.003316063],
[[2000.0,800.0,800.0],0.003002843],
[[2000.0,850.0,850.0],0.002980298],
[[2000.0,900.0,900.0],0.002739046],
[[2000.0,950.0,950.0],0.003130714],
[[2250.0,1.0,1.0],0.003293138],
[[2250.0,75.0,75.0],0.003106433],
[[2250.0,150.0,150.0],0.00336694],
[[2250.0,300.0,300.0],0.003242745],
[[2250.0,500.0,500.0],0.003312717],
[[2250.0,750.0,750.0],0.003058808],
[[2250.0,1000.0,1000.0],0.003144159],
[[2500.0,1.0,1.0],0.003233198],
[[2500.0,75.0,75.0],0.00341885],
[[2500.0,150.0,150.0],0.003604755],
[[2500.0,300.0,300.0],0.003334874],
[[2500.0,500.0,500.0],0.002966395],
[[2500.0,750.0,750.0],0.003170465],
[[2500.0,1000.0,1000.0],0.003423008],
[[2500.0,1200.0,1200.0],0.003569075],
[[2750.0,1.0,1.0],0.003561671],
[[2750.0,75.0,75.0],0.003849926],
[[2750.0,150.0,150.0],0.003971452],
[[2750.0,300.0,300.0],0.003649525],
[[2750.0,500.0,500.0],0.00345878],
[[2750.0,750.0,750.0],0.003791859],
[[2750.0,1000.0,1000.0],0.00345799],
[[2750.0,1200.0,1200.0],0.003763543],
[[3000.0,1.0,1.0],0.003736236],
[[3000.0,75.0,75.0],0.003530496],
[[3000.0,150.0,150.0],0.004301708],
[[3000.0,300.0,300.0],0.003813601],
[[3000.0,500.0,500.0],0.003961171],
[[3000.0,750.0,750.0],0.004060639],
[[3000.0,1000.0,1000.0],0.003570597],
[[3000.0,1200.0,1200.0],0.004416063],
[[3000.0,1400.0,1400.0],0.00393591]]
