txName: TRS1
constraint: {(PV > H0(1)), (H0(1) > MET(2),MET(3))}
condition: None
conditionDescription: None
figureUrl: https://cms-results.web.cern.ch/cms-results/public-results/publications/EXO-20-004/CMS-EXO-20-004_Figure_009-a.png
source: CMS
validated: True
axesMap: [{0: 'x', 1: '1.0', 2: '1.0'}, {0: 'x', 1: 'y', 2: 'y'}]
dataMap: {0: (1, 'mass', GeV), 1: (2, 'mass', GeV), 2: (3, 'mass', GeV)}
finalState: ['MET', 'MET']
intermediateState: None
efficiencyMap: [[[100.0,1.0,1.0],0.0001996644],
[[100.0,10.0,10.0],0.0001742965],
[[150.0,1.0,1.0],0.0003675717],
[[150.0,50.0,50.0],0.0003599082],
[[200.0,1.0,1.0],0.0005471096],
[[200.0,50.0,50.0],0.0005110959],
[[200.0,100.0,100.0],0.0008509365],
[[250.0,1.0,1.0],0.000728874],
[[250.0,10.0,10.0],0.0007729448],
[[250.0,50.0,50.0],0.0007417207],
[[250.0,100.0,100.0],0.0006744186],
[[300.0,1.0,1.0],0.0008464344],
[[300.0,50.0,50.0],0.0008350059],
[[300.0,100.0,100.0],0.0008290235],
[[350.0,1.0,1.0],0.0008998087],
[[350.0,50.0,50.0],0.0011434],
[[350.0,100.0,100.0],0.0009390864],
[[350.0,150.0,150.0],0.0008654176],
[[400.0,1.0,1.0],0.001145551],
[[400.0,50.0,50.0],0.001137558],
[[400.0,100.0,100.0],0.001104574],
[[400.0,150.0,150.0],0.000998878],
[[450.0,1.0,1.0],0.001204337],
[[450.0,50.0,50.0],0.001392398],
[[450.0,100.0,100.0],0.001367242],
[[450.0,150.0,150.0],0.001712953],
[[450.0,200.0,200.0],0.001366039],
[[500.0,1.0,1.0],0.001618918],
[[500.0,10.0,10.0],0.001620398],
[[500.0,50.0,50.0],0.001437401],
[[500.0,100.0,100.0],0.001452619],
[[500.0,150.0,150.0],0.001575051],
[[500.0,200.0,200.0],0.001387242],
[[550.0,1.0,1.0],0.001846109],
[[550.0,50.0,50.0],0.001953648],
[[550.0,100.0,100.0],0.001991455],
[[550.0,150.0,150.0],0.002180942],
[[550.0,200.0,200.0],0.001636994],
[[550.0,250.0,250.0],0.002577055],
[[600.0,1.0,1.0],0.002313067],
[[600.0,50.0,50.0],0.002236998],
[[600.0,100.0,100.0],0.001776575],
[[600.0,150.0,150.0],0.001915524],
[[600.0,200.0,200.0],0.002174494],
[[600.0,250.0,250.0],0.001989742],
[[650.0,1.0,1.0],0.002386767],
[[650.0,50.0,50.0],0.002358604],
[[650.0,100.0,100.0],0.002445214],
[[650.0,150.0,150.0],0.002411519],
[[650.0,200.0,200.0],0.00226911],
[[650.0,250.0,250.0],0.002480146],
[[650.0,300.0,300.0],0.00238896],
[[700.0,1.0,1.0],0.00212549],
[[700.0,50.0,50.0],0.002689113],
[[700.0,100.0,100.0],0.00238151],
[[700.0,150.0,150.0],0.002326111],
[[700.0,200.0,200.0],0.002188981],
[[700.0,250.0,250.0],0.002273034],
[[700.0,300.0,300.0],0.00240692],
[[750.0,1.0,1.0],0.002638264],
[[750.0,10.0,10.0],0.00300683],
[[750.0,50.0,50.0],0.002597478],
[[750.0,100.0,100.0],0.002859978],
[[750.0,150.0,150.0],0.0026415],
[[750.0,200.0,200.0],0.002575393],
[[750.0,250.0,250.0],0.002694267],
[[750.0,300.0,300.0],0.002570675],
[[750.0,350.0,350.0],0.003208954],
[[800.0,1.0,1.0],0.002983213],
[[800.0,150.0,150.0],0.002463988],
[[800.0,200.0,200.0],0.003452473],
[[800.0,250.0,250.0],0.003177857],
[[800.0,300.0,300.0],0.003134764],
[[800.0,350.0,350.0],0.00284332],
[[850.0,1.0,1.0],0.002764446],
[[850.0,150.0,150.0],0.002838375],
[[850.0,200.0,200.0],0.003609539],
[[850.0,250.0,250.0],0.00361117],
[[850.0,300.0,300.0],0.002997114],
[[850.0,350.0,350.0],0.003249376],
[[850.0,400.0,400.0],0.0033938],
[[900.0,1.0,1.0],0.002858177],
[[900.0,150.0,150.0],0.002709696],
[[900.0,200.0,200.0],0.002830713],
[[900.0,250.0,250.0],0.003313084],
[[900.0,300.0,300.0],0.003169519],
[[900.0,350.0,350.0],0.003308152],
[[900.0,400.0,400.0],0.003072559],
[[950.0,1.0,1.0],0.00302322],
[[950.0,150.0,150.0],0.003209939],
[[950.0,200.0,200.0],0.002820831],
[[950.0,250.0,250.0],0.003610341],
[[950.0,300.0,300.0],0.004138113],
[[950.0,350.0,350.0],0.003757293],
[[950.0,400.0,400.0],0.003455102],
[[950.0,450.0,450.0],0.003463023],
[[1000.0,1.0,1.0],0.003326465],
[[1000.0,10.0,10.0],0.00298462],
[[1000.0,50.0,50.0],0.003360459],
[[1000.0,100.0,100.0],0.00363811],
[[1000.0,150.0,150.0],0.003434679],
[[1000.0,200.0,200.0],0.003267933],
[[1000.0,250.0,250.0],0.004409493],
[[1000.0,300.0,300.0],0.003823431],
[[1000.0,350.0,350.0],0.003842285],
[[1000.0,400.0,400.0],0.003501554],
[[1000.0,450.0,450.0],0.003878809],
[[1050.0,1.0,1.0],0.003708663],
[[1050.0,150.0,150.0],0.003535977],
[[1050.0,200.0,200.0],0.002996478],
[[1050.0,250.0,250.0],0.003083262],
[[1050.0,300.0,300.0],0.003481291],
[[1050.0,350.0,350.0],0.003749164],
[[1050.0,400.0,400.0],0.005597764],
[[1050.0,450.0,450.0],0.003715504],
[[1050.0,500.0,500.0],0.004150755],
[[1100.0,1.0,1.0],0.003983798],
[[1100.0,150.0,150.0],0.004428977],
[[1100.0,200.0,200.0],0.003728977],
[[1100.0,250.0,250.0],0.004229138],
[[1100.0,300.0,300.0],0.003924917],
[[1100.0,350.0,350.0],0.003990389],
[[1100.0,400.0,400.0],0.004037967],
[[1100.0,450.0,450.0],0.00327637],
[[1100.0,500.0,500.0],0.003941004],
[[1150.0,1.0,1.0],0.003960632],
[[1150.0,150.0,150.0],0.003258113],
[[1150.0,200.0,200.0],0.00354143],
[[1150.0,250.0,250.0],0.003752058],
[[1150.0,300.0,300.0],0.004673879],
[[1150.0,350.0,350.0],0.003723613],
[[1150.0,400.0,400.0],0.003677943],
[[1150.0,450.0,450.0],0.003568741],
[[1150.0,500.0,500.0],0.003054469],
[[1150.0,550.0,550.0],0.003614511],
[[1200.0,1.0,1.0],0.003189776],
[[1200.0,150.0,150.0],0.003611937],
[[1200.0,200.0,200.0],0.003438235],
[[1200.0,250.0,250.0],0.003908671],
[[1200.0,300.0,300.0],0.003483625],
[[1200.0,350.0,350.0],0.004591749],
[[1200.0,400.0,400.0],0.003956453],
[[1200.0,450.0,450.0],0.004048101],
[[1200.0,500.0,500.0],0.003921597],
[[1200.0,550.0,550.0],0.003811323],
[[1250.0,1.0,1.0],0.003935818],
[[1250.0,10.0,10.0],0.003198141],
[[1250.0,50.0,50.0],0.004076945],
[[1250.0,100.0,100.0],0.003200817],
[[1250.0,150.0,150.0],0.003976408],
[[1250.0,200.0,200.0],0.00329807],
[[1250.0,250.0,250.0],0.004111099],
[[1250.0,300.0,300.0],0.004543529],
[[1250.0,350.0,350.0],0.003613895],
[[1250.0,400.0,400.0],0.003324801],
[[1250.0,450.0,450.0],0.004148526],
[[1250.0,500.0,500.0],0.004258995],
[[1250.0,550.0,550.0],0.004398364],
[[1250.0,600.0,600.0],0.004247898],
[[1300.0,1.0,1.0],0.004208211],
[[1300.0,150.0,150.0],0.004021378],
[[1300.0,200.0,200.0],0.003966609],
[[1300.0,250.0,250.0],0.004973261],
[[1300.0,300.0,300.0],0.004068084],
[[1300.0,350.0,350.0],0.004339536],
[[1300.0,400.0,400.0],0.004110413],
[[1300.0,450.0,450.0],0.00391342],
[[1300.0,500.0,500.0],0.004104543],
[[1300.0,550.0,550.0],0.004855075],
[[1300.0,600.0,600.0],0.004216697],
[[1350.0,1.0,1.0],0.003332279],
[[1350.0,150.0,150.0],0.003510091],
[[1350.0,200.0,200.0],0.004569931],
[[1350.0,250.0,250.0],0.00432982],
[[1350.0,300.0,300.0],0.003819807],
[[1350.0,350.0,350.0],0.003832724],
[[1350.0,400.0,400.0],0.003676436],
[[1350.0,450.0,450.0],0.004894073],
[[1350.0,500.0,500.0],0.004236714],
[[1350.0,550.0,550.0],0.003531259],
[[1350.0,600.0,600.0],0.004464436],
[[1350.0,650.0,650.0],0.004706513],
[[1400.0,1.0,1.0],0.003588386],
[[1400.0,150.0,150.0],0.005095164],
[[1400.0,200.0,200.0],0.003720148],
[[1400.0,250.0,250.0],0.004275524],
[[1400.0,300.0,300.0],0.004236675],
[[1400.0,350.0,350.0],0.005114481],
[[1400.0,400.0,400.0],0.004612571],
[[1400.0,450.0,450.0],0.003661715],
[[1400.0,500.0,500.0],0.004274671],
[[1400.0,550.0,550.0],0.004016297],
[[1400.0,600.0,600.0],0.004148435],
[[1400.0,650.0,650.0],0.005281024],
[[1450.0,1.0,1.0],0.003817731],
[[1450.0,150.0,150.0],0.004139741],
[[1450.0,200.0,200.0],0.003488667],
[[1450.0,250.0,250.0],0.00387515],
[[1450.0,300.0,300.0],0.004706398],
[[1450.0,350.0,350.0],0.004765353],
[[1450.0,400.0,400.0],0.004303425],
[[1450.0,450.0,450.0],0.004305103],
[[1450.0,500.0,500.0],0.004589855],
[[1450.0,550.0,550.0],0.004340464],
[[1450.0,600.0,600.0],0.004350719],
[[1450.0,650.0,650.0],0.00435785],
[[1450.0,700.0,700.0],0.004245936],
[[1500.0,1.0,1.0],0.003729738],
[[1500.0,10.0,10.0],0.003300596],
[[1500.0,50.0,50.0],0.003461901],
[[1500.0,100.0,100.0],0.003697676],
[[1500.0,150.0,150.0],0.003995519],
[[1500.0,200.0,200.0],0.003747498],
[[1500.0,250.0,250.0],0.004758739],
[[1500.0,300.0,300.0],0.004401445],
[[1500.0,350.0,350.0],0.004438216],
[[1500.0,400.0,400.0],0.00447328],
[[1500.0,450.0,450.0],0.004292992],
[[1500.0,500.0,500.0],0.004074195],
[[1500.0,550.0,550.0],0.004632583],
[[1500.0,600.0,600.0],0.004645974],
[[1500.0,650.0,650.0],0.004093771],
[[1500.0,700.0,700.0],0.00493517],
[[1500.0,750.0,750.0],0.00427783],
[[1550.0,1.0,1.0],0.003440913],
[[1550.0,150.0,150.0],0.003129125],
[[1550.0,200.0,200.0],0.004586624],
[[1550.0,250.0,250.0],0.004720307],
[[1550.0,300.0,300.0],0.004670007],
[[1550.0,350.0,350.0],0.004479793],
[[1550.0,400.0,400.0],0.004239579],
[[1550.0,450.0,450.0],0.00599591],
[[1550.0,500.0,500.0],0.004993648],
[[1550.0,550.0,550.0],0.004269555],
[[1550.0,600.0,600.0],0.004591967],
[[1550.0,650.0,650.0],0.004753373],
[[1550.0,700.0,700.0],0.004259945],
[[1550.0,750.0,750.0],0.005193492],
[[1600.0,1.0,1.0],0.003521363],
[[1600.0,150.0,150.0],0.004129214],
[[1600.0,200.0,200.0],0.003973168],
[[1600.0,250.0,250.0],0.004483538],
[[1600.0,300.0,300.0],0.004569528],
[[1600.0,350.0,350.0],0.004443555],
[[1600.0,400.0,400.0],0.003983799],
[[1600.0,450.0,450.0],0.003958758],
[[1600.0,500.0,500.0],0.004426313],
[[1600.0,550.0,550.0],0.00495962],
[[1600.0,600.0,600.0],0.005364945],
[[1600.0,650.0,650.0],0.004627016],
[[1600.0,700.0,700.0],0.004548268],
[[1600.0,750.0,750.0],0.004453731],
[[1650.0,1.0,1.0],0.003494616],
[[1650.0,150.0,150.0],0.003906484],
[[1650.0,200.0,200.0],0.004116836],
[[1650.0,250.0,250.0],0.004442611],
[[1650.0,300.0,300.0],0.004607942],
[[1650.0,350.0,350.0],0.003718535],
[[1650.0,400.0,400.0],0.004656127],
[[1650.0,450.0,450.0],0.005346137],
[[1650.0,500.0,500.0],0.004879333],
[[1650.0,550.0,550.0],0.00457532],
[[1650.0,600.0,600.0],0.004665259],
[[1650.0,650.0,650.0],0.004873612],
[[1650.0,700.0,700.0],0.004728761],
[[1650.0,750.0,750.0],0.004946797],
[[1650.0,800.0,800.0],0.005459572],
[[1700.0,1.0,1.0],0.003376347],
[[1700.0,150.0,150.0],0.003877305],
[[1700.0,200.0,200.0],0.00414673],
[[1700.0,250.0,250.0],0.00406598],
[[1700.0,300.0,300.0],0.004708704],
[[1700.0,350.0,350.0],0.004099226],
[[1700.0,400.0,400.0],0.003741982],
[[1700.0,450.0,450.0],0.005071241],
[[1700.0,500.0,500.0],0.004237272],
[[1700.0,550.0,550.0],0.004485024],
[[1700.0,600.0,600.0],0.00454719],
[[1700.0,650.0,650.0],0.004573787],
[[1700.0,700.0,700.0],0.004751988],
[[1700.0,750.0,750.0],0.004894301],
[[1700.0,800.0,800.0],0.004734674],
[[1750.0,1.0,1.0],0.003314604],
[[1750.0,10.0,10.0],0.004148948],
[[1750.0,50.0,50.0],0.003811356],
[[1750.0,100.0,100.0],0.003632527],
[[1750.0,150.0,150.0],0.004539342],
[[1750.0,200.0,200.0],0.003973428],
[[1750.0,250.0,250.0],0.004810174],
[[1750.0,300.0,300.0],0.004625324],
[[1750.0,350.0,350.0],0.004220006],
[[1750.0,400.0,400.0],0.004237941],
[[1750.0,450.0,450.0],0.005021012],
[[1750.0,500.0,500.0],0.004604562],
[[1750.0,550.0,550.0],0.004445083],
[[1750.0,600.0,600.0],0.004937291],
[[1750.0,650.0,650.0],0.004492303],
[[1750.0,700.0,700.0],0.005143582],
[[1750.0,750.0,750.0],0.00495896],
[[1750.0,800.0,800.0],0.005018329],
[[1750.0,850.0,850.0],0.004954405],
[[1800.0,1.0,1.0],0.003757972],
[[1800.0,150.0,150.0],0.004015947],
[[1800.0,200.0,200.0],0.00388555],
[[1800.0,250.0,250.0],0.004110368],
[[1800.0,300.0,300.0],0.004828266],
[[1800.0,350.0,350.0],0.004755472],
[[1800.0,400.0,400.0],0.004803935],
[[1800.0,450.0,450.0],0.006062777],
[[1800.0,500.0,500.0],0.005837841],
[[1800.0,550.0,550.0],0.004720435],
[[1800.0,600.0,600.0],0.004806519],
[[1800.0,650.0,650.0],0.004657074],
[[1800.0,700.0,700.0],0.005314798],
[[1800.0,750.0,750.0],0.004061449],
[[1800.0,800.0,800.0],0.004687568],
[[1800.0,850.0,850.0],0.004402192],
[[1850.0,1.0,1.0],0.00346388],
[[1850.0,150.0,150.0],0.003890668],
[[1850.0,200.0,200.0],0.004124597],
[[1850.0,250.0,250.0],0.004400179],
[[1850.0,300.0,300.0],0.004744866],
[[1850.0,350.0,350.0],0.005099711],
[[1850.0,400.0,400.0],0.004765866],
[[1850.0,450.0,450.0],0.004547492],
[[1850.0,500.0,500.0],0.005547505],
[[1850.0,550.0,550.0],0.004790848],
[[1850.0,600.0,600.0],0.004396499],
[[1850.0,650.0,650.0],0.005371841],
[[1850.0,700.0,700.0],0.005419722],
[[1850.0,750.0,750.0],0.004562135],
[[1850.0,800.0,800.0],0.00495642],
[[1850.0,850.0,850.0],0.00508196],
[[1850.0,900.0,900.0],0.005021862],
[[1900.0,1.0,1.0],0.003214594],
[[1900.0,150.0,150.0],0.003779718],
[[1900.0,200.0,200.0],0.003933186],
[[1900.0,250.0,250.0],0.004318755],
[[1900.0,300.0,300.0],0.004555019],
[[1900.0,350.0,350.0],0.004807429],
[[1900.0,400.0,400.0],0.004985961],
[[1900.0,450.0,450.0],0.004941385],
[[1900.0,500.0,500.0],0.004909813],
[[1900.0,550.0,550.0],0.005237193],
[[1900.0,600.0,600.0],0.004574025],
[[1900.0,650.0,650.0],0.004834214],
[[1900.0,700.0,700.0],0.005256802],
[[1900.0,750.0,750.0],0.004599666],
[[1900.0,800.0,800.0],0.004989946],
[[1900.0,850.0,850.0],0.004979337],
[[1900.0,900.0,900.0],0.005103477],
[[1950.0,1.0,1.0],0.003304112],
[[1950.0,150.0,150.0],0.003710015],
[[1950.0,200.0,200.0],0.004035535],
[[1950.0,250.0,250.0],0.004133927],
[[1950.0,300.0,300.0],0.004501577],
[[1950.0,350.0,350.0],0.004107794],
[[1950.0,400.0,400.0],0.004228418],
[[1950.0,450.0,450.0],0.005257974],
[[1950.0,500.0,500.0],0.004841159],
[[1950.0,550.0,550.0],0.005616471],
[[1950.0,600.0,600.0],0.004529078],
[[1950.0,650.0,650.0],0.004915057],
[[1950.0,700.0,700.0],0.00444869],
[[1950.0,750.0,750.0],0.00413604],
[[1950.0,800.0,800.0],0.004592973],
[[1950.0,850.0,850.0],0.005406412],
[[1950.0,900.0,900.0],0.005452201],
[[1950.0,950.0,950.0],0.004546702],
[[2000.0,1.0,1.0],0.003395961],
[[2000.0,10.0,10.0],0.003378248],
[[2000.0,50.0,50.0],0.003337058],
[[2000.0,100.0,100.0],0.003442915],
[[2000.0,150.0,150.0],0.003634825],
[[2000.0,200.0,200.0],0.004020803],
[[2000.0,250.0,250.0],0.003998082],
[[2000.0,300.0,300.0],0.004560054],
[[2000.0,350.0,350.0],0.005451973],
[[2000.0,400.0,400.0],0.004181754],
[[2000.0,450.0,450.0],0.004864416],
[[2000.0,500.0,500.0],0.005117237],
[[2000.0,550.0,550.0],0.00512485],
[[2000.0,600.0,600.0],0.004840477],
[[2000.0,650.0,650.0],0.005413239],
[[2000.0,700.0,700.0],0.005274192],
[[2000.0,750.0,750.0],0.005080996],
[[2000.0,800.0,800.0],0.005920806],
[[2000.0,850.0,850.0],0.004792246],
[[2000.0,900.0,900.0],0.004671986],
[[2000.0,950.0,950.0],0.00589334],
[[2250.0,1.0,1.0],0.003002325],
[[2250.0,10.0,10.0],0.002961139],
[[2250.0,50.0,50.0],0.003524793],
[[2250.0,100.0,100.0],0.003310813],
[[2250.0,150.0,150.0],0.003757499],
[[2250.0,300.0,300.0],0.004169375],
[[2250.0,500.0,500.0],0.005844326],
[[2250.0,750.0,750.0],0.005334106],
[[2250.0,1000.0,1000.0],0.005244851],
[[2500.0,1.0,1.0],0.002645639],
[[2500.0,10.0,10.0],0.002817795],
[[2500.0,50.0,50.0],0.003490269],
[[2500.0,100.0,100.0],0.003519975],
[[2500.0,150.0,150.0],0.003740856],
[[2500.0,300.0,300.0],0.004003495],
[[2500.0,500.0,500.0],0.004981288],
[[2500.0,750.0,750.0],0.005300405],
[[2500.0,1000.0,1000.0],0.005117037],
[[2500.0,1200.0,1200.0],0.004701848],
[[2750.0,1.0,1.0],0.00283219],
[[2750.0,10.0,10.0],0.002646011],
[[2750.0,50.0,50.0],0.003867963],
[[2750.0,100.0,100.0],0.004272919],
[[2750.0,150.0,150.0],0.003708627],
[[2750.0,300.0,300.0],0.004534516],
[[2750.0,500.0,500.0],0.004982649],
[[2750.0,750.0,750.0],0.005060697],
[[2750.0,1000.0,1000.0],0.005721969],
[[2750.0,1200.0,1200.0],0.005914299],
[[3000.0,1.0,1.0],0.003152725],
[[3000.0,10.0,10.0],0.00279237],
[[3000.0,50.0,50.0],0.0038569],
[[3000.0,100.0,100.0],0.003870324],
[[3000.0,150.0,150.0],0.003305071],
[[3000.0,300.0,300.0],0.004669188],
[[3000.0,500.0,500.0],0.005249336],
[[3000.0,750.0,750.0],0.006100076],
[[3000.0,1000.0,1000.0],0.005882276],
[[3000.0,1200.0,1200.0],0.006341305],
[[3000.0,1400.0,1400.0],0.005697833]]
