txName: TRV1
constraint: {(PV > Zprime(1)), (Zprime(1) > MET(2),MET(3))}
condition: None
conditionDescription: None
figureUrl: https://cms-results.web.cern.ch/cms-results/public-results/publications/EXO-20-004/CMS-EXO-20-004_Figure_007-b.png
source: https://doi.org/10.5281/zenodo.13324003
validated: True
axesMap: [{0: 'x', 1: 'y', 2: 'y'}]
dataMap: {0: (1, 'mass', GeV), 1: (2, 'mass', GeV), 2: (3, 'mass', GeV)}
finalState: ['MET', 'MET']
intermediateState: None
efficiencyMap: [[[50.0,1.0,1.0],5.660125e-06],
[[100.0,1.0,1.0],2.1128e-05],
[[100.0,10.0,10.0],1.734161e-05],
[[150.0,1.0,1.0],5.989784e-05],
[[150.0,75.0,75.0],6.84002e-05],
[[200.0,1.0,1.0],0.0001302332],
[[200.0,75.0,75.0],0.0001166422],
[[250.0,1.0,1.0],0.0001947353],
[[250.0,10.0,10.0],0.0001831099],
[[250.0,75.0,75.0],0.0001892085],
[[300.0,1.0,1.0],0.0002775041],
[[300.0,75.0,75.0],0.0003098791],
[[350.0,1.0,1.0],0.0003929641],
[[350.0,75.0,75.0],0.000400426],
[[350.0,150.0,150.0],0.0004346742],
[[400.0,1.0,1.0],0.0005102276],
[[400.0,75.0,75.0],0.0005065562],
[[400.0,150.0,150.0],0.0005029398],
[[450.0,1.0,1.0],0.0005519129],
[[450.0,75.0,75.0],0.0006019788],
[[450.0,150.0,150.0],0.0005647721],
[[450.0,200.0,200.0],0.0006091856],
[[500.0,1.0,1.0],0.0006675679],
[[500.0,10.0,10.0],0.00065131],
[[500.0,75.0,75.0],0.0006521177],
[[500.0,150.0,150.0],0.0006497692],
[[500.0,200.0,200.0],0.0006607494],
[[550.0,1.0,1.0],0.0007263708],
[[550.0,75.0,75.0],0.0008772908],
[[550.0,150.0,150.0],0.0007600655],
[[550.0,200.0,200.0],0.0008697086],
[[550.0,250.0,250.0],0.0008127551],
[[600.0,1.0,1.0],0.0008629773],
[[600.0,75.0,75.0],0.0008974334],
[[600.0,150.0,150.0],0.0008692009],
[[600.0,200.0,200.0],0.0009598379],
[[600.0,250.0,250.0],0.0009153665],
[[650.0,1.0,1.0],0.00101919],
[[650.0,75.0,75.0],0.001016127],
[[650.0,150.0,150.0],0.001130762],
[[650.0,200.0,200.0],0.0009482845],
[[650.0,250.0,250.0],0.0008960215],
[[650.0,300.0,300.0],0.0009947196],
[[700.0,1.0,1.0],0.001027235],
[[700.0,75.0,75.0],0.001087697],
[[700.0,150.0,150.0],0.001071387],
[[700.0,200.0,200.0],0.0009272108],
[[700.0,250.0,250.0],0.0009896199],
[[700.0,300.0,300.0],0.00113382],
[[750.0,1.0,1.0],0.001041119],
[[750.0,10.0,10.0],0.001063132],
[[750.0,75.0,75.0],0.001143315],
[[750.0,150.0,150.0],0.001071687],
[[750.0,200.0,200.0],0.001142493],
[[750.0,250.0,250.0],0.001059958],
[[750.0,300.0,300.0],0.001024325],
[[750.0,350.0,350.0],0.001083757],
[[800.0,1.0,1.0],0.001178378],
[[800.0,75.0,75.0],0.001034086],
[[800.0,150.0,150.0],0.001129134],
[[800.0,200.0,200.0],0.001302126],
[[800.0,250.0,250.0],0.001145089],
[[800.0,300.0,300.0],0.001363738],
[[800.0,350.0,350.0],0.001379614],
[[850.0,1.0,1.0],0.001205893],
[[850.0,75.0,75.0],0.001096501],
[[850.0,150.0,150.0],0.001223071],
[[850.0,200.0,200.0],0.001284665],
[[850.0,250.0,250.0],0.001294109],
[[850.0,300.0,300.0],0.001191471],
[[850.0,350.0,350.0],0.001180214],
[[850.0,400.0,400.0],0.001325738],
[[900.0,1.0,1.0],0.001204916],
[[900.0,75.0,75.0],0.001290748],
[[900.0,150.0,150.0],0.001259807],
[[900.0,200.0,200.0],0.001283666],
[[900.0,250.0,250.0],0.001273529],
[[900.0,300.0,300.0],0.00124803],
[[900.0,350.0,350.0],0.00130639],
[[900.0,400.0,400.0],0.001336295],
[[950.0,1.0,1.0],0.001273],
[[950.0,75.0,75.0],0.001201894],
[[950.0,150.0,150.0],0.001489862],
[[950.0,200.0,200.0],0.001378706],
[[950.0,250.0,250.0],0.00117757],
[[950.0,300.0,300.0],0.001349044],
[[950.0,350.0,350.0],0.001415323],
[[950.0,400.0,400.0],0.001427947],
[[950.0,450.0,450.0],0.001447169],
[[1000.0,1.0,1.0],0.001249885],
[[1000.0,10.0,10.0],0.001370154],
[[1000.0,75.0,75.0],0.001307474],
[[1000.0,150.0,150.0],0.001399167],
[[1000.0,200.0,200.0],0.001450951],
[[1000.0,250.0,250.0],0.001394674],
[[1000.0,300.0,300.0],0.001288177],
[[1000.0,350.0,350.0],0.00147606],
[[1000.0,400.0,400.0],0.001418869],
[[1000.0,450.0,450.0],0.001719373],
[[1050.0,1.0,1.0],0.001410395],
[[1050.0,75.0,75.0],0.001370231],
[[1050.0,150.0,150.0],0.001395137],
[[1050.0,200.0,200.0],0.001572179],
[[1050.0,250.0,250.0],0.00128755],
[[1050.0,300.0,300.0],0.001389609],
[[1050.0,350.0,350.0],0.001491362],
[[1050.0,400.0,400.0],0.001536112],
[[1050.0,450.0,450.0],0.001640491],
[[1050.0,500.0,500.0],0.001541151],
[[1100.0,1.0,1.0],0.001400257],
[[1100.0,75.0,75.0],0.001491995],
[[1100.0,150.0,150.0],0.001408164],
[[1100.0,200.0,200.0],0.001371349],
[[1100.0,250.0,250.0],0.001340558],
[[1100.0,300.0,300.0],0.001485141],
[[1100.0,350.0,350.0],0.001448865],
[[1100.0,400.0,400.0],0.00155562],
[[1100.0,450.0,450.0],0.001422307],
[[1100.0,500.0,500.0],0.001449083],
[[1150.0,1.0,1.0],0.001459144],
[[1150.0,75.0,75.0],0.001378637],
[[1150.0,150.0,150.0],0.001566389],
[[1150.0,200.0,200.0],0.001482116],
[[1150.0,250.0,250.0],0.001407007],
[[1150.0,300.0,300.0],0.001647303],
[[1150.0,350.0,350.0],0.001613659],
[[1150.0,400.0,400.0],0.001451242],
[[1150.0,450.0,450.0],0.001491129],
[[1150.0,500.0,500.0],0.001657355],
[[1150.0,550.0,550.0],0.001500839],
[[1200.0,1.0,1.0],0.001453353],
[[1200.0,75.0,75.0],0.001419261],
[[1200.0,150.0,150.0],0.001548426],
[[1200.0,200.0,200.0],0.001444281],
[[1200.0,250.0,250.0],0.001584276],
[[1200.0,300.0,300.0],0.00162066],
[[1200.0,350.0,350.0],0.001580955],
[[1200.0,400.0,400.0],0.001558579],
[[1200.0,450.0,450.0],0.001546651],
[[1200.0,500.0,500.0],0.001663998],
[[1200.0,550.0,550.0],0.00144996],
[[1250.0,1.0,1.0],0.001521321],
[[1250.0,10.0,10.0],0.001506687],
[[1250.0,75.0,75.0],0.0015337],
[[1250.0,150.0,150.0],0.001569437],
[[1250.0,200.0,200.0],0.001619499],
[[1250.0,250.0,250.0],0.001664282],
[[1250.0,300.0,300.0],0.001556748],
[[1250.0,350.0,350.0],0.001623903],
[[1250.0,400.0,400.0],0.001558197],
[[1250.0,450.0,450.0],0.001560991],
[[1250.0,500.0,500.0],0.001546261],
[[1250.0,550.0,550.0],0.001615073],
[[1250.0,600.0,600.0],0.001714632],
[[1300.0,1.0,1.0],0.001549418],
[[1300.0,75.0,75.0],0.001537862],
[[1300.0,150.0,150.0],0.001691558],
[[1300.0,200.0,200.0],0.001546937],
[[1300.0,250.0,250.0],0.001534216],
[[1300.0,300.0,300.0],0.001595893],
[[1300.0,350.0,350.0],0.00142562],
[[1300.0,400.0,400.0],0.001569778],
[[1300.0,450.0,450.0],0.001574705],
[[1300.0,500.0,500.0],0.001586345],
[[1300.0,550.0,550.0],0.001601024],
[[1300.0,600.0,600.0],0.001482379],
[[1350.0,1.0,1.0],0.00152728],
[[1350.0,75.0,75.0],0.001645617],
[[1350.0,150.0,150.0],0.001657977],
[[1350.0,200.0,200.0],0.001693324],
[[1350.0,250.0,250.0],0.001640834],
[[1350.0,300.0,300.0],0.001876477],
[[1350.0,350.0,350.0],0.001760274],
[[1350.0,400.0,400.0],0.001688787],
[[1350.0,450.0,450.0],0.001811585],
[[1350.0,500.0,500.0],0.001616849],
[[1350.0,550.0,550.0],0.001709061],
[[1350.0,600.0,600.0],0.001727691],
[[1350.0,650.0,650.0],0.001822731],
[[1400.0,1.0,1.0],0.001713008],
[[1400.0,75.0,75.0],0.00164707],
[[1400.0,150.0,150.0],0.001599409],
[[1400.0,200.0,200.0],0.001702065],
[[1400.0,250.0,250.0],0.001778647],
[[1400.0,300.0,300.0],0.001608168],
[[1400.0,350.0,350.0],0.001692033],
[[1400.0,400.0,400.0],0.001722776],
[[1400.0,450.0,450.0],0.001693944],
[[1400.0,500.0,500.0],0.001704407],
[[1400.0,550.0,550.0],0.001807889],
[[1400.0,600.0,600.0],0.001682691],
[[1400.0,650.0,650.0],0.001774044],
[[1450.0,1.0,1.0],0.001661595],
[[1450.0,75.0,75.0],0.001595189],
[[1450.0,150.0,150.0],0.001795577],
[[1450.0,200.0,200.0],0.001833971],
[[1450.0,250.0,250.0],0.001662617],
[[1450.0,300.0,300.0],0.001727201],
[[1450.0,350.0,350.0],0.00167362],
[[1450.0,400.0,400.0],0.001841076],
[[1450.0,450.0,450.0],0.001967562],
[[1450.0,500.0,500.0],0.001746294],
[[1450.0,550.0,550.0],0.00176538],
[[1450.0,600.0,600.0],0.001776484],
[[1450.0,650.0,650.0],0.001907703],
[[1450.0,700.0,700.0],0.001893321],
[[1500.0,1.0,1.0],0.001710263],
[[1500.0,10.0,10.0],0.001592791],
[[1500.0,75.0,75.0],0.001719327],
[[1500.0,150.0,150.0],0.001696843],
[[1500.0,200.0,200.0],0.001645881],
[[1500.0,250.0,250.0],0.001754056],
[[1500.0,300.0,300.0],0.001653854],
[[1500.0,350.0,350.0],0.001754226],
[[1500.0,400.0,400.0],0.001751082],
[[1500.0,450.0,450.0],0.001763139],
[[1500.0,500.0,500.0],0.001654565],
[[1500.0,550.0,550.0],0.001672616],
[[1500.0,600.0,600.0],0.001756543],
[[1500.0,650.0,650.0],0.001652643],
[[1500.0,700.0,700.0],0.001834736],
[[1500.0,750.0,750.0],0.001959783],
[[1550.0,1.0,1.0],0.00163673],
[[1550.0,75.0,75.0],0.001856964],
[[1550.0,150.0,150.0],0.001796478],
[[1550.0,200.0,200.0],0.001763697],
[[1550.0,250.0,250.0],0.001837333],
[[1550.0,300.0,300.0],0.001815736],
[[1550.0,350.0,350.0],0.001938443],
[[1550.0,400.0,400.0],0.001801332],
[[1550.0,450.0,450.0],0.001856389],
[[1550.0,500.0,500.0],0.001729024],
[[1550.0,550.0,550.0],0.001640498],
[[1550.0,600.0,600.0],0.001850914],
[[1550.0,650.0,650.0],0.001864072],
[[1550.0,700.0,700.0],0.001834907],
[[1550.0,750.0,750.0],0.001894434],
[[1600.0,1.0,1.0],0.00169704],
[[1600.0,75.0,75.0],0.001698758],
[[1600.0,150.0,150.0],0.001725965],
[[1600.0,200.0,200.0],0.00174839],
[[1600.0,250.0,250.0],0.001762771],
[[1600.0,300.0,300.0],0.001931177],
[[1600.0,350.0,350.0],0.001624958],
[[1600.0,400.0,400.0],0.001818301],
[[1600.0,450.0,450.0],0.00199677],
[[1600.0,500.0,500.0],0.00182425],
[[1600.0,550.0,550.0],0.001888084],
[[1600.0,600.0,600.0],0.001798845],
[[1600.0,650.0,650.0],0.002019302],
[[1600.0,700.0,700.0],0.001663276],
[[1600.0,750.0,750.0],0.001824542],
[[1650.0,1.0,1.0],0.001757483],
[[1650.0,75.0,75.0],0.001735174],
[[1650.0,150.0,150.0],0.001661104],
[[1650.0,200.0,200.0],0.001933887],
[[1650.0,250.0,250.0],0.001942584],
[[1650.0,300.0,300.0],0.001775222],
[[1650.0,350.0,350.0],0.001918603],
[[1650.0,400.0,400.0],0.001710907],
[[1650.0,450.0,450.0],0.001762769],
[[1650.0,500.0,500.0],0.00173132],
[[1650.0,550.0,550.0],0.001793125],
[[1650.0,600.0,600.0],0.001902146],
[[1650.0,650.0,650.0],0.001793719],
[[1650.0,700.0,700.0],0.001906832],
[[1650.0,750.0,750.0],0.001872868],
[[1650.0,800.0,800.0],0.001729851],
[[1700.0,1.0,1.0],0.001767965],
[[1700.0,75.0,75.0],0.001633211],
[[1700.0,150.0,150.0],0.001882131],
[[1700.0,200.0,200.0],0.001864371],
[[1700.0,250.0,250.0],0.001790821],
[[1700.0,300.0,300.0],0.001748281],
[[1700.0,350.0,350.0],0.001786094],
[[1700.0,400.0,400.0],0.00162241],
[[1700.0,450.0,450.0],0.002013184],
[[1700.0,500.0,500.0],0.002029755],
[[1700.0,550.0,550.0],0.00176906],
[[1700.0,600.0,600.0],0.001823335],
[[1700.0,650.0,650.0],0.001978089],
[[1700.0,700.0,700.0],0.001942278],
[[1700.0,750.0,750.0],0.001955195],
[[1700.0,800.0,800.0],0.001808442],
[[1750.0,1.0,1.0],0.001768594],
[[1750.0,10.0,10.0],0.001708102],
[[1750.0,75.0,75.0],0.001871027],
[[1750.0,150.0,150.0],0.001763534],
[[1750.0,200.0,200.0],0.001675065],
[[1750.0,250.0,250.0],0.001981434],
[[1750.0,300.0,300.0],0.001803071],
[[1750.0,350.0,350.0],0.001974349],
[[1750.0,400.0,400.0],0.001929834],
[[1750.0,450.0,450.0],0.001825912],
[[1750.0,500.0,500.0],0.001937384],
[[1750.0,550.0,550.0],0.001615027],
[[1750.0,600.0,600.0],0.001958706],
[[1750.0,650.0,650.0],0.00181137],
[[1750.0,700.0,700.0],0.001823607],
[[1750.0,750.0,750.0],0.001929192],
[[1750.0,800.0,800.0],0.0018712],
[[1750.0,850.0,850.0],0.001609373],
[[1800.0,1.0,1.0],0.001652127],
[[1800.0,75.0,75.0],0.001789775],
[[1800.0,150.0,150.0],0.001948662],
[[1800.0,200.0,200.0],0.001928309],
[[1800.0,250.0,250.0],0.00198608],
[[1800.0,300.0,300.0],0.001912664],
[[1800.0,350.0,350.0],0.001850281],
[[1800.0,400.0,400.0],0.001764791],
[[1800.0,450.0,450.0],0.00187806],
[[1800.0,500.0,500.0],0.001735165],
[[1800.0,550.0,550.0],0.00165801],
[[1800.0,600.0,600.0],0.002131681],
[[1800.0,650.0,650.0],0.001874956],
[[1800.0,700.0,700.0],0.001789274],
[[1800.0,750.0,750.0],0.002082945],
[[1800.0,800.0,800.0],0.002135485],
[[1800.0,850.0,850.0],0.00185336],
[[1850.0,1.0,1.0],0.001756423],
[[1850.0,75.0,75.0],0.001879998],
[[1850.0,150.0,150.0],0.001839136],
[[1850.0,200.0,200.0],0.001871637],
[[1850.0,250.0,250.0],0.001883093],
[[1850.0,300.0,300.0],0.001962868],
[[1850.0,350.0,350.0],0.001771574],
[[1850.0,400.0,400.0],0.00191663],
[[1850.0,450.0,450.0],0.001813193],
[[1850.0,500.0,500.0],0.001908712],
[[1850.0,550.0,550.0],0.001860423],
[[1850.0,600.0,600.0],0.001905323],
[[1850.0,650.0,650.0],0.002072717],
[[1850.0,700.0,700.0],0.001939727],
[[1850.0,750.0,750.0],0.001831475],
[[1850.0,800.0,800.0],0.001857741],
[[1850.0,850.0,850.0],0.002140644],
[[1850.0,900.0,900.0],0.002021544],
[[1900.0,1.0,1.0],0.001773009],
[[1900.0,75.0,75.0],0.001794379],
[[1900.0,150.0,150.0],0.001911362],
[[1900.0,200.0,200.0],0.001872375],
[[1900.0,250.0,250.0],0.001765776],
[[1900.0,300.0,300.0],0.001821848],
[[1900.0,350.0,350.0],0.002113447],
[[1900.0,400.0,400.0],0.001921211],
[[1900.0,450.0,450.0],0.001846434],
[[1900.0,500.0,500.0],0.001982333],
[[1900.0,550.0,550.0],0.001832841],
[[1900.0,600.0,600.0],0.002112366],
[[1900.0,650.0,650.0],0.001929965],
[[1900.0,700.0,700.0],0.002020339],
[[1900.0,750.0,750.0],0.001884162],
[[1900.0,800.0,800.0],0.001804641],
[[1900.0,850.0,850.0],0.001731961],
[[1900.0,900.0,900.0],0.001989907],
[[1950.0,1.0,1.0],0.001715998],
[[1950.0,75.0,75.0],0.001846006],
[[1950.0,150.0,150.0],0.001724801],
[[1950.0,200.0,200.0],0.0019046],
[[1950.0,250.0,250.0],0.001991918],
[[1950.0,300.0,300.0],0.00217332],
[[1950.0,350.0,350.0],0.001950134],
[[1950.0,400.0,400.0],0.002003086],
[[1950.0,450.0,450.0],0.001815329],
[[1950.0,500.0,500.0],0.001915767],
[[1950.0,550.0,550.0],0.00202883],
[[1950.0,600.0,600.0],0.001999513],
[[1950.0,650.0,650.0],0.002295927],
[[1950.0,700.0,700.0],0.002043397],
[[1950.0,750.0,750.0],0.002149297],
[[1950.0,800.0,800.0],0.002006263],
[[1950.0,850.0,850.0],0.002013848],
[[1950.0,900.0,900.0],0.002099383],
[[1950.0,950.0,950.0],0.001900826],
[[2000.0,1.0,1.0],0.001986908],
[[2000.0,75.0,75.0],0.001779876],
[[2000.0,150.0,150.0],0.001968005],
[[2000.0,200.0,200.0],0.002008548],
[[2000.0,250.0,250.0],0.001876372],
[[2000.0,300.0,300.0],0.001992024],
[[2000.0,350.0,350.0],0.001940398],
[[2000.0,400.0,400.0],0.001821437],
[[2000.0,450.0,450.0],0.001988886],
[[2000.0,500.0,500.0],0.001820131],
[[2000.0,550.0,550.0],0.002062446],
[[2000.0,600.0,600.0],0.001743234],
[[2000.0,650.0,650.0],0.001932778],
[[2000.0,700.0,700.0],0.001880391],
[[2000.0,750.0,750.0],0.001787488],
[[2000.0,800.0,800.0],0.002099613],
[[2000.0,850.0,850.0],0.00206461],
[[2000.0,900.0,900.0],0.001715118],
[[2000.0,950.0,950.0],0.002093653],
[[2250.0,1.0,1.0],0.002057249],
[[2250.0,75.0,75.0],0.001991793],
[[2250.0,150.0,150.0],0.002163517],
[[2250.0,300.0,300.0],0.002153894],
[[2250.0,500.0,500.0],0.002072487],
[[2250.0,750.0,750.0],0.002203635],
[[2250.0,1000.0,1000.0],0.002146159],
[[2500.0,1.0,1.0],0.002105023],
[[2500.0,75.0,75.0],0.002142527],
[[2500.0,150.0,150.0],0.002390559],
[[2500.0,300.0,300.0],0.002009063],
[[2500.0,500.0,500.0],0.001839684],
[[2500.0,750.0,750.0],0.002185569],
[[2500.0,1000.0,1000.0],0.002144356],
[[2500.0,1200.0,1200.0],0.002057239],
[[2750.0,1.0,1.0],0.001998156],
[[2750.0,75.0,75.0],0.00222871],
[[2750.0,150.0,150.0],0.002273602],
[[2750.0,300.0,300.0],0.002077737],
[[2750.0,500.0,500.0],0.002134762],
[[2750.0,750.0,750.0],0.002190357],
[[2750.0,1000.0,1000.0],0.002273956],
[[2750.0,1200.0,1200.0],0.002317001],
[[3000.0,1.0,1.0],0.002237828],
[[3000.0,75.0,75.0],0.00202132],
[[3000.0,150.0,150.0],0.002379614],
[[3000.0,300.0,300.0],0.001842375],
[[3000.0,500.0,500.0],0.002371267],
[[3000.0,750.0,750.0],0.00219387],
[[3000.0,1000.0,1000.0],0.002332394],
[[3000.0,1200.0,1200.0],0.002407453],
[[3000.0,1400.0,1400.0],0.002453919]]
