txName: TRV1
constraint: {(PV > Zprime(1)), (Zprime(1) > MET(2),MET(3))}
condition: None
conditionDescription: None
figureUrl: None
source: Recast by CM2
validated: True
axesMap: [{0: 'x', 1: 'y', 2: 'y'}]
dataMap: {0: (1, 'mass', GeV), 1: (2, 'mass', GeV), 2: (3, 'mass', GeV)}
finalState: ['MET', 'MET']
intermediateState: None
efficiencyMap: [[[50.0,0,0],0.0],
[[50.0,1.0,1.0],0],
[[50.0,10.0,10.0],0.0],
[[50.0,20.0,20.0],0.0],
[[100.0,0,0],0.0],
[[100.0,1.0,1.0],0],
[[100.0,10.0,10.0],0.0],
[[150.0,0,0],0],
[[150.0,1.0,1.0],0],
[[150.0,10.0,10.0],0],
[[150.0,50.0,50.0],0.0],
[[150.0,70.0,70.0],0],
[[200.0,0,0],0],
[[200.0,1.0,1.0],0],
[[200.0,10.0,10.0],0],
[[200.0,50.0,50.0],0.0],
[[200.0,75.0,75.0],0],
[[250.0,0,0],0],
[[250.0,1.0,1.0],0],
[[250.0,10.0,10.0],0],
[[250.0,50.0,50.0],0],
[[250.0,75.0,75.0],0],
[[250.0,100.0,100.0],0],
[[250.0,120.0,120.0],0],
[[300.0,0,0],0],
[[300.0,1.0,1.0],0],
[[300.0,10.0,10.0],0],
[[300.0,50.0,50.0],1.719602e-06],
[[300.0,75.0,75.0],0],
[[300.0,100.0,100.0],0],
[[350.0,0,0],0],
[[350.0,1.0,1.0],0],
[[350.0,10.0,10.0],0],
[[350.0,50.0,50.0],0],
[[350.0,75.0,75.0],0],
[[350.0,100.0,100.0],0],
[[350.0,150.0,150.0],0],
[[350.0,170.0,170.0],1.671411e-06],
[[400.0,0,0],0],
[[400.0,1.0,1.0],0],
[[400.0,10.0,10.0],0],
[[400.0,50.0,50.0],2.180688e-06],
[[400.0,75.0,75.0],0],
[[400.0,100.0,100.0],0],
[[400.0,150.0,150.0],1.820864e-06],
[[450.0,0,0],2.049278e-06],
[[450.0,1.0,1.0],2.914924e-06],
[[450.0,10.0,10.0],3.924917e-06],
[[450.0,50.0,50.0],1.961202e-06],
[[450.0,75.0,75.0],3.639866e-06],
[[450.0,100.0,100.0],2.584345e-06],
[[450.0,150.0,150.0],2.740187e-06],
[[450.0,200.0,200.0],5.128151e-06],
[[450.0,220.0,220.0],3.617687e-06],
[[500.0,0,0],2.370934e-06],
[[500.0,1.0,1.0],2.006498e-06],
[[500.0,10.0,10.0],4.264541e-06],
[[500.0,50.0,50.0],2.655137e-06],
[[500.0,75.0,75.0],2.524606e-06],
[[500.0,100.0,100.0],3.19414e-06],
[[500.0,150.0,150.0],2.892929e-06],
[[500.0,200.0,200.0],3.137364e-06],
[[550.0,1.0,1.0],4.427518e-06],
[[550.0,10.0,10.0],3.776423e-06],
[[550.0,75.0,75.0],0],
[[550.0,150.0,150.0],2.59451e-06],
[[550.0,200.0,200.0],3.177629e-06],
[[550.0,250.0,250.0],3.970525e-06],
[[550.0,270.0,270.0],5.468458e-06],
[[600.0,0,0],2.886781e-06],
[[600.0,1.0,1.0],3.352736e-06],
[[600.0,10.0,10.0],4.261117e-06],
[[600.0,50.0,50.0],6.185824e-06],
[[600.0,75.0,75.0],5.072601e-06],
[[600.0,100.0,100.0],6.900401e-06],
[[600.0,150.0,150.0],4.882141e-06],
[[600.0,200.0,200.0],5.729924e-06],
[[600.0,250.0,250.0],7.698148e-06],
[[600.0,295.0,295.0],5.785751e-06],
[[650.0,1.0,1.0],2.681809e-06],
[[650.0,10.0,10.0],9.148214e-06],
[[650.0,75.0,75.0],7.577988e-06],
[[650.0,150.0,150.0],8.762112e-06],
[[650.0,200.0,200.0],6.886177e-06],
[[650.0,250.0,250.0],9.699945e-06],
[[650.0,300.0,300.0],4.050939e-06],
[[650.0,320.0,320.0],5.980208e-06],
[[700.0,0,0],5.705831e-06],
[[700.0,1.0,1.0],8.662629e-06],
[[700.0,10.0,10.0],1.044583e-05],
[[700.0,50.0,50.0],3.560778e-06],
[[700.0,75.0,75.0],5.6035e-06],
[[700.0,100.0,100.0],0],
[[700.0,150.0,150.0],4.816762e-06],
[[700.0,200.0,200.0],7.490187e-06],
[[700.0,250.0,250.0],7.546783e-06],
[[700.0,300.0,300.0],8.888543e-06],
[[750.0,1.0,1.0],6.741516e-06],
[[750.0,10.0,10.0],6.657956e-06],
[[750.0,75.0,75.0],7.805048e-06],
[[750.0,150.0,150.0],1.101689e-05],
[[750.0,200.0,200.0],5.777785e-06],
[[750.0,250.0,250.0],5.637322e-06],
[[750.0,300.0,300.0],5.996083e-06],
[[750.0,350.0,350.0],4.890573e-06],
[[750.0,370.0,370.0],6.077579e-06],
[[800.0,0,0],8.916176e-06],
[[800.0,1.0,1.0],8.694516e-06],
[[800.0,10.0,10.0],7.158723e-06],
[[800.0,50.0,50.0],1.712563e-05],
[[800.0,75.0,75.0],7.131487e-06],
[[800.0,100.0,100.0],6.223091e-06],
[[800.0,150.0,150.0],7.047393e-06],
[[800.0,200.0,200.0],1.323726e-05],
[[800.0,250.0,250.0],8.505564e-06],
[[800.0,300.0,300.0],7.847052e-06],
[[800.0,350.0,350.0],9.195522e-06],
[[850.0,1.0,1.0],1.328958e-05],
[[850.0,10.0,10.0],4.730416e-06],
[[850.0,75.0,75.0],1.444218e-05],
[[850.0,150.0,150.0],7.98335e-06],
[[850.0,200.0,200.0],2.154226e-05],
[[850.0,250.0,250.0],9.244885e-06],
[[850.0,300.0,300.0],7.617368e-06],
[[850.0,350.0,350.0],8.548896e-06],
[[850.0,400.0,400.0],2.059496e-05],
[[850.0,420.0,420.0],2.585483e-05],
[[900.0,0,0],1.340877e-05],
[[900.0,1.0,1.0],6.253207e-06],
[[900.0,10.0,10.0],1.054892e-05],
[[900.0,50.0,50.0],4.415582e-06],
[[900.0,75.0,75.0],1.546026e-05],
[[900.0,100.0,100.0],1.189517e-05],
[[900.0,150.0,150.0],7.976534e-06],
[[900.0,200.0,200.0],8.442537e-06],
[[900.0,250.0,250.0],1.290622e-05],
[[900.0,300.0,300.0],7.651074e-06],
[[900.0,350.0,350.0],9.389812e-06],
[[900.0,400.0,400.0],1.609257e-05],
[[950.0,1.0,1.0],9.06718e-06],
[[950.0,10.0,10.0],8.843202e-06],
[[950.0,75.0,75.0],1.12442e-05],
[[950.0,150.0,150.0],2.075488e-05],
[[950.0,200.0,200.0],1.396418e-05],
[[950.0,250.0,250.0],1.303361e-05],
[[950.0,300.0,300.0],1.245758e-05],
[[950.0,350.0,350.0],3.731332e-05],
[[950.0,400.0,400.0],1.21991e-05],
[[950.0,450.0,450.0],1.101069e-05],
[[950.0,470.0,470.0],9.435492e-06],
[[1000.0,0,0],1.15717e-05],
[[1000.0,50.0,50.0],1.020431e-05],
[[1000.0,100.0,100.0],1.03878e-05],
[[1000.0,150.0,150.0],1.18923e-05],
[[1000.0,200.0,200.0],1.771129e-05],
[[1000.0,250.0,250.0],1.304842e-05],
[[1000.0,300.0,300.0],1.908475e-05],
[[1000.0,350.0,350.0],1.699269e-05],
[[1000.0,400.0,400.0],1.457674e-05],
[[1000.0,450.0,450.0],1.240193e-05],
[[1050.0,520.0,520.0],1.649958e-05],
[[1100.0,0,0],1.067075e-05],
[[1100.0,100.0,100.0],1.36085e-05],
[[1100.0,200.0,200.0],1.981473e-05],
[[1100.0,300.0,300.0],1.323062e-05],
[[1100.0,400.0,400.0],1.7216e-05],
[[1100.0,500.0,500.0],1.070796e-05],
[[1150.0,570.0,570.0],1.32372e-05],
[[1200.0,0,0],1.29517e-05],
[[1200.0,100.0,100.0],1.497968e-05],
[[1200.0,200.0,200.0],8.880417e-06],
[[1200.0,300.0,300.0],2.103654e-05],
[[1200.0,400.0,400.0],1.721516e-05],
[[1200.0,500.0,500.0],2.309727e-05],
[[1250.0,620.0,620.0],1.561357e-05],
[[1300.0,0,0],1.615037e-05],
[[1300.0,100.0,100.0],1.36926e-05],
[[1300.0,200.0,200.0],2.595679e-05],
[[1300.0,300.0,300.0],1.671535e-05],
[[1300.0,400.0,400.0],2.047046e-05],
[[1300.0,500.0,500.0],2.014579e-05],
[[1300.0,600.0,600.0],1.336089e-05],
[[1350.0,670.0,670.0],2.737034e-05],
[[1400.0,0,0],1.787754e-05],
[[1400.0,100.0,100.0],2.279502e-05],
[[1400.0,200.0,200.0],1.800287e-05],
[[1400.0,300.0,300.0],2.465328e-05],
[[1400.0,400.0,400.0],1.865089e-05],
[[1400.0,500.0,500.0],1.576968e-05],
[[1400.0,600.0,600.0],1.799781e-05],
[[1450.0,720.0,720.0],2.162003e-05],
[[1500.0,0,0],1.971458e-05],
[[1500.0,100.0,100.0],2.243241e-05],
[[1500.0,200.0,200.0],2.81977e-05],
[[1500.0,300.0,300.0],3.047542e-05],
[[1500.0,400.0,400.0],1.839133e-05],
[[1500.0,500.0,500.0],2.196008e-05],
[[1500.0,600.0,600.0],1.715327e-05],
[[1500.0,700.0,700.0],2.129213e-05],
[[1550.0,770.0,770.0],2.34922e-05],
[[1600.0,0,0],2.421339e-05],
[[1600.0,100.0,100.0],2.197404e-05],
[[1600.0,200.0,200.0],2.083391e-05],
[[1600.0,300.0,300.0],1.801576e-05],
[[1600.0,400.0,400.0],2.154449e-05],
[[1600.0,500.0,500.0],2.660075e-05],
[[1600.0,600.0,600.0],3.19773e-05],
[[1600.0,700.0,700.0],2.028295e-05],
[[1650.0,820.0,820.0],2.961424e-05],
[[1700.0,0,0],2.517174e-05],
[[1700.0,100.0,100.0],1.617953e-05],
[[1700.0,200.0,200.0],2.235846e-05],
[[1700.0,300.0,300.0],3.627958e-05],
[[1700.0,400.0,400.0],2.478235e-05],
[[1700.0,500.0,500.0],2.055378e-05],
[[1700.0,600.0,600.0],2.118656e-05],
[[1700.0,700.0,700.0],3.239201e-05],
[[1700.0,800.0,800.0],2.785189e-05],
[[1750.0,870.0,870.0],2.03315e-05],
[[1800.0,0,0],2.726186e-05],
[[1800.0,100.0,100.0],4.844516e-05],
[[1800.0,200.0,200.0],1.783401e-05],
[[1800.0,300.0,300.0],2.40587e-05],
[[1800.0,400.0,400.0],1.708189e-05],
[[1800.0,500.0,500.0],2.638052e-05],
[[1800.0,600.0,600.0],3.669311e-05],
[[1800.0,700.0,700.0],3.856872e-05],
[[1800.0,800.0,800.0],2.933646e-05],
[[1850.0,920.0,920.0],3.643177e-05],
[[1900.0,0,0],2.916223e-05],
[[1900.0,100.0,100.0],3.142075e-05],
[[1900.0,200.0,200.0],2.633941e-05],
[[1900.0,300.0,300.0],3.448694e-05],
[[1900.0,400.0,400.0],3.652261e-05],
[[1900.0,500.0,500.0],2.323283e-05],
[[1900.0,600.0,600.0],3.532172e-05],
[[1900.0,700.0,700.0],3.481224e-05],
[[1900.0,800.0,800.0],3.544215e-05],
[[1900.0,900.0,900.0],3.904197e-05],
[[1950.0,970.0,970.0],2.53147e-05],
[[2000.0,0,0],4.069345e-05],
[[2000.0,100.0,100.0],2.908493e-05],
[[2000.0,200.0,200.0],2.619078e-05],
[[2000.0,300.0,300.0],2.649775e-05],
[[2000.0,400.0,400.0],3.477572e-05],
[[2000.0,500.0,500.0],2.888414e-05],
[[2000.0,600.0,600.0],2.182319e-05],
[[2000.0,700.0,700.0],3.131368e-05],
[[2000.0,800.0,800.0],2.903601e-05],
[[2000.0,900.0,900.0],2.567775e-05],
[[2050.0,1020.0,1020.0],3.413682e-05],
[[2100.0,0,0],2.054647e-05],
[[2100.0,100.0,100.0],2.311167e-05],
[[2100.0,200.0,200.0],2.350896e-05],
[[2100.0,300.0,300.0],3.212146e-05],
[[2100.0,400.0,400.0],3.649573e-05],
[[2100.0,500.0,500.0],1.714474e-05],
[[2100.0,600.0,600.0],2.470777e-05],
[[2100.0,700.0,700.0],3.469348e-05],
[[2100.0,800.0,800.0],1.783736e-05],
[[2100.0,900.0,900.0],2.466249e-05],
[[2100.0,1000.0,1000.0],3.14449e-05],
[[2150.0,1070.0,1070.0],3.992665e-05],
[[2200.0,0,0],2.992762e-05],
[[2200.0,100.0,100.0],3.010438e-05],
[[2200.0,200.0,200.0],3.622433e-05],
[[2200.0,300.0,300.0],2.980832e-05],
[[2200.0,400.0,400.0],3.506387e-05],
[[2200.0,500.0,500.0],3.17147e-05],
[[2200.0,600.0,600.0],2.633081e-05],
[[2200.0,700.0,700.0],2.325092e-05],
[[2200.0,800.0,800.0],2.714403e-05],
[[2200.0,900.0,900.0],1.971481e-05],
[[2200.0,1000.0,1000.0],2.784554e-05],
[[2250.0,1120.0,1120.0],4.175516e-05],
[[2300.0,0,0],2.962463e-05],
[[2300.0,100.0,100.0],2.027871e-05],
[[2300.0,200.0,200.0],3.071287e-05],
[[2300.0,300.0,300.0],4.166854e-05],
[[2300.0,400.0,400.0],3.198175e-05],
[[2300.0,500.0,500.0],3.006939e-05],
[[2300.0,600.0,600.0],2.952419e-05],
[[2300.0,700.0,700.0],1.918769e-05],
[[2300.0,800.0,800.0],2.963344e-05],
[[2300.0,900.0,900.0],3.060154e-05],
[[2300.0,1000.0,1000.0],3.535324e-05],
[[2300.0,1100.0,1100.0],5.294418e-05],
[[2350.0,1170.0,1170.0],5.003898e-05],
[[2400.0,0,0],2.899959e-05],
[[2400.0,100.0,100.0],3.885685e-05],
[[2400.0,200.0,200.0],4.224708e-05],
[[2400.0,300.0,300.0],3.563483e-05],
[[2400.0,400.0,400.0],3.615585e-05],
[[2400.0,500.0,500.0],3.269955e-05],
[[2400.0,600.0,600.0],2.108032e-05],
[[2400.0,700.0,700.0],4.459701e-05],
[[2400.0,800.0,800.0],3.149309e-05],
[[2400.0,900.0,900.0],3.517986e-05],
[[2400.0,1000.0,1000.0],3.364295e-05],
[[2400.0,1100.0,1100.0],3.854451e-05],
[[2450.0,1220.0,1220.0],3.082876e-05],
[[2500.0,0,0],3.414439e-05],
[[2500.0,100.0,100.0],2.641129e-05],
[[2500.0,200.0,200.0],3.435182e-05],
[[2500.0,300.0,300.0],2.166974e-05],
[[2500.0,400.0,400.0],3.218597e-05],
[[2500.0,500.0,500.0],3.344251e-05],
[[2500.0,600.0,600.0],5.592986e-05],
[[2500.0,700.0,700.0],3.304696e-05],
[[2500.0,800.0,800.0],2.431073e-05],
[[2500.0,900.0,900.0],4.707668e-05],
[[2500.0,1000.0,1000.0],4.037812e-05],
[[2500.0,1100.0,1100.0],3.867831e-05],
[[2500.0,1200.0,1200.0],3.67353e-05],
[[2550.0,1270.0,1270.0],3.868973e-05],
[[2600.0,0,0],3.224465e-05],
[[2600.0,100.0,100.0],2.996605e-05],
[[2600.0,200.0,200.0],3.037107e-05],
[[2600.0,300.0,300.0],3.144292e-05],
[[2600.0,400.0,400.0],2.278244e-05],
[[2600.0,500.0,500.0],3.174138e-05],
[[2600.0,600.0,600.0],2.679651e-05],
[[2600.0,700.0,700.0],2.326577e-05],
[[2600.0,800.0,800.0],4.162408e-05],
[[2600.0,900.0,900.0],2.781441e-05],
[[2600.0,1000.0,1000.0],3.451715e-05],
[[2600.0,1100.0,1100.0],2.930979e-05],
[[2600.0,1200.0,1200.0],3.181209e-05],
[[2650.0,1320.0,1320.0],3.915764e-05],
[[2700.0,0,0],2.734579e-05],
[[2700.0,100.0,100.0],3.637424e-05],
[[2700.0,200.0,200.0],3.253521e-05],
[[2700.0,300.0,300.0],4.213439e-05],
[[2700.0,400.0,400.0],3.441657e-05],
[[2700.0,500.0,500.0],2.4013e-05],
[[2700.0,600.0,600.0],3.45572e-05],
[[2700.0,700.0,700.0],2.403713e-05],
[[2700.0,800.0,800.0],3.523508e-05],
[[2700.0,900.0,900.0],2.382943e-05],
[[2700.0,1000.0,1000.0],5.176551e-05],
[[2700.0,1100.0,1100.0],3.119327e-05],
[[2700.0,1200.0,1200.0],3.980959e-05],
[[2700.0,1300.0,1300.0],2.919144e-05],
[[2750.0,1370.0,1370.0],3.625097e-05],
[[2800.0,0,0],2.743519e-05],
[[2800.0,100.0,100.0],3.160563e-05],
[[2800.0,200.0,200.0],2.567154e-05],
[[2800.0,300.0,300.0],2.723899e-05],
[[2800.0,400.0,400.0],2.602609e-05],
[[2800.0,500.0,500.0],3.216752e-05],
[[2800.0,600.0,600.0],3.504985e-05],
[[2800.0,700.0,700.0],3.952869e-05],
[[2800.0,800.0,800.0],3.474437e-05],
[[2800.0,900.0,900.0],3.192947e-05],
[[2800.0,1000.0,1000.0],4.540112e-05],
[[2800.0,1100.0,1100.0],2.827098e-05],
[[2800.0,1200.0,1200.0],2.88056e-05],
[[2800.0,1300.0,1300.0],4.838055e-05],
[[2850.0,1420.0,1420.0],3.875772e-05],
[[2900.0,0,0],2.518486e-05],
[[2900.0,100.0,100.0],3.301714e-05],
[[2900.0,200.0,200.0],3.296279e-05],
[[2900.0,300.0,300.0],3.037659e-05],
[[2900.0,400.0,400.0],3.419845e-05],
[[2900.0,500.0,500.0],4.349122e-05],
[[2900.0,600.0,600.0],3.856428e-05],
[[2900.0,700.0,700.0],3.783742e-05],
[[2900.0,800.0,800.0],5.172571e-05],
[[2900.0,900.0,900.0],1.52117e-05],
[[2900.0,1000.0,1000.0],3.920682e-05],
[[2900.0,1100.0,1100.0],4.791222e-05],
[[2900.0,1200.0,1200.0],3.270413e-05],
[[2900.0,1300.0,1300.0],5.089206e-05],
[[2900.0,1400.0,1400.0],3.838565e-05],
[[2950.0,1470.0,1470.0],3.092746e-05],
[[3000.0,0,0],2.713999e-05],
[[3000.0,100.0,100.0],2.711581e-05],
[[3000.0,200.0,200.0],4.011943e-05],
[[3000.0,300.0,300.0],3.4856e-05],
[[3000.0,400.0,400.0],2.491253e-05],
[[3000.0,500.0,500.0],3.641215e-05],
[[3000.0,600.0,600.0],3.142235e-05],
[[3000.0,700.0,700.0],3.89638e-05],
[[3000.0,800.0,800.0],4.203407e-05],
[[3000.0,900.0,900.0],3.07474e-05],
[[3000.0,1000.0,1000.0],2.581844e-05],
[[3000.0,1100.0,1100.0],4.575136e-05],
[[3000.0,1200.0,1200.0],3.189105e-05],
[[3000.0,1300.0,1300.0],3.150294e-05],
[[3000.0,1400.0,1400.0],2.929737e-05]]
