txName: TRS1
constraint: {(PV > H0(1)), (H0(1) > MET(2),MET(3))}
condition: None
conditionDescription: None
figureUrl: https://cms-results.web.cern.ch/cms-results/public-results/publications/EXO-20-004/CMS-EXO-20-004_Figure_009-a.png
source: https://doi.org/10.5281/zenodo.13324003
validated: True
axesMap: [{0: 'x', 1: '1.0', 2: '1.0'}, {0: 'x', 1: 'y', 2: 'y'}]
dataMap: {0: (1, 'mass', GeV), 1: (2, 'mass', GeV), 2: (3, 'mass', GeV)}
finalState: ['MET', 'MET']
intermediateState: None
efficiencyMap: [[[100.0,1.0,1.0],9.018099e-05],
[[100.0,10.0,10.0],8.142015e-05],
[[150.0,1.0,1.0],0.0001846913],
[[150.0,50.0,50.0],0.0001642143],
[[200.0,1.0,1.0],0.0002567017],
[[200.0,50.0,50.0],0.0002740616],
[[200.0,100.0,100.0],0.0004626088],
[[250.0,1.0,1.0],0.0003659993],
[[250.0,10.0,10.0],0.0003587054],
[[250.0,50.0,50.0],0.0003633566],
[[250.0,100.0,100.0],0.0004146694],
[[300.0,1.0,1.0],0.0004498614],
[[300.0,50.0,50.0],0.0004630142],
[[300.0,100.0,100.0],0.0004167723],
[[350.0,1.0,1.0],0.0005155128],
[[350.0,50.0,50.0],0.0005242539],
[[350.0,100.0,100.0],0.0004739575],
[[350.0,150.0,150.0],0.0004336037],
[[400.0,1.0,1.0],0.0006073488],
[[400.0,50.0,50.0],0.0006605745],
[[400.0,100.0,100.0],0.0005837988],
[[400.0,150.0,150.0],0.0006348135],
[[450.0,1.0,1.0],0.0007792658],
[[450.0,50.0,50.0],0.0008130086],
[[450.0,100.0,100.0],0.0007989475],
[[450.0,150.0,150.0],0.0009409175],
[[450.0,200.0,200.0],0.0007361452],
[[500.0,1.0,1.0],0.0009309493],
[[500.0,10.0,10.0],0.0008283717],
[[500.0,50.0,50.0],0.0009422128],
[[500.0,100.0,100.0],0.0009207226],
[[500.0,150.0,150.0],0.00081223],
[[500.0,200.0,200.0],0.001049577],
[[550.0,1.0,1.0],0.001196992],
[[550.0,50.0,50.0],0.0009486723],
[[550.0,100.0,100.0],0.001115076],
[[550.0,150.0,150.0],0.001275766],
[[550.0,200.0,200.0],0.001192236],
[[550.0,250.0,250.0],0.001268582],
[[600.0,1.0,1.0],0.001387247],
[[600.0,50.0,50.0],0.001322426],
[[600.0,100.0,100.0],0.001167772],
[[600.0,150.0,150.0],0.001277381],
[[600.0,200.0,200.0],0.001475537],
[[600.0,250.0,250.0],0.001437964],
[[650.0,1.0,1.0],0.001535138],
[[650.0,50.0,50.0],0.001318849],
[[650.0,100.0,100.0],0.001339683],
[[650.0,150.0,150.0],0.001323025],
[[650.0,200.0,200.0],0.00241311],
[[650.0,250.0,250.0],0.001618729],
[[650.0,300.0,300.0],0.001529924],
[[700.0,1.0,1.0],0.001542829],
[[700.0,50.0,50.0],0.001765971],
[[700.0,100.0,100.0],0.001503824],
[[700.0,150.0,150.0],0.001746913],
[[700.0,200.0,200.0],0.001727874],
[[700.0,250.0,250.0],0.001663869],
[[700.0,300.0,300.0],0.001683564],
[[750.0,1.0,1.0],0.001657675],
[[750.0,10.0,10.0],0.001999843],
[[750.0,50.0,50.0],0.001431824],
[[750.0,100.0,100.0],0.00168593],
[[750.0,150.0,150.0],0.001945192],
[[750.0,200.0,200.0],0.002608568],
[[750.0,250.0,250.0],0.001689118],
[[750.0,300.0,300.0],0.001891189],
[[750.0,350.0,350.0],0.001899951],
[[800.0,1.0,1.0],0.002048366],
[[800.0,150.0,150.0],0.001870305],
[[800.0,200.0,200.0],0.00212235],
[[800.0,250.0,250.0],0.001977114],
[[800.0,300.0,300.0],0.002088505],
[[800.0,350.0,350.0],0.002259688],
[[850.0,1.0,1.0],0.001924458],
[[850.0,150.0,150.0],0.002141858],
[[850.0,200.0,200.0],0.002134082],
[[850.0,250.0,250.0],0.002446291],
[[850.0,300.0,300.0],0.00298875],
[[850.0,350.0,350.0],0.002058879],
[[850.0,400.0,400.0],0.002102296],
[[900.0,1.0,1.0],0.002134451],
[[900.0,150.0,150.0],0.001813145],
[[900.0,200.0,200.0],0.002096498],
[[900.0,250.0,250.0],0.003091035],
[[900.0,300.0,300.0],0.002366629],
[[900.0,350.0,350.0],0.002134333],
[[900.0,400.0,400.0],0.002227218],
[[950.0,1.0,1.0],0.002753813],
[[950.0,150.0,150.0],0.002087445],
[[950.0,200.0,200.0],0.00259011],
[[950.0,250.0,250.0],0.002420037],
[[950.0,300.0,300.0],0.00249982],
[[950.0,350.0,350.0],0.002874115],
[[950.0,400.0,400.0],0.002501288],
[[950.0,450.0,450.0],0.003042899],
[[1000.0,1.0,1.0],0.002422024],
[[1000.0,10.0,10.0],0.002135899],
[[1000.0,50.0,50.0],0.00212423],
[[1000.0,100.0,100.0],0.00228571],
[[1000.0,150.0,150.0],0.002873891],
[[1000.0,200.0,200.0],0.002535472],
[[1000.0,250.0,250.0],0.003029189],
[[1000.0,300.0,300.0],0.002349418],
[[1000.0,350.0,350.0],0.003143604],
[[1000.0,400.0,400.0],0.002884804],
[[1000.0,450.0,450.0],0.002761685],
[[1050.0,1.0,1.0],0.002859077],
[[1050.0,150.0,150.0],0.002262357],
[[1050.0,200.0,200.0],0.002648579],
[[1050.0,250.0,250.0],0.002736922],
[[1050.0,300.0,300.0],0.002330643],
[[1050.0,350.0,350.0],0.002865734],
[[1050.0,400.0,400.0],0.002676297],
[[1050.0,450.0,450.0],0.002584727],
[[1050.0,500.0,500.0],0.00347454],
[[1100.0,1.0,1.0],0.002743334],
[[1100.0,150.0,150.0],0.002662904],
[[1100.0,200.0,200.0],0.002940057],
[[1100.0,250.0,250.0],0.002540958],
[[1100.0,300.0,300.0],0.003008412],
[[1100.0,350.0,350.0],0.002525792],
[[1100.0,400.0,400.0],0.00295799],
[[1100.0,450.0,450.0],0.003223187],
[[1100.0,500.0,500.0],0.002843427],
[[1150.0,1.0,1.0],0.002151416],
[[1150.0,150.0,150.0],0.002152112],
[[1150.0,200.0,200.0],0.002815695],
[[1150.0,250.0,250.0],0.003032965],
[[1150.0,300.0,300.0],0.002952131],
[[1150.0,350.0,350.0],0.002780974],
[[1150.0,400.0,400.0],0.003541877],
[[1150.0,450.0,450.0],0.002700404],
[[1150.0,500.0,500.0],0.003109057],
[[1150.0,550.0,550.0],0.003493499],
[[1200.0,1.0,1.0],0.002695618],
[[1200.0,150.0,150.0],0.002704359],
[[1200.0,200.0,200.0],0.002445547],
[[1200.0,250.0,250.0],0.002911618],
[[1200.0,300.0,300.0],0.003197319],
[[1200.0,350.0,350.0],0.002691168],
[[1200.0,400.0,400.0],0.003209576],
[[1200.0,450.0,450.0],0.003463971],
[[1200.0,500.0,500.0],0.003350999],
[[1200.0,550.0,550.0],0.003455435],
[[1250.0,1.0,1.0],0.00250488],
[[1250.0,10.0,10.0],0.002713102],
[[1250.0,50.0,50.0],0.002793915],
[[1250.0,100.0,100.0],0.002965514],
[[1250.0,150.0,150.0],0.003086827],
[[1250.0,200.0,200.0],0.003288144],
[[1250.0,250.0,250.0],0.003933935],
[[1250.0,300.0,300.0],0.003012753],
[[1250.0,350.0,350.0],0.003389873],
[[1250.0,400.0,400.0],0.002965105],
[[1250.0,450.0,450.0],0.003981656],
[[1250.0,500.0,500.0],0.00295765],
[[1250.0,550.0,550.0],0.003416306],
[[1250.0,600.0,600.0],0.003026148],
[[1300.0,1.0,1.0],0.002588491],
[[1300.0,150.0,150.0],0.002592324],
[[1300.0,200.0,200.0],0.003106604],
[[1300.0,250.0,250.0],0.003177387],
[[1300.0,300.0,300.0],0.00336927],
[[1300.0,350.0,350.0],0.003349481],
[[1300.0,400.0,400.0],0.002901322],
[[1300.0,450.0,450.0],0.00348123],
[[1300.0,500.0,500.0],0.002991428],
[[1300.0,550.0,550.0],0.003638541],
[[1300.0,600.0,600.0],0.003056467],
[[1350.0,1.0,1.0],0.002975026],
[[1350.0,150.0,150.0],0.003023578],
[[1350.0,200.0,200.0],0.002834359],
[[1350.0,250.0,250.0],0.003600067],
[[1350.0,300.0,300.0],0.003219357],
[[1350.0,350.0,350.0],0.00334734],
[[1350.0,400.0,400.0],0.003463468],
[[1350.0,450.0,450.0],0.004021036],
[[1350.0,500.0,500.0],0.004124621],
[[1350.0,550.0,550.0],0.003562482],
[[1350.0,600.0,600.0],0.003202443],
[[1350.0,650.0,650.0],0.003549241],
[[1400.0,1.0,1.0],0.002757822],
[[1400.0,150.0,150.0],0.003315876],
[[1400.0,200.0,200.0],0.003684963],
[[1400.0,250.0,250.0],0.003365768],
[[1400.0,300.0,300.0],0.003494998],
[[1400.0,350.0,350.0],0.003599738],
[[1400.0,400.0,400.0],0.003513058],
[[1400.0,450.0,450.0],0.003702314],
[[1400.0,500.0,500.0],0.003944728],
[[1400.0,550.0,550.0],0.003119205],
[[1400.0,600.0,600.0],0.004009509],
[[1400.0,650.0,650.0],0.003653988],
[[1450.0,1.0,1.0],0.002692358],
[[1450.0,150.0,150.0],0.002831955],
[[1450.0,200.0,200.0],0.003132717],
[[1450.0,250.0,250.0],0.002749199],
[[1450.0,300.0,300.0],0.003381748],
[[1450.0,350.0,350.0],0.003578181],
[[1450.0,400.0,400.0],0.003493099],
[[1450.0,450.0,450.0],0.003214594],
[[1450.0,500.0,500.0],0.002982677],
[[1450.0,550.0,550.0],0.003695523],
[[1450.0,600.0,600.0],0.003027165],
[[1450.0,650.0,650.0],0.003092499],
[[1450.0,700.0,700.0],0.004134644],
[[1500.0,1.0,1.0],0.002703759],
[[1500.0,10.0,10.0],0.003020548],
[[1500.0,50.0,50.0],0.002627848],
[[1500.0,100.0,100.0],0.002926184],
[[1500.0,150.0,150.0],0.002620861],
[[1500.0,200.0,200.0],0.003194441],
[[1500.0,250.0,250.0],0.003700402],
[[1500.0,300.0,300.0],0.003538753],
[[1500.0,350.0,350.0],0.003905116],
[[1500.0,400.0,400.0],0.003073542],
[[1500.0,450.0,450.0],0.003429688],
[[1500.0,500.0,500.0],0.003406549],
[[1500.0,550.0,550.0],0.003622907],
[[1500.0,600.0,600.0],0.003766534],
[[1500.0,650.0,650.0],0.003386016],
[[1500.0,700.0,700.0],0.003997655],
[[1500.0,750.0,750.0],0.0038285],
[[1550.0,1.0,1.0],0.002524829],
[[1550.0,150.0,150.0],0.002871274],
[[1550.0,200.0,200.0],0.002984017],
[[1550.0,250.0,250.0],0.003642716],
[[1550.0,300.0,300.0],0.002970055],
[[1550.0,350.0,350.0],0.003417664],
[[1550.0,400.0,400.0],0.003627633],
[[1550.0,450.0,450.0],0.004070484],
[[1550.0,500.0,500.0],0.003442672],
[[1550.0,550.0,550.0],0.004128125],
[[1550.0,600.0,600.0],0.003613131],
[[1550.0,650.0,650.0],0.003961646],
[[1550.0,700.0,700.0],0.003391574],
[[1550.0,750.0,750.0],0.00379493],
[[1600.0,1.0,1.0],0.003010521],
[[1600.0,150.0,150.0],0.003025229],
[[1600.0,200.0,200.0],0.00340058],
[[1600.0,250.0,250.0],0.002858715],
[[1600.0,300.0,300.0],0.003773397],
[[1600.0,350.0,350.0],0.003878964],
[[1600.0,400.0,400.0],0.003417594],
[[1600.0,450.0,450.0],0.004038557],
[[1600.0,500.0,500.0],0.003481956],
[[1600.0,550.0,550.0],0.003624166],
[[1600.0,600.0,600.0],0.004055147],
[[1600.0,650.0,650.0],0.003400718],
[[1600.0,700.0,700.0],0.004313526],
[[1600.0,750.0,750.0],0.003829979],
[[1650.0,1.0,1.0],0.002639362],
[[1650.0,150.0,150.0],0.003548446],
[[1650.0,200.0,200.0],0.00334713],
[[1650.0,250.0,250.0],0.003572961],
[[1650.0,300.0,300.0],0.003085192],
[[1650.0,350.0,350.0],0.003905973],
[[1650.0,400.0,400.0],0.003566365],
[[1650.0,450.0,450.0],0.003743882],
[[1650.0,500.0,500.0],0.004436755],
[[1650.0,550.0,550.0],0.00408463],
[[1650.0,600.0,600.0],0.003823181],
[[1650.0,650.0,650.0],0.00377918],
[[1650.0,700.0,700.0],0.003873387],
[[1650.0,750.0,750.0],0.004493534],
[[1650.0,800.0,800.0],0.004275499],
[[1700.0,1.0,1.0],0.002443094],
[[1700.0,150.0,150.0],0.003353186],
[[1700.0,200.0,200.0],0.003120684],
[[1700.0,250.0,250.0],0.003777469],
[[1700.0,300.0,300.0],0.003658031],
[[1700.0,350.0,350.0],0.003766345],
[[1700.0,400.0,400.0],0.00371948],
[[1700.0,450.0,450.0],0.004192473],
[[1700.0,500.0,500.0],0.003828053],
[[1700.0,550.0,550.0],0.003991804],
[[1700.0,600.0,600.0],0.003969355],
[[1700.0,650.0,650.0],0.004111149],
[[1700.0,700.0,700.0],0.004291271],
[[1700.0,750.0,750.0],0.004551379],
[[1700.0,800.0,800.0],0.003777903],
[[1750.0,1.0,1.0],0.002429127],
[[1750.0,10.0,10.0],0.002630942],
[[1750.0,50.0,50.0],0.00251054],
[[1750.0,100.0,100.0],0.002897124],
[[1750.0,150.0,150.0],0.003435345],
[[1750.0,200.0,200.0],0.003208843],
[[1750.0,250.0,250.0],0.004145173],
[[1750.0,300.0,300.0],0.003899067],
[[1750.0,350.0,350.0],0.003286296],
[[1750.0,400.0,400.0],0.003640746],
[[1750.0,450.0,450.0],0.00347287],
[[1750.0,500.0,500.0],0.004092759],
[[1750.0,550.0,550.0],0.004648907],
[[1750.0,600.0,600.0],0.003432032],
[[1750.0,650.0,650.0],0.00387964],
[[1750.0,700.0,700.0],0.004120126],
[[1750.0,750.0,750.0],0.003822835],
[[1750.0,800.0,800.0],0.003661499],
[[1750.0,850.0,850.0],0.004304424],
[[1800.0,1.0,1.0],0.00254552],
[[1800.0,150.0,150.0],0.003334151],
[[1800.0,200.0,200.0],0.00315432],
[[1800.0,250.0,250.0],0.003401931],
[[1800.0,300.0,300.0],0.003504764],
[[1800.0,350.0,350.0],0.00397445],
[[1800.0,400.0,400.0],0.003759667],
[[1800.0,450.0,450.0],0.003824167],
[[1800.0,500.0,500.0],0.003540047],
[[1800.0,550.0,550.0],0.003870552],
[[1800.0,600.0,600.0],0.004082061],
[[1800.0,650.0,650.0],0.003978712],
[[1800.0,700.0,700.0],0.004944871],
[[1800.0,750.0,750.0],0.003959624],
[[1800.0,800.0,800.0],0.004600675],
[[1800.0,850.0,850.0],0.004148047],
[[1850.0,1.0,1.0],0.002743259],
[[1850.0,150.0,150.0],0.00329115],
[[1850.0,200.0,200.0],0.003705698],
[[1850.0,250.0,250.0],0.003228333],
[[1850.0,300.0,300.0],0.003972282],
[[1850.0,350.0,350.0],0.00364206],
[[1850.0,400.0,400.0],0.004411891],
[[1850.0,450.0,450.0],0.003650982],
[[1850.0,500.0,500.0],0.003834839],
[[1850.0,550.0,550.0],0.003825585],
[[1850.0,600.0,600.0],0.003552761],
[[1850.0,650.0,650.0],0.003821275],
[[1850.0,700.0,700.0],0.004740008],
[[1850.0,750.0,750.0],0.003561369],
[[1850.0,800.0,800.0],0.003692232],
[[1850.0,850.0,850.0],0.003943833],
[[1850.0,900.0,900.0],0.004534838],
[[1900.0,1.0,1.0],0.002659887],
[[1900.0,150.0,150.0],0.003360125],
[[1900.0,200.0,200.0],0.003600675],
[[1900.0,250.0,250.0],0.0037389],
[[1900.0,300.0,300.0],0.003286496],
[[1900.0,350.0,350.0],0.003699678],
[[1900.0,400.0,400.0],0.004220593],
[[1900.0,450.0,450.0],0.00402776],
[[1900.0,500.0,500.0],0.004165055],
[[1900.0,550.0,550.0],0.004164054],
[[1900.0,600.0,600.0],0.004212181],
[[1900.0,650.0,650.0],0.004371105],
[[1900.0,700.0,700.0],0.004068403],
[[1900.0,750.0,750.0],0.004418836],
[[1900.0,800.0,800.0],0.004092941],
[[1900.0,850.0,850.0],0.004127944],
[[1900.0,900.0,900.0],0.003979114],
[[1950.0,1.0,1.0],0.002658718],
[[1950.0,150.0,150.0],0.002734655],
[[1950.0,200.0,200.0],0.003112246],
[[1950.0,250.0,250.0],0.003474737],
[[1950.0,300.0,300.0],0.003626631],
[[1950.0,350.0,350.0],0.003599035],
[[1950.0,400.0,400.0],0.003511065],
[[1950.0,450.0,450.0],0.00411049],
[[1950.0,500.0,500.0],0.003962391],
[[1950.0,550.0,550.0],0.004413626],
[[1950.0,600.0,600.0],0.004009838],
[[1950.0,650.0,650.0],0.004162899],
[[1950.0,700.0,700.0],0.004216109],
[[1950.0,750.0,750.0],0.003804803],
[[1950.0,800.0,800.0],0.004666964],
[[1950.0,850.0,850.0],0.004371038],
[[1950.0,900.0,900.0],0.004106355],
[[1950.0,950.0,950.0],0.005051439],
[[2000.0,1.0,1.0],0.002490176],
[[2000.0,10.0,10.0],0.002563892],
[[2000.0,50.0,50.0],0.002626092],
[[2000.0,100.0,100.0],0.0026446],
[[2000.0,150.0,150.0],0.002766348],
[[2000.0,200.0,200.0],0.003473624],
[[2000.0,250.0,250.0],0.003714364],
[[2000.0,300.0,300.0],0.003823364],
[[2000.0,350.0,350.0],0.004026979],
[[2000.0,400.0,400.0],0.004595507],
[[2000.0,450.0,450.0],0.00365378],
[[2000.0,500.0,500.0],0.004384064],
[[2000.0,550.0,550.0],0.004045514],
[[2000.0,600.0,600.0],0.004779534],
[[2000.0,650.0,650.0],0.004057919],
[[2000.0,700.0,700.0],0.003857545],
[[2000.0,750.0,750.0],0.004298516],
[[2000.0,800.0,800.0],0.004627792],
[[2000.0,850.0,850.0],0.004005515],
[[2000.0,900.0,900.0],0.004579356],
[[2000.0,950.0,950.0],0.00434156],
[[2250.0,1.0,1.0],0.002347481],
[[2250.0,10.0,10.0],0.002420043],
[[2250.0,50.0,50.0],0.002340724],
[[2250.0,100.0,100.0],0.002449622],
[[2250.0,150.0,150.0],0.002898265],
[[2250.0,300.0,300.0],0.003885717],
[[2250.0,500.0,500.0],0.004279615],
[[2250.0,750.0,750.0],0.004375454],
[[2250.0,1000.0,1000.0],0.004484091],
[[2500.0,1.0,1.0],0.001844775],
[[2500.0,10.0,10.0],0.00208668],
[[2500.0,50.0,50.0],0.002488124],
[[2500.0,100.0,100.0],0.002609408],
[[2500.0,150.0,150.0],0.00280718],
[[2500.0,300.0,300.0],0.003609462],
[[2500.0,500.0,500.0],0.004537926],
[[2500.0,750.0,750.0],0.004737775],
[[2500.0,1000.0,1000.0],0.004760276],
[[2500.0,1200.0,1200.0],0.005035078],
[[2750.0,1.0,1.0],0.002048452],
[[2750.0,10.0,10.0],0.001928857],
[[2750.0,50.0,50.0],0.002333899],
[[2750.0,100.0,100.0],0.002731462],
[[2750.0,150.0,150.0],0.002624693],
[[2750.0,300.0,300.0],0.003614395],
[[2750.0,500.0,500.0],0.005138461],
[[2750.0,750.0,750.0],0.004515145],
[[2750.0,1000.0,1000.0],0.0045264],
[[2750.0,1200.0,1200.0],0.004604146],
[[3000.0,1.0,1.0],0.00174778],
[[3000.0,10.0,10.0],0.001785149],
[[3000.0,50.0,50.0],0.002683069],
[[3000.0,100.0,100.0],0.002665844],
[[3000.0,150.0,150.0],0.00237634],
[[3000.0,300.0,300.0],0.003445131],
[[3000.0,500.0,500.0],0.004297314],
[[3000.0,750.0,750.0],0.004809536],
[[3000.0,1000.0,1000.0],0.004554662],
[[3000.0,1200.0,1200.0],0.005039803],
[[3000.0,1400.0,1400.0],0.004718612]]
