txName: TRV1
constraint: {(PV > Zprime(1)), (Zprime(1) > MET(2),MET(3))}
condition: None
conditionDescription: None
figureUrl: https://cms-results.web.cern.ch/cms-results/public-results/publications/EXO-20-004/CMS-EXO-20-004_Figure_007-b.png
source: https://doi.org/10.5281/zenodo.13324003
validated: True
axesMap: [{0: 'x', 1: 'y', 2: 'y'}]
dataMap: {0: (1, 'mass', GeV), 1: (2, 'mass', GeV), 2: (3, 'mass', GeV)}
finalState: ['MET', 'MET']
intermediateState: None
efficiencyMap: [[[50.0,1.0,1.0],1.559192e-06],
[[100.0,1.0,1.0],8.889247e-06],
[[100.0,10.0,10.0],1.041826e-05],
[[150.0,1.0,1.0],3.000359e-05],
[[150.0,75.0,75.0],3.81271e-05],
[[200.0,1.0,1.0],6.048441e-05],
[[200.0,75.0,75.0],6.259506e-05],
[[250.0,1.0,1.0],0.0001007768],
[[250.0,10.0,10.0],0.0001016124],
[[250.0,75.0,75.0],0.0001116725],
[[300.0,1.0,1.0],0.0001591194],
[[300.0,75.0,75.0],0.000143914],
[[350.0,1.0,1.0],0.000215522],
[[350.0,75.0,75.0],0.0002155836],
[[350.0,150.0,150.0],0.0002393166],
[[400.0,1.0,1.0],0.0002587966],
[[400.0,75.0,75.0],0.0002664713],
[[400.0,150.0,150.0],0.0003156997],
[[450.0,1.0,1.0],0.0003513904],
[[450.0,75.0,75.0],0.0003390781],
[[450.0,150.0,150.0],0.0003500685],
[[450.0,200.0,200.0],0.0003745198],
[[500.0,1.0,1.0],0.0004093467],
[[500.0,10.0,10.0],0.00045272],
[[500.0,75.0,75.0],0.0003903196],
[[500.0,150.0,150.0],0.000419762],
[[500.0,200.0,200.0],0.0004172137],
[[550.0,1.0,1.0],0.0004090878],
[[550.0,75.0,75.0],0.0004277089],
[[550.0,150.0,150.0],0.0005413617],
[[550.0,200.0,200.0],0.0004651826],
[[550.0,250.0,250.0],0.0004550317],
[[600.0,1.0,1.0],0.0005219631],
[[600.0,75.0,75.0],0.0005341242],
[[600.0,150.0,150.0],0.0005725621],
[[600.0,200.0,200.0],0.0005751036],
[[600.0,250.0,250.0],0.0007506638],
[[650.0,1.0,1.0],0.0006213347],
[[650.0,75.0,75.0],0.0005929946],
[[650.0,150.0,150.0],0.0006272757],
[[650.0,200.0,200.0],0.0006297561],
[[650.0,250.0,250.0],0.000589271],
[[650.0,300.0,300.0],0.0007113981],
[[700.0,1.0,1.0],0.000643559],
[[700.0,75.0,75.0],0.0007466959],
[[700.0,150.0,150.0],0.0006515878],
[[700.0,200.0,200.0],0.0006787011],
[[700.0,250.0,250.0],0.0008025352],
[[700.0,300.0,300.0],0.0007530255],
[[750.0,1.0,1.0],0.0006816799],
[[750.0,10.0,10.0],0.0008129221],
[[750.0,75.0,75.0],0.0007229244],
[[750.0,150.0,150.0],0.0007413234],
[[750.0,200.0,200.0],0.000765755],
[[750.0,250.0,250.0],0.0007107651],
[[750.0,300.0,300.0],0.0008034828],
[[750.0,350.0,350.0],0.0008425813],
[[800.0,1.0,1.0],0.0008682529],
[[800.0,75.0,75.0],0.0006953847],
[[800.0,150.0,150.0],0.0008017188],
[[800.0,200.0,200.0],0.0007702178],
[[800.0,250.0,250.0],0.0009459997],
[[800.0,300.0,300.0],0.0008621995],
[[800.0,350.0,350.0],0.0009109091],
[[850.0,1.0,1.0],0.0008599456],
[[850.0,75.0,75.0],0.0008458444],
[[850.0,150.0,150.0],0.000949709],
[[850.0,200.0,200.0],0.0008032412],
[[850.0,250.0,250.0],0.0007745019],
[[850.0,300.0,300.0],0.0008142173],
[[850.0,350.0,350.0],0.0009637233],
[[850.0,400.0,400.0],0.0008202189],
[[900.0,1.0,1.0],0.0008864073],
[[900.0,75.0,75.0],0.0008780247],
[[900.0,150.0,150.0],0.0009192593],
[[900.0,200.0,200.0],0.0009792667],
[[900.0,250.0,250.0],0.001030173],
[[900.0,300.0,300.0],0.0009420236],
[[900.0,350.0,350.0],0.00094861],
[[900.0,400.0,400.0],0.0009087769],
[[950.0,1.0,1.0],0.0008865868],
[[950.0,75.0,75.0],0.0008698893],
[[950.0,150.0,150.0],0.0008286005],
[[950.0,200.0,200.0],0.0009137145],
[[950.0,250.0,250.0],0.000996832],
[[950.0,300.0,300.0],0.0009389956],
[[950.0,350.0,350.0],0.0009917732],
[[950.0,400.0,400.0],0.001093716],
[[950.0,450.0,450.0],0.0009181457],
[[1000.0,1.0,1.0],0.0009667249],
[[1000.0,10.0,10.0],0.0009711828],
[[1000.0,75.0,75.0],0.0009668195],
[[1000.0,150.0,150.0],0.001039314],
[[1000.0,200.0,200.0],0.0009634774],
[[1000.0,250.0,250.0],0.0009871998],
[[1000.0,300.0,300.0],0.0009604598],
[[1000.0,350.0,350.0],0.0009942272],
[[1000.0,400.0,400.0],0.0009526435],
[[1000.0,450.0,450.0],0.0009865985],
[[1050.0,1.0,1.0],0.0009970016],
[[1050.0,75.0,75.0],0.001015241],
[[1050.0,150.0,150.0],0.0009928479],
[[1050.0,200.0,200.0],0.001113832],
[[1050.0,250.0,250.0],0.001016548],
[[1050.0,300.0,300.0],0.001084464],
[[1050.0,350.0,350.0],0.001020589],
[[1050.0,400.0,400.0],0.001052218],
[[1050.0,450.0,450.0],0.001071965],
[[1050.0,500.0,500.0],0.001084874],
[[1100.0,1.0,1.0],0.001018869],
[[1100.0,75.0,75.0],0.001021108],
[[1100.0,150.0,150.0],0.001041535],
[[1100.0,200.0,200.0],0.0009516057],
[[1100.0,250.0,250.0],0.001083307],
[[1100.0,300.0,300.0],0.001204547],
[[1100.0,350.0,350.0],0.001081421],
[[1100.0,400.0,400.0],0.001165937],
[[1100.0,450.0,450.0],0.001171428],
[[1100.0,500.0,500.0],0.001144839],
[[1150.0,1.0,1.0],0.0009672957],
[[1150.0,75.0,75.0],0.001149596],
[[1150.0,150.0,150.0],0.001114512],
[[1150.0,200.0,200.0],0.001207156],
[[1150.0,250.0,250.0],0.001149652],
[[1150.0,300.0,300.0],0.001186366],
[[1150.0,350.0,350.0],0.001199638],
[[1150.0,400.0,400.0],0.001139689],
[[1150.0,450.0,450.0],0.001100196],
[[1150.0,500.0,500.0],0.001119606],
[[1150.0,550.0,550.0],0.001107364],
[[1200.0,1.0,1.0],0.001146036],
[[1200.0,75.0,75.0],0.001191077],
[[1200.0,150.0,150.0],0.001140035],
[[1200.0,200.0,200.0],0.001122318],
[[1200.0,250.0,250.0],0.001184834],
[[1200.0,300.0,300.0],0.001188562],
[[1200.0,350.0,350.0],0.001139396],
[[1200.0,400.0,400.0],0.001196316],
[[1200.0,450.0,450.0],0.001175486],
[[1200.0,500.0,500.0],0.001243892],
[[1200.0,550.0,550.0],0.00133216],
[[1250.0,1.0,1.0],0.001131568],
[[1250.0,10.0,10.0],0.001081289],
[[1250.0,75.0,75.0],0.001157618],
[[1250.0,150.0,150.0],0.001218697],
[[1250.0,200.0,200.0],0.00134855],
[[1250.0,250.0,250.0],0.001074462],
[[1250.0,300.0,300.0],0.001124918],
[[1250.0,350.0,350.0],0.001098336],
[[1250.0,400.0,400.0],0.001132301],
[[1250.0,450.0,450.0],0.001211784],
[[1250.0,500.0,500.0],0.001256623],
[[1250.0,550.0,550.0],0.001320507],
[[1250.0,600.0,600.0],0.001226596],
[[1300.0,1.0,1.0],0.001182977],
[[1300.0,75.0,75.0],0.001105015],
[[1300.0,150.0,150.0],0.001175498],
[[1300.0,200.0,200.0],0.001251673],
[[1300.0,250.0,250.0],0.001042351],
[[1300.0,300.0,300.0],0.001170409],
[[1300.0,350.0,350.0],0.001162413],
[[1300.0,400.0,400.0],0.001184859],
[[1300.0,450.0,450.0],0.001290925],
[[1300.0,500.0,500.0],0.001260054],
[[1300.0,550.0,550.0],0.001285863],
[[1300.0,600.0,600.0],0.001276407],
[[1350.0,1.0,1.0],0.001087701],
[[1350.0,75.0,75.0],0.001168153],
[[1350.0,150.0,150.0],0.001353331],
[[1350.0,200.0,200.0],0.001185922],
[[1350.0,250.0,250.0],0.001125765],
[[1350.0,300.0,300.0],0.001262768],
[[1350.0,350.0,350.0],0.001124881],
[[1350.0,400.0,400.0],0.001209078],
[[1350.0,450.0,450.0],0.001269828],
[[1350.0,500.0,500.0],0.001248169],
[[1350.0,550.0,550.0],0.001169268],
[[1350.0,600.0,600.0],0.001315053],
[[1350.0,650.0,650.0],0.001341684],
[[1400.0,1.0,1.0],0.001232884],
[[1400.0,75.0,75.0],0.001134798],
[[1400.0,150.0,150.0],0.0011745],
[[1400.0,200.0,200.0],0.001151128],
[[1400.0,250.0,250.0],0.00117511],
[[1400.0,300.0,300.0],0.001313788],
[[1400.0,350.0,350.0],0.001355626],
[[1400.0,400.0,400.0],0.001235189],
[[1400.0,450.0,450.0],0.001294936],
[[1400.0,500.0,500.0],0.001357414],
[[1400.0,550.0,550.0],0.001331199],
[[1400.0,600.0,600.0],0.001406882],
[[1400.0,650.0,650.0],0.001202038],
[[1450.0,1.0,1.0],0.001213575],
[[1450.0,75.0,75.0],0.001261481],
[[1450.0,150.0,150.0],0.001167978],
[[1450.0,200.0,200.0],0.001163275],
[[1450.0,250.0,250.0],0.00130281],
[[1450.0,300.0,300.0],0.001340867],
[[1450.0,350.0,350.0],0.001364174],
[[1450.0,400.0,400.0],0.001297861],
[[1450.0,450.0,450.0],0.001255688],
[[1450.0,500.0,500.0],0.00121981],
[[1450.0,550.0,550.0],0.001299657],
[[1450.0,600.0,600.0],0.001213359],
[[1450.0,650.0,650.0],0.0014211],
[[1450.0,700.0,700.0],0.001401068],
[[1500.0,1.0,1.0],0.001245277],
[[1500.0,10.0,10.0],0.0012618],
[[1500.0,75.0,75.0],0.001310766],
[[1500.0,150.0,150.0],0.001273509],
[[1500.0,200.0,200.0],0.001198434],
[[1500.0,250.0,250.0],0.001312179],
[[1500.0,300.0,300.0],0.001380983],
[[1500.0,350.0,350.0],0.001222549],
[[1500.0,400.0,400.0],0.001252362],
[[1500.0,450.0,450.0],0.001313407],
[[1500.0,500.0,500.0],0.001361257],
[[1500.0,550.0,550.0],0.0013501],
[[1500.0,600.0,600.0],0.001385906],
[[1500.0,650.0,650.0],0.001362221],
[[1500.0,700.0,700.0],0.001276069],
[[1500.0,750.0,750.0],0.001380767],
[[1550.0,1.0,1.0],0.001239618],
[[1550.0,75.0,75.0],0.001215919],
[[1550.0,150.0,150.0],0.001194126],
[[1550.0,200.0,200.0],0.00136655],
[[1550.0,250.0,250.0],0.00131025],
[[1550.0,300.0,300.0],0.001225372],
[[1550.0,350.0,350.0],0.001253071],
[[1550.0,400.0,400.0],0.001389962],
[[1550.0,450.0,450.0],0.001441686],
[[1550.0,500.0,500.0],0.001371206],
[[1550.0,550.0,550.0],0.001235214],
[[1550.0,600.0,600.0],0.001344774],
[[1550.0,650.0,650.0],0.001413721],
[[1550.0,700.0,700.0],0.00132338],
[[1550.0,750.0,750.0],0.001435965],
[[1600.0,1.0,1.0],0.001292993],
[[1600.0,75.0,75.0],0.001282731],
[[1600.0,150.0,150.0],0.001323475],
[[1600.0,200.0,200.0],0.00145917],
[[1600.0,250.0,250.0],0.001227051],
[[1600.0,300.0,300.0],0.001402943],
[[1600.0,350.0,350.0],0.001421061],
[[1600.0,400.0,400.0],0.001483116],
[[1600.0,450.0,450.0],0.00138546],
[[1600.0,500.0,500.0],0.001327995],
[[1600.0,550.0,550.0],0.001452022],
[[1600.0,600.0,600.0],0.001300803],
[[1600.0,650.0,650.0],0.001397441],
[[1600.0,700.0,700.0],0.00126712],
[[1600.0,750.0,750.0],0.001439917],
[[1650.0,1.0,1.0],0.001286894],
[[1650.0,75.0,75.0],0.001325557],
[[1650.0,150.0,150.0],0.001274967],
[[1650.0,200.0,200.0],0.001314796],
[[1650.0,250.0,250.0],0.001228163],
[[1650.0,300.0,300.0],0.001391715],
[[1650.0,350.0,350.0],0.00124096],
[[1650.0,400.0,400.0],0.001372965],
[[1650.0,450.0,450.0],0.00136023],
[[1650.0,500.0,500.0],0.00125989],
[[1650.0,550.0,550.0],0.001505553],
[[1650.0,600.0,600.0],0.001403718],
[[1650.0,650.0,650.0],0.001417469],
[[1650.0,700.0,700.0],0.001423631],
[[1650.0,750.0,750.0],0.001471715],
[[1650.0,800.0,800.0],0.001361054],
[[1700.0,1.0,1.0],0.001367573],
[[1700.0,75.0,75.0],0.001300109],
[[1700.0,150.0,150.0],0.001322852],
[[1700.0,200.0,200.0],0.001371039],
[[1700.0,250.0,250.0],0.001521815],
[[1700.0,300.0,300.0],0.001439777],
[[1700.0,350.0,350.0],0.001437344],
[[1700.0,400.0,400.0],0.001582153],
[[1700.0,450.0,450.0],0.00150691],
[[1700.0,500.0,500.0],0.001392565],
[[1700.0,550.0,550.0],0.001478326],
[[1700.0,600.0,600.0],0.001500152],
[[1700.0,650.0,650.0],0.001383704],
[[1700.0,700.0,700.0],0.001488962],
[[1700.0,750.0,750.0],0.001357345],
[[1700.0,800.0,800.0],0.001262478],
[[1750.0,1.0,1.0],0.001237617],
[[1750.0,10.0,10.0],0.001391902],
[[1750.0,75.0,75.0],0.001221425],
[[1750.0,150.0,150.0],0.001345736],
[[1750.0,200.0,200.0],0.001335062],
[[1750.0,250.0,250.0],0.001550656],
[[1750.0,300.0,300.0],0.001463969],
[[1750.0,350.0,350.0],0.001355562],
[[1750.0,400.0,400.0],0.001375715],
[[1750.0,450.0,450.0],0.001332325],
[[1750.0,500.0,500.0],0.001323003],
[[1750.0,550.0,550.0],0.001488322],
[[1750.0,600.0,600.0],0.001645674],
[[1750.0,650.0,650.0],0.001393598],
[[1750.0,700.0,700.0],0.001299795],
[[1750.0,750.0,750.0],0.00153191],
[[1750.0,800.0,800.0],0.001373868],
[[1750.0,850.0,850.0],0.001572212],
[[1800.0,1.0,1.0],0.001305934],
[[1800.0,75.0,75.0],0.001348661],
[[1800.0,150.0,150.0],0.001297884],
[[1800.0,200.0,200.0],0.001432062],
[[1800.0,250.0,250.0],0.001434167],
[[1800.0,300.0,300.0],0.001399221],
[[1800.0,350.0,350.0],0.001443842],
[[1800.0,400.0,400.0],0.001446737],
[[1800.0,450.0,450.0],0.001541856],
[[1800.0,500.0,500.0],0.001412699],
[[1800.0,550.0,550.0],0.001450295],
[[1800.0,600.0,600.0],0.001484882],
[[1800.0,650.0,650.0],0.001606376],
[[1800.0,700.0,700.0],0.001510826],
[[1800.0,750.0,750.0],0.001424634],
[[1800.0,800.0,800.0],0.001365415],
[[1800.0,850.0,850.0],0.001396912],
[[1850.0,1.0,1.0],0.001400811],
[[1850.0,75.0,75.0],0.00132712],
[[1850.0,150.0,150.0],0.001399948],
[[1850.0,200.0,200.0],0.001434142],
[[1850.0,250.0,250.0],0.001386372],
[[1850.0,300.0,300.0],0.00129789],
[[1850.0,350.0,350.0],0.001374139],
[[1850.0,400.0,400.0],0.001519031],
[[1850.0,450.0,450.0],0.001456167],
[[1850.0,500.0,500.0],0.001585782],
[[1850.0,550.0,550.0],0.001582928],
[[1850.0,600.0,600.0],0.001496119],
[[1850.0,650.0,650.0],0.001539441],
[[1850.0,700.0,700.0],0.001383642],
[[1850.0,750.0,750.0],0.001536248],
[[1850.0,800.0,800.0],0.001414366],
[[1850.0,850.0,850.0],0.001390917],
[[1850.0,900.0,900.0],0.001436285],
[[1900.0,1.0,1.0],0.001253605],
[[1900.0,75.0,75.0],0.001319827],
[[1900.0,150.0,150.0],0.001268547],
[[1900.0,200.0,200.0],0.001519608],
[[1900.0,250.0,250.0],0.001555589],
[[1900.0,300.0,300.0],0.00126778],
[[1900.0,350.0,350.0],0.001410452],
[[1900.0,400.0,400.0],0.001388255],
[[1900.0,450.0,450.0],0.001561459],
[[1900.0,500.0,500.0],0.001569449],
[[1900.0,550.0,550.0],0.001640344],
[[1900.0,600.0,600.0],0.001415],
[[1900.0,650.0,650.0],0.001501929],
[[1900.0,700.0,700.0],0.001476827],
[[1900.0,750.0,750.0],0.001516918],
[[1900.0,800.0,800.0],0.001304322],
[[1900.0,850.0,850.0],0.001540166],
[[1900.0,900.0,900.0],0.001378201],
[[1950.0,1.0,1.0],0.00135378],
[[1950.0,75.0,75.0],0.001428373],
[[1950.0,150.0,150.0],0.00146859],
[[1950.0,200.0,200.0],0.001463329],
[[1950.0,250.0,250.0],0.001495918],
[[1950.0,300.0,300.0],0.001458036],
[[1950.0,350.0,350.0],0.001606145],
[[1950.0,400.0,400.0],0.001397419],
[[1950.0,450.0,450.0],0.001494141],
[[1950.0,500.0,500.0],0.001505448],
[[1950.0,550.0,550.0],0.001534398],
[[1950.0,600.0,600.0],0.001551273],
[[1950.0,650.0,650.0],0.001545332],
[[1950.0,700.0,700.0],0.001542918],
[[1950.0,750.0,750.0],0.001595662],
[[1950.0,800.0,800.0],0.001474114],
[[1950.0,850.0,850.0],0.001516169],
[[1950.0,900.0,900.0],0.001467271],
[[1950.0,950.0,950.0],0.001459269],
[[2000.0,1.0,1.0],0.001483934],
[[2000.0,75.0,75.0],0.001436061],
[[2000.0,150.0,150.0],0.001528289],
[[2000.0,200.0,200.0],0.001359111],
[[2000.0,250.0,250.0],0.001360055],
[[2000.0,300.0,300.0],0.001466741],
[[2000.0,350.0,350.0],0.001440769],
[[2000.0,400.0,400.0],0.001564263],
[[2000.0,450.0,450.0],0.001635521],
[[2000.0,500.0,500.0],0.001425518],
[[2000.0,550.0,550.0],0.001524332],
[[2000.0,600.0,600.0],0.001427678],
[[2000.0,650.0,650.0],0.001598624],
[[2000.0,700.0,700.0],0.001456436],
[[2000.0,750.0,750.0],0.001578269],
[[2000.0,800.0,800.0],0.001456835],
[[2000.0,850.0,850.0],0.001626897],
[[2000.0,900.0,900.0],0.001541361],
[[2000.0,950.0,950.0],0.001524775],
[[2250.0,1.0,1.0],0.001434021],
[[2250.0,75.0,75.0],0.001574226],
[[2250.0,150.0,150.0],0.00153067],
[[2250.0,300.0,300.0],0.001629305],
[[2250.0,500.0,500.0],0.001577524],
[[2250.0,750.0,750.0],0.001620971],
[[2250.0,1000.0,1000.0],0.001572225],
[[2500.0,1.0,1.0],0.00152522],
[[2500.0,75.0,75.0],0.001715907],
[[2500.0,150.0,150.0],0.001627255],
[[2500.0,300.0,300.0],0.001583025],
[[2500.0,500.0,500.0],0.001558056],
[[2500.0,750.0,750.0],0.001733342],
[[2500.0,1000.0,1000.0],0.001603445],
[[2500.0,1200.0,1200.0],0.001603679],
[[2750.0,1.0,1.0],0.001564278],
[[2750.0,75.0,75.0],0.001567706],
[[2750.0,150.0,150.0],0.001592783],
[[2750.0,300.0,300.0],0.001372116],
[[2750.0,500.0,500.0],0.001574949],
[[2750.0,750.0,750.0],0.001721027],
[[2750.0,1000.0,1000.0],0.001691011],
[[2750.0,1200.0,1200.0],0.001777599],
[[3000.0,1.0,1.0],0.001713359],
[[3000.0,75.0,75.0],0.001649866],
[[3000.0,150.0,150.0],0.001644137],
[[3000.0,300.0,300.0],0.0015653],
[[3000.0,500.0,500.0],0.001705657],
[[3000.0,750.0,750.0],0.001904903],
[[3000.0,1000.0,1000.0],0.001838461],
[[3000.0,1200.0,1200.0],0.00171274],
[[3000.0,1400.0,1400.0],0.001679707]]
