txName: TRS1
constraint: {(PV > H0(1)), (H0(1) > MET(2),MET(3))}
condition: None
conditionDescription: None
figureUrl: https://cms-results.web.cern.ch/cms-results/public-results/publications/EXO-20-004/CMS-EXO-20-004_Figure_009-a.png
source: https://doi.org/10.5281/zenodo.13324003
validated: True
axesMap: [{0: 'x', 1: '1.0', 2: '1.0'}, {0: 'x', 1: 'y', 2: 'y'}]
dataMap: {0: (1, 'mass', GeV), 1: (2, 'mass', GeV), 2: (3, 'mass', GeV)}
finalState: ['MET', 'MET']
intermediateState: None
efficiencyMap: [[[100.0,10.0,10.0],3.293198e-07],
[[150.0,1.0,1.0],8.006411e-07],
[[150.0,50.0,50.0],7.608748e-07],
[[200.0,1.0,1.0],1.546421e-06],
[[200.0,50.0,50.0],1.321086e-06],
[[200.0,100.0,100.0],3.117688e-06],
[[250.0,1.0,1.0],1.791328e-06],
[[250.0,10.0,10.0],2.067312e-06],
[[250.0,50.0,50.0],2.063621e-06],
[[250.0,100.0,100.0],1.931571e-06],
[[300.0,1.0,1.0],2.584542e-06],
[[300.0,50.0,50.0],2.822739e-06],
[[300.0,100.0,100.0],2.890822e-06],
[[350.0,1.0,1.0],3.279877e-06],
[[350.0,50.0,50.0],2.88568e-06],
[[350.0,100.0,100.0],2.877736e-06],
[[350.0,150.0,150.0],2.883683e-06],
[[400.0,1.0,1.0],3.543918e-06],
[[400.0,50.0,50.0],3.70327e-06],
[[400.0,100.0,100.0],2.966304e-06],
[[400.0,150.0,150.0],4.211203e-06],
[[450.0,1.0,1.0],5.168098e-06],
[[450.0,50.0,50.0],5.259837e-06],
[[450.0,100.0,100.0],5.60483e-06],
[[450.0,150.0,150.0],4.226669e-06],
[[450.0,200.0,200.0],5.535205e-06],
[[500.0,1.0,1.0],7.254797e-06],
[[500.0,10.0,10.0],9.035176e-06],
[[500.0,50.0,50.0],8.303111e-06],
[[500.0,100.0,100.0],7.16412e-06],
[[500.0,150.0,150.0],7.591523e-06],
[[500.0,200.0,200.0],8.083583e-06],
[[550.0,1.0,1.0],9.814356e-06],
[[550.0,50.0,50.0],8.382158e-06],
[[550.0,100.0,100.0],9.598828e-06],
[[550.0,150.0,150.0],1.142891e-05],
[[550.0,200.0,200.0],1.181595e-05],
[[550.0,250.0,250.0],1.153737e-05],
[[600.0,1.0,1.0],1.807196e-05],
[[600.0,50.0,50.0],1.598476e-05],
[[600.0,100.0,100.0],1.399895e-05],
[[600.0,150.0,150.0],1.383829e-05],
[[600.0,200.0,200.0],1.421546e-05],
[[600.0,250.0,250.0],1.417754e-05],
[[650.0,1.0,1.0],1.84018e-05],
[[650.0,50.0,50.0],1.680449e-05],
[[650.0,100.0,100.0],1.986943e-05],
[[650.0,150.0,150.0],1.965437e-05],
[[650.0,200.0,200.0],2.26194e-05],
[[650.0,250.0,250.0],1.810007e-05],
[[650.0,300.0,300.0],2.56529e-05],
[[700.0,1.0,1.0],2.202448e-05],
[[700.0,50.0,50.0],2.339984e-05],
[[700.0,100.0,100.0],2.302101e-05],
[[700.0,150.0,150.0],2.503542e-05],
[[700.0,200.0,200.0],2.269029e-05],
[[700.0,250.0,250.0],3.307899e-05],
[[700.0,300.0,300.0],2.853994e-05],
[[750.0,1.0,1.0],3.054541e-05],
[[750.0,10.0,10.0],2.810646e-05],
[[750.0,50.0,50.0],2.669306e-05],
[[750.0,100.0,100.0],3.427133e-05],
[[750.0,150.0,150.0],3.000593e-05],
[[750.0,200.0,200.0],3.370747e-05],
[[750.0,250.0,250.0],3.969811e-05],
[[750.0,300.0,300.0],3.68413e-05],
[[750.0,350.0,350.0],4.300168e-05],
[[800.0,1.0,1.0],3.475442e-05],
[[800.0,150.0,150.0],3.774354e-05],
[[800.0,200.0,200.0],4.144527e-05],
[[800.0,250.0,250.0],3.995088e-05],
[[800.0,300.0,300.0],4.055083e-05],
[[800.0,350.0,350.0],4.945963e-05],
[[850.0,1.0,1.0],4.40537e-05],
[[850.0,150.0,150.0],5.333349e-05],
[[850.0,200.0,200.0],4.872061e-05],
[[850.0,250.0,250.0],5.355694e-05],
[[850.0,300.0,300.0],4.916687e-05],
[[850.0,350.0,350.0],5.663779e-05],
[[850.0,400.0,400.0],7.199853e-05],
[[900.0,1.0,1.0],5.598923e-05],
[[900.0,150.0,150.0],6.413557e-05],
[[900.0,200.0,200.0],6.716926e-05],
[[900.0,250.0,250.0],6.41683e-05],
[[900.0,300.0,300.0],7.104772e-05],
[[900.0,350.0,350.0],5.671657e-05],
[[900.0,400.0,400.0],7.567726e-05],
[[950.0,1.0,1.0],6.644443e-05],
[[950.0,150.0,150.0],6.230714e-05],
[[950.0,200.0,200.0],6.788251e-05],
[[950.0,250.0,250.0],6.592564e-05],
[[950.0,300.0,300.0],7.328576e-05],
[[950.0,350.0,350.0],7.140211e-05],
[[950.0,400.0,400.0],8.632873e-05],
[[950.0,450.0,450.0],9.794829e-05],
[[1000.0,1.0,1.0],7.352151e-05],
[[1000.0,10.0,10.0],6.531155e-05],
[[1000.0,50.0,50.0],6.633834e-05],
[[1000.0,100.0,100.0],8.101933e-05],
[[1000.0,150.0,150.0],7.173284e-05],
[[1000.0,200.0,200.0],9.472097e-05],
[[1000.0,250.0,250.0],8.237562e-05],
[[1000.0,300.0,300.0],8.815714e-05],
[[1000.0,350.0,350.0],7.503612e-05],
[[1000.0,400.0,400.0],0.0001107475],
[[1000.0,450.0,450.0],0.0001158127],
[[1050.0,1.0,1.0],9.193233e-05],
[[1050.0,150.0,150.0],0.0001101106],
[[1050.0,200.0,200.0],9.271523e-05],
[[1050.0,250.0,250.0],9.633978e-05],
[[1050.0,300.0,300.0],0.000122648],
[[1050.0,350.0,350.0],0.0001061262],
[[1050.0,400.0,400.0],0.0001089186],
[[1050.0,450.0,450.0],0.0001135132],
[[1050.0,500.0,500.0],0.000372172],
[[1100.0,1.0,1.0],8.560607e-05],
[[1100.0,150.0,150.0],0.0001110028],
[[1100.0,200.0,200.0],0.0001039364],
[[1100.0,250.0,250.0],0.0001226045],
[[1100.0,300.0,300.0],0.00012363],
[[1100.0,350.0,350.0],0.0001222543],
[[1100.0,400.0,400.0],0.0001310328],
[[1100.0,450.0,450.0],0.0001583945],
[[1100.0,500.0,500.0],0.0002226422],
[[1150.0,1.0,1.0],0.000103505],
[[1150.0,150.0,150.0],0.0001195854],
[[1150.0,200.0,200.0],0.0001180278],
[[1150.0,250.0,250.0],0.0001218829],
[[1150.0,300.0,300.0],0.0001416908],
[[1150.0,350.0,350.0],0.0001366271],
[[1150.0,400.0,400.0],0.0001290589],
[[1150.0,450.0,450.0],0.0001673381],
[[1150.0,500.0,500.0],0.00014967],
[[1150.0,550.0,550.0],0.0001574303],
[[1200.0,1.0,1.0],0.0001289619],
[[1200.0,150.0,150.0],0.0001214901],
[[1200.0,200.0,200.0],0.0001359618],
[[1200.0,250.0,250.0],0.0001391999],
[[1200.0,300.0,300.0],0.0001796328],
[[1200.0,350.0,350.0],0.0001704686],
[[1200.0,400.0,400.0],0.0001635727],
[[1200.0,450.0,450.0],0.0001583245],
[[1200.0,500.0,500.0],0.0001681505],
[[1200.0,550.0,550.0],0.0002131182],
[[1250.0,1.0,1.0],0.0001343082],
[[1250.0,10.0,10.0],0.0001258547],
[[1250.0,50.0,50.0],0.000134939],
[[1250.0,100.0,100.0],0.0001320614],
[[1250.0,150.0,150.0],0.0001345808],
[[1250.0,200.0,200.0],0.000155669],
[[1250.0,250.0,250.0],0.000183256],
[[1250.0,300.0,300.0],0.0001712564],
[[1250.0,350.0,350.0],0.0001823349],
[[1250.0,400.0,400.0],0.0001671961],
[[1250.0,450.0,450.0],0.0001682665],
[[1250.0,500.0,500.0],0.0002093284],
[[1250.0,550.0,550.0],0.000226563],
[[1250.0,600.0,600.0],0.0002423807],
[[1300.0,1.0,1.0],0.0001185282],
[[1300.0,150.0,150.0],0.000201502],
[[1300.0,200.0,200.0],0.000205159],
[[1300.0,250.0,250.0],0.0001648692],
[[1300.0,300.0,300.0],0.000188092],
[[1300.0,350.0,350.0],0.0001901119],
[[1300.0,400.0,400.0],0.000194125],
[[1300.0,450.0,450.0],0.0001814654],
[[1300.0,500.0,500.0],0.0002102829],
[[1300.0,550.0,550.0],0.0002194294],
[[1300.0,600.0,600.0],0.0002022589],
[[1350.0,1.0,1.0],0.0002072212],
[[1350.0,150.0,150.0],0.0001688594],
[[1350.0,200.0,200.0],0.000187799],
[[1350.0,250.0,250.0],0.0003379114],
[[1350.0,300.0,300.0],0.0002590294],
[[1350.0,350.0,350.0],0.000201687],
[[1350.0,400.0,400.0],0.0002285839],
[[1350.0,450.0,450.0],0.0002096219],
[[1350.0,500.0,500.0],0.0002390309],
[[1350.0,550.0,550.0],0.0002204895],
[[1350.0,600.0,600.0],0.0002335672],
[[1350.0,650.0,650.0],0.0002770896],
[[1400.0,1.0,1.0],0.000168332],
[[1400.0,150.0,150.0],0.0001948222],
[[1400.0,200.0,200.0],0.0002368079],
[[1400.0,250.0,250.0],0.0002122761],
[[1400.0,300.0,300.0],0.0001938658],
[[1400.0,350.0,350.0],0.0002028901],
[[1400.0,400.0,400.0],0.0002387308],
[[1400.0,450.0,450.0],0.0002429996],
[[1400.0,500.0,500.0],0.0002554741],
[[1400.0,550.0,550.0],0.0002208083],
[[1400.0,600.0,600.0],0.0002472998],
[[1400.0,650.0,650.0],0.0002844818],
[[1450.0,1.0,1.0],0.0001600796],
[[1450.0,150.0,150.0],0.0002925867],
[[1450.0,200.0,200.0],0.0002526032],
[[1450.0,250.0,250.0],0.0002117225],
[[1450.0,300.0,300.0],0.0002337971],
[[1450.0,350.0,350.0],0.0002276521],
[[1450.0,400.0,400.0],0.0002513971],
[[1450.0,450.0,450.0],0.0002514013],
[[1450.0,500.0,500.0],0.0002531099],
[[1450.0,550.0,550.0],0.0002679999],
[[1450.0,600.0,600.0],0.0003323868],
[[1450.0,650.0,650.0],0.00028456],
[[1450.0,700.0,700.0],0.0003019098],
[[1500.0,1.0,1.0],0.0001951837],
[[1500.0,10.0,10.0],0.0001626485],
[[1500.0,50.0,50.0],0.0001701846],
[[1500.0,100.0,100.0],0.0001928167],
[[1500.0,150.0,150.0],0.000200031],
[[1500.0,200.0,200.0],0.0002336314],
[[1500.0,250.0,250.0],0.0003265159],
[[1500.0,300.0,300.0],0.0002434368],
[[1500.0,350.0,350.0],0.000323481],
[[1500.0,400.0,400.0],0.0002627178],
[[1500.0,450.0,450.0],0.000271966],
[[1500.0,500.0,500.0],0.0003632929],
[[1500.0,550.0,550.0],0.0002770486],
[[1500.0,600.0,600.0],0.0003044599],
[[1500.0,650.0,650.0],0.0002949634],
[[1500.0,700.0,700.0],0.0003738028],
[[1500.0,750.0,750.0],0.0003660722],
[[1550.0,1.0,1.0],0.0001882436],
[[1550.0,150.0,150.0],0.0003687583],
[[1550.0,200.0,200.0],0.0002521006],
[[1550.0,250.0,250.0],0.0002947537],
[[1550.0,300.0,300.0],0.0003537819],
[[1550.0,350.0,350.0],0.0002728426],
[[1550.0,400.0,400.0],0.0003805534],
[[1550.0,450.0,450.0],0.0003812968],
[[1550.0,500.0,500.0],0.0005010715],
[[1550.0,550.0,550.0],0.0003200494],
[[1550.0,600.0,600.0],0.0003276683],
[[1550.0,650.0,650.0],0.0002884217],
[[1550.0,700.0,700.0],0.0003303416],
[[1550.0,750.0,750.0],0.0003980823],
[[1600.0,1.0,1.0],0.0002391519],
[[1600.0,150.0,150.0],0.000266589],
[[1600.0,200.0,200.0],0.0002387636],
[[1600.0,250.0,250.0],0.0004437304],
[[1600.0,300.0,300.0],0.0003033858],
[[1600.0,350.0,350.0],0.0002709423],
[[1600.0,400.0,400.0],0.0003467619],
[[1600.0,450.0,450.0],0.0003019977],
[[1600.0,500.0,500.0],0.0003172329],
[[1600.0,550.0,550.0],0.0003199399],
[[1600.0,600.0,600.0],0.0003120252],
[[1600.0,650.0,650.0],0.0003192165],
[[1600.0,700.0,700.0],0.0003739445],
[[1600.0,750.0,750.0],0.0003089457],
[[1650.0,1.0,1.0],0.0001873665],
[[1650.0,150.0,150.0],0.0002309314],
[[1650.0,200.0,200.0],0.0002965625],
[[1650.0,250.0,250.0],0.0002989342],
[[1650.0,300.0,300.0],0.0002807192],
[[1650.0,350.0,350.0],0.0003468969],
[[1650.0,400.0,400.0],0.0003330317],
[[1650.0,450.0,450.0],0.0003210157],
[[1650.0,500.0,500.0],0.0003071889],
[[1650.0,550.0,550.0],0.0003357903],
[[1650.0,600.0,600.0],0.0003514541],
[[1650.0,650.0,650.0],0.0003362664],
[[1650.0,700.0,700.0],0.0003397746],
[[1650.0,750.0,750.0],0.0003596071],
[[1650.0,800.0,800.0],0.000402849],
[[1700.0,1.0,1.0],0.0001940135],
[[1700.0,150.0,150.0],0.0002232358],
[[1700.0,200.0,200.0],0.0002994225],
[[1700.0,250.0,250.0],0.0003559067],
[[1700.0,300.0,300.0],0.0002866772],
[[1700.0,350.0,350.0],0.0003517946],
[[1700.0,400.0,400.0],0.0003646158],
[[1700.0,450.0,450.0],0.0003742246],
[[1700.0,500.0,500.0],0.0003866371],
[[1700.0,550.0,550.0],0.0003995118],
[[1700.0,600.0,600.0],0.0003664318],
[[1700.0,650.0,650.0],0.0005504021],
[[1700.0,700.0,700.0],0.0003583179],
[[1700.0,750.0,750.0],0.0004802328],
[[1700.0,800.0,800.0],0.0004390087],
[[1750.0,1.0,1.0],0.0002094593],
[[1750.0,10.0,10.0],0.0002030605],
[[1750.0,50.0,50.0],0.0002072939],
[[1750.0,100.0,100.0],0.0002773165],
[[1750.0,150.0,150.0],0.0003784063],
[[1750.0,200.0,200.0],0.0002949103],
[[1750.0,250.0,250.0],0.0003247737],
[[1750.0,300.0,300.0],0.0003367675],
[[1750.0,350.0,350.0],0.0003658962],
[[1750.0,400.0,400.0],0.0003054563],
[[1750.0,450.0,450.0],0.0004073813],
[[1750.0,500.0,500.0],0.0003819392],
[[1750.0,550.0,550.0],0.0003868432],
[[1750.0,600.0,600.0],0.0004312333],
[[1750.0,650.0,650.0],0.0004698516],
[[1750.0,700.0,700.0],0.0003635447],
[[1750.0,750.0,750.0],0.0004244641],
[[1750.0,800.0,800.0],0.0004173951],
[[1750.0,850.0,850.0],0.0005421264],
[[1800.0,1.0,1.0],0.0002187924],
[[1800.0,150.0,150.0],0.0002728238],
[[1800.0,200.0,200.0],0.0002853498],
[[1800.0,250.0,250.0],0.0003191391],
[[1800.0,300.0,300.0],0.0004232163],
[[1800.0,350.0,350.0],0.0003827118],
[[1800.0,400.0,400.0],0.0003416667],
[[1800.0,450.0,450.0],0.0003865884],
[[1800.0,500.0,500.0],0.0003996675],
[[1800.0,550.0,550.0],0.0004604623],
[[1800.0,600.0,600.0],0.0004929639],
[[1800.0,650.0,650.0],0.000392579],
[[1800.0,700.0,700.0],0.0005031249],
[[1800.0,750.0,750.0],0.0003923323],
[[1800.0,800.0,800.0],0.0003859855],
[[1800.0,850.0,850.0],0.0005959971],
[[1850.0,1.0,1.0],0.0001912994],
[[1850.0,150.0,150.0],0.0002481981],
[[1850.0,200.0,200.0],0.0003270127],
[[1850.0,250.0,250.0],0.0004845786],
[[1850.0,300.0,300.0],0.0004296458],
[[1850.0,350.0,350.0],0.0003810858],
[[1850.0,400.0,400.0],0.0003824643],
[[1850.0,450.0,450.0],0.0004541822],
[[1850.0,500.0,500.0],0.0005308397],
[[1850.0,550.0,550.0],0.0005760342],
[[1850.0,600.0,600.0],0.0004378746],
[[1850.0,650.0,650.0],0.0004699877],
[[1850.0,700.0,700.0],0.0004415109],
[[1850.0,750.0,750.0],0.0004844094],
[[1850.0,800.0,800.0],0.0005528555],
[[1850.0,850.0,850.0],0.000502285],
[[1850.0,900.0,900.0],0.0005675454],
[[1900.0,1.0,1.0],0.0002285986],
[[1900.0,150.0,150.0],0.0002605764],
[[1900.0,200.0,200.0],0.0003131168],
[[1900.0,250.0,250.0],0.0003766163],
[[1900.0,300.0,300.0],0.0003671841],
[[1900.0,350.0,350.0],0.0003656337],
[[1900.0,400.0,400.0],0.0005317339],
[[1900.0,450.0,450.0],0.0004314122],
[[1900.0,500.0,500.0],0.0004288685],
[[1900.0,550.0,550.0],0.0004229336],
[[1900.0,600.0,600.0],0.0004195323],
[[1900.0,650.0,650.0],0.000654575],
[[1900.0,700.0,700.0],0.0004144062],
[[1900.0,750.0,750.0],0.0005905695],
[[1900.0,800.0,800.0],0.0004497308],
[[1900.0,850.0,850.0],0.0005095834],
[[1900.0,900.0,900.0],0.0006247557],
[[1950.0,1.0,1.0],0.0002009829],
[[1950.0,150.0,150.0],0.0003198062],
[[1950.0,200.0,200.0],0.0003751817],
[[1950.0,250.0,250.0],0.0003466742],
[[1950.0,300.0,300.0],0.0003640125],
[[1950.0,350.0,350.0],0.0005556313],
[[1950.0,400.0,400.0],0.0004317273],
[[1950.0,450.0,450.0],0.0004655942],
[[1950.0,500.0,500.0],0.0005147419],
[[1950.0,550.0,550.0],0.0004857404],
[[1950.0,600.0,600.0],0.000455131],
[[1950.0,650.0,650.0],0.0004707475],
[[1950.0,700.0,700.0],0.0005660902],
[[1950.0,750.0,750.0],0.0004812851],
[[1950.0,800.0,800.0],0.0004959422],
[[1950.0,850.0,850.0],0.0006300184],
[[1950.0,900.0,900.0],0.000500215],
[[1950.0,950.0,950.0],0.0005559618],
[[2000.0,1.0,1.0],0.0002080084],
[[2000.0,10.0,10.0],0.0002061131],
[[2000.0,50.0,50.0],0.0002037725],
[[2000.0,100.0,100.0],0.0002198919],
[[2000.0,150.0,150.0],0.0002959966],
[[2000.0,200.0,200.0],0.0002667843],
[[2000.0,250.0,250.0],0.0003426951],
[[2000.0,300.0,300.0],0.0003964047],
[[2000.0,350.0,350.0],0.0004870547],
[[2000.0,400.0,400.0],0.0004265603],
[[2000.0,450.0,450.0],0.0005311322],
[[2000.0,500.0,500.0],0.0004997628],
[[2000.0,550.0,550.0],0.0005828506],
[[2000.0,600.0,600.0],0.0005862475],
[[2000.0,650.0,650.0],0.0005358315],
[[2000.0,700.0,700.0],0.0004552116],
[[2000.0,750.0,750.0],0.0004849682],
[[2000.0,800.0,800.0],0.0005802694],
[[2000.0,850.0,850.0],0.0006481182],
[[2000.0,900.0,900.0],0.000815709],
[[2000.0,950.0,950.0],0.0006000436],
[[2250.0,1.0,1.0],0.0001763369],
[[2250.0,10.0,10.0],0.0002411166],
[[2250.0,50.0,50.0],0.0002330731],
[[2250.0,100.0,100.0],0.0002349364],
[[2250.0,150.0,150.0],0.0002641295],
[[2250.0,300.0,300.0],0.0004356463],
[[2250.0,500.0,500.0],0.0005003773],
[[2250.0,750.0,750.0],0.0005512572],
[[2250.0,1000.0,1000.0],0.0007927608],
[[2500.0,1.0,1.0],0.0001994145],
[[2500.0,10.0,10.0],0.0002014251],
[[2500.0,50.0,50.0],0.0001983682],
[[2500.0,100.0,100.0],0.0002571556],
[[2500.0,150.0,150.0],0.0002667647],
[[2500.0,300.0,300.0],0.0004583145],
[[2500.0,500.0,500.0],0.0006121658],
[[2500.0,750.0,750.0],0.0007260743],
[[2500.0,1000.0,1000.0],0.0006592518],
[[2500.0,1200.0,1200.0],0.0007501171],
[[2750.0,1.0,1.0],0.0001378825],
[[2750.0,10.0,10.0],0.0001837654],
[[2750.0,50.0,50.0],0.0001604551],
[[2750.0,100.0,100.0],0.0002026605],
[[2750.0,150.0,150.0],0.0002218641],
[[2750.0,300.0,300.0],0.0004862333],
[[2750.0,500.0,500.0],0.0005943236],
[[2750.0,750.0,750.0],0.0008090497],
[[2750.0,1000.0,1000.0],0.00102775],
[[2750.0,1200.0,1200.0],0.0008638568],
[[3000.0,1.0,1.0],0.0001429548],
[[3000.0,10.0,10.0],0.0001242354],
[[3000.0,50.0,50.0],0.0001405562],
[[3000.0,100.0,100.0],0.0001540693],
[[3000.0,150.0,150.0],0.0002130694],
[[3000.0,300.0,300.0],0.0004196739],
[[3000.0,500.0,500.0],0.0007109401],
[[3000.0,750.0,750.0],0.0009347112],
[[3000.0,1000.0,1000.0],0.0007747186],
[[3000.0,1200.0,1200.0],0.0008830554],
[[3000.0,1400.0,1400.0],0.0009492544]]
