txName: TRV1
constraint: {(PV > Zprime(1)), (Zprime(1) > MET(2),MET(3))}
condition: None
conditionDescription: None
figureUrl: https://cms-results.web.cern.ch/cms-results/public-results/publications/EXO-20-004/CMS-EXO-20-004_Figure_007-b.png
source: https://doi.org/10.5281/zenodo.13324003
validated: True
axesMap: [{0: 'x', 1: 'y', 2: 'y'}]
dataMap: {0: (1, 'mass', GeV), 1: (2, 'mass', GeV), 2: (3, 'mass', GeV)}
finalState: ['MET', 'MET']
intermediateState: None
efficiencyMap: [[[50.0,1.0,1.0],6.630176e-09],
[[100.0,1.0,1.0],6.999548e-08],
[[100.0,10.0,10.0],5.605086e-08],
[[150.0,1.0,1.0],2.573986e-07],
[[150.0,75.0,75.0],2.932656e-07],
[[200.0,1.0,1.0],3.648063e-07],
[[200.0,75.0,75.0],5.017058e-07],
[[250.0,1.0,1.0],1.368548e-06],
[[250.0,10.0,10.0],8.247466e-07],
[[250.0,75.0,75.0],1.007965e-06],
[[300.0,1.0,1.0],1.730123e-06],
[[300.0,75.0,75.0],2.490493e-06],
[[350.0,1.0,1.0],3.344617e-06],
[[350.0,75.0,75.0],2.985288e-06],
[[350.0,150.0,150.0],4.03881e-06],
[[400.0,1.0,1.0],3.819948e-06],
[[400.0,75.0,75.0],5.303286e-06],
[[400.0,150.0,150.0],4.975641e-06],
[[450.0,1.0,1.0],6.125932e-06],
[[450.0,75.0,75.0],7.14931e-06],
[[450.0,150.0,150.0],7.088149e-06],
[[450.0,200.0,200.0],6.600839e-06],
[[500.0,1.0,1.0],8.37035e-06],
[[500.0,10.0,10.0],9.732946e-06],
[[500.0,75.0,75.0],8.633238e-06],
[[500.0,150.0,150.0],9.643471e-06],
[[500.0,200.0,200.0],9.9355e-06],
[[550.0,1.0,1.0],1.177441e-05],
[[550.0,75.0,75.0],1.207199e-05],
[[550.0,150.0,150.0],1.033047e-05],
[[550.0,200.0,200.0],1.683827e-05],
[[550.0,250.0,250.0],1.145069e-05],
[[600.0,1.0,1.0],1.409723e-05],
[[600.0,75.0,75.0],1.514075e-05],
[[600.0,150.0,150.0],1.537207e-05],
[[600.0,200.0,200.0],1.435802e-05],
[[600.0,250.0,250.0],1.963804e-05],
[[650.0,1.0,1.0],1.97882e-05],
[[650.0,75.0,75.0],2.005321e-05],
[[650.0,150.0,150.0],1.791288e-05],
[[650.0,200.0,200.0],1.773151e-05],
[[650.0,250.0,250.0],1.854033e-05],
[[650.0,300.0,300.0],1.920415e-05],
[[700.0,1.0,1.0],2.440269e-05],
[[700.0,75.0,75.0],2.037281e-05],
[[700.0,150.0,150.0],2.329617e-05],
[[700.0,200.0,200.0],2.153211e-05],
[[700.0,250.0,250.0],2.156916e-05],
[[700.0,300.0,300.0],2.54362e-05],
[[750.0,1.0,1.0],2.417903e-05],
[[750.0,10.0,10.0],2.859533e-05],
[[750.0,75.0,75.0],2.856261e-05],
[[750.0,150.0,150.0],2.129217e-05],
[[750.0,200.0,200.0],2.630866e-05],
[[750.0,250.0,250.0],2.966096e-05],
[[750.0,300.0,300.0],3.056556e-05],
[[750.0,350.0,350.0],3.122567e-05],
[[800.0,1.0,1.0],2.845521e-05],
[[800.0,75.0,75.0],3.174347e-05],
[[800.0,150.0,150.0],3.07173e-05],
[[800.0,200.0,200.0],3.970981e-05],
[[800.0,250.0,250.0],2.506771e-05],
[[800.0,300.0,300.0],2.961303e-05],
[[800.0,350.0,350.0],2.914848e-05],
[[850.0,1.0,1.0],3.970711e-05],
[[850.0,75.0,75.0],3.421764e-05],
[[850.0,150.0,150.0],4.737665e-05],
[[850.0,200.0,200.0],3.533867e-05],
[[850.0,250.0,250.0],3.636909e-05],
[[850.0,300.0,300.0],4.019481e-05],
[[850.0,350.0,350.0],3.324287e-05],
[[850.0,400.0,400.0],4.039268e-05],
[[900.0,1.0,1.0],3.87126e-05],
[[900.0,75.0,75.0],3.945535e-05],
[[900.0,150.0,150.0],4.59266e-05],
[[900.0,200.0,200.0],3.561098e-05],
[[900.0,250.0,250.0],4.134209e-05],
[[900.0,300.0,300.0],3.711036e-05],
[[900.0,350.0,350.0],4.005621e-05],
[[900.0,400.0,400.0],4.563316e-05],
[[950.0,1.0,1.0],4.400804e-05],
[[950.0,75.0,75.0],4.72985e-05],
[[950.0,150.0,150.0],4.430722e-05],
[[950.0,200.0,200.0],4.150886e-05],
[[950.0,250.0,250.0],4.330362e-05],
[[950.0,300.0,300.0],4.458854e-05],
[[950.0,350.0,350.0],4.743933e-05],
[[950.0,400.0,400.0],3.941881e-05],
[[950.0,450.0,450.0],4.089271e-05],
[[1000.0,1.0,1.0],5.224909e-05],
[[1000.0,10.0,10.0],5.169179e-05],
[[1000.0,75.0,75.0],4.338196e-05],
[[1000.0,150.0,150.0],5.21942e-05],
[[1000.0,200.0,200.0],6.441747e-05],
[[1000.0,250.0,250.0],4.455517e-05],
[[1000.0,300.0,300.0],4.808161e-05],
[[1000.0,350.0,350.0],5.882127e-05],
[[1000.0,400.0,400.0],5.136893e-05],
[[1000.0,450.0,450.0],4.741209e-05],
[[1050.0,1.0,1.0],5.367257e-05],
[[1050.0,75.0,75.0],5.493012e-05],
[[1050.0,150.0,150.0],5.452466e-05],
[[1050.0,200.0,200.0],5.796428e-05],
[[1050.0,250.0,250.0],6.223819e-05],
[[1050.0,300.0,300.0],5.488661e-05],
[[1050.0,350.0,350.0],6.172925e-05],
[[1050.0,400.0,400.0],6.010393e-05],
[[1050.0,450.0,450.0],6.152062e-05],
[[1050.0,500.0,500.0],5.700573e-05],
[[1100.0,1.0,1.0],6.370924e-05],
[[1100.0,75.0,75.0],5.584133e-05],
[[1100.0,150.0,150.0],5.719488e-05],
[[1100.0,200.0,200.0],5.913403e-05],
[[1100.0,250.0,250.0],6.076522e-05],
[[1100.0,300.0,300.0],5.767551e-05],
[[1100.0,350.0,350.0],5.83421e-05],
[[1100.0,400.0,400.0],6.738976e-05],
[[1100.0,450.0,450.0],6.653832e-05],
[[1100.0,500.0,500.0],5.708306e-05],
[[1150.0,1.0,1.0],6.326081e-05],
[[1150.0,75.0,75.0],7.200513e-05],
[[1150.0,150.0,150.0],6.380443e-05],
[[1150.0,200.0,200.0],6.557022e-05],
[[1150.0,250.0,250.0],6.831202e-05],
[[1150.0,300.0,300.0],7.201886e-05],
[[1150.0,350.0,350.0],6.547685e-05],
[[1150.0,400.0,400.0],7.580684e-05],
[[1150.0,450.0,450.0],7.840457e-05],
[[1150.0,500.0,500.0],7.183489e-05],
[[1150.0,550.0,550.0],6.128705e-05],
[[1200.0,1.0,1.0],6.260942e-05],
[[1200.0,75.0,75.0],6.494393e-05],
[[1200.0,150.0,150.0],7.299937e-05],
[[1200.0,200.0,200.0],7.23305e-05],
[[1200.0,250.0,250.0],6.605718e-05],
[[1200.0,300.0,300.0],6.971495e-05],
[[1200.0,350.0,350.0],7.786394e-05],
[[1200.0,400.0,400.0],6.528632e-05],
[[1200.0,450.0,450.0],7.237758e-05],
[[1200.0,500.0,500.0],8.973867e-05],
[[1200.0,550.0,550.0],7.870808e-05],
[[1250.0,1.0,1.0],7.270262e-05],
[[1250.0,10.0,10.0],8.343116e-05],
[[1250.0,75.0,75.0],7.930679e-05],
[[1250.0,150.0,150.0],7.915689e-05],
[[1250.0,200.0,200.0],7.246822e-05],
[[1250.0,250.0,250.0],8.45524e-05],
[[1250.0,300.0,300.0],7.88556e-05],
[[1250.0,350.0,350.0],8.169524e-05],
[[1250.0,400.0,400.0],7.199193e-05],
[[1250.0,450.0,450.0],9.164286e-05],
[[1250.0,500.0,500.0],8.063599e-05],
[[1250.0,550.0,550.0],7.575679e-05],
[[1250.0,600.0,600.0],8.512907e-05],
[[1300.0,1.0,1.0],8.301326e-05],
[[1300.0,75.0,75.0],7.018991e-05],
[[1300.0,150.0,150.0],0.0001008132],
[[1300.0,200.0,200.0],7.854901e-05],
[[1300.0,250.0,250.0],6.61481e-05],
[[1300.0,300.0,300.0],7.402435e-05],
[[1300.0,350.0,350.0],8.883585e-05],
[[1300.0,400.0,400.0],9.623078e-05],
[[1300.0,450.0,450.0],8.37671e-05],
[[1300.0,500.0,500.0],7.988985e-05],
[[1300.0,550.0,550.0],8.541856e-05],
[[1300.0,600.0,600.0],8.410486e-05],
[[1350.0,1.0,1.0],9.654315e-05],
[[1350.0,75.0,75.0],8.864168e-05],
[[1350.0,150.0,150.0],9.026752e-05],
[[1350.0,200.0,200.0],8.825357e-05],
[[1350.0,250.0,250.0],8.865678e-05],
[[1350.0,300.0,300.0],8.161632e-05],
[[1350.0,350.0,350.0],9.18806e-05],
[[1350.0,400.0,400.0],9.790963e-05],
[[1350.0,450.0,450.0],7.859515e-05],
[[1350.0,500.0,500.0],8.214907e-05],
[[1350.0,550.0,550.0],9.591451e-05],
[[1350.0,600.0,600.0],8.054685e-05],
[[1350.0,650.0,650.0],0.0001123523],
[[1400.0,1.0,1.0],8.655377e-05],
[[1400.0,75.0,75.0],0.0001015935],
[[1400.0,150.0,150.0],9.293455e-05],
[[1400.0,200.0,200.0],9.460535e-05],
[[1400.0,250.0,250.0],9.143202e-05],
[[1400.0,300.0,300.0],9.587224e-05],
[[1400.0,350.0,350.0],8.968434e-05],
[[1400.0,400.0,400.0],0.0001000231],
[[1400.0,450.0,450.0],7.920474e-05],
[[1400.0,500.0,500.0],0.0001060187],
[[1400.0,550.0,550.0],8.914534e-05],
[[1400.0,600.0,600.0],8.653988e-05],
[[1400.0,650.0,650.0],0.0001421322],
[[1450.0,1.0,1.0],9.539158e-05],
[[1450.0,75.0,75.0],8.343268e-05],
[[1450.0,150.0,150.0],9.972615e-05],
[[1450.0,200.0,200.0],8.989099e-05],
[[1450.0,250.0,250.0],0.0001080412],
[[1450.0,300.0,300.0],9.543162e-05],
[[1450.0,350.0,350.0],0.0001060182],
[[1450.0,400.0,400.0],8.693622e-05],
[[1450.0,450.0,450.0],9.575591e-05],
[[1450.0,500.0,500.0],9.35613e-05],
[[1450.0,550.0,550.0],9.26041e-05],
[[1450.0,600.0,600.0],9.84498e-05],
[[1450.0,650.0,650.0],9.330295e-05],
[[1450.0,700.0,700.0],0.0001194351],
[[1500.0,1.0,1.0],9.89809e-05],
[[1500.0,10.0,10.0],0.0001109902],
[[1500.0,75.0,75.0],0.000110346],
[[1500.0,150.0,150.0],9.972363e-05],
[[1500.0,200.0,200.0],0.0001050227],
[[1500.0,250.0,250.0],0.0001093299],
[[1500.0,300.0,300.0],0.0001104431],
[[1500.0,350.0,350.0],0.0001261807],
[[1500.0,400.0,400.0],0.0001019905],
[[1500.0,450.0,450.0],0.000109249],
[[1500.0,500.0,500.0],0.0001214548],
[[1500.0,550.0,550.0],0.0001050283],
[[1500.0,600.0,600.0],0.0001319411],
[[1500.0,650.0,650.0],0.0001133817],
[[1500.0,700.0,700.0],0.0001076176],
[[1500.0,750.0,750.0],0.0001163259],
[[1550.0,1.0,1.0],9.39925e-05],
[[1550.0,75.0,75.0],0.0001000587],
[[1550.0,150.0,150.0],0.000106471],
[[1550.0,200.0,200.0],9.955719e-05],
[[1550.0,250.0,250.0],0.0001007191],
[[1550.0,300.0,300.0],0.0001102998],
[[1550.0,350.0,350.0],0.0001290967],
[[1550.0,400.0,400.0],0.0001163852],
[[1550.0,450.0,450.0],0.0001132958],
[[1550.0,500.0,500.0],0.000120131],
[[1550.0,550.0,550.0],0.0001076154],
[[1550.0,600.0,600.0],0.0001065526],
[[1550.0,650.0,650.0],0.0001303469],
[[1550.0,700.0,700.0],0.0001203824],
[[1550.0,750.0,750.0],0.00011247],
[[1600.0,1.0,1.0],0.0001113818],
[[1600.0,75.0,75.0],0.0001106043],
[[1600.0,150.0,150.0],0.0001456421],
[[1600.0,200.0,200.0],0.0001100501],
[[1600.0,250.0,250.0],0.0001038944],
[[1600.0,300.0,300.0],0.000114624],
[[1600.0,350.0,350.0],0.0001088528],
[[1600.0,400.0,400.0],0.0001175061],
[[1600.0,450.0,450.0],0.000103104],
[[1600.0,500.0,500.0],0.0001302824],
[[1600.0,550.0,550.0],0.0001032392],
[[1600.0,600.0,600.0],0.0001059136],
[[1600.0,650.0,650.0],0.0001262936],
[[1600.0,700.0,700.0],0.0001216754],
[[1600.0,750.0,750.0],0.0001480198],
[[1650.0,1.0,1.0],0.0001133783],
[[1650.0,75.0,75.0],0.0001050232],
[[1650.0,150.0,150.0],0.0001301166],
[[1650.0,200.0,200.0],0.0001071007],
[[1650.0,250.0,250.0],0.0001298107],
[[1650.0,300.0,300.0],0.0001273665],
[[1650.0,350.0,350.0],9.909206e-05],
[[1650.0,400.0,400.0],0.0001275869],
[[1650.0,450.0,450.0],0.0001264117],
[[1650.0,500.0,500.0],0.0001517147],
[[1650.0,550.0,550.0],0.0001072227],
[[1650.0,600.0,600.0],0.0001318847],
[[1650.0,650.0,650.0],0.000145078],
[[1650.0,700.0,700.0],0.0001117979],
[[1650.0,750.0,750.0],0.0001331459],
[[1650.0,800.0,800.0],0.0001715913],
[[1700.0,1.0,1.0],0.0001253392],
[[1700.0,75.0,75.0],0.0001561294],
[[1700.0,150.0,150.0],0.0001237437],
[[1700.0,200.0,200.0],0.0001148352],
[[1700.0,250.0,250.0],0.0001092348],
[[1700.0,300.0,300.0],0.0001238378],
[[1700.0,350.0,350.0],0.0001285781],
[[1700.0,400.0,400.0],0.0001329928],
[[1700.0,450.0,450.0],0.0001335157],
[[1700.0,500.0,500.0],0.0001283283],
[[1700.0,550.0,550.0],0.0001482211],
[[1700.0,600.0,600.0],0.0001156872],
[[1700.0,650.0,650.0],0.0001350859],
[[1700.0,700.0,700.0],0.0001325513],
[[1700.0,750.0,750.0],0.000134617],
[[1700.0,800.0,800.0],0.0001504435],
[[1750.0,1.0,1.0],0.0001228879],
[[1750.0,10.0,10.0],0.0001272297],
[[1750.0,75.0,75.0],0.0001216831],
[[1750.0,150.0,150.0],0.000123337],
[[1750.0,200.0,200.0],0.0001212735],
[[1750.0,250.0,250.0],0.0001219746],
[[1750.0,300.0,300.0],0.0001308513],
[[1750.0,350.0,350.0],0.0001224846],
[[1750.0,400.0,400.0],0.0001755325],
[[1750.0,450.0,450.0],0.0001340033],
[[1750.0,500.0,500.0],0.0001253465],
[[1750.0,550.0,550.0],0.0001317977],
[[1750.0,600.0,600.0],0.0001256926],
[[1750.0,650.0,650.0],0.0001759822],
[[1750.0,700.0,700.0],0.0001188027],
[[1750.0,750.0,750.0],0.0001550629],
[[1750.0,800.0,800.0],0.0001388841],
[[1750.0,850.0,850.0],0.0001335033],
[[1800.0,1.0,1.0],0.0001213313],
[[1800.0,75.0,75.0],0.0001212139],
[[1800.0,150.0,150.0],0.0001111351],
[[1800.0,200.0,200.0],0.0001178335],
[[1800.0,250.0,250.0],0.0001351344],
[[1800.0,300.0,300.0],0.0001198091],
[[1800.0,350.0,350.0],0.0001294163],
[[1800.0,400.0,400.0],0.0001647055],
[[1800.0,450.0,450.0],0.0001275152],
[[1800.0,500.0,500.0],0.0001254784],
[[1800.0,550.0,550.0],0.0001344543],
[[1800.0,600.0,600.0],0.0001364805],
[[1800.0,650.0,650.0],0.0001160576],
[[1800.0,700.0,700.0],0.0001440065],
[[1800.0,750.0,750.0],0.0001448923],
[[1800.0,800.0,800.0],0.0001532948],
[[1800.0,850.0,850.0],0.0001469093],
[[1850.0,1.0,1.0],0.0001375982],
[[1850.0,75.0,75.0],0.0001383508],
[[1850.0,150.0,150.0],0.0001582476],
[[1850.0,200.0,200.0],0.0001455265],
[[1850.0,250.0,250.0],0.0001326213],
[[1850.0,300.0,300.0],0.0001303663],
[[1850.0,350.0,350.0],0.0001387268],
[[1850.0,400.0,400.0],0.0001446405],
[[1850.0,450.0,450.0],0.0001452759],
[[1850.0,500.0,500.0],0.000153868],
[[1850.0,550.0,550.0],0.0001489352],
[[1850.0,600.0,600.0],0.000154708],
[[1850.0,650.0,650.0],0.0001380612],
[[1850.0,700.0,700.0],0.0001387423],
[[1850.0,750.0,750.0],0.0001424276],
[[1850.0,800.0,800.0],0.0001492646],
[[1850.0,850.0,850.0],0.0001670628],
[[1850.0,900.0,900.0],0.0001689251],
[[1900.0,1.0,1.0],0.0001156004],
[[1900.0,75.0,75.0],0.0001242464],
[[1900.0,150.0,150.0],0.000119421],
[[1900.0,200.0,200.0],0.0001329333],
[[1900.0,250.0,250.0],0.0001199303],
[[1900.0,300.0,300.0],0.0001472337],
[[1900.0,350.0,350.0],0.0001769657],
[[1900.0,400.0,400.0],0.0001352693],
[[1900.0,450.0,450.0],0.0001725205],
[[1900.0,500.0,500.0],0.0001440469],
[[1900.0,550.0,550.0],0.0001370241],
[[1900.0,600.0,600.0],0.0001340817],
[[1900.0,650.0,650.0],0.0001591448],
[[1900.0,700.0,700.0],0.000151504],
[[1900.0,750.0,750.0],0.0001380354],
[[1900.0,800.0,800.0],0.000148121],
[[1900.0,850.0,850.0],0.0001395581],
[[1900.0,900.0,900.0],0.0001334199],
[[1950.0,1.0,1.0],0.0001370358],
[[1950.0,75.0,75.0],0.0001410365],
[[1950.0,150.0,150.0],0.0001312195],
[[1950.0,200.0,200.0],0.0001490954],
[[1950.0,250.0,250.0],0.0001477864],
[[1950.0,300.0,300.0],0.0001610313],
[[1950.0,350.0,350.0],0.0001748089],
[[1950.0,400.0,400.0],0.0001552251],
[[1950.0,450.0,450.0],0.0001585948],
[[1950.0,500.0,500.0],0.0001398087],
[[1950.0,550.0,550.0],0.0001296094],
[[1950.0,600.0,600.0],0.0001383487],
[[1950.0,650.0,650.0],0.000143477],
[[1950.0,700.0,700.0],0.0001867242],
[[1950.0,750.0,750.0],0.0001707331],
[[1950.0,800.0,800.0],0.0001676833],
[[1950.0,850.0,850.0],0.0001486181],
[[1950.0,900.0,900.0],0.000163492],
[[1950.0,950.0,950.0],0.0001631994],
[[2000.0,1.0,1.0],0.0001639715],
[[2000.0,75.0,75.0],0.0001562809],
[[2000.0,150.0,150.0],0.0001499126],
[[2000.0,200.0,200.0],0.0001553058],
[[2000.0,250.0,250.0],0.0001380815],
[[2000.0,300.0,300.0],0.0001939566],
[[2000.0,350.0,350.0],0.0001488717],
[[2000.0,400.0,400.0],0.0001596264],
[[2000.0,450.0,450.0],0.0001342617],
[[2000.0,500.0,500.0],0.0001388943],
[[2000.0,550.0,550.0],0.0001614266],
[[2000.0,600.0,600.0],0.0001603959],
[[2000.0,650.0,650.0],0.0001664122],
[[2000.0,700.0,700.0],0.000160825],
[[2000.0,750.0,750.0],0.0001521129],
[[2000.0,800.0,800.0],0.0001577396],
[[2000.0,850.0,850.0],0.000190338],
[[2000.0,900.0,900.0],0.0001593727],
[[2000.0,950.0,950.0],0.0001629093],
[[2250.0,1.0,1.0],0.0001646181],
[[2250.0,75.0,75.0],0.0001846476],
[[2250.0,150.0,150.0],0.0001793471],
[[2250.0,300.0,300.0],0.0001559577],
[[2250.0,500.0,500.0],0.0001692922],
[[2250.0,750.0,750.0],0.0001685615],
[[2250.0,1000.0,1000.0],0.0001689514],
[[2500.0,1.0,1.0],0.0001882016],
[[2500.0,75.0,75.0],0.0001591062],
[[2500.0,150.0,150.0],0.0001949275],
[[2500.0,300.0,300.0],0.0001679796],
[[2500.0,500.0,500.0],0.0001702216],
[[2500.0,750.0,750.0],0.0002015626],
[[2500.0,1000.0,1000.0],0.0002001308],
[[2500.0,1200.0,1200.0],0.0001947348],
[[2750.0,1.0,1.0],0.0001818569],
[[2750.0,75.0,75.0],0.0001851448],
[[2750.0,150.0,150.0],0.0002001283],
[[2750.0,300.0,300.0],0.000190471],
[[2750.0,500.0,500.0],0.0002024614],
[[2750.0,750.0,750.0],0.0001740255],
[[2750.0,1000.0,1000.0],0.0002029324],
[[2750.0,1200.0,1200.0],0.0002108643],
[[3000.0,1.0,1.0],0.000180632],
[[3000.0,75.0,75.0],0.0001992878],
[[3000.0,150.0,150.0],0.0002113005],
[[3000.0,300.0,300.0],0.0002194628],
[[3000.0,500.0,500.0],0.0002047492],
[[3000.0,750.0,750.0],0.0002165473],
[[3000.0,1000.0,1000.0],0.0001941003],
[[3000.0,1200.0,1200.0],0.0001916439],
[[3000.0,1400.0,1400.0],0.0002367311]]
