txName: TRV1
constraint: {(PV > Zprime(1)), (Zprime(1) > MET(2),MET(3))}
condition: None
conditionDescription: None
figureUrl: None
source: Recast by CM2
validated: True
axesMap: [{0: 'x', 1: 'y', 2: 'y'}]
dataMap: {0: (1, 'mass', GeV), 1: (2, 'mass', GeV), 2: (3, 'mass', GeV)}
finalState: ['MET', 'MET']
intermediateState: None
efficiencyMap: [[[50.0,0,0],0.0],
[[50.0,1.0,1.0],0],
[[50.0,10.0,10.0],0.0],
[[50.0,20.0,20.0],0.0],
[[100.0,0,0],0.0],
[[100.0,1.0,1.0],0],
[[100.0,10.0,10.0],0],
[[150.0,0,0],0],
[[150.0,1.0,1.0],0],
[[150.0,10.0,10.0],0.0],
[[150.0,50.0,50.0],0],
[[150.0,70.0,70.0],0],
[[200.0,0,0],0],
[[200.0,1.0,1.0],0],
[[200.0,10.0,10.0],0],
[[200.0,50.0,50.0],0],
[[200.0,75.0,75.0],0],
[[250.0,0,0],0],
[[250.0,1.0,1.0],0],
[[250.0,10.0,10.0],0],
[[250.0,50.0,50.0],0],
[[250.0,75.0,75.0],0],
[[250.0,100.0,100.0],0],
[[250.0,120.0,120.0],0],
[[300.0,0,0],0],
[[300.0,1.0,1.0],0],
[[300.0,10.0,10.0],0],
[[300.0,50.0,50.0],0],
[[300.0,75.0,75.0],0],
[[300.0,100.0,100.0],0],
[[350.0,0,0],0],
[[350.0,1.0,1.0],0],
[[350.0,10.0,10.0],0],
[[350.0,50.0,50.0],0],
[[350.0,75.0,75.0],0],
[[350.0,100.0,100.0],0],
[[350.0,150.0,150.0],0],
[[350.0,170.0,170.0],0],
[[400.0,0,0],0],
[[400.0,1.0,1.0],0],
[[400.0,10.0,10.0],0],
[[400.0,50.0,50.0],0],
[[400.0,75.0,75.0],0],
[[400.0,100.0,100.0],0],
[[400.0,150.0,150.0],0],
[[450.0,0,0],0],
[[450.0,1.0,1.0],0],
[[450.0,10.0,10.0],0],
[[450.0,50.0,50.0],0],
[[450.0,75.0,75.0],0],
[[450.0,100.0,100.0],0],
[[450.0,150.0,150.0],0],
[[450.0,200.0,200.0],0],
[[450.0,220.0,220.0],0],
[[500.0,0,0],0],
[[500.0,1.0,1.0],0],
[[500.0,10.0,10.0],0],
[[500.0,50.0,50.0],0],
[[500.0,75.0,75.0],0],
[[500.0,100.0,100.0],0],
[[500.0,150.0,150.0],0],
[[500.0,200.0,200.0],0],
[[550.0,1.0,1.0],0],
[[550.0,10.0,10.0],0],
[[550.0,75.0,75.0],0],
[[550.0,150.0,150.0],0],
[[550.0,200.0,200.0],0],
[[550.0,250.0,250.0],0],
[[550.0,270.0,270.0],0],
[[600.0,0,0],0],
[[600.0,1.0,1.0],0],
[[600.0,10.0,10.0],0],
[[600.0,50.0,50.0],1.70155e-06],
[[600.0,75.0,75.0],0],
[[600.0,100.0,100.0],0],
[[600.0,150.0,150.0],0],
[[600.0,200.0,200.0],1.868269e-06],
[[600.0,250.0,250.0],0],
[[600.0,295.0,295.0],1.747504e-06],
[[650.0,1.0,1.0],0],
[[650.0,10.0,10.0],1.840777e-06],
[[650.0,75.0,75.0],1.856307e-06],
[[650.0,150.0,150.0],1.655593e-06],
[[650.0,200.0,200.0],0],
[[650.0,250.0,250.0],0],
[[650.0,300.0,300.0],2.565871e-06],
[[650.0,320.0,320.0],3.133048e-06],
[[700.0,0,0],2.160975e-06],
[[700.0,1.0,1.0],1.891931e-06],
[[700.0,10.0,10.0],2.770147e-06],
[[700.0,50.0,50.0],1.991882e-06],
[[700.0,75.0,75.0],2.08027e-06],
[[700.0,100.0,100.0],0],
[[700.0,150.0,150.0],2.594263e-06],
[[700.0,200.0,200.0],2.008203e-06],
[[700.0,250.0,250.0],1.831349e-06],
[[700.0,300.0,300.0],1.912151e-06],
[[750.0,1.0,1.0],2.610393e-06],
[[750.0,10.0,10.0],2.637239e-06],
[[750.0,75.0,75.0],2.847393e-06],
[[750.0,150.0,150.0],3.044847e-06],
[[750.0,200.0,200.0],2.997016e-06],
[[750.0,250.0,250.0],2.948867e-06],
[[750.0,300.0,300.0],4.55869e-06],
[[750.0,350.0,350.0],4.11577e-06],
[[750.0,370.0,370.0],2.823086e-06],
[[800.0,0,0],2.930021e-06],
[[800.0,1.0,1.0],3.3713e-06],
[[800.0,10.0,10.0],2.910727e-06],
[[800.0,50.0,50.0],2.644173e-06],
[[800.0,75.0,75.0],3.672491e-06],
[[800.0,100.0,100.0],3.184728e-06],
[[800.0,150.0,150.0],3.311486e-06],
[[800.0,200.0,200.0],3.584468e-06],
[[800.0,250.0,250.0],3.887735e-06],
[[800.0,300.0,300.0],3.946984e-06],
[[800.0,350.0,350.0],3.169566e-06],
[[850.0,1.0,1.0],4.874858e-06],
[[850.0,10.0,10.0],3.715645e-06],
[[850.0,75.0,75.0],3.518757e-06],
[[850.0,150.0,150.0],3.278084e-06],
[[850.0,200.0,200.0],4.390612e-06],
[[850.0,250.0,250.0],4.011395e-06],
[[850.0,300.0,300.0],4.033253e-06],
[[850.0,350.0,350.0],4.467812e-06],
[[850.0,400.0,400.0],4.222718e-06],
[[850.0,420.0,420.0],4.575033e-06],
[[900.0,0,0],5.470489e-06],
[[900.0,1.0,1.0],4.484828e-06],
[[900.0,10.0,10.0],4.441327e-06],
[[900.0,50.0,50.0],4.67063e-06],
[[900.0,75.0,75.0],4.336614e-06],
[[900.0,100.0,100.0],5.004626e-06],
[[900.0,150.0,150.0],4.899807e-06],
[[900.0,200.0,200.0],5.55577e-06],
[[900.0,250.0,250.0],5.276126e-06],
[[900.0,300.0,300.0],4.223703e-06],
[[900.0,350.0,350.0],5.911515e-06],
[[900.0,400.0,400.0],5.329918e-06],
[[950.0,1.0,1.0],4.381434e-06],
[[950.0,10.0,10.0],5.934376e-06],
[[950.0,75.0,75.0],5.444733e-06],
[[950.0,150.0,150.0],6.105032e-06],
[[950.0,200.0,200.0],5.309131e-06],
[[950.0,250.0,250.0],5.416095e-06],
[[950.0,300.0,300.0],5.52795e-06],
[[950.0,350.0,350.0],4.834047e-06],
[[950.0,400.0,400.0],5.693626e-06],
[[950.0,450.0,450.0],5.93773e-06],
[[950.0,470.0,470.0],6.786124e-06],
[[1000.0,0,0],6.640316e-06],
[[1000.0,50.0,50.0],6.023126e-06],
[[1000.0,100.0,100.0],6.210909e-06],
[[1000.0,150.0,150.0],6.000935e-06],
[[1000.0,200.0,200.0],5.546761e-06],
[[1000.0,250.0,250.0],6.702625e-06],
[[1000.0,300.0,300.0],8.334598e-06],
[[1000.0,350.0,350.0],6.758783e-06],
[[1000.0,400.0,400.0],6.472089e-06],
[[1000.0,450.0,450.0],6.566622e-06],
[[1050.0,520.0,520.0],9.25908e-06],
[[1100.0,0,0],7.40298e-06],
[[1100.0,100.0,100.0],8.712895e-06],
[[1100.0,200.0,200.0],8.988124e-06],
[[1100.0,300.0,300.0],9.001924e-06],
[[1100.0,400.0,400.0],8.957435e-06],
[[1100.0,500.0,500.0],9.20685e-06],
[[1150.0,570.0,570.0],1.132732e-05],
[[1200.0,0,0],1.002505e-05],
[[1200.0,100.0,100.0],1.007278e-05],
[[1200.0,200.0,200.0],1.012012e-05],
[[1200.0,300.0,300.0],1.038767e-05],
[[1200.0,400.0,400.0],1.096802e-05],
[[1200.0,500.0,500.0],1.230403e-05],
[[1250.0,620.0,620.0],1.337802e-05],
[[1300.0,0,0],1.034002e-05],
[[1300.0,100.0,100.0],1.337294e-05],
[[1300.0,200.0,200.0],1.105037e-05],
[[1300.0,300.0,300.0],1.410751e-05],
[[1300.0,400.0,400.0],1.416681e-05],
[[1300.0,500.0,500.0],1.234756e-05],
[[1300.0,600.0,600.0],1.521658e-05],
[[1350.0,670.0,670.0],1.730396e-05],
[[1400.0,0,0],1.484272e-05],
[[1400.0,100.0,100.0],1.374947e-05],
[[1400.0,200.0,200.0],1.779783e-05],
[[1400.0,300.0,300.0],1.669056e-05],
[[1400.0,400.0,400.0],1.559634e-05],
[[1400.0,500.0,500.0],1.588447e-05],
[[1400.0,600.0,600.0],1.584388e-05],
[[1450.0,720.0,720.0],1.811041e-05],
[[1500.0,0,0],1.668348e-05],
[[1500.0,100.0,100.0],1.796726e-05],
[[1500.0,200.0,200.0],1.875241e-05],
[[1500.0,300.0,300.0],1.778683e-05],
[[1500.0,400.0,400.0],1.954592e-05],
[[1500.0,500.0,500.0],1.981304e-05],
[[1500.0,600.0,600.0],1.749125e-05],
[[1500.0,700.0,700.0],1.816185e-05],
[[1550.0,770.0,770.0],2.124526e-05],
[[1600.0,0,0],2.108192e-05],
[[1600.0,100.0,100.0],1.87294e-05],
[[1600.0,200.0,200.0],2.073077e-05],
[[1600.0,300.0,300.0],2.318947e-05],
[[1600.0,400.0,400.0],2.059772e-05],
[[1600.0,500.0,500.0],2.131894e-05],
[[1600.0,600.0,600.0],2.064534e-05],
[[1600.0,700.0,700.0],2.178517e-05],
[[1650.0,820.0,820.0],2.801814e-05],
[[1700.0,0,0],2.470292e-05],
[[1700.0,100.0,100.0],2.371078e-05],
[[1700.0,200.0,200.0],2.324133e-05],
[[1700.0,300.0,300.0],2.389007e-05],
[[1700.0,400.0,400.0],2.489177e-05],
[[1700.0,500.0,500.0],2.323391e-05],
[[1700.0,600.0,600.0],2.490946e-05],
[[1700.0,700.0,700.0],2.520771e-05],
[[1700.0,800.0,800.0],2.939943e-05],
[[1750.0,870.0,870.0],3.042512e-05],
[[1800.0,0,0],2.745809e-05],
[[1800.0,100.0,100.0],2.685485e-05],
[[1800.0,200.0,200.0],2.943451e-05],
[[1800.0,300.0,300.0],2.696795e-05],
[[1800.0,400.0,400.0],2.529088e-05],
[[1800.0,500.0,500.0],2.784546e-05],
[[1800.0,600.0,600.0],2.73875e-05],
[[1800.0,700.0,700.0],3.018634e-05],
[[1800.0,800.0,800.0],2.752074e-05],
[[1850.0,920.0,920.0],3.483039e-05],
[[1900.0,0,0],2.744431e-05],
[[1900.0,100.0,100.0],2.684224e-05],
[[1900.0,200.0,200.0],2.870891e-05],
[[1900.0,300.0,300.0],2.916082e-05],
[[1900.0,400.0,400.0],2.856867e-05],
[[1900.0,500.0,500.0],4.019767e-05],
[[1900.0,600.0,600.0],2.911831e-05],
[[1900.0,700.0,700.0],3.485305e-05],
[[1900.0,800.0,800.0],3.112687e-05],
[[1900.0,900.0,900.0],3.306404e-05],
[[1950.0,970.0,970.0],3.596703e-05],
[[2000.0,0,0],2.692134e-05],
[[2000.0,100.0,100.0],2.996662e-05],
[[2000.0,200.0,200.0],3.544126e-05],
[[2000.0,300.0,300.0],3.310165e-05],
[[2000.0,400.0,400.0],3.418912e-05],
[[2000.0,500.0,500.0],3.53796e-05],
[[2000.0,600.0,600.0],3.515785e-05],
[[2000.0,700.0,700.0],3.66208e-05],
[[2000.0,800.0,800.0],3.129897e-05],
[[2000.0,900.0,900.0],3.369106e-05],
[[2050.0,1020.0,1020.0],3.728041e-05],
[[2100.0,0,0],3.047978e-05],
[[2100.0,100.0,100.0],3.630724e-05],
[[2100.0,200.0,200.0],3.175932e-05],
[[2100.0,300.0,300.0],3.331835e-05],
[[2100.0,400.0,400.0],3.702556e-05],
[[2100.0,500.0,500.0],3.52138e-05],
[[2100.0,600.0,600.0],3.406962e-05],
[[2100.0,700.0,700.0],3.932796e-05],
[[2100.0,800.0,800.0],4.649855e-05],
[[2100.0,900.0,900.0],4.620895e-05],
[[2100.0,1000.0,1000.0],4.284878e-05],
[[2150.0,1070.0,1070.0],4.515047e-05],
[[2200.0,0,0],3.719884e-05],
[[2200.0,100.0,100.0],3.240031e-05],
[[2200.0,200.0,200.0],3.726061e-05],
[[2200.0,300.0,300.0],4.144644e-05],
[[2200.0,400.0,400.0],4.279667e-05],
[[2200.0,500.0,500.0],3.6972e-05],
[[2200.0,600.0,600.0],4.110045e-05],
[[2200.0,700.0,700.0],3.7603e-05],
[[2200.0,800.0,800.0],3.88717e-05],
[[2200.0,900.0,900.0],4.291032e-05],
[[2200.0,1000.0,1000.0],4.110882e-05],
[[2250.0,1120.0,1120.0],4.885623e-05],
[[2300.0,0,0],3.572865e-05],
[[2300.0,100.0,100.0],3.340159e-05],
[[2300.0,200.0,200.0],3.994608e-05],
[[2300.0,300.0,300.0],4.498326e-05],
[[2300.0,400.0,400.0],4.029249e-05],
[[2300.0,500.0,500.0],4.854747e-05],
[[2300.0,600.0,600.0],4.18636e-05],
[[2300.0,700.0,700.0],4.173583e-05],
[[2300.0,800.0,800.0],4.405941e-05],
[[2300.0,900.0,900.0],4.300654e-05],
[[2300.0,1000.0,1000.0],4.435444e-05],
[[2300.0,1100.0,1100.0],4.841794e-05],
[[2350.0,1170.0,1170.0],5.088894e-05],
[[2400.0,0,0],3.502125e-05],
[[2400.0,100.0,100.0],4.568619e-05],
[[2400.0,200.0,200.0],4.188241e-05],
[[2400.0,300.0,300.0],4.602902e-05],
[[2400.0,400.0,400.0],4.051938e-05],
[[2400.0,500.0,500.0],4.991769e-05],
[[2400.0,600.0,600.0],4.531396e-05],
[[2400.0,700.0,700.0],3.896375e-05],
[[2400.0,800.0,800.0],4.951602e-05],
[[2400.0,900.0,900.0],4.840756e-05],
[[2400.0,1000.0,1000.0],4.24923e-05],
[[2400.0,1100.0,1100.0],4.408303e-05],
[[2450.0,1220.0,1220.0],5.692131e-05],
[[2500.0,0,0],4.510726e-05],
[[2500.0,100.0,100.0],4.071248e-05],
[[2500.0,200.0,200.0],4.681055e-05],
[[2500.0,300.0,300.0],5.63476e-05],
[[2500.0,400.0,400.0],4.191315e-05],
[[2500.0,500.0,500.0],5.076571e-05],
[[2500.0,600.0,600.0],4.730618e-05],
[[2500.0,700.0,700.0],4.886736e-05],
[[2500.0,800.0,800.0],4.637844e-05],
[[2500.0,900.0,900.0],5.462554e-05],
[[2500.0,1000.0,1000.0],4.386829e-05],
[[2500.0,1100.0,1100.0],5.466145e-05],
[[2500.0,1200.0,1200.0],4.859419e-05],
[[2550.0,1270.0,1270.0],6.305813e-05],
[[2600.0,0,0],4.970345e-05],
[[2600.0,100.0,100.0],4.428975e-05],
[[2600.0,200.0,200.0],4.614794e-05],
[[2600.0,300.0,300.0],5.457263e-05],
[[2600.0,400.0,400.0],5.852724e-05],
[[2600.0,500.0,500.0],4.74088e-05],
[[2600.0,600.0,600.0],5.196331e-05],
[[2600.0,700.0,700.0],5.327288e-05],
[[2600.0,800.0,800.0],5.432329e-05],
[[2600.0,900.0,900.0],6.052355e-05],
[[2600.0,1000.0,1000.0],5.788484e-05],
[[2600.0,1100.0,1100.0],5.405842e-05],
[[2600.0,1200.0,1200.0],6.123511e-05],
[[2650.0,1320.0,1320.0],5.479087e-05],
[[2700.0,0,0],4.466191e-05],
[[2700.0,100.0,100.0],4.925402e-05],
[[2700.0,200.0,200.0],5.065396e-05],
[[2700.0,300.0,300.0],4.98279e-05],
[[2700.0,400.0,400.0],4.608082e-05],
[[2700.0,500.0,500.0],5.019708e-05],
[[2700.0,600.0,600.0],5.650516e-05],
[[2700.0,700.0,700.0],5.924005e-05],
[[2700.0,800.0,800.0],5.616735e-05],
[[2700.0,900.0,900.0],4.972759e-05],
[[2700.0,1000.0,1000.0],5.892715e-05],
[[2700.0,1100.0,1100.0],5.687966e-05],
[[2700.0,1200.0,1200.0],5.115942e-05],
[[2700.0,1300.0,1300.0],6.436237e-05],
[[2750.0,1370.0,1370.0],5.672454e-05],
[[2800.0,0,0],4.192203e-05],
[[2800.0,100.0,100.0],4.963348e-05],
[[2800.0,200.0,200.0],5.227051e-05],
[[2800.0,300.0,300.0],4.473676e-05],
[[2800.0,400.0,400.0],4.880991e-05],
[[2800.0,500.0,500.0],6.264808e-05],
[[2800.0,600.0,600.0],5.560356e-05],
[[2800.0,700.0,700.0],5.624212e-05],
[[2800.0,800.0,800.0],7.345872e-05],
[[2800.0,900.0,900.0],5.420361e-05],
[[2800.0,1000.0,1000.0],5.695076e-05],
[[2800.0,1100.0,1100.0],7.407633e-05],
[[2800.0,1200.0,1200.0],6.206889e-05],
[[2800.0,1300.0,1300.0],6.020413e-05],
[[2850.0,1420.0,1420.0],5.842141e-05],
[[2900.0,0,0],4.795133e-05],
[[2900.0,100.0,100.0],4.926191e-05],
[[2900.0,200.0,200.0],5.15994e-05],
[[2900.0,300.0,300.0],5.804022e-05],
[[2900.0,400.0,400.0],5.826789e-05],
[[2900.0,500.0,500.0],0.000100805],
[[2900.0,600.0,600.0],5.75019e-05],
[[2900.0,700.0,700.0],6.28135e-05],
[[2900.0,800.0,800.0],5.376356e-05],
[[2900.0,900.0,900.0],2.657928e-05],
[[2900.0,1000.0,1000.0],6.304628e-05],
[[2900.0,1100.0,1100.0],5.772684e-05],
[[2900.0,1200.0,1200.0],6.004956e-05],
[[2900.0,1300.0,1300.0],6.263783e-05],
[[2900.0,1400.0,1400.0],6.356456e-05],
[[2950.0,1470.0,1470.0],6.307314e-05],
[[3000.0,0,0],4.651444e-05],
[[3000.0,100.0,100.0],4.857417e-05],
[[3000.0,200.0,200.0],5.747438e-05],
[[3000.0,300.0,300.0],5.027873e-05],
[[3000.0,400.0,400.0],6.096546e-05],
[[3000.0,500.0,500.0],5.951221e-05],
[[3000.0,600.0,600.0],5.203744e-05],
[[3000.0,700.0,700.0],5.733809e-05],
[[3000.0,800.0,800.0],6.368648e-05],
[[3000.0,900.0,900.0],6.583537e-05],
[[3000.0,1000.0,1000.0],5.838516e-05],
[[3000.0,1100.0,1100.0],6.569188e-05],
[[3000.0,1200.0,1200.0],6.51044e-05],
[[3000.0,1300.0,1300.0],6.206242e-05],
[[3000.0,1400.0,1400.0],6.133659e-05]]
