txName: TRS1
constraint: {(PV > H0(1)), (H0(1) > MET(2),MET(3))}
condition: None
conditionDescription: None
figureUrl: https://cms-results.web.cern.ch/cms-results/public-results/publications/EXO-20-004/CMS-EXO-20-004_Figure_009-a.png
source: CMS
validated: True
axesMap: [{0: 'x', 1: '1.0', 2: '1.0'}, {0: 'x', 1: 'y', 2: 'y'}]
dataMap: {0: (1, 'mass', GeV), 1: (2, 'mass', GeV), 2: (3, 'mass', GeV)}
finalState: ['MET', 'MET']
intermediateState: None
efficiencyMap: [[[100.0,1.0,1.0],1.093134e-06],
[[100.0,10.0,10.0],1.060909e-06],
[[150.0,1.0,1.0],2.358517e-06],
[[150.0,50.0,50.0],2.619146e-06],
[[200.0,1.0,1.0],3.034359e-06],
[[200.0,50.0,50.0],3.477266e-06],
[[200.0,100.0,100.0],7.03787e-06],
[[250.0,1.0,1.0],4.556328e-06],
[[250.0,10.0,10.0],4.297483e-06],
[[250.0,50.0,50.0],4.542219e-06],
[[250.0,100.0,100.0],5.959666e-06],
[[300.0,1.0,1.0],6.854077e-06],
[[300.0,50.0,50.0],6.32216e-06],
[[300.0,100.0,100.0],8.229346e-06],
[[350.0,1.0,1.0],7.302891e-06],
[[350.0,50.0,50.0],6.989743e-06],
[[350.0,100.0,100.0],8.307651e-06],
[[350.0,150.0,150.0],6.951383e-06],
[[400.0,1.0,1.0],1.046022e-05],
[[400.0,50.0,50.0],8.982658e-06],
[[400.0,100.0,100.0],8.328062e-06],
[[400.0,150.0,150.0],7.874371e-06],
[[450.0,1.0,1.0],1.050353e-05],
[[450.0,50.0,50.0],1.290016e-05],
[[450.0,100.0,100.0],1.376088e-05],
[[450.0,150.0,150.0],9.888618e-06],
[[450.0,200.0,200.0],1.300407e-05],
[[500.0,1.0,1.0],1.857712e-05],
[[500.0,10.0,10.0],1.997871e-05],
[[500.0,50.0,50.0],1.811492e-05],
[[500.0,100.0,100.0],1.939714e-05],
[[500.0,150.0,150.0],1.537483e-05],
[[500.0,200.0,200.0],1.486716e-05],
[[550.0,1.0,1.0],2.113622e-05],
[[550.0,50.0,50.0],2.19699e-05],
[[550.0,100.0,100.0],2.190031e-05],
[[550.0,150.0,150.0],2.67854e-05],
[[550.0,200.0,200.0],2.664987e-05],
[[550.0,250.0,250.0],2.428085e-05],
[[600.0,1.0,1.0],3.327117e-05],
[[600.0,50.0,50.0],3.060697e-05],
[[600.0,100.0,100.0],3.545068e-05],
[[600.0,150.0,150.0],3.2305e-05],
[[600.0,200.0,200.0],2.954827e-05],
[[600.0,250.0,250.0],3.564785e-05],
[[650.0,1.0,1.0],4.106017e-05],
[[650.0,50.0,50.0],3.653403e-05],
[[650.0,100.0,100.0],4.551321e-05],
[[650.0,150.0,150.0],4.160279e-05],
[[650.0,200.0,200.0],4.418944e-05],
[[650.0,250.0,250.0],4.83016e-05],
[[650.0,300.0,300.0],4.964037e-05],
[[700.0,1.0,1.0],5.056904e-05],
[[700.0,50.0,50.0],5.071721e-05],
[[700.0,100.0,100.0],5.242565e-05],
[[700.0,150.0,150.0],4.857185e-05],
[[700.0,200.0,200.0],5.178166e-05],
[[700.0,250.0,250.0],5.260595e-05],
[[700.0,300.0,300.0],6.167004e-05],
[[750.0,1.0,1.0],6.037409e-05],
[[750.0,10.0,10.0],6.180254e-05],
[[750.0,50.0,50.0],6.303983e-05],
[[750.0,100.0,100.0],6.900521e-05],
[[750.0,150.0,150.0],6.798914e-05],
[[750.0,200.0,200.0],6.902287e-05],
[[750.0,250.0,250.0],6.156615e-05],
[[750.0,300.0,300.0],7.219984e-05],
[[750.0,350.0,350.0],7.177074e-05],
[[800.0,1.0,1.0],9.206863e-05],
[[800.0,150.0,150.0],7.207077e-05],
[[800.0,200.0,200.0],0.0001165007],
[[800.0,250.0,250.0],7.518927e-05],
[[800.0,300.0,300.0],7.875806e-05],
[[800.0,350.0,350.0],8.510279e-05],
[[850.0,1.0,1.0],8.202238e-05],
[[850.0,150.0,150.0],8.793981e-05],
[[850.0,200.0,200.0],0.0001033792],
[[850.0,250.0,250.0],0.0001065357],
[[850.0,300.0,300.0],0.0001038801],
[[850.0,350.0,350.0],0.000106383],
[[850.0,400.0,400.0],0.0001122108],
[[900.0,1.0,1.0],9.440417e-05],
[[900.0,150.0,150.0],0.0001080275],
[[900.0,200.0,200.0],0.0001193171],
[[900.0,250.0,250.0],0.0001078157],
[[900.0,300.0,300.0],0.0001192531],
[[900.0,350.0,350.0],0.0001163293],
[[900.0,400.0,400.0],0.0001296858],
[[950.0,1.0,1.0],0.0001059572],
[[950.0,150.0,150.0],0.0001417926],
[[950.0,200.0,200.0],0.0001421696],
[[950.0,250.0,250.0],0.0001283793],
[[950.0,300.0,300.0],0.0001328481],
[[950.0,350.0,350.0],0.0002642124],
[[950.0,400.0,400.0],0.0001564506],
[[950.0,450.0,450.0],0.000161402],
[[1000.0,1.0,1.0],0.0001166389],
[[1000.0,10.0,10.0],0.0001277603],
[[1000.0,50.0,50.0],0.0001338299],
[[1000.0,100.0,100.0],0.000128032],
[[1000.0,150.0,150.0],0.0001434912],
[[1000.0,200.0,200.0],0.0001324684],
[[1000.0,250.0,250.0],0.0001319378],
[[1000.0,300.0,300.0],0.0001618554],
[[1000.0,350.0,350.0],0.0001830408],
[[1000.0,400.0,400.0],0.0001435888],
[[1000.0,450.0,450.0],0.0001818584],
[[1050.0,1.0,1.0],0.000145696],
[[1050.0,150.0,150.0],0.0001488205],
[[1050.0,200.0,200.0],0.0001556942],
[[1050.0,250.0,250.0],0.0001891962],
[[1050.0,300.0,300.0],0.0001801318],
[[1050.0,350.0,350.0],0.0002722723],
[[1050.0,400.0,400.0],0.0001980773],
[[1050.0,450.0,450.0],0.0003996341],
[[1050.0,500.0,500.0],0.0002401669],
[[1100.0,1.0,1.0],0.0001713983],
[[1100.0,150.0,150.0],0.0001590471],
[[1100.0,200.0,200.0],0.000221438],
[[1100.0,250.0,250.0],0.0001987597],
[[1100.0,300.0,300.0],0.000171074],
[[1100.0,350.0,350.0],0.0002120232],
[[1100.0,400.0,400.0],0.0002160068],
[[1100.0,450.0,450.0],0.0002214333],
[[1100.0,500.0,500.0],0.0002571184],
[[1150.0,1.0,1.0],0.0001915906],
[[1150.0,150.0,150.0],0.000205762],
[[1150.0,200.0,200.0],0.0002105634],
[[1150.0,250.0,250.0],0.0002035623],
[[1150.0,300.0,300.0],0.0002255727],
[[1150.0,350.0,350.0],0.0002784998],
[[1150.0,400.0,400.0],0.0002644496],
[[1150.0,450.0,450.0],0.000232176],
[[1150.0,500.0,500.0],0.000233004],
[[1150.0,550.0,550.0],0.0003038746],
[[1200.0,1.0,1.0],0.0001662402],
[[1200.0,150.0,150.0],0.0002083658],
[[1200.0,200.0,200.0],0.0002043049],
[[1200.0,250.0,250.0],0.000212551],
[[1200.0,300.0,300.0],0.0002662131],
[[1200.0,350.0,350.0],0.0002443695],
[[1200.0,400.0,400.0],0.0002570919],
[[1200.0,450.0,450.0],0.0002358128],
[[1200.0,500.0,500.0],0.0002714036],
[[1200.0,550.0,550.0],0.0003053675],
[[1250.0,1.0,1.0],0.0002046233],
[[1250.0,10.0,10.0],0.0002014207],
[[1250.0,50.0,50.0],0.0001957192],
[[1250.0,100.0,100.0],0.000201549],
[[1250.0,150.0,150.0],0.0002216767],
[[1250.0,200.0,200.0],0.0002502121],
[[1250.0,250.0,250.0],0.0002523335],
[[1250.0,300.0,300.0],0.0002416564],
[[1250.0,350.0,350.0],0.0002748398],
[[1250.0,400.0,400.0],0.0002954883],
[[1250.0,450.0,450.0],0.0002944697],
[[1250.0,500.0,500.0],0.000323026],
[[1250.0,550.0,550.0],0.0002906566],
[[1250.0,600.0,600.0],0.0003908918],
[[1300.0,1.0,1.0],0.0002076837],
[[1300.0,150.0,150.0],0.0002298007],
[[1300.0,200.0,200.0],0.0002298514],
[[1300.0,250.0,250.0],0.0002774856],
[[1300.0,300.0,300.0],0.0002764657],
[[1300.0,350.0,350.0],0.0004250901],
[[1300.0,400.0,400.0],0.0003288077],
[[1300.0,450.0,450.0],0.0002842207],
[[1300.0,500.0,500.0],0.0003021349],
[[1300.0,550.0,550.0],0.0003399239],
[[1300.0,600.0,600.0],0.0003338913],
[[1350.0,1.0,1.0],0.0002293668],
[[1350.0,150.0,150.0],0.0002603089],
[[1350.0,200.0,200.0],0.00028173],
[[1350.0,250.0,250.0],0.0002554091],
[[1350.0,300.0,300.0],0.0003318683],
[[1350.0,350.0,350.0],0.0003377825],
[[1350.0,400.0,400.0],0.0004221071],
[[1350.0,450.0,450.0],0.0002637204],
[[1350.0,500.0,500.0],0.0003042843],
[[1350.0,550.0,550.0],0.0003507527],
[[1350.0,600.0,600.0],0.0003562528],
[[1350.0,650.0,650.0],0.0003532278],
[[1400.0,1.0,1.0],0.0002558943],
[[1400.0,150.0,150.0],0.0002562478],
[[1400.0,200.0,200.0],0.0002560587],
[[1400.0,250.0,250.0],0.0002867921],
[[1400.0,300.0,300.0],0.0002929251],
[[1400.0,350.0,350.0],0.000781657],
[[1400.0,400.0,400.0],0.0004701487],
[[1400.0,450.0,450.0],0.0003858796],
[[1400.0,500.0,500.0],0.0003685892],
[[1400.0,550.0,550.0],0.0003241312],
[[1400.0,600.0,600.0],0.0003711039],
[[1400.0,650.0,650.0],0.0003579485],
[[1450.0,1.0,1.0],0.00043692],
[[1450.0,150.0,150.0],0.0003082573],
[[1450.0,200.0,200.0],0.000336356],
[[1450.0,250.0,250.0],0.0003887649],
[[1450.0,300.0,300.0],0.0003118639],
[[1450.0,350.0,350.0],0.0003465289],
[[1450.0,400.0,400.0],0.0006995609],
[[1450.0,450.0,450.0],0.0003287301],
[[1450.0,500.0,500.0],0.0003621207],
[[1450.0,550.0,550.0],0.0003440982],
[[1450.0,600.0,600.0],0.0006314441],
[[1450.0,650.0,650.0],0.0004245129],
[[1450.0,700.0,700.0],0.0004027494],
[[1500.0,1.0,1.0],0.0002331953],
[[1500.0,10.0,10.0],0.0002887913],
[[1500.0,50.0,50.0],0.0002575946],
[[1500.0,100.0,100.0],0.0003257296],
[[1500.0,150.0,150.0],0.0002754855],
[[1500.0,200.0,200.0],0.0003415622],
[[1500.0,250.0,250.0],0.0003459616],
[[1500.0,300.0,300.0],0.0005269512],
[[1500.0,350.0,350.0],0.000318378],
[[1500.0,400.0,400.0],0.0003240149],
[[1500.0,450.0,450.0],0.0004248991],
[[1500.0,500.0,500.0],0.0004181885],
[[1500.0,550.0,550.0],0.0003569476],
[[1500.0,600.0,600.0],0.0005072549],
[[1500.0,650.0,650.0],0.0005749445],
[[1500.0,700.0,700.0],0.0004716419],
[[1500.0,750.0,750.0],0.0004722869],
[[1550.0,1.0,1.0],0.0003587149],
[[1550.0,150.0,150.0],0.0003904165],
[[1550.0,200.0,200.0],0.0003319444],
[[1550.0,250.0,250.0],0.0004665615],
[[1550.0,300.0,300.0],0.0003820783],
[[1550.0,350.0,350.0],0.0003934193],
[[1550.0,400.0,400.0],0.000409951],
[[1550.0,450.0,450.0],0.0005347894],
[[1550.0,500.0,500.0],0.0006016683],
[[1550.0,550.0,550.0],0.0004054639],
[[1550.0,600.0,600.0],0.0004382191],
[[1550.0,650.0,650.0],0.0004407581],
[[1550.0,700.0,700.0],0.0005445833],
[[1550.0,750.0,750.0],0.0006682011],
[[1600.0,1.0,1.0],0.0002595518],
[[1600.0,150.0,150.0],0.0003794109],
[[1600.0,200.0,200.0],0.0004570138],
[[1600.0,250.0,250.0],0.0003544267],
[[1600.0,300.0,300.0],0.0004243665],
[[1600.0,350.0,350.0],0.0005574288],
[[1600.0,400.0,400.0],0.0004515253],
[[1600.0,450.0,450.0],0.0006370106],
[[1600.0,500.0,500.0],0.0005132638],
[[1600.0,550.0,550.0],0.0004388745],
[[1600.0,600.0,600.0],0.0004227813],
[[1600.0,650.0,650.0],0.0004306824],
[[1600.0,700.0,700.0],0.0006037199],
[[1600.0,750.0,750.0],0.0005581039],
[[1650.0,1.0,1.0],0.0002655545],
[[1650.0,150.0,150.0],0.0003099572],
[[1650.0,200.0,200.0],0.0003897],
[[1650.0,250.0,250.0],0.0004133888],
[[1650.0,300.0,300.0],0.0003542734],
[[1650.0,350.0,350.0],0.0004501519],
[[1650.0,400.0,400.0],0.000478993],
[[1650.0,450.0,450.0],0.000384764],
[[1650.0,500.0,500.0],0.0004257191],
[[1650.0,550.0,550.0],0.0005195902],
[[1650.0,600.0,600.0],0.0005122551],
[[1650.0,650.0,650.0],0.0004831055],
[[1650.0,700.0,700.0],0.0005077925],
[[1650.0,750.0,750.0],0.0005925755],
[[1650.0,800.0,800.0],0.0007575143],
[[1700.0,1.0,1.0],0.0002948721],
[[1700.0,150.0,150.0],0.0003314665],
[[1700.0,200.0,200.0],0.0004361498],
[[1700.0,250.0,250.0],0.0003932497],
[[1700.0,300.0,300.0],0.0006061172],
[[1700.0,350.0,350.0],0.0004870813],
[[1700.0,400.0,400.0],0.0004300448],
[[1700.0,450.0,450.0],0.0004238347],
[[1700.0,500.0,500.0],0.0005135692],
[[1700.0,550.0,550.0],0.0004661168],
[[1700.0,600.0,600.0],0.0004463332],
[[1700.0,650.0,650.0],0.0004449007],
[[1700.0,700.0,700.0],0.0005225852],
[[1700.0,750.0,750.0],0.0005438564],
[[1700.0,800.0,800.0],0.0005914157],
[[1750.0,1.0,1.0],0.0002543788],
[[1750.0,10.0,10.0],0.0003106748],
[[1750.0,50.0,50.0],0.0002865614],
[[1750.0,100.0,100.0],0.0003380756],
[[1750.0,150.0,150.0],0.0003758563],
[[1750.0,200.0,200.0],0.0003848544],
[[1750.0,250.0,250.0],0.0003716206],
[[1750.0,300.0,300.0],0.0004296005],
[[1750.0,350.0,350.0],0.0004111043],
[[1750.0,400.0,400.0],0.0005069577],
[[1750.0,450.0,450.0],0.0005100393],
[[1750.0,500.0,500.0],0.0006439528],
[[1750.0,550.0,550.0],0.0008132065],
[[1750.0,600.0,600.0],0.0004341861],
[[1750.0,650.0,650.0],0.0005260144],
[[1750.0,700.0,700.0],0.0005600499],
[[1750.0,750.0,750.0],0.0005782758],
[[1750.0,800.0,800.0],0.0007750891],
[[1750.0,850.0,850.0],0.0005853606],
[[1800.0,1.0,1.0],0.0002844182],
[[1800.0,150.0,150.0],0.0003441839],
[[1800.0,200.0,200.0],0.0003434034],
[[1800.0,250.0,250.0],0.000465926],
[[1800.0,300.0,300.0],0.0005032807],
[[1800.0,350.0,350.0],0.0005020821],
[[1800.0,400.0,400.0],0.0005214934],
[[1800.0,450.0,450.0],0.000591839],
[[1800.0,500.0,500.0],0.0007337788],
[[1800.0,550.0,550.0],0.0005271522],
[[1800.0,600.0,600.0],0.0005958208],
[[1800.0,650.0,650.0],0.0005683041],
[[1800.0,700.0,700.0],0.0008654052],
[[1800.0,750.0,750.0],0.0007360957],
[[1800.0,800.0,800.0],0.0004992575],
[[1800.0,850.0,850.0],0.0006565532],
[[1850.0,1.0,1.0],0.0003727675],
[[1850.0,150.0,150.0],0.0003819595],
[[1850.0,200.0,200.0],0.0003632807],
[[1850.0,250.0,250.0],0.0004439104],
[[1850.0,300.0,300.0],0.0004385522],
[[1850.0,350.0,350.0],0.0004673335],
[[1850.0,400.0,400.0],0.0007648003],
[[1850.0,450.0,450.0],0.0005052796],
[[1850.0,500.0,500.0],0.0004708681],
[[1850.0,550.0,550.0],0.0005135831],
[[1850.0,600.0,600.0],0.0008042178],
[[1850.0,650.0,650.0],0.0005357214],
[[1850.0,700.0,700.0],0.0005418696],
[[1850.0,750.0,750.0],0.0005427311],
[[1850.0,800.0,800.0],0.0005865054],
[[1850.0,850.0,850.0],0.0006091427],
[[1850.0,900.0,900.0],0.0008605403],
[[1900.0,1.0,1.0],0.000300535],
[[1900.0,150.0,150.0],0.0003510593],
[[1900.0,200.0,200.0],0.0004071311],
[[1900.0,250.0,250.0],0.0004216432],
[[1900.0,300.0,300.0],0.0004398754],
[[1900.0,350.0,350.0],0.0004601566],
[[1900.0,400.0,400.0],0.0006383441],
[[1900.0,450.0,450.0],0.0005752346],
[[1900.0,500.0,500.0],0.0005148313],
[[1900.0,550.0,550.0],0.0004999557],
[[1900.0,600.0,600.0],0.000630824],
[[1900.0,650.0,650.0],0.000687914],
[[1900.0,700.0,700.0],0.0004896502],
[[1900.0,750.0,750.0],0.0006978892],
[[1900.0,800.0,800.0],0.0005442079],
[[1900.0,850.0,850.0],0.0005879884],
[[1900.0,900.0,900.0],0.0005686907],
[[1950.0,1.0,1.0],0.0003392058],
[[1950.0,150.0,150.0],0.0003743175],
[[1950.0,200.0,200.0],0.0003959038],
[[1950.0,250.0,250.0],0.0005776661],
[[1950.0,300.0,300.0],0.0005418968],
[[1950.0,350.0,350.0],0.0004587443],
[[1950.0,400.0,400.0],0.000454959],
[[1950.0,450.0,450.0],0.0005600068],
[[1950.0,500.0,500.0],0.0004953681],
[[1950.0,550.0,550.0],0.0005727466],
[[1950.0,600.0,600.0],0.0006202921],
[[1950.0,650.0,650.0],0.0006836514],
[[1950.0,700.0,700.0],0.0006891217],
[[1950.0,750.0,750.0],0.0007454099],
[[1950.0,800.0,800.0],0.0006873426],
[[1950.0,850.0,850.0],0.0005635948],
[[1950.0,900.0,900.0],0.0007887458],
[[1950.0,950.0,950.0],0.0006050654],
[[2000.0,1.0,1.0],0.000272441],
[[2000.0,10.0,10.0],0.0003087602],
[[2000.0,50.0,50.0],0.0003237767],
[[2000.0,100.0,100.0],0.0003638748],
[[2000.0,150.0,150.0],0.0003321464],
[[2000.0,200.0,200.0],0.0004586884],
[[2000.0,250.0,250.0],0.0004709479],
[[2000.0,300.0,300.0],0.0005129257],
[[2000.0,350.0,350.0],0.0005771364],
[[2000.0,400.0,400.0],0.0004984733],
[[2000.0,450.0,450.0],0.0006618472],
[[2000.0,500.0,500.0],0.0006101062],
[[2000.0,550.0,550.0],0.0005705572],
[[2000.0,600.0,600.0],0.0006133646],
[[2000.0,650.0,650.0],0.0005521016],
[[2000.0,700.0,700.0],0.0007188342],
[[2000.0,750.0,750.0],0.0007038512],
[[2000.0,800.0,800.0],0.00081768],
[[2000.0,850.0,850.0],0.0006529734],
[[2000.0,900.0,900.0],0.0006986995],
[[2000.0,950.0,950.0],0.0006956665],
[[2250.0,1.0,1.0],0.0002657281],
[[2250.0,10.0,10.0],0.0002643624],
[[2250.0,50.0,50.0],0.0002958601],
[[2250.0,100.0,100.0],0.0002946256],
[[2250.0,150.0,150.0],0.0003371727],
[[2250.0,300.0,300.0],0.0005412554],
[[2250.0,500.0,500.0],0.0006331553],
[[2250.0,750.0,750.0],0.0007085668],
[[2250.0,1000.0,1000.0],0.0008617701],
[[2500.0,1.0,1.0],0.0002312552],
[[2500.0,10.0,10.0],0.0002136749],
[[2500.0,50.0,50.0],0.0002261071],
[[2500.0,100.0,100.0],0.0002697025],
[[2500.0,150.0,150.0],0.0003965909],
[[2500.0,300.0,300.0],0.0005134343],
[[2500.0,500.0,500.0],0.0006878806],
[[2500.0,750.0,750.0],0.0008625526],
[[2500.0,1000.0,1000.0],0.0008604201],
[[2500.0,1200.0,1200.0],0.001006306],
[[2750.0,1.0,1.0],0.0002216617],
[[2750.0,10.0,10.0],0.0002305087],
[[2750.0,50.0,50.0],0.0002022707],
[[2750.0,100.0,100.0],0.0002607347],
[[2750.0,150.0,150.0],0.000342626],
[[2750.0,300.0,300.0],0.0005809736],
[[2750.0,500.0,500.0],0.0008819385],
[[2750.0,750.0,750.0],0.0009609747],
[[2750.0,1000.0,1000.0],0.0009467844],
[[2750.0,1200.0,1200.0],0.001018117],
[[3000.0,1.0,1.0],0.0001933487],
[[3000.0,10.0,10.0],0.0001588227],
[[3000.0,50.0,50.0],0.0001636066],
[[3000.0,100.0,100.0],0.0001859703],
[[3000.0,150.0,150.0],0.0002889559],
[[3000.0,300.0,300.0],0.0005308994],
[[3000.0,500.0,500.0],0.0008609167],
[[3000.0,750.0,750.0],0.0008772829],
[[3000.0,1000.0,1000.0],0.0009073467],
[[3000.0,1200.0,1200.0],0.001001565],
[[3000.0,1400.0,1400.0],0.0009566806]]
