txName: TRV1
constraint: {(PV > Zprime(1)), (Zprime(1) > MET(2),MET(3))}
condition: None
conditionDescription: None
figureUrl: https://cms-results.web.cern.ch/cms-results/public-results/publications/EXO-20-004/CMS-EXO-20-004_Figure_007-b.png
source: https://doi.org/10.5281/zenodo.13324003
validated: True
axesMap: [{0: 'x', 1: 'y', 2: 'y'}]
dataMap: {0: (1, 'mass', GeV), 1: (2, 'mass', GeV), 2: (3, 'mass', GeV)}
finalState: ['MET', 'MET']
intermediateState: None
efficiencyMap: [[[50.0,1.0,1.0],1.998071e-08],
[[100.0,1.0,1.0],8.061134e-08],
[[100.0,10.0,10.0],1.207095e-07],
[[150.0,1.0,1.0],4.402105e-07],
[[150.0,75.0,75.0],6.476575e-07],
[[200.0,1.0,1.0],1.262695e-06],
[[200.0,75.0,75.0],1.068357e-06],
[[250.0,1.0,1.0],2.262299e-06],
[[250.0,10.0,10.0],2.290495e-06],
[[250.0,75.0,75.0],1.983637e-06],
[[300.0,1.0,1.0],3.885758e-06],
[[300.0,75.0,75.0],5.18118e-06],
[[350.0,1.0,1.0],6.443246e-06],
[[350.0,75.0,75.0],5.24499e-06],
[[350.0,150.0,150.0],7.302818e-06],
[[400.0,1.0,1.0],8.391148e-06],
[[400.0,75.0,75.0],8.079499e-06],
[[400.0,150.0,150.0],1.107692e-05],
[[450.0,1.0,1.0],1.198082e-05],
[[450.0,75.0,75.0],1.523087e-05],
[[450.0,150.0,150.0],1.295505e-05],
[[450.0,200.0,200.0],1.252209e-05],
[[500.0,1.0,1.0],1.426296e-05],
[[500.0,10.0,10.0],1.720888e-05],
[[500.0,75.0,75.0],1.410955e-05],
[[500.0,150.0,150.0],1.817149e-05],
[[500.0,200.0,200.0],1.514574e-05],
[[550.0,1.0,1.0],1.992622e-05],
[[550.0,75.0,75.0],1.91402e-05],
[[550.0,150.0,150.0],2.204912e-05],
[[550.0,200.0,200.0],2.492231e-05],
[[550.0,250.0,250.0],2.37121e-05],
[[600.0,1.0,1.0],2.644507e-05],
[[600.0,75.0,75.0],2.387025e-05],
[[600.0,150.0,150.0],2.337939e-05],
[[600.0,200.0,200.0],2.638483e-05],
[[600.0,250.0,250.0],2.385294e-05],
[[650.0,1.0,1.0],2.984723e-05],
[[650.0,75.0,75.0],3.376123e-05],
[[650.0,150.0,150.0],2.779909e-05],
[[650.0,200.0,200.0],2.861863e-05],
[[650.0,250.0,250.0],3.373313e-05],
[[650.0,300.0,300.0],3.008258e-05],
[[700.0,1.0,1.0],3.685872e-05],
[[700.0,75.0,75.0],3.384975e-05],
[[700.0,150.0,150.0],3.581187e-05],
[[700.0,200.0,200.0],3.388167e-05],
[[700.0,250.0,250.0],3.576126e-05],
[[700.0,300.0,300.0],3.438771e-05],
[[750.0,1.0,1.0],3.953277e-05],
[[750.0,10.0,10.0],4.075787e-05],
[[750.0,75.0,75.0],3.65739e-05],
[[750.0,150.0,150.0],4.745523e-05],
[[750.0,200.0,200.0],3.918303e-05],
[[750.0,250.0,250.0],4.089744e-05],
[[750.0,300.0,300.0],4.564499e-05],
[[750.0,350.0,350.0],3.971946e-05],
[[800.0,1.0,1.0],4.734175e-05],
[[800.0,75.0,75.0],4.189584e-05],
[[800.0,150.0,150.0],4.816636e-05],
[[800.0,200.0,200.0],4.339321e-05],
[[800.0,250.0,250.0],4.48979e-05],
[[800.0,300.0,300.0],5.317398e-05],
[[800.0,350.0,350.0],5.054198e-05],
[[850.0,1.0,1.0],5.353365e-05],
[[850.0,75.0,75.0],5.039973e-05],
[[850.0,150.0,150.0],5.822301e-05],
[[850.0,200.0,200.0],5.712153e-05],
[[850.0,250.0,250.0],5.639785e-05],
[[850.0,300.0,300.0],7.06966e-05],
[[850.0,350.0,350.0],5.287953e-05],
[[850.0,400.0,400.0],6.455657e-05],
[[900.0,1.0,1.0],5.680917e-05],
[[900.0,75.0,75.0],5.706123e-05],
[[900.0,150.0,150.0],5.641409e-05],
[[900.0,200.0,200.0],6.299435e-05],
[[900.0,250.0,250.0],5.662807e-05],
[[900.0,300.0,300.0],6.465844e-05],
[[900.0,350.0,350.0],6.924939e-05],
[[900.0,400.0,400.0],5.289985e-05],
[[950.0,1.0,1.0],6.708638e-05],
[[950.0,75.0,75.0],6.44809e-05],
[[950.0,150.0,150.0],7.051923e-05],
[[950.0,200.0,200.0],6.878722e-05],
[[950.0,250.0,250.0],6.56116e-05],
[[950.0,300.0,300.0],7.152654e-05],
[[950.0,350.0,350.0],6.84899e-05],
[[950.0,400.0,400.0],7.757884e-05],
[[950.0,450.0,450.0],8.317123e-05],
[[1000.0,1.0,1.0],6.705842e-05],
[[1000.0,10.0,10.0],6.614544e-05],
[[1000.0,75.0,75.0],7.628776e-05],
[[1000.0,150.0,150.0],6.890361e-05],
[[1000.0,200.0,200.0],6.082269e-05],
[[1000.0,250.0,250.0],7.220589e-05],
[[1000.0,300.0,300.0],7.591438e-05],
[[1000.0,350.0,350.0],7.574424e-05],
[[1000.0,400.0,400.0],8.552247e-05],
[[1000.0,450.0,450.0],8.870396e-05],
[[1050.0,1.0,1.0],7.648783e-05],
[[1050.0,75.0,75.0],7.886646e-05],
[[1050.0,150.0,150.0],8.686825e-05],
[[1050.0,200.0,200.0],7.818303e-05],
[[1050.0,250.0,250.0],8.420147e-05],
[[1050.0,300.0,300.0],7.616578e-05],
[[1050.0,350.0,350.0],9.859666e-05],
[[1050.0,400.0,400.0],7.671469e-05],
[[1050.0,450.0,450.0],7.192794e-05],
[[1050.0,500.0,500.0],7.814313e-05],
[[1100.0,1.0,1.0],7.69135e-05],
[[1100.0,75.0,75.0],8.308284e-05],
[[1100.0,150.0,150.0],8.901855e-05],
[[1100.0,200.0,200.0],8.360092e-05],
[[1100.0,250.0,250.0],9.10353e-05],
[[1100.0,300.0,300.0],9.491528e-05],
[[1100.0,350.0,350.0],8.935197e-05],
[[1100.0,400.0,400.0],0.0001052109],
[[1100.0,450.0,450.0],8.951699e-05],
[[1100.0,500.0,500.0],8.954932e-05],
[[1150.0,1.0,1.0],8.543301e-05],
[[1150.0,75.0,75.0],0.0001003431],
[[1150.0,150.0,150.0],9.170902e-05],
[[1150.0,200.0,200.0],0.0001006365],
[[1150.0,250.0,250.0],9.255921e-05],
[[1150.0,300.0,300.0],9.110912e-05],
[[1150.0,350.0,350.0],0.0001023263],
[[1150.0,400.0,400.0],8.576435e-05],
[[1150.0,450.0,450.0],0.0001177313],
[[1150.0,500.0,500.0],0.0001156884],
[[1150.0,550.0,550.0],0.0001051497],
[[1200.0,1.0,1.0],8.979692e-05],
[[1200.0,75.0,75.0],0.0001093703],
[[1200.0,150.0,150.0],9.458882e-05],
[[1200.0,200.0,200.0],0.0001171425],
[[1200.0,250.0,250.0],9.764987e-05],
[[1200.0,300.0,300.0],9.265482e-05],
[[1200.0,350.0,350.0],0.0001174295],
[[1200.0,400.0,400.0],0.0001132127],
[[1200.0,450.0,450.0],0.0001086568],
[[1200.0,500.0,500.0],0.000120111],
[[1200.0,550.0,550.0],0.0001365972],
[[1250.0,1.0,1.0],0.0001060237],
[[1250.0,10.0,10.0],0.0001041238],
[[1250.0,75.0,75.0],8.786013e-05],
[[1250.0,150.0,150.0],0.0001050476],
[[1250.0,200.0,200.0],0.0001056588],
[[1250.0,250.0,250.0],0.0001217611],
[[1250.0,300.0,300.0],0.0001149435],
[[1250.0,350.0,350.0],9.714959e-05],
[[1250.0,400.0,400.0],0.0001089924],
[[1250.0,450.0,450.0],0.000116855],
[[1250.0,500.0,500.0],0.0001132497],
[[1250.0,550.0,550.0],0.0001058222],
[[1250.0,600.0,600.0],0.0001279368],
[[1300.0,1.0,1.0],0.0001087049],
[[1300.0,75.0,75.0],0.0001197543],
[[1300.0,150.0,150.0],0.000106604],
[[1300.0,200.0,200.0],0.00014409],
[[1300.0,250.0,250.0],0.0001222193],
[[1300.0,300.0,300.0],0.0001066819],
[[1300.0,350.0,350.0],0.0001190346],
[[1300.0,400.0,400.0],0.0001104579],
[[1300.0,450.0,450.0],0.0001496182],
[[1300.0,500.0,500.0],0.000123622],
[[1300.0,550.0,550.0],0.0001562954],
[[1300.0,600.0,600.0],0.000112403],
[[1350.0,1.0,1.0],0.0001341151],
[[1350.0,75.0,75.0],0.000114195],
[[1350.0,150.0,150.0],0.000104509],
[[1350.0,200.0,200.0],0.0001170192],
[[1350.0,250.0,250.0],0.0001129608],
[[1350.0,300.0,300.0],0.000103966],
[[1350.0,350.0,350.0],0.0001089363],
[[1350.0,400.0,400.0],0.0001264401],
[[1350.0,450.0,450.0],0.0001066193],
[[1350.0,500.0,500.0],0.000120926],
[[1350.0,550.0,550.0],0.0001187039],
[[1350.0,600.0,600.0],0.0001302685],
[[1350.0,650.0,650.0],0.0001315056],
[[1400.0,1.0,1.0],0.0001279691],
[[1400.0,75.0,75.0],0.0001202947],
[[1400.0,150.0,150.0],0.0001364295],
[[1400.0,200.0,200.0],0.0001131517],
[[1400.0,250.0,250.0],0.0001328783],
[[1400.0,300.0,300.0],0.0001321933],
[[1400.0,350.0,350.0],0.0001132091],
[[1400.0,400.0,400.0],0.0001381498],
[[1400.0,450.0,450.0],0.0001282203],
[[1400.0,500.0,500.0],0.0001292059],
[[1400.0,550.0,550.0],0.0001299845],
[[1400.0,600.0,600.0],0.000140304],
[[1400.0,650.0,650.0],0.0001409564],
[[1450.0,1.0,1.0],0.0001182842],
[[1450.0,75.0,75.0],0.0001447254],
[[1450.0,150.0,150.0],0.0001439069],
[[1450.0,200.0,200.0],0.0001203876],
[[1450.0,250.0,250.0],0.0001393092],
[[1450.0,300.0,300.0],0.00016693],
[[1450.0,350.0,350.0],0.0001313019],
[[1450.0,400.0,400.0],0.0001666101],
[[1450.0,450.0,450.0],0.0001288568],
[[1450.0,500.0,500.0],0.0001586444],
[[1450.0,550.0,550.0],0.0001349385],
[[1450.0,600.0,600.0],0.0001391188],
[[1450.0,650.0,650.0],0.0001243836],
[[1450.0,700.0,700.0],0.0001551889],
[[1500.0,1.0,1.0],0.0001214817],
[[1500.0,10.0,10.0],0.0001253246],
[[1500.0,75.0,75.0],0.0001358374],
[[1500.0,150.0,150.0],0.0001391704],
[[1500.0,200.0,200.0],0.0001583239],
[[1500.0,250.0,250.0],0.0001355847],
[[1500.0,300.0,300.0],0.0001720881],
[[1500.0,350.0,350.0],0.0001502004],
[[1500.0,400.0,400.0],0.0001422377],
[[1500.0,450.0,450.0],0.0001433415],
[[1500.0,500.0,500.0],0.000145725],
[[1500.0,550.0,550.0],0.0001416708],
[[1500.0,600.0,600.0],0.0001452633],
[[1500.0,650.0,650.0],0.0001382477],
[[1500.0,700.0,700.0],0.0001511022],
[[1500.0,750.0,750.0],0.0001614166],
[[1550.0,1.0,1.0],0.0001401492],
[[1550.0,75.0,75.0],0.0001398394],
[[1550.0,150.0,150.0],0.0001213267],
[[1550.0,200.0,200.0],0.0001894401],
[[1550.0,250.0,250.0],0.0001499222],
[[1550.0,300.0,300.0],0.0001351498],
[[1550.0,350.0,350.0],0.0001686137],
[[1550.0,400.0,400.0],0.0001709626],
[[1550.0,450.0,450.0],0.0001625323],
[[1550.0,500.0,500.0],0.0001291019],
[[1550.0,550.0,550.0],0.0001390735],
[[1550.0,600.0,600.0],0.0001550755],
[[1550.0,650.0,650.0],0.0001583675],
[[1550.0,700.0,700.0],0.000147956],
[[1550.0,750.0,750.0],0.0002035453],
[[1600.0,1.0,1.0],0.0001395355],
[[1600.0,75.0,75.0],0.0001324606],
[[1600.0,150.0,150.0],0.0001671059],
[[1600.0,200.0,200.0],0.0001469456],
[[1600.0,250.0,250.0],0.0001217636],
[[1600.0,300.0,300.0],0.0001778208],
[[1600.0,350.0,350.0],0.0001522742],
[[1600.0,400.0,400.0],0.0001685742],
[[1600.0,450.0,450.0],0.0001402132],
[[1600.0,500.0,500.0],0.0001721545],
[[1600.0,550.0,550.0],0.0001462219],
[[1600.0,600.0,600.0],0.0001410726],
[[1600.0,650.0,650.0],0.0001776111],
[[1600.0,700.0,700.0],0.0001604421],
[[1600.0,750.0,750.0],0.0001562318],
[[1650.0,1.0,1.0],0.0001274609],
[[1650.0,75.0,75.0],0.0001606398],
[[1650.0,150.0,150.0],0.0001496535],
[[1650.0,200.0,200.0],0.0001421277],
[[1650.0,250.0,250.0],0.0001547452],
[[1650.0,300.0,300.0],0.000160511],
[[1650.0,350.0,350.0],0.0001631131],
[[1650.0,400.0,400.0],0.0001640388],
[[1650.0,450.0,450.0],0.0001707563],
[[1650.0,500.0,500.0],0.0001591425],
[[1650.0,550.0,550.0],0.0001581147],
[[1650.0,600.0,600.0],0.0001559396],
[[1650.0,650.0,650.0],0.0001705947],
[[1650.0,700.0,700.0],0.0001596893],
[[1650.0,750.0,750.0],0.0001683605],
[[1650.0,800.0,800.0],0.0001507975],
[[1700.0,1.0,1.0],0.0001419413],
[[1700.0,75.0,75.0],0.0001475862],
[[1700.0,150.0,150.0],0.0001320985],
[[1700.0,200.0,200.0],0.000147297],
[[1700.0,250.0,250.0],0.0001660244],
[[1700.0,300.0,300.0],0.0001558681],
[[1700.0,350.0,350.0],0.0001708694],
[[1700.0,400.0,400.0],0.0001599855],
[[1700.0,450.0,450.0],0.0001714801],
[[1700.0,500.0,500.0],0.0001748973],
[[1700.0,550.0,550.0],0.0001871037],
[[1700.0,600.0,600.0],0.0001486351],
[[1700.0,650.0,650.0],0.0001550386],
[[1700.0,700.0,700.0],0.0001771148],
[[1700.0,750.0,750.0],0.0001569142],
[[1700.0,800.0,800.0],0.00015302],
[[1750.0,1.0,1.0],0.0001435669],
[[1750.0,10.0,10.0],0.0001668399],
[[1750.0,75.0,75.0],0.0001617749],
[[1750.0,150.0,150.0],0.0001784406],
[[1750.0,200.0,200.0],0.0001432329],
[[1750.0,250.0,250.0],0.000134616],
[[1750.0,300.0,300.0],0.0001585004],
[[1750.0,350.0,350.0],0.0001687013],
[[1750.0,400.0,400.0],0.0001690165],
[[1750.0,450.0,450.0],0.000174797],
[[1750.0,500.0,500.0],0.0001743084],
[[1750.0,550.0,550.0],0.000158139],
[[1750.0,600.0,600.0],0.0001545474],
[[1750.0,650.0,650.0],0.0001705822],
[[1750.0,700.0,700.0],0.0001523057],
[[1750.0,750.0,750.0],0.0001556791],
[[1750.0,800.0,800.0],0.0001646427],
[[1750.0,850.0,850.0],0.0001820653],
[[1800.0,1.0,1.0],0.0001787004],
[[1800.0,75.0,75.0],0.0001699467],
[[1800.0,150.0,150.0],0.0001810852],
[[1800.0,200.0,200.0],0.0001622537],
[[1800.0,250.0,250.0],0.000174016],
[[1800.0,300.0,300.0],0.0001877282],
[[1800.0,350.0,350.0],0.0001681737],
[[1800.0,400.0,400.0],0.000161025],
[[1800.0,450.0,450.0],0.0001680231],
[[1800.0,500.0,500.0],0.0001783035],
[[1800.0,550.0,550.0],0.0001598761],
[[1800.0,600.0,600.0],0.0002045628],
[[1800.0,650.0,650.0],0.0001629483],
[[1800.0,700.0,700.0],0.0001695394],
[[1800.0,750.0,750.0],0.0001758279],
[[1800.0,800.0,800.0],0.0001668203],
[[1800.0,850.0,850.0],0.0001868684],
[[1850.0,1.0,1.0],0.0001728243],
[[1850.0,75.0,75.0],0.0001849678],
[[1850.0,150.0,150.0],0.0002084742],
[[1850.0,200.0,200.0],0.0001431161],
[[1850.0,250.0,250.0],0.0001660085],
[[1850.0,300.0,300.0],0.0001639668],
[[1850.0,350.0,350.0],0.0001847146],
[[1850.0,400.0,400.0],0.0001526892],
[[1850.0,450.0,450.0],0.0001608565],
[[1850.0,500.0,500.0],0.0001798958],
[[1850.0,550.0,550.0],0.0001891021],
[[1850.0,600.0,600.0],0.000180099],
[[1850.0,650.0,650.0],0.0002023031],
[[1850.0,700.0,700.0],0.0001959389],
[[1850.0,750.0,750.0],0.0001717315],
[[1850.0,800.0,800.0],0.000227189],
[[1850.0,850.0,850.0],0.0001896384],
[[1850.0,900.0,900.0],0.0001754265],
[[1900.0,1.0,1.0],0.0001942907],
[[1900.0,75.0,75.0],0.0001899572],
[[1900.0,150.0,150.0],0.0001593541],
[[1900.0,200.0,200.0],0.0001752806],
[[1900.0,250.0,250.0],0.0001617079],
[[1900.0,300.0,300.0],0.0001972141],
[[1900.0,350.0,350.0],0.0001523541],
[[1900.0,400.0,400.0],0.0001624321],
[[1900.0,450.0,450.0],0.0001984859],
[[1900.0,500.0,500.0],0.0001647516],
[[1900.0,550.0,550.0],0.0002092347],
[[1900.0,600.0,600.0],0.0001793922],
[[1900.0,650.0,650.0],0.0001732992],
[[1900.0,700.0,700.0],0.0001999126],
[[1900.0,750.0,750.0],0.0001803713],
[[1900.0,800.0,800.0],0.0001891188],
[[1900.0,850.0,850.0],0.0002128793],
[[1900.0,900.0,900.0],0.0002001469],
[[1950.0,1.0,1.0],0.000157871],
[[1950.0,75.0,75.0],0.0001648489],
[[1950.0,150.0,150.0],0.0001876127],
[[1950.0,200.0,200.0],0.0002054379],
[[1950.0,250.0,250.0],0.0001533038],
[[1950.0,300.0,300.0],0.0002204531],
[[1950.0,350.0,350.0],0.0001562475],
[[1950.0,400.0,400.0],0.0001898473],
[[1950.0,450.0,450.0],0.0001949638],
[[1950.0,500.0,500.0],0.0001972954],
[[1950.0,550.0,550.0],0.0001845088],
[[1950.0,600.0,600.0],0.0002051547],
[[1950.0,650.0,650.0],0.0002019484],
[[1950.0,700.0,700.0],0.0002081804],
[[1950.0,750.0,750.0],0.0002388085],
[[1950.0,800.0,800.0],0.0001871998],
[[1950.0,850.0,850.0],0.0002340927],
[[1950.0,900.0,900.0],0.0001974698],
[[1950.0,950.0,950.0],0.0001928023],
[[2000.0,1.0,1.0],0.0001863529],
[[2000.0,75.0,75.0],0.0001892815],
[[2000.0,150.0,150.0],0.0001890193],
[[2000.0,200.0,200.0],0.0001559556],
[[2000.0,250.0,250.0],0.0001907318],
[[2000.0,300.0,300.0],0.0001815694],
[[2000.0,350.0,350.0],0.0001970776],
[[2000.0,400.0,400.0],0.0001952775],
[[2000.0,450.0,450.0],0.0001661992],
[[2000.0,500.0,500.0],0.0001945975],
[[2000.0,550.0,550.0],0.0001837781],
[[2000.0,600.0,600.0],0.000178226],
[[2000.0,650.0,650.0],0.0001687963],
[[2000.0,700.0,700.0],0.0002311354],
[[2000.0,750.0,750.0],0.0002019028],
[[2000.0,800.0,800.0],0.0001929397],
[[2000.0,850.0,850.0],0.0002119633],
[[2000.0,900.0,900.0],0.0001858659],
[[2000.0,950.0,950.0],0.000202573],
[[2250.0,1.0,1.0],0.0002163703],
[[2250.0,75.0,75.0],0.0002466766],
[[2250.0,150.0,150.0],0.000224471],
[[2250.0,300.0,300.0],0.0001871107],
[[2250.0,500.0,500.0],0.0002157303],
[[2250.0,750.0,750.0],0.0002271675],
[[2250.0,1000.0,1000.0],0.0002033546],
[[2500.0,1.0,1.0],0.000224197],
[[2500.0,75.0,75.0],0.0002198725],
[[2500.0,150.0,150.0],0.0002397094],
[[2500.0,300.0,300.0],0.0002198376],
[[2500.0,500.0,500.0],0.0002074048],
[[2500.0,750.0,750.0],0.0002545687],
[[2500.0,1000.0,1000.0],0.0001883766],
[[2500.0,1200.0,1200.0],0.000242426],
[[2750.0,1.0,1.0],0.0002352],
[[2750.0,75.0,75.0],0.0002567021],
[[2750.0,150.0,150.0],0.0002539195],
[[2750.0,300.0,300.0],0.0002337644],
[[2750.0,500.0,500.0],0.0002236455],
[[2750.0,750.0,750.0],0.0002216917],
[[2750.0,1000.0,1000.0],0.0002364371],
[[2750.0,1200.0,1200.0],0.0002243836],
[[3000.0,1.0,1.0],0.0002388627],
[[3000.0,75.0,75.0],0.0002089999],
[[3000.0,150.0,150.0],0.0002481393],
[[3000.0,300.0,300.0],0.0002017556],
[[3000.0,500.0,500.0],0.0002092083],
[[3000.0,750.0,750.0],0.0002090791],
[[3000.0,1000.0,1000.0],0.0002467635],
[[3000.0,1200.0,1200.0],0.0002439655],
[[3000.0,1400.0,1400.0],0.0002450556]]
