txName: TRV1
constraint: {(PV > Zprime(1)), (Zprime(1) > MET(2),MET(3))}
condition: None
conditionDescription: None
figureUrl: None
source: Recast by CM2
validated: True
axesMap: [{0: 'x', 1: 'y', 2: 'y'}]
dataMap: {0: (1, 'mass', GeV), 1: (2, 'mass', GeV), 2: (3, 'mass', GeV)}
finalState: ['MET', 'MET']
intermediateState: None
efficiencyMap: [[[50.0,0,0],0.0],
[[50.0,1.0,1.0],0.0],
[[50.0,10.0,10.0],0.0],
[[50.0,20.0,20.0],0.0],
[[100.0,0,0],0.0],
[[100.0,1.0,1.0],0.0],
[[100.0,10.0,10.0],0.0],
[[150.0,0,0],0.0],
[[150.0,1.0,1.0],0.0],
[[150.0,10.0,10.0],0.0],
[[150.0,50.0,50.0],0.0],
[[150.0,70.0,70.0],0],
[[200.0,0,0],0.0],
[[200.0,1.0,1.0],0.0],
[[200.0,10.0,10.0],0.0],
[[200.0,50.0,50.0],0.0],
[[200.0,75.0,75.0],0.0],
[[250.0,0,0],0.0],
[[250.0,1.0,1.0],0],
[[250.0,10.0,10.0],0.0],
[[250.0,50.0,50.0],0],
[[250.0,75.0,75.0],0],
[[250.0,100.0,100.0],0],
[[250.0,120.0,120.0],0.0],
[[300.0,0,0],0.0],
[[300.0,1.0,1.0],0],
[[300.0,10.0,10.0],0.0],
[[300.0,50.0,50.0],0],
[[300.0,75.0,75.0],0.0],
[[300.0,100.0,100.0],0],
[[350.0,0,0],0],
[[350.0,1.0,1.0],0.0],
[[350.0,10.0,10.0],0],
[[350.0,50.0,50.0],0],
[[350.0,75.0,75.0],0],
[[350.0,100.0,100.0],0],
[[350.0,150.0,150.0],0],
[[350.0,170.0,170.0],0],
[[400.0,0,0],0],
[[400.0,1.0,1.0],0.0],
[[400.0,10.0,10.0],0],
[[400.0,50.0,50.0],0],
[[400.0,75.0,75.0],0],
[[400.0,100.0,100.0],0],
[[400.0,150.0,150.0],0],
[[450.0,0,0],0],
[[450.0,1.0,1.0],0],
[[450.0,10.0,10.0],0],
[[450.0,50.0,50.0],0.0],
[[450.0,75.0,75.0],0],
[[450.0,100.0,100.0],0],
[[450.0,150.0,150.0],0],
[[450.0,200.0,200.0],0],
[[450.0,220.0,220.0],0],
[[500.0,0,0],0],
[[500.0,1.0,1.0],0],
[[500.0,10.0,10.0],0],
[[500.0,50.0,50.0],0],
[[500.0,75.0,75.0],0],
[[500.0,100.0,100.0],0],
[[500.0,150.0,150.0],0],
[[500.0,200.0,200.0],0],
[[550.0,1.0,1.0],0],
[[550.0,10.0,10.0],0],
[[550.0,75.0,75.0],0],
[[550.0,150.0,150.0],0],
[[550.0,200.0,200.0],0],
[[550.0,250.0,250.0],0],
[[550.0,270.0,270.0],0],
[[600.0,0,0],0],
[[600.0,1.0,1.0],0],
[[600.0,10.0,10.0],0],
[[600.0,50.0,50.0],0],
[[600.0,75.0,75.0],0],
[[600.0,100.0,100.0],0],
[[600.0,150.0,150.0],0],
[[600.0,200.0,200.0],0],
[[600.0,250.0,250.0],0],
[[600.0,295.0,295.0],0],
[[650.0,1.0,1.0],0],
[[650.0,10.0,10.0],0],
[[650.0,75.0,75.0],0],
[[650.0,150.0,150.0],0],
[[650.0,200.0,200.0],0],
[[650.0,250.0,250.0],0],
[[650.0,300.0,300.0],0],
[[650.0,320.0,320.0],0],
[[700.0,0,0],0],
[[700.0,1.0,1.0],1.84985e-06],
[[700.0,10.0,10.0],0],
[[700.0,50.0,50.0],0],
[[700.0,75.0,75.0],0],
[[700.0,100.0,100.0],0],
[[700.0,150.0,150.0],0],
[[700.0,200.0,200.0],0],
[[700.0,250.0,250.0],0],
[[700.0,300.0,300.0],0],
[[750.0,1.0,1.0],0],
[[750.0,10.0,10.0],0],
[[750.0,75.0,75.0],0],
[[750.0,150.0,150.0],0],
[[750.0,200.0,200.0],0],
[[750.0,250.0,250.0],0],
[[750.0,300.0,300.0],0],
[[750.0,350.0,350.0],0],
[[750.0,370.0,370.0],0],
[[800.0,0,0],0],
[[800.0,1.0,1.0],0],
[[800.0,10.0,10.0],0],
[[800.0,50.0,50.0],0],
[[800.0,75.0,75.0],0],
[[800.0,100.0,100.0],0],
[[800.0,150.0,150.0],0],
[[800.0,200.0,200.0],0],
[[800.0,250.0,250.0],0],
[[800.0,300.0,300.0],0],
[[800.0,350.0,350.0],0],
[[850.0,1.0,1.0],0],
[[850.0,10.0,10.0],0],
[[850.0,75.0,75.0],0],
[[850.0,150.0,150.0],1.939114e-06],
[[850.0,200.0,200.0],0],
[[850.0,250.0,250.0],0],
[[850.0,300.0,300.0],0],
[[850.0,350.0,350.0],0],
[[850.0,400.0,400.0],0],
[[850.0,420.0,420.0],1.964774e-06],
[[900.0,0,0],0],
[[900.0,1.0,1.0],0],
[[900.0,10.0,10.0],0],
[[900.0,50.0,50.0],0],
[[900.0,75.0,75.0],1.8573e-06],
[[900.0,100.0,100.0],1.642525e-06],
[[900.0,150.0,150.0],0],
[[900.0,200.0,200.0],0],
[[900.0,250.0,250.0],0],
[[900.0,300.0,300.0],0],
[[900.0,350.0,350.0],2.346229e-06],
[[900.0,400.0,400.0],1.915172e-06],
[[950.0,1.0,1.0],0],
[[950.0,10.0,10.0],0],
[[950.0,75.0,75.0],0],
[[950.0,150.0,150.0],0],
[[950.0,200.0,200.0],1.815001e-06],
[[950.0,250.0,250.0],1.673329e-06],
[[950.0,300.0,300.0],1.841297e-06],
[[950.0,350.0,350.0],0],
[[950.0,400.0,400.0],1.910318e-06],
[[950.0,450.0,450.0],1.912622e-06],
[[950.0,470.0,470.0],0],
[[1000.0,0,0],0],
[[1000.0,50.0,50.0],1.737113e-06],
[[1000.0,100.0,100.0],0],
[[1000.0,150.0,150.0],2.922816e-06],
[[1000.0,200.0,200.0],1.932887e-06],
[[1000.0,250.0,250.0],1.888712e-06],
[[1000.0,300.0,300.0],0],
[[1000.0,350.0,350.0],2.163022e-06],
[[1000.0,400.0,400.0],2.31563e-06],
[[1000.0,450.0,450.0],1.898219e-06],
[[1050.0,520.0,520.0],2.267717e-06],
[[1100.0,0,0],0],
[[1100.0,100.0,100.0],0],
[[1100.0,200.0,200.0],0],
[[1100.0,300.0,300.0],2.054346e-06],
[[1100.0,400.0,400.0],2.212929e-06],
[[1100.0,500.0,500.0],2.412774e-06],
[[1150.0,570.0,570.0],2.316216e-06],
[[1200.0,0,0],0],
[[1200.0,100.0,100.0],2.085397e-06],
[[1200.0,200.0,200.0],3.496946e-06],
[[1200.0,300.0,300.0],2.04793e-06],
[[1200.0,400.0,400.0],2.42249e-06],
[[1200.0,500.0,500.0],2.665287e-06],
[[1250.0,620.0,620.0],3.100525e-06],
[[1300.0,0,0],3.271312e-06],
[[1300.0,100.0,100.0],1.660281e-06],
[[1300.0,200.0,200.0],3.028789e-06],
[[1300.0,300.0,300.0],2.887544e-06],
[[1300.0,400.0,400.0],4.644512e-06],
[[1300.0,500.0,500.0],3.008459e-06],
[[1300.0,600.0,600.0],1.979626e-06],
[[1350.0,670.0,670.0],5.844849e-06],
[[1400.0,0,0],7.336793e-06],
[[1400.0,100.0,100.0],2.563169e-06],
[[1400.0,200.0,200.0],3.459342e-06],
[[1400.0,300.0,300.0],4.080877e-06],
[[1400.0,400.0,400.0],2.328731e-06],
[[1400.0,500.0,500.0],2.264631e-06],
[[1400.0,600.0,600.0],0],
[[1450.0,720.0,720.0],4.17567e-06],
[[1500.0,0,0],3.279593e-06],
[[1500.0,100.0,100.0],2.733837e-06],
[[1500.0,200.0,200.0],3.042801e-06],
[[1500.0,300.0,300.0],3.378135e-06],
[[1500.0,400.0,400.0],3.410716e-06],
[[1500.0,500.0,500.0],1.884101e-06],
[[1500.0,600.0,600.0],3.109414e-06],
[[1500.0,700.0,700.0],4.533774e-06],
[[1550.0,770.0,770.0],3.34694e-06],
[[1600.0,0,0],2.684976e-06],
[[1600.0,100.0,100.0],4.057768e-06],
[[1600.0,200.0,200.0],4.351865e-06],
[[1600.0,300.0,300.0],5.83893e-06],
[[1600.0,400.0,400.0],2.507164e-06],
[[1600.0,500.0,500.0],5.158504e-06],
[[1600.0,600.0,600.0],4.231048e-06],
[[1600.0,700.0,700.0],4.126165e-06],
[[1650.0,820.0,820.0],4.381473e-06],
[[1700.0,0,0],3.825192e-06],
[[1700.0,100.0,100.0],3.182021e-06],
[[1700.0,200.0,200.0],3.634149e-06],
[[1700.0,300.0,300.0],3.011581e-06],
[[1700.0,400.0,400.0],2.361544e-06],
[[1700.0,500.0,500.0],4.141378e-06],
[[1700.0,600.0,600.0],4.777904e-06],
[[1700.0,700.0,700.0],3.592882e-06],
[[1700.0,800.0,800.0],4.419745e-06],
[[1750.0,870.0,870.0],4.854225e-06],
[[1800.0,0,0],3.85859e-06],
[[1800.0,100.0,100.0],3.759793e-06],
[[1800.0,200.0,200.0],2.76473e-06],
[[1800.0,300.0,300.0],3.384976e-06],
[[1800.0,400.0,400.0],3.55289e-06],
[[1800.0,500.0,500.0],4.196397e-06],
[[1800.0,600.0,600.0],4.199293e-06],
[[1800.0,700.0,700.0],5.006386e-06],
[[1800.0,800.0,800.0],5.129279e-06],
[[1850.0,920.0,920.0],4.626849e-06],
[[1900.0,0,0],3.858242e-06],
[[1900.0,100.0,100.0],3.917964e-06],
[[1900.0,200.0,200.0],3.870384e-06],
[[1900.0,300.0,300.0],5.316283e-06],
[[1900.0,400.0,400.0],3.58575e-06],
[[1900.0,500.0,500.0],3.229013e-06],
[[1900.0,600.0,600.0],2.606109e-06],
[[1900.0,700.0,700.0],5.758423e-06],
[[1900.0,800.0,800.0],6.98426e-06],
[[1900.0,900.0,900.0],3.560357e-06],
[[1950.0,970.0,970.0],6.292783e-06],
[[2000.0,0,0],3.703479e-06],
[[2000.0,100.0,100.0],3.480052e-06],
[[2000.0,200.0,200.0],2.979244e-06],
[[2000.0,300.0,300.0],3.611583e-06],
[[2000.0,400.0,400.0],5.406001e-06],
[[2000.0,500.0,500.0],5.413671e-06],
[[2000.0,600.0,600.0],2.230716e-06],
[[2000.0,700.0,700.0],4.795459e-06],
[[2000.0,800.0,800.0],4.408435e-06],
[[2000.0,900.0,900.0],5.344825e-06],
[[2050.0,1020.0,1020.0],3.467826e-06],
[[2100.0,0,0],3.359383e-06],
[[2100.0,100.0,100.0],1.989686e-06],
[[2100.0,200.0,200.0],4.374999e-06],
[[2100.0,300.0,300.0],3.685159e-06],
[[2100.0,400.0,400.0],2.151616e-06],
[[2100.0,500.0,500.0],4.0401e-06],
[[2100.0,600.0,600.0],3.640923e-06],
[[2100.0,700.0,700.0],3.352381e-06],
[[2100.0,800.0,800.0],8.785705e-06],
[[2100.0,900.0,900.0],4.220825e-06],
[[2100.0,1000.0,1000.0],3.64052e-06],
[[2150.0,1070.0,1070.0],8.137012e-06],
[[2200.0,0,0],6.816442e-06],
[[2200.0,100.0,100.0],6.791966e-06],
[[2200.0,200.0,200.0],5.427381e-06],
[[2200.0,300.0,300.0],5.453973e-06],
[[2200.0,400.0,400.0],4.448751e-06],
[[2200.0,500.0,500.0],5.079266e-06],
[[2200.0,600.0,600.0],5.575361e-06],
[[2200.0,700.0,700.0],3.039613e-06],
[[2200.0,800.0,800.0],4.146039e-06],
[[2200.0,900.0,900.0],2.991915e-06],
[[2200.0,1000.0,1000.0],4.787757e-06],
[[2250.0,1120.0,1120.0],4.934237e-06],
[[2300.0,0,0],3.490364e-06],
[[2300.0,100.0,100.0],0],
[[2300.0,200.0,200.0],3.741041e-06],
[[2300.0,300.0,300.0],4.685631e-06],
[[2300.0,400.0,400.0],2.718168e-06],
[[2300.0,500.0,500.0],3.484341e-06],
[[2300.0,600.0,600.0],2.346364e-06],
[[2300.0,700.0,700.0],3.404444e-06],
[[2300.0,800.0,800.0],3.835349e-06],
[[2300.0,900.0,900.0],6.67545e-06],
[[2300.0,1000.0,1000.0],4.91469e-06],
[[2300.0,1100.0,1100.0],6.281754e-06],
[[2350.0,1170.0,1170.0],3.628435e-06],
[[2400.0,0,0],3.87009e-06],
[[2400.0,100.0,100.0],0],
[[2400.0,200.0,200.0],2.08559e-06],
[[2400.0,300.0,300.0],5.621238e-06],
[[2400.0,400.0,400.0],4.995212e-06],
[[2400.0,500.0,500.0],5.630293e-06],
[[2400.0,600.0,600.0],4.261312e-06],
[[2400.0,700.0,700.0],3.900425e-06],
[[2400.0,800.0,800.0],3.734446e-06],
[[2400.0,900.0,900.0],5.639415e-06],
[[2400.0,1000.0,1000.0],3.487794e-06],
[[2400.0,1100.0,1100.0],4.927491e-06],
[[2450.0,1220.0,1220.0],3.621624e-06],
[[2500.0,0,0],3.112843e-06],
[[2500.0,100.0,100.0],3.991184e-06],
[[2500.0,200.0,200.0],4.840446e-06],
[[2500.0,300.0,300.0],5.989445e-06],
[[2500.0,400.0,400.0],2.188109e-06],
[[2500.0,500.0,500.0],4.265518e-06],
[[2500.0,600.0,600.0],2.871199e-06],
[[2500.0,700.0,700.0],7.072546e-06],
[[2500.0,800.0,800.0],6.434384e-06],
[[2500.0,900.0,900.0],2.516675e-06],
[[2500.0,1000.0,1000.0],3.44376e-06],
[[2500.0,1100.0,1100.0],5.387826e-06],
[[2500.0,1200.0,1200.0],3.86564e-06],
[[2550.0,1270.0,1270.0],5.549123e-06],
[[2600.0,0,0],3.652474e-06],
[[2600.0,100.0,100.0],4.953543e-06],
[[2600.0,200.0,200.0],4.706653e-06],
[[2600.0,300.0,300.0],5.601383e-06],
[[2600.0,400.0,400.0],5.245718e-06],
[[2600.0,500.0,500.0],4.128698e-06],
[[2600.0,600.0,600.0],3.100071e-06],
[[2600.0,700.0,700.0],3.220556e-06],
[[2600.0,800.0,800.0],4.106876e-06],
[[2600.0,900.0,900.0],9.613729e-06],
[[2600.0,1000.0,1000.0],6.023251e-06],
[[2600.0,1100.0,1100.0],4.843329e-06],
[[2600.0,1200.0,1200.0],6.572585e-06],
[[2650.0,1320.0,1320.0],3.989699e-06],
[[2700.0,0,0],3.829331e-06],
[[2700.0,100.0,100.0],5.664378e-06],
[[2700.0,200.0,200.0],2.623421e-06],
[[2700.0,300.0,300.0],4.438872e-06],
[[2700.0,400.0,400.0],4.272425e-06],
[[2700.0,500.0,500.0],6.808358e-06],
[[2700.0,600.0,600.0],7.785022e-06],
[[2700.0,700.0,700.0],3.048407e-06],
[[2700.0,800.0,800.0],4.672015e-06],
[[2700.0,900.0,900.0],2.763609e-06],
[[2700.0,1000.0,1000.0],4.157517e-06],
[[2700.0,1100.0,1100.0],5.416068e-06],
[[2700.0,1200.0,1200.0],4.282288e-06],
[[2700.0,1300.0,1300.0],8.995865e-06],
[[2750.0,1370.0,1370.0],3.70177e-06],
[[2800.0,0,0],4.57143e-06],
[[2800.0,100.0,100.0],4.711216e-06],
[[2800.0,200.0,200.0],4.217229e-06],
[[2800.0,300.0,300.0],3.732342e-06],
[[2800.0,400.0,400.0],4.409537e-06],
[[2800.0,500.0,500.0],3.552826e-06],
[[2800.0,600.0,600.0],6.18853e-06],
[[2800.0,700.0,700.0],3.716004e-06],
[[2800.0,800.0,800.0],3.150864e-06],
[[2800.0,900.0,900.0],4.821155e-06],
[[2800.0,1000.0,1000.0],6.908514e-06],
[[2800.0,1100.0,1100.0],3.179689e-06],
[[2800.0,1200.0,1200.0],3.911468e-06],
[[2800.0,1300.0,1300.0],3.341457e-06],
[[2850.0,1420.0,1420.0],3.19504e-06],
[[2900.0,0,0],3.675938e-06],
[[2900.0,100.0,100.0],4.994495e-06],
[[2900.0,200.0,200.0],3.594815e-06],
[[2900.0,300.0,300.0],5.109416e-06],
[[2900.0,400.0,400.0],0],
[[2900.0,500.0,500.0],6.00396e-06],
[[2900.0,600.0,600.0],4.616837e-06],
[[2900.0,700.0,700.0],4.238008e-06],
[[2900.0,800.0,800.0],3.286437e-06],
[[2900.0,900.0,900.0],0],
[[2900.0,1000.0,1000.0],5.188489e-06],
[[2900.0,1100.0,1100.0],3.653834e-06],
[[2900.0,1200.0,1200.0],5.996865e-06],
[[2900.0,1300.0,1300.0],3.726798e-06],
[[2900.0,1400.0,1400.0],2.433232e-06],
[[2950.0,1470.0,1470.0],4.057517e-06],
[[3000.0,0,0],3.313469e-06],
[[3000.0,100.0,100.0],3.968965e-06],
[[3000.0,200.0,200.0],4.540088e-06],
[[3000.0,300.0,300.0],4.083055e-06],
[[3000.0,400.0,400.0],3.746979e-06],
[[3000.0,500.0,500.0],4.946566e-06],
[[3000.0,600.0,600.0],4.927594e-06],
[[3000.0,700.0,700.0],5.443454e-06],
[[3000.0,800.0,800.0],4.366482e-06],
[[3000.0,900.0,900.0],4.316356e-06],
[[3000.0,1000.0,1000.0],5.746525e-06],
[[3000.0,1100.0,1100.0],2.99897e-06],
[[3000.0,1200.0,1200.0],3.881928e-06],
[[3000.0,1300.0,1300.0],1.021275e-05],
[[3000.0,1400.0,1400.0],3.321366e-06]]
