txName: TRV1
constraint: {(PV > Zprime(1)), (Zprime(1) > MET(2),MET(3))}
condition: None
conditionDescription: None
figureUrl: None
source: Recast by CM2
validated: True
axesMap: [{0: 'x', 1: 'y', 2: 'y'}]
dataMap: {0: (1, 'mass', GeV), 1: (2, 'mass', GeV), 2: (3, 'mass', GeV)}
finalState: ['MET', 'MET']
intermediateState: None
efficiencyMap: [[[50.0,0,0],0.0],
[[50.0,1.0,1.0],0.0],
[[50.0,10.0,10.0],0.0],
[[50.0,20.0,20.0],0.0],
[[100.0,0,0],0],
[[100.0,1.0,1.0],0.0],
[[100.0,10.0,10.0],0.0],
[[150.0,0,0],0.0],
[[150.0,1.0,1.0],0.0],
[[150.0,10.0,10.0],0.0],
[[150.0,50.0,50.0],0.0],
[[150.0,70.0,70.0],0.0],
[[200.0,0,0],0.0],
[[200.0,1.0,1.0],0],
[[200.0,10.0,10.0],0],
[[200.0,50.0,50.0],0],
[[200.0,75.0,75.0],0.0],
[[250.0,0,0],0],
[[250.0,1.0,1.0],0],
[[250.0,10.0,10.0],0],
[[250.0,50.0,50.0],0],
[[250.0,75.0,75.0],0],
[[250.0,100.0,100.0],0],
[[250.0,120.0,120.0],0],
[[300.0,0,0],0.0],
[[300.0,1.0,1.0],0],
[[300.0,10.0,10.0],0],
[[300.0,50.0,50.0],0],
[[300.0,75.0,75.0],0],
[[300.0,100.0,100.0],0],
[[350.0,0,0],0],
[[350.0,1.0,1.0],0],
[[350.0,10.0,10.0],0],
[[350.0,50.0,50.0],0],
[[350.0,75.0,75.0],0],
[[350.0,100.0,100.0],0],
[[350.0,150.0,150.0],0],
[[350.0,170.0,170.0],0],
[[400.0,0,0],0],
[[400.0,1.0,1.0],0],
[[400.0,10.0,10.0],0],
[[400.0,50.0,50.0],0],
[[400.0,75.0,75.0],0],
[[400.0,100.0,100.0],0],
[[400.0,150.0,150.0],0],
[[450.0,0,0],0],
[[450.0,1.0,1.0],0],
[[450.0,10.0,10.0],0],
[[450.0,50.0,50.0],0],
[[450.0,75.0,75.0],0],
[[450.0,100.0,100.0],0],
[[450.0,150.0,150.0],0],
[[450.0,200.0,200.0],0],
[[450.0,220.0,220.0],0],
[[500.0,0,0],0],
[[500.0,1.0,1.0],0],
[[500.0,10.0,10.0],0],
[[500.0,50.0,50.0],0],
[[500.0,75.0,75.0],0],
[[500.0,100.0,100.0],0],
[[500.0,150.0,150.0],0],
[[500.0,200.0,200.0],0],
[[550.0,1.0,1.0],0],
[[550.0,10.0,10.0],0],
[[550.0,75.0,75.0],0],
[[550.0,150.0,150.0],0],
[[550.0,200.0,200.0],0],
[[550.0,250.0,250.0],0],
[[550.0,270.0,270.0],0],
[[600.0,0,0],0],
[[600.0,1.0,1.0],0],
[[600.0,10.0,10.0],0],
[[600.0,50.0,50.0],0],
[[600.0,75.0,75.0],0],
[[600.0,100.0,100.0],0],
[[600.0,150.0,150.0],0],
[[600.0,200.0,200.0],0],
[[600.0,250.0,250.0],0],
[[600.0,295.0,295.0],0],
[[650.0,1.0,1.0],0],
[[650.0,10.0,10.0],0],
[[650.0,75.0,75.0],0],
[[650.0,150.0,150.0],0],
[[650.0,200.0,200.0],0],
[[650.0,250.0,250.0],0],
[[650.0,300.0,300.0],0],
[[650.0,320.0,320.0],0],
[[700.0,0,0],0],
[[700.0,1.0,1.0],0],
[[700.0,10.0,10.0],0],
[[700.0,50.0,50.0],0],
[[700.0,75.0,75.0],0],
[[700.0,100.0,100.0],0.0],
[[700.0,150.0,150.0],0],
[[700.0,200.0,200.0],1.657196e-06],
[[700.0,250.0,250.0],0],
[[700.0,300.0,300.0],0],
[[750.0,1.0,1.0],0],
[[750.0,10.0,10.0],1.682692e-06],
[[750.0,75.0,75.0],1.73158e-06],
[[750.0,150.0,150.0],0],
[[750.0,200.0,200.0],0],
[[750.0,250.0,250.0],0],
[[750.0,300.0,300.0],1.862042e-06],
[[750.0,350.0,350.0],2.338555e-06],
[[750.0,370.0,370.0],1.999424e-06],
[[800.0,0,0],1.78001e-06],
[[800.0,1.0,1.0],0],
[[800.0,10.0,10.0],1.99446e-06],
[[800.0,50.0,50.0],2.181764e-06],
[[800.0,75.0,75.0],0],
[[800.0,100.0,100.0],2.113514e-06],
[[800.0,150.0,150.0],0],
[[800.0,200.0,200.0],0],
[[800.0,250.0,250.0],2.686131e-06],
[[800.0,300.0,300.0],1.939605e-06],
[[800.0,350.0,350.0],2.014908e-06],
[[850.0,1.0,1.0],0],
[[850.0,10.0,10.0],3.263578e-06],
[[850.0,75.0,75.0],2.834345e-06],
[[850.0,150.0,150.0],2.692946e-06],
[[850.0,200.0,200.0],1.946798e-06],
[[850.0,250.0,250.0],2.792442e-06],
[[850.0,300.0,300.0],1.773303e-06],
[[850.0,350.0,350.0],2.736618e-06],
[[850.0,400.0,400.0],1.860439e-06],
[[850.0,420.0,420.0],1.951746e-06],
[[900.0,0,0],3.499473e-06],
[[900.0,1.0,1.0],3.256238e-06],
[[900.0,10.0,10.0],1.978143e-06],
[[900.0,50.0,50.0],2.582322e-06],
[[900.0,75.0,75.0],1.780052e-06],
[[900.0,100.0,100.0],0],
[[900.0,150.0,150.0],1.719574e-06],
[[900.0,200.0,200.0],2.994919e-06],
[[900.0,250.0,250.0],2.781619e-06],
[[900.0,300.0,300.0],2.945106e-06],
[[900.0,350.0,350.0],3.109726e-06],
[[900.0,400.0,400.0],3.207037e-06],
[[950.0,1.0,1.0],2.434e-06],
[[950.0,10.0,10.0],2.300735e-06],
[[950.0,75.0,75.0],2.346989e-06],
[[950.0,150.0,150.0],2.548701e-06],
[[950.0,200.0,200.0],4.05385e-06],
[[950.0,250.0,250.0],2.189891e-06],
[[950.0,300.0,300.0],3.710142e-06],
[[950.0,350.0,350.0],2.086134e-06],
[[950.0,400.0,400.0],3.580369e-06],
[[950.0,450.0,450.0],3.349987e-06],
[[950.0,470.0,470.0],5.262724e-06],
[[1000.0,0,0],2.644143e-06],
[[1000.0,50.0,50.0],3.021062e-06],
[[1000.0,100.0,100.0],3.838314e-06],
[[1000.0,150.0,150.0],2.626238e-06],
[[1000.0,200.0,200.0],2.939676e-06],
[[1000.0,250.0,250.0],3.435921e-06],
[[1000.0,300.0,300.0],3.149128e-06],
[[1000.0,350.0,350.0],2.028661e-06],
[[1000.0,400.0,400.0],3.979597e-06],
[[1000.0,450.0,450.0],3.516904e-06],
[[1050.0,520.0,520.0],4.484269e-06],
[[1100.0,0,0],3.239366e-06],
[[1100.0,100.0,100.0],3.956639e-06],
[[1100.0,200.0,200.0],5.267516e-06],
[[1100.0,300.0,300.0],2.724736e-06],
[[1100.0,400.0,400.0],3.976117e-06],
[[1100.0,500.0,500.0],3.561522e-06],
[[1150.0,570.0,570.0],5.637945e-06],
[[1200.0,0,0],4.470719e-06],
[[1200.0,100.0,100.0],5.021353e-06],
[[1200.0,200.0,200.0],3.894905e-06],
[[1200.0,300.0,300.0],3.037194e-06],
[[1200.0,400.0,400.0],6.493152e-06],
[[1200.0,500.0,500.0],5.565622e-06],
[[1250.0,620.0,620.0],5.33251e-06],
[[1300.0,0,0],5.232591e-06],
[[1300.0,100.0,100.0],6.231032e-06],
[[1300.0,200.0,200.0],6.502847e-06],
[[1300.0,300.0,300.0],5.864415e-06],
[[1300.0,400.0,400.0],6.024857e-06],
[[1300.0,500.0,500.0],5.697279e-06],
[[1300.0,600.0,600.0],7.813786e-06],
[[1350.0,670.0,670.0],5.655705e-06],
[[1400.0,0,0],5.853294e-06],
[[1400.0,100.0,100.0],5.741598e-06],
[[1400.0,200.0,200.0],7.428962e-06],
[[1400.0,300.0,300.0],6.926597e-06],
[[1400.0,400.0,400.0],5.156609e-06],
[[1400.0,500.0,500.0],9.279874e-06],
[[1400.0,600.0,600.0],6.175112e-06],
[[1450.0,720.0,720.0],6.267431e-06],
[[1500.0,0,0],5.765541e-06],
[[1500.0,100.0,100.0],7.041083e-06],
[[1500.0,200.0,200.0],5.284086e-06],
[[1500.0,300.0,300.0],6.603643e-06],
[[1500.0,400.0,400.0],6.67019e-06],
[[1500.0,500.0,500.0],7.946273e-06],
[[1500.0,600.0,600.0],6.439577e-06],
[[1500.0,700.0,700.0],6.748941e-06],
[[1550.0,770.0,770.0],9.919652e-06],
[[1600.0,0,0],8.192304e-06],
[[1600.0,100.0,100.0],5.526407e-06],
[[1600.0,200.0,200.0],6.176734e-06],
[[1600.0,300.0,300.0],7.209003e-06],
[[1600.0,400.0,400.0],7.450443e-06],
[[1600.0,500.0,500.0],6.495016e-06],
[[1600.0,600.0,600.0],7.52699e-06],
[[1600.0,700.0,700.0],6.054934e-06],
[[1650.0,820.0,820.0],8.25353e-06],
[[1700.0,0,0],7.984929e-06],
[[1700.0,100.0,100.0],1.063709e-05],
[[1700.0,200.0,200.0],6.422207e-06],
[[1700.0,300.0,300.0],8.432794e-06],
[[1700.0,400.0,400.0],6.419889e-06],
[[1700.0,500.0,500.0],9.224661e-06],
[[1700.0,600.0,600.0],1.20447e-05],
[[1700.0,700.0,700.0],6.946631e-06],
[[1700.0,800.0,800.0],9.810999e-06],
[[1750.0,870.0,870.0],8.306172e-06],
[[1800.0,0,0],7.04434e-06],
[[1800.0,100.0,100.0],7.237325e-06],
[[1800.0,200.0,200.0],9.551538e-06],
[[1800.0,300.0,300.0],9.704319e-06],
[[1800.0,400.0,400.0],7.679241e-06],
[[1800.0,500.0,500.0],7.146118e-06],
[[1800.0,600.0,600.0],8.879332e-06],
[[1800.0,700.0,700.0],7.782662e-06],
[[1800.0,800.0,800.0],9.345491e-06],
[[1850.0,920.0,920.0],1.102399e-05],
[[1900.0,0,0],5.770918e-06],
[[1900.0,100.0,100.0],8.175372e-06],
[[1900.0,200.0,200.0],7.201349e-06],
[[1900.0,300.0,300.0],7.998677e-06],
[[1900.0,400.0,400.0],9.5875e-06],
[[1900.0,500.0,500.0],8.133942e-06],
[[1900.0,600.0,600.0],6.215482e-06],
[[1900.0,700.0,700.0],7.65926e-06],
[[1900.0,800.0,800.0],8.255798e-06],
[[1900.0,900.0,900.0],1.078862e-05],
[[1950.0,970.0,970.0],1.013207e-05],
[[2000.0,0,0],5.993312e-06],
[[2000.0,100.0,100.0],8.815838e-06],
[[2000.0,200.0,200.0],7.555166e-06],
[[2000.0,300.0,300.0],5.282034e-06],
[[2000.0,400.0,400.0],8.546758e-06],
[[2000.0,500.0,500.0],6.637445e-06],
[[2000.0,600.0,600.0],1.517468e-05],
[[2000.0,700.0,700.0],6.684655e-06],
[[2000.0,800.0,800.0],7.875854e-06],
[[2000.0,900.0,900.0],1.00723e-05],
[[2050.0,1020.0,1020.0],8.613879e-06],
[[2100.0,0,0],8.183269e-06],
[[2100.0,100.0,100.0],6.270101e-06],
[[2100.0,200.0,200.0],9.958428e-06],
[[2100.0,300.0,300.0],9.143837e-06],
[[2100.0,400.0,400.0],8.561006e-06],
[[2100.0,500.0,500.0],8.265732e-06],
[[2100.0,600.0,600.0],8.677459e-06],
[[2100.0,700.0,700.0],9.016867e-06],
[[2100.0,800.0,800.0],1.014588e-05],
[[2100.0,900.0,900.0],1.105927e-05],
[[2100.0,1000.0,1000.0],8.1729e-06],
[[2150.0,1070.0,1070.0],6.331181e-06],
[[2200.0,0,0],8.999042e-06],
[[2200.0,100.0,100.0],7.480901e-06],
[[2200.0,200.0,200.0],8.12645e-06],
[[2200.0,300.0,300.0],9.069553e-06],
[[2200.0,400.0,400.0],1.020804e-05],
[[2200.0,500.0,500.0],7.835615e-06],
[[2200.0,600.0,600.0],8.768203e-06],
[[2200.0,700.0,700.0],8.569758e-06],
[[2200.0,800.0,800.0],1.810372e-05],
[[2200.0,900.0,900.0],9.015093e-06],
[[2200.0,1000.0,1000.0],7.125526e-06],
[[2250.0,1120.0,1120.0],1.012722e-05],
[[2300.0,0,0],8.54234e-06],
[[2300.0,100.0,100.0],8.434674e-06],
[[2300.0,200.0,200.0],7.471277e-06],
[[2300.0,300.0,300.0],9.062655e-06],
[[2300.0,400.0,400.0],8.54167e-06],
[[2300.0,500.0,500.0],8.724927e-06],
[[2300.0,600.0,600.0],1.007596e-05],
[[2300.0,700.0,700.0],9.748236e-06],
[[2300.0,800.0,800.0],7.348017e-06],
[[2300.0,900.0,900.0],1.394431e-05],
[[2300.0,1000.0,1000.0],9.613793e-06],
[[2300.0,1100.0,1100.0],9.502476e-06],
[[2350.0,1170.0,1170.0],7.988415e-06],
[[2400.0,0,0],7.217399e-06],
[[2400.0,100.0,100.0],5.30802e-06],
[[2400.0,200.0,200.0],8.185123e-06],
[[2400.0,300.0,300.0],1.133175e-05],
[[2400.0,400.0,400.0],7.604863e-06],
[[2400.0,500.0,500.0],9.498633e-06],
[[2400.0,600.0,600.0],1.001041e-05],
[[2400.0,700.0,700.0],7.859063e-06],
[[2400.0,800.0,800.0],1.036553e-05],
[[2400.0,900.0,900.0],7.677943e-06],
[[2400.0,1000.0,1000.0],1.148532e-05],
[[2400.0,1100.0,1100.0],8.529231e-06],
[[2450.0,1220.0,1220.0],9.584363e-06],
[[2500.0,0,0],7.551131e-06],
[[2500.0,100.0,100.0],7.576862e-06],
[[2500.0,200.0,200.0],1.0039e-05],
[[2500.0,300.0,300.0],9.913343e-06],
[[2500.0,400.0,400.0],1.044464e-05],
[[2500.0,500.0,500.0],1.193169e-05],
[[2500.0,600.0,600.0],9.094916e-06],
[[2500.0,700.0,700.0],7.69891e-06],
[[2500.0,800.0,800.0],1.337902e-05],
[[2500.0,900.0,900.0],1.125541e-05],
[[2500.0,1000.0,1000.0],7.272457e-06],
[[2500.0,1100.0,1100.0],7.042841e-06],
[[2500.0,1200.0,1200.0],7.351576e-06],
[[2550.0,1270.0,1270.0],9.17277e-06],
[[2600.0,0,0],7.379828e-06],
[[2600.0,100.0,100.0],6.734149e-06],
[[2600.0,200.0,200.0],8.985045e-06],
[[2600.0,300.0,300.0],6.456233e-06],
[[2600.0,400.0,400.0],8.237628e-06],
[[2600.0,500.0,500.0],9.438918e-06],
[[2600.0,600.0,600.0],8.607841e-06],
[[2600.0,700.0,700.0],1.243699e-05],
[[2600.0,800.0,800.0],8.117315e-06],
[[2600.0,900.0,900.0],8.916181e-06],
[[2600.0,1000.0,1000.0],7.957405e-06],
[[2600.0,1100.0,1100.0],8.19304e-06],
[[2600.0,1200.0,1200.0],1.03383e-05],
[[2650.0,1320.0,1320.0],7.974584e-06],
[[2700.0,0,0],8.014634e-06],
[[2700.0,100.0,100.0],8.384167e-06],
[[2700.0,200.0,200.0],5.103975e-06],
[[2700.0,300.0,300.0],8.822719e-06],
[[2700.0,400.0,400.0],9.048388e-06],
[[2700.0,500.0,500.0],7.164827e-06],
[[2700.0,600.0,600.0],9.943945e-06],
[[2700.0,700.0,700.0],1.069163e-05],
[[2700.0,800.0,800.0],5.086514e-06],
[[2700.0,900.0,900.0],9.679618e-06],
[[2700.0,1000.0,1000.0],8.685795e-06],
[[2700.0,1100.0,1100.0],6.197312e-06],
[[2700.0,1200.0,1200.0],8.118137e-06],
[[2700.0,1300.0,1300.0],1.140075e-05],
[[2750.0,1370.0,1370.0],7.795178e-06],
[[2800.0,0,0],6.788847e-06],
[[2800.0,100.0,100.0],9.202032e-06],
[[2800.0,200.0,200.0],8.352193e-06],
[[2800.0,300.0,300.0],1.084484e-05],
[[2800.0,400.0,400.0],6.859118e-06],
[[2800.0,500.0,500.0],7.811779e-06],
[[2800.0,600.0,600.0],8.305825e-06],
[[2800.0,700.0,700.0],9.835714e-06],
[[2800.0,800.0,800.0],7.777668e-06],
[[2800.0,900.0,900.0],7.521523e-06],
[[2800.0,1000.0,1000.0],7.422414e-06],
[[2800.0,1100.0,1100.0],9.572043e-06],
[[2800.0,1200.0,1200.0],8.158139e-06],
[[2800.0,1300.0,1300.0],8.783288e-06],
[[2850.0,1420.0,1420.0],7.643415e-06],
[[2900.0,0,0],7.988166e-06],
[[2900.0,100.0,100.0],7.1671e-06],
[[2900.0,200.0,200.0],8.538238e-06],
[[2900.0,300.0,300.0],7.625331e-06],
[[2900.0,400.0,400.0],6.031347e-06],
[[2900.0,500.0,500.0],1.341147e-05],
[[2900.0,600.0,600.0],5.064157e-06],
[[2900.0,700.0,700.0],9.892865e-06],
[[2900.0,800.0,800.0],9.935136e-06],
[[2900.0,900.0,900.0],2.732388e-06],
[[2900.0,1000.0,1000.0],1.113598e-05],
[[2900.0,1100.0,1100.0],9.439944e-06],
[[2900.0,1200.0,1200.0],7.014397e-06],
[[2900.0,1300.0,1300.0],8.481871e-06],
[[2900.0,1400.0,1400.0],8.686501e-06],
[[2950.0,1470.0,1470.0],8.091085e-06],
[[3000.0,0,0],6.646309e-06],
[[3000.0,100.0,100.0],7.040987e-06],
[[3000.0,200.0,200.0],9.76415e-06],
[[3000.0,300.0,300.0],7.162601e-06],
[[3000.0,400.0,400.0],8.933265e-06],
[[3000.0,500.0,500.0],1.003794e-05],
[[3000.0,600.0,600.0],1.374002e-05],
[[3000.0,700.0,700.0],8.460966e-06],
[[3000.0,800.0,800.0],9.004344e-06],
[[3000.0,900.0,900.0],9.83861e-06],
[[3000.0,1000.0,1000.0],7.403067e-06],
[[3000.0,1100.0,1100.0],8.982872e-06],
[[3000.0,1200.0,1200.0],9.425363e-06],
[[3000.0,1300.0,1300.0],1.05173e-05],
[[3000.0,1400.0,1400.0],8.617349e-06]]
