txName: TRS1
constraint: {(PV > H0(1)), (H0(1) > MET(2),MET(3))}
condition: None
conditionDescription: None
figureUrl: https://cms-results.web.cern.ch/cms-results/public-results/publications/EXO-20-004/CMS-EXO-20-004_Figure_009-a.png
source: https://doi.org/10.5281/zenodo.13324003
validated: True
axesMap: [{0: 'x', 1: '1.0', 2: '1.0'}, {0: 'x', 1: 'y', 2: 'y'}]
dataMap: {0: (1, 'mass', GeV), 1: (2, 'mass', GeV), 2: (3, 'mass', GeV)}
finalState: ['MET', 'MET']
intermediateState: None
efficiencyMap: [[[100.0,10.0,10.0],6.886064e-07],
[[150.0,1.0,1.0],1.267902e-06],
[[150.0,50.0,50.0],1.248725e-06],
[[200.0,1.0,1.0],1.526099e-06],
[[200.0,50.0,50.0],2.393122e-06],
[[200.0,100.0,100.0],4.916325e-06],
[[250.0,1.0,1.0],3.971221e-06],
[[250.0,10.0,10.0],3.229625e-06],
[[250.0,50.0,50.0],3.357472e-06],
[[250.0,100.0,100.0],4.182718e-06],
[[300.0,1.0,1.0],3.680751e-06],
[[300.0,50.0,50.0],3.757694e-06],
[[300.0,100.0,100.0],5.471202e-06],
[[350.0,1.0,1.0],4.92142e-06],
[[350.0,50.0,50.0],4.433261e-06],
[[350.0,100.0,100.0],5.175893e-06],
[[350.0,150.0,150.0],5.048295e-06],
[[400.0,1.0,1.0],6.330401e-06],
[[400.0,50.0,50.0],5.295351e-06],
[[400.0,100.0,100.0],5.843312e-06],
[[400.0,150.0,150.0],6.282551e-06],
[[450.0,1.0,1.0],7.565737e-06],
[[450.0,50.0,50.0],7.647353e-06],
[[450.0,100.0,100.0],7.873824e-06],
[[450.0,150.0,150.0],9.249686e-06],
[[450.0,200.0,200.0],9.9038e-06],
[[500.0,1.0,1.0],1.394101e-05],
[[500.0,10.0,10.0],1.225852e-05],
[[500.0,50.0,50.0],1.301869e-05],
[[500.0,100.0,100.0],1.386306e-05],
[[500.0,150.0,150.0],1.09771e-05],
[[500.0,200.0,200.0],1.503895e-05],
[[550.0,1.0,1.0],1.661304e-05],
[[550.0,50.0,50.0],1.599122e-05],
[[550.0,100.0,100.0],1.839043e-05],
[[550.0,150.0,150.0],1.831898e-05],
[[550.0,200.0,200.0],1.918489e-05],
[[550.0,250.0,250.0],1.897848e-05],
[[600.0,1.0,1.0],2.190252e-05],
[[600.0,50.0,50.0],2.22453e-05],
[[600.0,100.0,100.0],2.508628e-05],
[[600.0,150.0,150.0],2.410605e-05],
[[600.0,200.0,200.0],2.055174e-05],
[[600.0,250.0,250.0],2.461769e-05],
[[650.0,1.0,1.0],2.888789e-05],
[[650.0,50.0,50.0],3.061452e-05],
[[650.0,100.0,100.0],3.432488e-05],
[[650.0,150.0,150.0],2.825514e-05],
[[650.0,200.0,200.0],3.180253e-05],
[[650.0,250.0,250.0],5.862099e-05],
[[650.0,300.0,300.0],4.000562e-05],
[[700.0,1.0,1.0],4.113162e-05],
[[700.0,50.0,50.0],4.360334e-05],
[[700.0,100.0,100.0],4.122303e-05],
[[700.0,150.0,150.0],4.090699e-05],
[[700.0,200.0,200.0],4.427485e-05],
[[700.0,250.0,250.0],4.137075e-05],
[[700.0,300.0,300.0],4.648771e-05],
[[750.0,1.0,1.0],4.372485e-05],
[[750.0,10.0,10.0],4.885313e-05],
[[750.0,50.0,50.0],5.052798e-05],
[[750.0,100.0,100.0],4.786819e-05],
[[750.0,150.0,150.0],4.363311e-05],
[[750.0,200.0,200.0],5.292101e-05],
[[750.0,250.0,250.0],5.711043e-05],
[[750.0,300.0,300.0],5.846909e-05],
[[750.0,350.0,350.0],6.497902e-05],
[[800.0,1.0,1.0],5.411792e-05],
[[800.0,150.0,150.0],5.928737e-05],
[[800.0,200.0,200.0],7.110846e-05],
[[800.0,250.0,250.0],7.310487e-05],
[[800.0,300.0,300.0],7.018327e-05],
[[800.0,350.0,350.0],7.822963e-05],
[[850.0,1.0,1.0],6.055591e-05],
[[850.0,150.0,150.0],7.374168e-05],
[[850.0,200.0,200.0],7.977719e-05],
[[850.0,250.0,250.0],7.511952e-05],
[[850.0,300.0,300.0],8.756503e-05],
[[850.0,350.0,350.0],0.0001028645],
[[850.0,400.0,400.0],9.950078e-05],
[[900.0,1.0,1.0],7.917669e-05],
[[900.0,150.0,150.0],7.793998e-05],
[[900.0,200.0,200.0],9.398754e-05],
[[900.0,250.0,250.0],0.0001033436],
[[900.0,300.0,300.0],9.22511e-05],
[[900.0,350.0,350.0],8.861278e-05],
[[900.0,400.0,400.0],0.000114179],
[[950.0,1.0,1.0],9.468888e-05],
[[950.0,150.0,150.0],0.0001170338],
[[950.0,200.0,200.0],0.0001202524],
[[950.0,250.0,250.0],0.0001137641],
[[950.0,300.0,300.0],0.000117268],
[[950.0,350.0,350.0],0.0001163139],
[[950.0,400.0,400.0],0.0001186863],
[[950.0,450.0,450.0],0.0001322634],
[[1000.0,1.0,1.0],9.853873e-05],
[[1000.0,10.0,10.0],0.0001130799],
[[1000.0,50.0,50.0],0.0001064512],
[[1000.0,100.0,100.0],0.0001146639],
[[1000.0,150.0,150.0],0.0001092701],
[[1000.0,200.0,200.0],0.0001077522],
[[1000.0,250.0,250.0],0.0001383543],
[[1000.0,300.0,300.0],0.0001499855],
[[1000.0,350.0,350.0],0.0001219857],
[[1000.0,400.0,400.0],0.0001456954],
[[1000.0,450.0,450.0],0.0001406778],
[[1050.0,1.0,1.0],0.0001202154],
[[1050.0,150.0,150.0],0.0001639792],
[[1050.0,200.0,200.0],0.0001378076],
[[1050.0,250.0,250.0],0.0001491074],
[[1050.0,300.0,300.0],0.0001694821],
[[1050.0,350.0,350.0],0.0001632819],
[[1050.0,400.0,400.0],0.0001685339],
[[1050.0,450.0,450.0],0.000156647],
[[1050.0,500.0,500.0],0.0001933252],
[[1100.0,1.0,1.0],0.0001470667],
[[1100.0,150.0,150.0],0.0001456802],
[[1100.0,200.0,200.0],0.0001606088],
[[1100.0,250.0,250.0],0.0002144375],
[[1100.0,300.0,300.0],0.0001708578],
[[1100.0,350.0,350.0],0.0001822127],
[[1100.0,400.0,400.0],0.0001985863],
[[1100.0,450.0,450.0],0.0001737968],
[[1100.0,500.0,500.0],0.0002186477],
[[1150.0,1.0,1.0],0.0001546004],
[[1150.0,150.0,150.0],0.0001521851],
[[1150.0,200.0,200.0],0.0001681978],
[[1150.0,250.0,250.0],0.0001772983],
[[1150.0,300.0,300.0],0.000176973],
[[1150.0,350.0,350.0],0.0002068352],
[[1150.0,400.0,400.0],0.0001899314],
[[1150.0,450.0,450.0],0.0002093038],
[[1150.0,500.0,500.0],0.0002631418],
[[1150.0,550.0,550.0],0.0002349124],
[[1200.0,1.0,1.0],0.0001763947],
[[1200.0,150.0,150.0],0.0001862423],
[[1200.0,200.0,200.0],0.0002588573],
[[1200.0,250.0,250.0],0.0002173645],
[[1200.0,300.0,300.0],0.0002068131],
[[1200.0,350.0,350.0],0.0002158788],
[[1200.0,400.0,400.0],0.0002690117],
[[1200.0,450.0,450.0],0.0002219655],
[[1200.0,500.0,500.0],0.0002316924],
[[1200.0,550.0,550.0],0.0002769244],
[[1250.0,1.0,1.0],0.000179054],
[[1250.0,10.0,10.0],0.0001928054],
[[1250.0,50.0,50.0],0.0001662188],
[[1250.0,100.0,100.0],0.0001771171],
[[1250.0,150.0,150.0],0.0002231853],
[[1250.0,200.0,200.0],0.0005842816],
[[1250.0,250.0,250.0],0.0002444105],
[[1250.0,300.0,300.0],0.0002686024],
[[1250.0,350.0,350.0],0.0002601725],
[[1250.0,400.0,400.0],0.0002379638],
[[1250.0,450.0,450.0],0.0002676026],
[[1250.0,500.0,500.0],0.0002904926],
[[1250.0,550.0,550.0],0.0002829815],
[[1250.0,600.0,600.0],0.0002984901],
[[1300.0,1.0,1.0],0.0002182437],
[[1300.0,150.0,150.0],0.0004675755],
[[1300.0,200.0,200.0],0.0002554913],
[[1300.0,250.0,250.0],0.0002456453],
[[1300.0,300.0,300.0],0.0002999462],
[[1300.0,350.0,350.0],0.0002692986],
[[1300.0,400.0,400.0],0.0003349799],
[[1300.0,450.0,450.0],0.0002820785],
[[1300.0,500.0,500.0],0.000295677],
[[1300.0,550.0,550.0],0.0002917138],
[[1300.0,600.0,600.0],0.0002885276],
[[1350.0,1.0,1.0],0.0002174822],
[[1350.0,150.0,150.0],0.0002338919],
[[1350.0,200.0,200.0],0.0002600111],
[[1350.0,250.0,250.0],0.0002435379],
[[1350.0,300.0,300.0],0.0002986493],
[[1350.0,350.0,350.0],0.0002906821],
[[1350.0,400.0,400.0],0.0003230083],
[[1350.0,450.0,450.0],0.0003284334],
[[1350.0,500.0,500.0],0.0003268623],
[[1350.0,550.0,550.0],0.0003402908],
[[1350.0,600.0,600.0],0.0003214834],
[[1350.0,650.0,650.0],0.0004387263],
[[1400.0,1.0,1.0],0.0002283268],
[[1400.0,150.0,150.0],0.0002736933],
[[1400.0,200.0,200.0],0.0002964776],
[[1400.0,250.0,250.0],0.0003196085],
[[1400.0,300.0,300.0],0.0003488793],
[[1400.0,350.0,350.0],0.0003111906],
[[1400.0,400.0,400.0],0.0003504976],
[[1400.0,450.0,450.0],0.0003647079],
[[1400.0,500.0,500.0],0.0004027233],
[[1400.0,550.0,550.0],0.0005572276],
[[1400.0,600.0,600.0],0.0003486017],
[[1400.0,650.0,650.0],0.0004574012],
[[1450.0,1.0,1.0],0.0002063678],
[[1450.0,150.0,150.0],0.0002644279],
[[1450.0,200.0,200.0],0.0002891519],
[[1450.0,250.0,250.0],0.000355011],
[[1450.0,300.0,300.0],0.0003604909],
[[1450.0,350.0,350.0],0.0003512299],
[[1450.0,400.0,400.0],0.0003510504],
[[1450.0,450.0,450.0],0.0003900977],
[[1450.0,500.0,500.0],0.0003488551],
[[1450.0,550.0,550.0],0.0003576492],
[[1450.0,600.0,600.0],0.0004047743],
[[1450.0,650.0,650.0],0.0004042119],
[[1450.0,700.0,700.0],0.0004048018],
[[1500.0,1.0,1.0],0.0002911886],
[[1500.0,10.0,10.0],0.0005369038],
[[1500.0,50.0,50.0],0.0002614479],
[[1500.0,100.0,100.0],0.0002722364],
[[1500.0,150.0,150.0],0.0002747607],
[[1500.0,200.0,200.0],0.0003164624],
[[1500.0,250.0,250.0],0.0003549363],
[[1500.0,300.0,300.0],0.0003659125],
[[1500.0,350.0,350.0],0.0003322377],
[[1500.0,400.0,400.0],0.0003926924],
[[1500.0,450.0,450.0],0.0003883993],
[[1500.0,500.0,500.0],0.0004464911],
[[1500.0,550.0,550.0],0.0004498664],
[[1500.0,600.0,600.0],0.0005198779],
[[1500.0,650.0,650.0],0.0005068707],
[[1500.0,700.0,700.0],0.0004561972],
[[1500.0,750.0,750.0],0.0005858981],
[[1550.0,1.0,1.0],0.0002581341],
[[1550.0,150.0,150.0],0.0002945504],
[[1550.0,200.0,200.0],0.0004224628],
[[1550.0,250.0,250.0],0.0003466654],
[[1550.0,300.0,300.0],0.0003458312],
[[1550.0,350.0,350.0],0.000385747],
[[1550.0,400.0,400.0],0.0004854781],
[[1550.0,450.0,450.0],0.0003832043],
[[1550.0,500.0,500.0],0.0003906414],
[[1550.0,550.0,550.0],0.0004372448],
[[1550.0,600.0,600.0],0.0006089291],
[[1550.0,650.0,650.0],0.000610551],
[[1550.0,700.0,700.0],0.0004027513],
[[1550.0,750.0,750.0],0.0005300875],
[[1600.0,1.0,1.0],0.000252183],
[[1600.0,150.0,150.0],0.0003411118],
[[1600.0,200.0,200.0],0.0003879916],
[[1600.0,250.0,250.0],0.0004327073],
[[1600.0,300.0,300.0],0.0003939814],
[[1600.0,350.0,350.0],0.0004403087],
[[1600.0,400.0,400.0],0.0004794118],
[[1600.0,450.0,450.0],0.000478684],
[[1600.0,500.0,500.0],0.0004461003],
[[1600.0,550.0,550.0],0.0005278113],
[[1600.0,600.0,600.0],0.0004436946],
[[1600.0,650.0,650.0],0.0005434598],
[[1600.0,700.0,700.0],0.0004414905],
[[1600.0,750.0,750.0],0.0006041695],
[[1650.0,1.0,1.0],0.0002525452],
[[1650.0,150.0,150.0],0.0003336215],
[[1650.0,200.0,200.0],0.0003350903],
[[1650.0,250.0,250.0],0.0004806603],
[[1650.0,300.0,300.0],0.0003865721],
[[1650.0,350.0,350.0],0.0005020093],
[[1650.0,400.0,400.0],0.0004184673],
[[1650.0,450.0,450.0],0.0006454633],
[[1650.0,500.0,500.0],0.0005900725],
[[1650.0,550.0,550.0],0.0003968071],
[[1650.0,600.0,600.0],0.0004900831],
[[1650.0,650.0,650.0],0.0005318416],
[[1650.0,700.0,700.0],0.0005355687],
[[1650.0,750.0,750.0],0.0005409366],
[[1650.0,800.0,800.0],0.000553442],
[[1700.0,1.0,1.0],0.0002959851],
[[1700.0,150.0,150.0],0.0003693258],
[[1700.0,200.0,200.0],0.0003761312],
[[1700.0,250.0,250.0],0.0004660546],
[[1700.0,300.0,300.0],0.0004612211],
[[1700.0,350.0,350.0],0.0004337358],
[[1700.0,400.0,400.0],0.0006419382],
[[1700.0,450.0,450.0],0.0006055428],
[[1700.0,500.0,500.0],0.000500036],
[[1700.0,550.0,550.0],0.0005170041],
[[1700.0,600.0,600.0],0.0005066515],
[[1700.0,650.0,650.0],0.0005670449],
[[1700.0,700.0,700.0],0.0005902286],
[[1700.0,750.0,750.0],0.0006215521],
[[1700.0,800.0,800.0],0.0005949698],
[[1750.0,1.0,1.0],0.0002696199],
[[1750.0,10.0,10.0],0.0002520482],
[[1750.0,50.0,50.0],0.0002741478],
[[1750.0,100.0,100.0],0.0003658047],
[[1750.0,150.0,150.0],0.0004145277],
[[1750.0,200.0,200.0],0.0003519396],
[[1750.0,250.0,250.0],0.0003707642],
[[1750.0,300.0,300.0],0.0004889742],
[[1750.0,350.0,350.0],0.0004342156],
[[1750.0,400.0,400.0],0.0004237709],
[[1750.0,450.0,450.0],0.0004587353],
[[1750.0,500.0,500.0],0.0004832538],
[[1750.0,550.0,550.0],0.0006072073],
[[1750.0,600.0,600.0],0.0005208966],
[[1750.0,650.0,650.0],0.0005368235],
[[1750.0,700.0,700.0],0.0005464666],
[[1750.0,750.0,750.0],0.000827358],
[[1750.0,800.0,800.0],0.0007116759],
[[1750.0,850.0,850.0],0.0006078737],
[[1800.0,1.0,1.0],0.0002816455],
[[1800.0,150.0,150.0],0.0003953914],
[[1800.0,200.0,200.0],0.0005072762],
[[1800.0,250.0,250.0],0.0004164919],
[[1800.0,300.0,300.0],0.0004725517],
[[1800.0,350.0,350.0],0.0006020762],
[[1800.0,400.0,400.0],0.0005090373],
[[1800.0,450.0,450.0],0.0006166979],
[[1800.0,500.0,500.0],0.0006394544],
[[1800.0,550.0,550.0],0.0006545793],
[[1800.0,600.0,600.0],0.0005358911],
[[1800.0,650.0,650.0],0.000530577],
[[1800.0,700.0,700.0],0.000874213],
[[1800.0,750.0,750.0],0.000809634],
[[1800.0,800.0,800.0],0.0005989986],
[[1800.0,850.0,850.0],0.000546839],
[[1850.0,1.0,1.0],0.0002865894],
[[1850.0,150.0,150.0],0.0004335802],
[[1850.0,200.0,200.0],0.000513144],
[[1850.0,250.0,250.0],0.0004076812],
[[1850.0,300.0,300.0],0.0004911888],
[[1850.0,350.0,350.0],0.0007277635],
[[1850.0,400.0,400.0],0.0006081549],
[[1850.0,450.0,450.0],0.0005283818],
[[1850.0,500.0,500.0],0.0005520361],
[[1850.0,550.0,550.0],0.0006485604],
[[1850.0,600.0,600.0],0.0005748311],
[[1850.0,650.0,650.0],0.0006924904],
[[1850.0,700.0,700.0],0.0005896127],
[[1850.0,750.0,750.0],0.0005580936],
[[1850.0,800.0,800.0],0.0005814792],
[[1850.0,850.0,850.0],0.0007643877],
[[1850.0,900.0,900.0],0.0006203336],
[[1900.0,1.0,1.0],0.0003028996],
[[1900.0,150.0,150.0],0.0004724988],
[[1900.0,200.0,200.0],0.0004556188],
[[1900.0,250.0,250.0],0.0004197917],
[[1900.0,300.0,300.0],0.0005085355],
[[1900.0,350.0,350.0],0.0004941856],
[[1900.0,400.0,400.0],0.000541158],
[[1900.0,450.0,450.0],0.0007481099],
[[1900.0,500.0,500.0],0.0006478039],
[[1900.0,550.0,550.0],0.0006581464],
[[1900.0,600.0,600.0],0.0006568072],
[[1900.0,650.0,650.0],0.0006860689],
[[1900.0,700.0,700.0],0.0008158866],
[[1900.0,750.0,750.0],0.0006429733],
[[1900.0,800.0,800.0],0.0006481001],
[[1900.0,850.0,850.0],0.0007353743],
[[1900.0,900.0,900.0],0.0007312543],
[[1950.0,1.0,1.0],0.000304048],
[[1950.0,150.0,150.0],0.000437255],
[[1950.0,200.0,200.0],0.0004426344],
[[1950.0,250.0,250.0],0.0004444274],
[[1950.0,300.0,300.0],0.000606924],
[[1950.0,350.0,350.0],0.0007722492],
[[1950.0,400.0,400.0],0.0005993694],
[[1950.0,450.0,450.0],0.0005706745],
[[1950.0,500.0,500.0],0.0006751389],
[[1950.0,550.0,550.0],0.0007405234],
[[1950.0,600.0,600.0],0.0009969689],
[[1950.0,650.0,650.0],0.0007481601],
[[1950.0,700.0,700.0],0.0008139698],
[[1950.0,750.0,750.0],0.0006712993],
[[1950.0,800.0,800.0],0.0006087624],
[[1950.0,850.0,850.0],0.0008582295],
[[1950.0,900.0,900.0],0.000890134],
[[1950.0,950.0,950.0],0.0007184679],
[[2000.0,1.0,1.0],0.0002728645],
[[2000.0,10.0,10.0],0.0002708968],
[[2000.0,50.0,50.0],0.0002742121],
[[2000.0,100.0,100.0],0.0003182862],
[[2000.0,150.0,150.0],0.0003925932],
[[2000.0,200.0,200.0],0.0005134538],
[[2000.0,250.0,250.0],0.0004992362],
[[2000.0,300.0,300.0],0.0004892703],
[[2000.0,350.0,350.0],0.0004914165],
[[2000.0,400.0,400.0],0.0005864158],
[[2000.0,450.0,450.0],0.0005813101],
[[2000.0,500.0,500.0],0.0006557944],
[[2000.0,550.0,550.0],0.0006906394],
[[2000.0,600.0,600.0],0.0006614558],
[[2000.0,650.0,650.0],0.0006926667],
[[2000.0,700.0,700.0],0.0006357396],
[[2000.0,750.0,750.0],0.0006405066],
[[2000.0,800.0,800.0],0.0008089515],
[[2000.0,850.0,850.0],0.0006541097],
[[2000.0,900.0,900.0],0.0008881748],
[[2000.0,950.0,950.0],0.0007072463],
[[2250.0,1.0,1.0],0.0002792038],
[[2250.0,10.0,10.0],0.0003197271],
[[2250.0,50.0,50.0],0.0002744697],
[[2250.0,100.0,100.0],0.0003382634],
[[2250.0,150.0,150.0],0.0003744973],
[[2250.0,300.0,300.0],0.0005288952],
[[2250.0,500.0,500.0],0.0008023603],
[[2250.0,750.0,750.0],0.000973681],
[[2250.0,1000.0,1000.0],0.0008599929],
[[2500.0,1.0,1.0],0.0002713159],
[[2500.0,10.0,10.0],0.0002621884],
[[2500.0,50.0,50.0],0.0002662568],
[[2500.0,100.0,100.0],0.0003250527],
[[2500.0,150.0,150.0],0.0004084404],
[[2500.0,300.0,300.0],0.000627247],
[[2500.0,500.0,500.0],0.0007784634],
[[2500.0,750.0,750.0],0.0008944563],
[[2500.0,1000.0,1000.0],0.0009630148],
[[2500.0,1200.0,1200.0],0.001064743],
[[2750.0,1.0,1.0],0.0002432109],
[[2750.0,10.0,10.0],0.0002310553],
[[2750.0,50.0,50.0],0.0002321225],
[[2750.0,100.0,100.0],0.0002803588],
[[2750.0,150.0,150.0],0.0003081203],
[[2750.0,300.0,300.0],0.0006072699],
[[2750.0,500.0,500.0],0.0008632801],
[[2750.0,750.0,750.0],0.0009932175],
[[2750.0,1000.0,1000.0],0.0009564337],
[[2750.0,1200.0,1200.0],0.00100595],
[[3000.0,1.0,1.0],0.0001819072],
[[3000.0,10.0,10.0],0.0001926058],
[[3000.0,50.0,50.0],0.0002158397],
[[3000.0,100.0,100.0],0.0002299253],
[[3000.0,150.0,150.0],0.0002848194],
[[3000.0,300.0,300.0],0.0005558349],
[[3000.0,500.0,500.0],0.0008479444],
[[3000.0,750.0,750.0],0.001080853],
[[3000.0,1000.0,1000.0],0.001061769],
[[3000.0,1200.0,1200.0],0.001101772],
[[3000.0,1400.0,1400.0],0.001105722]]
