txName: TRV1
constraint: {(PV > Zprime(1)), (Zprime(1) > MET(2),MET(3))}
condition: None
conditionDescription: None
figureUrl: https://cms-results.web.cern.ch/cms-results/public-results/publications/EXO-20-004/CMS-EXO-20-004_Figure_007-b.png
source: CMS
validated: True
axesMap: [{0: 'x', 1: 'y', 2: 'y'}]
dataMap: {0: (1, 'mass', GeV), 1: (2, 'mass', GeV), 2: (3, 'mass', GeV)}
finalState: ['MET', 'MET']
intermediateState: None
efficiencyMap: [[[50.0,1.0,1.0],1.34429e-08],
[[100.0,1.0,1.0],1.60353e-07],
[[100.0,10.0,10.0],6.030031e-08],
[[150.0,1.0,1.0],3.700381e-07],
[[150.0,75.0,75.0],6.262423e-07],
[[200.0,1.0,1.0],8.662953e-07],
[[200.0,75.0,75.0],7.952989e-07],
[[250.0,1.0,1.0],2.101192e-06],
[[250.0,10.0,10.0],1.21944e-06],
[[250.0,75.0,75.0],2.038278e-06],
[[300.0,1.0,1.0],3.197615e-06],
[[300.0,75.0,75.0],2.606833e-06],
[[350.0,1.0,1.0],4.784541e-06],
[[350.0,75.0,75.0],3.749484e-06],
[[350.0,150.0,150.0],4.897054e-06],
[[400.0,1.0,1.0],6.996415e-06],
[[400.0,75.0,75.0],6.127314e-06],
[[400.0,150.0,150.0],9.201098e-06],
[[450.0,1.0,1.0],1.03177e-05],
[[450.0,75.0,75.0],8.177601e-06],
[[450.0,150.0,150.0],1.311176e-05],
[[450.0,200.0,200.0],1.024572e-05],
[[500.0,1.0,1.0],1.396188e-05],
[[500.0,10.0,10.0],1.493285e-05],
[[500.0,75.0,75.0],1.496692e-05],
[[500.0,150.0,150.0],1.737331e-05],
[[500.0,200.0,200.0],1.252547e-05],
[[550.0,1.0,1.0],1.769505e-05],
[[550.0,75.0,75.0],1.63974e-05],
[[550.0,150.0,150.0],1.771848e-05],
[[550.0,200.0,200.0],1.993357e-05],
[[550.0,250.0,250.0],2.227854e-05],
[[600.0,1.0,1.0],2.111822e-05],
[[600.0,75.0,75.0],2.131514e-05],
[[600.0,150.0,150.0],2.524514e-05],
[[600.0,200.0,200.0],2.196427e-05],
[[600.0,250.0,250.0],2.0138e-05],
[[650.0,1.0,1.0],2.409094e-05],
[[650.0,75.0,75.0],2.432505e-05],
[[650.0,150.0,150.0],2.681028e-05],
[[650.0,200.0,200.0],2.890398e-05],
[[650.0,250.0,250.0],2.98202e-05],
[[650.0,300.0,300.0],2.759211e-05],
[[700.0,1.0,1.0],3.272561e-05],
[[700.0,75.0,75.0],2.80355e-05],
[[700.0,150.0,150.0],3.633435e-05],
[[700.0,200.0,200.0],3.269165e-05],
[[700.0,250.0,250.0],2.872421e-05],
[[700.0,300.0,300.0],3.11481e-05],
[[750.0,1.0,1.0],3.522357e-05],
[[750.0,10.0,10.0],3.710555e-05],
[[750.0,75.0,75.0],3.384929e-05],
[[750.0,150.0,150.0],3.947243e-05],
[[750.0,200.0,200.0],4.103383e-05],
[[750.0,250.0,250.0],3.472814e-05],
[[750.0,300.0,300.0],4.151757e-05],
[[750.0,350.0,350.0],3.867708e-05],
[[800.0,1.0,1.0],4.594377e-05],
[[800.0,75.0,75.0],3.872271e-05],
[[800.0,150.0,150.0],4.329836e-05],
[[800.0,200.0,200.0],4.460554e-05],
[[800.0,250.0,250.0],5.078865e-05],
[[800.0,300.0,300.0],5.022969e-05],
[[800.0,350.0,350.0],5.460585e-05],
[[850.0,1.0,1.0],4.623428e-05],
[[850.0,75.0,75.0],4.367373e-05],
[[850.0,150.0,150.0],4.697226e-05],
[[850.0,200.0,200.0],4.927935e-05],
[[850.0,250.0,250.0],5.394072e-05],
[[850.0,300.0,300.0],5.822536e-05],
[[850.0,350.0,350.0],5.47903e-05],
[[850.0,400.0,400.0],6.358002e-05],
[[900.0,1.0,1.0],5.63204e-05],
[[900.0,75.0,75.0],6.721179e-05],
[[900.0,150.0,150.0],5.37992e-05],
[[900.0,200.0,200.0],6.249772e-05],
[[900.0,250.0,250.0],5.961233e-05],
[[900.0,300.0,300.0],5.925484e-05],
[[900.0,350.0,350.0],6.010974e-05],
[[900.0,400.0,400.0],6.258366e-05],
[[950.0,1.0,1.0],5.81835e-05],
[[950.0,75.0,75.0],5.244215e-05],
[[950.0,150.0,150.0],6.265022e-05],
[[950.0,200.0,200.0],7.367535e-05],
[[950.0,250.0,250.0],7.558343e-05],
[[950.0,300.0,300.0],5.922257e-05],
[[950.0,350.0,350.0],6.279441e-05],
[[950.0,400.0,400.0],7.205949e-05],
[[950.0,450.0,450.0],7.07385e-05],
[[1000.0,1.0,1.0],6.691069e-05],
[[1000.0,10.0,10.0],7.041593e-05],
[[1000.0,75.0,75.0],7.915005e-05],
[[1000.0,150.0,150.0],6.537053e-05],
[[1000.0,200.0,200.0],6.181503e-05],
[[1000.0,250.0,250.0],6.169986e-05],
[[1000.0,300.0,300.0],7.7175e-05],
[[1000.0,350.0,350.0],6.869102e-05],
[[1000.0,400.0,400.0],7.529818e-05],
[[1000.0,450.0,450.0],7.118889e-05],
[[1050.0,1.0,1.0],8.226149e-05],
[[1050.0,75.0,75.0],7.374077e-05],
[[1050.0,150.0,150.0],7.671912e-05],
[[1050.0,200.0,200.0],8.514216e-05],
[[1050.0,250.0,250.0],7.392491e-05],
[[1050.0,300.0,300.0],7.101555e-05],
[[1050.0,350.0,350.0],6.759645e-05],
[[1050.0,400.0,400.0],7.989267e-05],
[[1050.0,450.0,450.0],8.270152e-05],
[[1050.0,500.0,500.0],9.822844e-05],
[[1100.0,1.0,1.0],8.773661e-05],
[[1100.0,75.0,75.0],0.0001013422],
[[1100.0,150.0,150.0],7.544585e-05],
[[1100.0,200.0,200.0],8.375527e-05],
[[1100.0,250.0,250.0],8.780198e-05],
[[1100.0,300.0,300.0],8.406476e-05],
[[1100.0,350.0,350.0],8.827685e-05],
[[1100.0,400.0,400.0],8.003274e-05],
[[1100.0,450.0,450.0],9.020305e-05],
[[1100.0,500.0,500.0],7.368021e-05],
[[1150.0,1.0,1.0],9.162791e-05],
[[1150.0,75.0,75.0],0.0001003067],
[[1150.0,150.0,150.0],9.199044e-05],
[[1150.0,200.0,200.0],7.041062e-05],
[[1150.0,250.0,250.0],0.000125475],
[[1150.0,300.0,300.0],9.426186e-05],
[[1150.0,350.0,350.0],9.398557e-05],
[[1150.0,400.0,400.0],0.0001052771],
[[1150.0,450.0,450.0],8.871841e-05],
[[1150.0,500.0,500.0],0.0001001854],
[[1150.0,550.0,550.0],0.0001057946],
[[1200.0,1.0,1.0],9.275897e-05],
[[1200.0,75.0,75.0],9.368748e-05],
[[1200.0,150.0,150.0],0.0001064215],
[[1200.0,200.0,200.0],0.0001064901],
[[1200.0,250.0,250.0],0.0001074975],
[[1200.0,300.0,300.0],9.810216e-05],
[[1200.0,350.0,350.0],8.759793e-05],
[[1200.0,400.0,400.0],9.153471e-05],
[[1200.0,450.0,450.0],0.0001079625],
[[1200.0,500.0,500.0],0.0001126965],
[[1200.0,550.0,550.0],0.0001379933],
[[1250.0,1.0,1.0],0.0001108983],
[[1250.0,10.0,10.0],0.000106575],
[[1250.0,75.0,75.0],9.689266e-05],
[[1250.0,150.0,150.0],0.0001110451],
[[1250.0,200.0,200.0],0.0001044957],
[[1250.0,250.0,250.0],0.0001339419],
[[1250.0,300.0,300.0],0.0001020698],
[[1250.0,350.0,350.0],0.0001148419],
[[1250.0,400.0,400.0],0.00010288],
[[1250.0,450.0,450.0],0.0001045777],
[[1250.0,500.0,500.0],0.0001077049],
[[1250.0,550.0,550.0],9.869739e-05],
[[1250.0,600.0,600.0],0.0001030376],
[[1300.0,1.0,1.0],0.0001192429],
[[1300.0,75.0,75.0],0.0001079959],
[[1300.0,150.0,150.0],0.000112713],
[[1300.0,200.0,200.0],0.0001039352],
[[1300.0,250.0,250.0],0.0001177956],
[[1300.0,300.0,300.0],0.0001174218],
[[1300.0,350.0,350.0],0.0001073401],
[[1300.0,400.0,400.0],0.0001202767],
[[1300.0,450.0,450.0],0.0001202443],
[[1300.0,500.0,500.0],0.0001352461],
[[1300.0,550.0,550.0],0.0001282948],
[[1300.0,600.0,600.0],0.0001224996],
[[1350.0,1.0,1.0],0.0001240991],
[[1350.0,75.0,75.0],0.0001280788],
[[1350.0,150.0,150.0],0.0001160842],
[[1350.0,200.0,200.0],0.0001254318],
[[1350.0,250.0,250.0],0.0001315362],
[[1350.0,300.0,300.0],0.0001364383],
[[1350.0,350.0,350.0],0.0001104737],
[[1350.0,400.0,400.0],0.0001192316],
[[1350.0,450.0,450.0],0.0001226225],
[[1350.0,500.0,500.0],0.0001254752],
[[1350.0,550.0,550.0],0.0001254773],
[[1350.0,600.0,600.0],0.0001200039],
[[1350.0,650.0,650.0],0.0001601676],
[[1400.0,1.0,1.0],0.0001223888],
[[1400.0,75.0,75.0],0.0001217922],
[[1400.0,150.0,150.0],0.0001366997],
[[1400.0,200.0,200.0],0.0001266367],
[[1400.0,250.0,250.0],0.0001322224],
[[1400.0,300.0,300.0],0.0001190639],
[[1400.0,350.0,350.0],0.0001309362],
[[1400.0,400.0,400.0],0.0001165611],
[[1400.0,450.0,450.0],0.000122303],
[[1400.0,500.0,500.0],0.0001288008],
[[1400.0,550.0,550.0],0.0001357204],
[[1400.0,600.0,600.0],0.0001584329],
[[1400.0,650.0,650.0],0.0001254927],
[[1450.0,1.0,1.0],0.000130563],
[[1450.0,75.0,75.0],0.0001429532],
[[1450.0,150.0,150.0],0.0001533894],
[[1450.0,200.0,200.0],0.0001559967],
[[1450.0,250.0,250.0],0.0001395227],
[[1450.0,300.0,300.0],0.000141843],
[[1450.0,350.0,350.0],0.0001368022],
[[1450.0,400.0,400.0],0.0001566332],
[[1450.0,450.0,450.0],0.0001408411],
[[1450.0,500.0,500.0],0.0001435817],
[[1450.0,550.0,550.0],0.0001383549],
[[1450.0,600.0,600.0],0.0001359326],
[[1450.0,650.0,650.0],0.0001502169],
[[1450.0,700.0,700.0],0.0001513549],
[[1500.0,1.0,1.0],0.0001406394],
[[1500.0,10.0,10.0],0.0001359965],
[[1500.0,75.0,75.0],0.0001387585],
[[1500.0,150.0,150.0],0.000169453],
[[1500.0,200.0,200.0],0.0001727516],
[[1500.0,250.0,250.0],0.0001496592],
[[1500.0,300.0,300.0],0.0001806133],
[[1500.0,350.0,350.0],0.000150332],
[[1500.0,400.0,400.0],0.0001264429],
[[1500.0,450.0,450.0],0.0001667596],
[[1500.0,500.0,500.0],0.0001595244],
[[1500.0,550.0,550.0],0.0001811083],
[[1500.0,600.0,600.0],0.0001494744],
[[1500.0,650.0,650.0],0.0001505137],
[[1500.0,700.0,700.0],0.0001872746],
[[1500.0,750.0,750.0],0.0001767476],
[[1550.0,1.0,1.0],0.000134178],
[[1550.0,75.0,75.0],0.0001570324],
[[1550.0,150.0,150.0],0.0001994933],
[[1550.0,200.0,200.0],0.0001505763],
[[1550.0,250.0,250.0],0.0001706562],
[[1550.0,300.0,300.0],0.0001575238],
[[1550.0,350.0,350.0],0.0001619279],
[[1550.0,400.0,400.0],0.0001430071],
[[1550.0,450.0,450.0],0.0001530924],
[[1550.0,500.0,500.0],0.0001484555],
[[1550.0,550.0,550.0],0.0001421922],
[[1550.0,600.0,600.0],0.0001491867],
[[1550.0,650.0,650.0],0.0001513273],
[[1550.0,700.0,700.0],0.0001554279],
[[1550.0,750.0,750.0],0.0001780169],
[[1600.0,1.0,1.0],0.0001375233],
[[1600.0,75.0,75.0],0.0001709673],
[[1600.0,150.0,150.0],0.0001749041],
[[1600.0,200.0,200.0],0.000150106],
[[1600.0,250.0,250.0],0.0001375008],
[[1600.0,300.0,300.0],0.0001602798],
[[1600.0,350.0,350.0],0.0001781871],
[[1600.0,400.0,400.0],0.0001594825],
[[1600.0,450.0,450.0],0.0001493932],
[[1600.0,500.0,500.0],0.0001549592],
[[1600.0,550.0,550.0],0.0001705952],
[[1600.0,600.0,600.0],0.000156611],
[[1600.0,650.0,650.0],0.0001666524],
[[1600.0,700.0,700.0],0.0001735596],
[[1600.0,750.0,750.0],0.0001611278],
[[1650.0,1.0,1.0],0.000145863],
[[1650.0,75.0,75.0],0.0001715854],
[[1650.0,150.0,150.0],0.0001593069],
[[1650.0,200.0,200.0],0.0001697851],
[[1650.0,250.0,250.0],0.0001443288],
[[1650.0,300.0,300.0],0.0001787377],
[[1650.0,350.0,350.0],0.0001891651],
[[1650.0,400.0,400.0],0.0001602184],
[[1650.0,450.0,450.0],0.0001467177],
[[1650.0,500.0,500.0],0.0001534588],
[[1650.0,550.0,550.0],0.0001702803],
[[1650.0,600.0,600.0],0.0001805329],
[[1650.0,650.0,650.0],0.0001572233],
[[1650.0,700.0,700.0],0.0001889979],
[[1650.0,750.0,750.0],0.0001642037],
[[1650.0,800.0,800.0],0.0002133185],
[[1700.0,1.0,1.0],0.0001641221],
[[1700.0,75.0,75.0],0.000164597],
[[1700.0,150.0,150.0],0.0001726891],
[[1700.0,200.0,200.0],0.0001537509],
[[1700.0,250.0,250.0],0.0001699376],
[[1700.0,300.0,300.0],0.0001613134],
[[1700.0,350.0,350.0],0.0001677036],
[[1700.0,400.0,400.0],0.0001861844],
[[1700.0,450.0,450.0],0.0001596485],
[[1700.0,500.0,500.0],0.0001815334],
[[1700.0,550.0,550.0],0.0001917412],
[[1700.0,600.0,600.0],0.0001741527],
[[1700.0,650.0,650.0],0.0002011224],
[[1700.0,700.0,700.0],0.0001734754],
[[1700.0,750.0,750.0],0.0001690172],
[[1700.0,800.0,800.0],0.0001978552],
[[1750.0,1.0,1.0],0.0001535456],
[[1750.0,10.0,10.0],0.0001532712],
[[1750.0,75.0,75.0],0.0001817259],
[[1750.0,150.0,150.0],0.0001683717],
[[1750.0,200.0,200.0],0.0001632203],
[[1750.0,250.0,250.0],0.0001805918],
[[1750.0,300.0,300.0],0.0001773752],
[[1750.0,350.0,350.0],0.0001881518],
[[1750.0,400.0,400.0],0.0001824491],
[[1750.0,450.0,450.0],0.0001726059],
[[1750.0,500.0,500.0],0.0001837929],
[[1750.0,550.0,550.0],0.0001736161],
[[1750.0,600.0,600.0],0.0001680082],
[[1750.0,650.0,650.0],0.0001781708],
[[1750.0,700.0,700.0],0.0001825082],
[[1750.0,750.0,750.0],0.0002006421],
[[1750.0,800.0,800.0],0.0001703393],
[[1750.0,850.0,850.0],0.0002058174],
[[1800.0,1.0,1.0],0.0001701791],
[[1800.0,75.0,75.0],0.0001772071],
[[1800.0,150.0,150.0],0.0001704126],
[[1800.0,200.0,200.0],0.0001603717],
[[1800.0,250.0,250.0],0.0002013661],
[[1800.0,300.0,300.0],0.0001952807],
[[1800.0,350.0,350.0],0.0002360003],
[[1800.0,400.0,400.0],0.000186987],
[[1800.0,450.0,450.0],0.000192272],
[[1800.0,500.0,500.0],0.000189947],
[[1800.0,550.0,550.0],0.0001829882],
[[1800.0,600.0,600.0],0.0001795851],
[[1800.0,650.0,650.0],0.0002138911],
[[1800.0,700.0,700.0],0.000195466],
[[1800.0,750.0,750.0],0.0002143824],
[[1800.0,800.0,800.0],0.0002041136],
[[1800.0,850.0,850.0],0.0001462731],
[[1850.0,1.0,1.0],0.0001736834],
[[1850.0,75.0,75.0],0.0001731829],
[[1850.0,150.0,150.0],0.0001832431],
[[1850.0,200.0,200.0],0.0001705765],
[[1850.0,250.0,250.0],0.0001777276],
[[1850.0,300.0,300.0],0.0001592469],
[[1850.0,350.0,350.0],0.000205834],
[[1850.0,400.0,400.0],0.0001858261],
[[1850.0,450.0,450.0],0.0001797641],
[[1850.0,500.0,500.0],0.0001710331],
[[1850.0,550.0,550.0],0.0001714166],
[[1850.0,600.0,600.0],0.0002382546],
[[1850.0,650.0,650.0],0.0001814181],
[[1850.0,700.0,700.0],0.0001979113],
[[1850.0,750.0,750.0],0.0001938876],
[[1850.0,800.0,800.0],0.0002096381],
[[1850.0,850.0,850.0],0.000177133],
[[1850.0,900.0,900.0],0.0002016121],
[[1900.0,1.0,1.0],0.0001845736],
[[1900.0,75.0,75.0],0.0001841616],
[[1900.0,150.0,150.0],0.0001868915],
[[1900.0,200.0,200.0],0.0001925427],
[[1900.0,250.0,250.0],0.0001783651],
[[1900.0,300.0,300.0],0.0002070144],
[[1900.0,350.0,350.0],0.0002312287],
[[1900.0,400.0,400.0],0.0001825169],
[[1900.0,450.0,450.0],0.0001763665],
[[1900.0,500.0,500.0],0.0001912141],
[[1900.0,550.0,550.0],0.0002018344],
[[1900.0,600.0,600.0],0.0002021032],
[[1900.0,650.0,650.0],0.0002106424],
[[1900.0,700.0,700.0],0.0002136838],
[[1900.0,750.0,750.0],0.0002061978],
[[1900.0,800.0,800.0],0.0001872561],
[[1900.0,850.0,850.0],0.000191655],
[[1900.0,900.0,900.0],0.0002362762],
[[1950.0,1.0,1.0],0.0001872055],
[[1950.0,75.0,75.0],0.0001899998],
[[1950.0,150.0,150.0],0.0001981001],
[[1950.0,200.0,200.0],0.0001873175],
[[1950.0,250.0,250.0],0.0001954976],
[[1950.0,300.0,300.0],0.000200632],
[[1950.0,350.0,350.0],0.0002055991],
[[1950.0,400.0,400.0],0.0002029698],
[[1950.0,450.0,450.0],0.0002090831],
[[1950.0,500.0,500.0],0.0002097799],
[[1950.0,550.0,550.0],0.0001833127],
[[1950.0,600.0,600.0],0.0002076594],
[[1950.0,650.0,650.0],0.0001997274],
[[1950.0,700.0,700.0],0.000215196],
[[1950.0,750.0,750.0],0.0001834658],
[[1950.0,800.0,800.0],0.0002220085],
[[1950.0,850.0,850.0],0.0002089819],
[[1950.0,900.0,900.0],0.0002030111],
[[1950.0,950.0,950.0],0.0002577595],
[[2000.0,1.0,1.0],0.000218349],
[[2000.0,75.0,75.0],0.0002092618],
[[2000.0,150.0,150.0],0.0002161794],
[[2000.0,200.0,200.0],0.0002485852],
[[2000.0,250.0,250.0],0.0002060381],
[[2000.0,300.0,300.0],0.0002079128],
[[2000.0,350.0,350.0],0.00019796],
[[2000.0,400.0,400.0],0.0002026285],
[[2000.0,450.0,450.0],0.0001953956],
[[2000.0,500.0,500.0],0.0001963837],
[[2000.0,550.0,550.0],0.0001846923],
[[2000.0,600.0,600.0],0.000214794],
[[2000.0,650.0,650.0],0.0002002062],
[[2000.0,700.0,700.0],0.0002111391],
[[2000.0,750.0,750.0],0.0001944466],
[[2000.0,800.0,800.0],0.000199415],
[[2000.0,850.0,850.0],0.0001689392],
[[2000.0,900.0,900.0],0.0002160142],
[[2000.0,950.0,950.0],0.0001850348],
[[2250.0,1.0,1.0],0.0002284311],
[[2250.0,75.0,75.0],0.0002449228],
[[2250.0,150.0,150.0],0.0002149315],
[[2250.0,300.0,300.0],0.0002207552],
[[2250.0,500.0,500.0],0.0002043649],
[[2250.0,750.0,750.0],0.000227073],
[[2250.0,1000.0,1000.0],0.0002230091],
[[2500.0,1.0,1.0],0.0002577229],
[[2500.0,75.0,75.0],0.0002454584],
[[2500.0,150.0,150.0],0.0002677702],
[[2500.0,300.0,300.0],0.0002169072],
[[2500.0,500.0,500.0],0.0002650877],
[[2500.0,750.0,750.0],0.0002688494],
[[2500.0,1000.0,1000.0],0.0002567839],
[[2500.0,1200.0,1200.0],0.0002623367],
[[2750.0,1.0,1.0],0.0002672372],
[[2750.0,75.0,75.0],0.0002433107],
[[2750.0,150.0,150.0],0.0002667318],
[[2750.0,300.0,300.0],0.0002133375],
[[2750.0,500.0,500.0],0.0002615696],
[[2750.0,750.0,750.0],0.0002542363],
[[2750.0,1000.0,1000.0],0.0003196065],
[[2750.0,1200.0,1200.0],0.0002815455],
[[3000.0,1.0,1.0],0.000256735],
[[3000.0,75.0,75.0],0.0002536812],
[[3000.0,150.0,150.0],0.0002559403],
[[3000.0,300.0,300.0],0.000229257],
[[3000.0,500.0,500.0],0.0002205835],
[[3000.0,750.0,750.0],0.0002604435],
[[3000.0,1000.0,1000.0],0.0002702658],
[[3000.0,1200.0,1200.0],0.0002797981],
[[3000.0,1400.0,1400.0],0.0002553946]]
