txName: TRS1
constraint: {(PV > H0(1)), (H0(1) > MET(2),MET(3))}
condition: None
conditionDescription: None
figureUrl: https://cms-results.web.cern.ch/cms-results/public-results/publications/EXO-20-004/CMS-EXO-20-004_Figure_009-a.png
source: CMS
validated: True
axesMap: [{0: 'x', 1: '1.0', 2: '1.0'}, {0: 'x', 1: 'y', 2: 'y'}]
dataMap: {0: (1, 'mass', GeV), 1: (2, 'mass', GeV), 2: (3, 'mass', GeV)}
finalState: ['MET', 'MET']
intermediateState: None
efficiencyMap: [[[100.0,1.0,1.0],8.11537e-07],
[[100.0,10.0,10.0],4.012383e-07],
[[150.0,1.0,1.0],1.0641e-06],
[[150.0,50.0,50.0],9.117855e-07],
[[200.0,1.0,1.0],1.862931e-06],
[[200.0,50.0,50.0],1.428964e-06],
[[200.0,100.0,100.0],4.372693e-06],
[[250.0,1.0,1.0],2.460442e-06],
[[250.0,10.0,10.0],2.48816e-06],
[[250.0,50.0,50.0],1.980558e-06],
[[250.0,100.0,100.0],2.617179e-06],
[[300.0,1.0,1.0],3.305977e-06],
[[300.0,50.0,50.0],3.774058e-06],
[[300.0,100.0,100.0],3.423585e-06],
[[350.0,1.0,1.0],3.441134e-06],
[[350.0,50.0,50.0],4.454843e-06],
[[350.0,100.0,100.0],2.82014e-06],
[[350.0,150.0,150.0],3.873323e-06],
[[400.0,1.0,1.0],4.782832e-06],
[[400.0,50.0,50.0],3.915123e-06],
[[400.0,100.0,100.0],4.63009e-06],
[[400.0,150.0,150.0],6.000697e-06],
[[450.0,1.0,1.0],5.270121e-06],
[[450.0,50.0,50.0],7.027765e-06],
[[450.0,100.0,100.0],6.182873e-06],
[[450.0,150.0,150.0],7.729794e-06],
[[450.0,200.0,200.0],5.724955e-06],
[[500.0,1.0,1.0],1.02999e-05],
[[500.0,10.0,10.0],9.733342e-06],
[[500.0,50.0,50.0],8.074726e-06],
[[500.0,100.0,100.0],9.301153e-06],
[[500.0,150.0,150.0],8.86332e-06],
[[500.0,200.0,200.0],8.786886e-06],
[[550.0,1.0,1.0],1.351098e-05],
[[550.0,50.0,50.0],1.348558e-05],
[[550.0,100.0,100.0],1.197589e-05],
[[550.0,150.0,150.0],1.406158e-05],
[[550.0,200.0,200.0],1.483819e-05],
[[550.0,250.0,250.0],1.545647e-05],
[[600.0,1.0,1.0],1.59577e-05],
[[600.0,50.0,50.0],1.90589e-05],
[[600.0,100.0,100.0],1.841827e-05],
[[600.0,150.0,150.0],1.794891e-05],
[[600.0,200.0,200.0],1.813535e-05],
[[600.0,250.0,250.0],1.826587e-05],
[[650.0,1.0,1.0],2.041875e-05],
[[650.0,50.0,50.0],2.460223e-05],
[[650.0,100.0,100.0],2.284705e-05],
[[650.0,150.0,150.0],2.226161e-05],
[[650.0,200.0,200.0],2.844192e-05],
[[650.0,250.0,250.0],2.714525e-05],
[[650.0,300.0,300.0],2.446165e-05],
[[700.0,1.0,1.0],2.539337e-05],
[[700.0,50.0,50.0],2.666253e-05],
[[700.0,100.0,100.0],2.925691e-05],
[[700.0,150.0,150.0],3.010499e-05],
[[700.0,200.0,200.0],2.606029e-05],
[[700.0,250.0,250.0],3.086325e-05],
[[700.0,300.0,300.0],3.679258e-05],
[[750.0,1.0,1.0],3.353012e-05],
[[750.0,10.0,10.0],3.4367e-05],
[[750.0,50.0,50.0],3.425617e-05],
[[750.0,100.0,100.0],4.329017e-05],
[[750.0,150.0,150.0],4.053495e-05],
[[750.0,200.0,200.0],3.820053e-05],
[[750.0,250.0,250.0],3.782765e-05],
[[750.0,300.0,300.0],4.234132e-05],
[[750.0,350.0,350.0],4.52914e-05],
[[800.0,1.0,1.0],4.691211e-05],
[[800.0,150.0,150.0],4.382121e-05],
[[800.0,200.0,200.0],4.840163e-05],
[[800.0,250.0,250.0],5.089122e-05],
[[800.0,300.0,300.0],5.271762e-05],
[[800.0,350.0,350.0],6.610803e-05],
[[850.0,1.0,1.0],5.448888e-05],
[[850.0,150.0,150.0],5.441841e-05],
[[850.0,200.0,200.0],5.277923e-05],
[[850.0,250.0,250.0],5.911989e-05],
[[850.0,300.0,300.0],5.702381e-05],
[[850.0,350.0,350.0],6.355029e-05],
[[850.0,400.0,400.0],8.47381e-05],
[[900.0,1.0,1.0],5.457266e-05],
[[900.0,150.0,150.0],6.48233e-05],
[[900.0,200.0,200.0],7.024946e-05],
[[900.0,250.0,250.0],6.765474e-05],
[[900.0,300.0,300.0],7.837819e-05],
[[900.0,350.0,350.0],8.248088e-05],
[[900.0,400.0,400.0],7.547261e-05],
[[950.0,1.0,1.0],8.677087e-05],
[[950.0,150.0,150.0],7.05528e-05],
[[950.0,200.0,200.0],9.198065e-05],
[[950.0,250.0,250.0],7.447821e-05],
[[950.0,300.0,300.0],7.943334e-05],
[[950.0,350.0,350.0],7.873207e-05],
[[950.0,400.0,400.0],8.807779e-05],
[[950.0,450.0,450.0],0.0001073517],
[[1000.0,1.0,1.0],7.788387e-05],
[[1000.0,10.0,10.0],9.836496e-05],
[[1000.0,50.0,50.0],8.357867e-05],
[[1000.0,100.0,100.0],8.662849e-05],
[[1000.0,150.0,150.0],9.102359e-05],
[[1000.0,200.0,200.0],8.452737e-05],
[[1000.0,250.0,250.0],8.94165e-05],
[[1000.0,300.0,300.0],0.0001073627],
[[1000.0,350.0,350.0],9.195411e-05],
[[1000.0,400.0,400.0],0.0001093597],
[[1000.0,450.0,450.0],0.0001002294],
[[1050.0,1.0,1.0],8.559552e-05],
[[1050.0,150.0,150.0],9.298802e-05],
[[1050.0,200.0,200.0],0.000104051],
[[1050.0,250.0,250.0],0.0001105995],
[[1050.0,300.0,300.0],0.0001105595],
[[1050.0,350.0,350.0],0.0001367095],
[[1050.0,400.0,400.0],0.0001094483],
[[1050.0,450.0,450.0],0.000129265],
[[1050.0,500.0,500.0],0.0001544191],
[[1100.0,1.0,1.0],8.904042e-05],
[[1100.0,150.0,150.0],0.0001223358],
[[1100.0,200.0,200.0],0.0001084811],
[[1100.0,250.0,250.0],0.0001257995],
[[1100.0,300.0,300.0],0.0001171296],
[[1100.0,350.0,350.0],0.0001437098],
[[1100.0,400.0,400.0],0.0001227011],
[[1100.0,450.0,450.0],0.0001328652],
[[1100.0,500.0,500.0],0.0001505335],
[[1150.0,1.0,1.0],0.0001102542],
[[1150.0,150.0,150.0],0.0001291921],
[[1150.0,200.0,200.0],0.0001380074],
[[1150.0,250.0,250.0],0.0001258605],
[[1150.0,300.0,300.0],0.0001292435],
[[1150.0,350.0,350.0],0.0001470622],
[[1150.0,400.0,400.0],0.0001334424],
[[1150.0,450.0,450.0],0.0001971628],
[[1150.0,500.0,500.0],0.0001463595],
[[1150.0,550.0,550.0],0.0001920394],
[[1200.0,1.0,1.0],0.0001409966],
[[1200.0,150.0,150.0],0.0001555721],
[[1200.0,200.0,200.0],0.0001598545],
[[1200.0,250.0,250.0],0.0001586101],
[[1200.0,300.0,300.0],0.000176517],
[[1200.0,350.0,350.0],0.0001742197],
[[1200.0,400.0,400.0],0.0002989293],
[[1200.0,450.0,450.0],0.000185905],
[[1200.0,500.0,500.0],0.0001907773],
[[1200.0,550.0,550.0],0.0001749317],
[[1250.0,1.0,1.0],0.0001278476],
[[1250.0,10.0,10.0],0.0001269312],
[[1250.0,50.0,50.0],0.0001490377],
[[1250.0,100.0,100.0],0.0001552605],
[[1250.0,150.0,150.0],0.0001580189],
[[1250.0,200.0,200.0],0.0001813056],
[[1250.0,250.0,250.0],0.0001841486],
[[1250.0,300.0,300.0],0.0002799001],
[[1250.0,350.0,350.0],0.0002170893],
[[1250.0,400.0,400.0],0.0001764576],
[[1250.0,450.0,450.0],0.0001488392],
[[1250.0,500.0,500.0],0.0001982904],
[[1250.0,550.0,550.0],0.0001990495],
[[1250.0,600.0,600.0],0.0002529905],
[[1300.0,1.0,1.0],0.0001460203],
[[1300.0,150.0,150.0],0.0001818837],
[[1300.0,200.0,200.0],0.0001637254],
[[1300.0,250.0,250.0],0.0001648617],
[[1300.0,300.0,300.0],0.0001803492],
[[1300.0,350.0,350.0],0.0001912959],
[[1300.0,400.0,400.0],0.0002214254],
[[1300.0,450.0,450.0],0.0001923467],
[[1300.0,500.0,500.0],0.0001828332],
[[1300.0,550.0,550.0],0.000199776],
[[1300.0,600.0,600.0],0.0002255251],
[[1350.0,1.0,1.0],0.0001497745],
[[1350.0,150.0,150.0],0.0001821614],
[[1350.0,200.0,200.0],0.0001863576],
[[1350.0,250.0,250.0],0.000186565],
[[1350.0,300.0,300.0],0.0001832776],
[[1350.0,350.0,350.0],0.0002117907],
[[1350.0,400.0,400.0],0.000224476],
[[1350.0,450.0,450.0],0.0004796358],
[[1350.0,500.0,500.0],0.0002245083],
[[1350.0,550.0,550.0],0.0002388591],
[[1350.0,600.0,600.0],0.0002760897],
[[1350.0,650.0,650.0],0.000271005],
[[1400.0,1.0,1.0],0.0003466365],
[[1400.0,150.0,150.0],0.0002206776],
[[1400.0,200.0,200.0],0.0001952919],
[[1400.0,250.0,250.0],0.0002034194],
[[1400.0,300.0,300.0],0.0002090098],
[[1400.0,350.0,350.0],0.0002063478],
[[1400.0,400.0,400.0],0.0002431686],
[[1400.0,450.0,450.0],0.0002570159],
[[1400.0,500.0,500.0],0.000248889],
[[1400.0,550.0,550.0],0.0002375377],
[[1400.0,600.0,600.0],0.0002457524],
[[1400.0,650.0,650.0],0.0002497575],
[[1450.0,1.0,1.0],0.0001768268],
[[1450.0,150.0,150.0],0.0002790454],
[[1450.0,200.0,200.0],0.0002125131],
[[1450.0,250.0,250.0],0.0002666626],
[[1450.0,300.0,300.0],0.0002711799],
[[1450.0,350.0,350.0],0.0002443059],
[[1450.0,400.0,400.0],0.0002548474],
[[1450.0,450.0,450.0],0.0002372828],
[[1450.0,500.0,500.0],0.0002505025],
[[1450.0,550.0,550.0],0.0002679434],
[[1450.0,600.0,600.0],0.0002756928],
[[1450.0,650.0,650.0],0.0002770263],
[[1450.0,700.0,700.0],0.000336963],
[[1500.0,1.0,1.0],0.0003271713],
[[1500.0,10.0,10.0],0.0001772398],
[[1500.0,50.0,50.0],0.0001909417],
[[1500.0,100.0,100.0],0.0001821562],
[[1500.0,150.0,150.0],0.0002221571],
[[1500.0,200.0,200.0],0.0002001224],
[[1500.0,250.0,250.0],0.0003079546],
[[1500.0,300.0,300.0],0.0002748596],
[[1500.0,350.0,350.0],0.0002722742],
[[1500.0,400.0,400.0],0.0002846324],
[[1500.0,450.0,450.0],0.000289459],
[[1500.0,500.0,500.0],0.0003320654],
[[1500.0,550.0,550.0],0.0003440614],
[[1500.0,600.0,600.0],0.0003063239],
[[1500.0,650.0,650.0],0.00036385],
[[1500.0,700.0,700.0],0.0003079261],
[[1500.0,750.0,750.0],0.0003702224],
[[1550.0,1.0,1.0],0.0002572173],
[[1550.0,150.0,150.0],0.0002810698],
[[1550.0,200.0,200.0],0.0002338158],
[[1550.0,250.0,250.0],0.000241457],
[[1550.0,300.0,300.0],0.0003785592],
[[1550.0,350.0,350.0],0.0003064263],
[[1550.0,400.0,400.0],0.000245846],
[[1550.0,450.0,450.0],0.0003266826],
[[1550.0,500.0,500.0],0.0002918763],
[[1550.0,550.0,550.0],0.0003336077],
[[1550.0,600.0,600.0],0.0003510497],
[[1550.0,650.0,650.0],0.0004301529],
[[1550.0,700.0,700.0],0.0003496623],
[[1550.0,750.0,750.0],0.0004550655],
[[1600.0,1.0,1.0],0.0001969918],
[[1600.0,150.0,150.0],0.0002251719],
[[1600.0,200.0,200.0],0.0002539446],
[[1600.0,250.0,250.0],0.0002782452],
[[1600.0,300.0,300.0],0.0003390563],
[[1600.0,350.0,350.0],0.0003198732],
[[1600.0,400.0,400.0],0.000312851],
[[1600.0,450.0,450.0],0.000325628],
[[1600.0,500.0,500.0],0.0003294348],
[[1600.0,550.0,550.0],0.0003461919],
[[1600.0,600.0,600.0],0.0003793838],
[[1600.0,650.0,650.0],0.0003451532],
[[1600.0,700.0,700.0],0.0003816706],
[[1600.0,750.0,750.0],0.0003436891],
[[1650.0,1.0,1.0],0.0001970898],
[[1650.0,150.0,150.0],0.0002660544],
[[1650.0,200.0,200.0],0.0003847799],
[[1650.0,250.0,250.0],0.000314538],
[[1650.0,300.0,300.0],0.0003080795],
[[1650.0,350.0,350.0],0.0005930965],
[[1650.0,400.0,400.0],0.0003467241],
[[1650.0,450.0,450.0],0.0003442029],
[[1650.0,500.0,500.0],0.0003636171],
[[1650.0,550.0,550.0],0.0004004397],
[[1650.0,600.0,600.0],0.000328406],
[[1650.0,650.0,650.0],0.0003516907],
[[1650.0,700.0,700.0],0.0003327886],
[[1650.0,750.0,750.0],0.0004368421],
[[1650.0,800.0,800.0],0.0004119392],
[[1700.0,1.0,1.0],0.0002297856],
[[1700.0,150.0,150.0],0.0002526032],
[[1700.0,200.0,200.0],0.0002951544],
[[1700.0,250.0,250.0],0.0003087234],
[[1700.0,300.0,300.0],0.0003192622],
[[1700.0,350.0,350.0],0.0003158038],
[[1700.0,400.0,400.0],0.0002871952],
[[1700.0,450.0,450.0],0.0003260502],
[[1700.0,500.0,500.0],0.000352413],
[[1700.0,550.0,550.0],0.000409785],
[[1700.0,600.0,600.0],0.0006832836],
[[1700.0,650.0,650.0],0.0003830896],
[[1700.0,700.0,700.0],0.000545726],
[[1700.0,750.0,750.0],0.0004267241],
[[1700.0,800.0,800.0],0.0004239355],
[[1750.0,1.0,1.0],0.0001799259],
[[1750.0,10.0,10.0],0.0002052826],
[[1750.0,50.0,50.0],0.0002317595],
[[1750.0,100.0,100.0],0.0002304672],
[[1750.0,150.0,150.0],0.0002587904],
[[1750.0,200.0,200.0],0.0003030145],
[[1750.0,250.0,250.0],0.0002651627],
[[1750.0,300.0,300.0],0.0003791584],
[[1750.0,350.0,350.0],0.0003581984],
[[1750.0,400.0,400.0],0.0003515011],
[[1750.0,450.0,450.0],0.0003941051],
[[1750.0,500.0,500.0],0.0003698577],
[[1750.0,550.0,550.0],0.0004172465],
[[1750.0,600.0,600.0],0.0006696692],
[[1750.0,650.0,650.0],0.0004620234],
[[1750.0,700.0,700.0],0.0003711979],
[[1750.0,750.0,750.0],0.000587201],
[[1750.0,800.0,800.0],0.0005701737],
[[1750.0,850.0,850.0],0.0004457272],
[[1800.0,1.0,1.0],0.0002326531],
[[1800.0,150.0,150.0],0.0002345662],
[[1800.0,200.0,200.0],0.0002969963],
[[1800.0,250.0,250.0],0.00031421],
[[1800.0,300.0,300.0],0.0003376643],
[[1800.0,350.0,350.0],0.000452019],
[[1800.0,400.0,400.0],0.0005255416],
[[1800.0,450.0,450.0],0.0004222636],
[[1800.0,500.0,500.0],0.000451645],
[[1800.0,550.0,550.0],0.0004100161],
[[1800.0,600.0,600.0],0.0003778592],
[[1800.0,650.0,650.0],0.0006784174],
[[1800.0,700.0,700.0],0.0004549769],
[[1800.0,750.0,750.0],0.0004929698],
[[1800.0,800.0,800.0],0.0004607986],
[[1800.0,850.0,850.0],0.0005478659],
[[1850.0,1.0,1.0],0.000196192],
[[1850.0,150.0,150.0],0.0004187163],
[[1850.0,200.0,200.0],0.0004056076],
[[1850.0,250.0,250.0],0.0003575504],
[[1850.0,300.0,300.0],0.0003998377],
[[1850.0,350.0,350.0],0.0003989219],
[[1850.0,400.0,400.0],0.0003749476],
[[1850.0,450.0,450.0],0.0005235756],
[[1850.0,500.0,500.0],0.0004107948],
[[1850.0,550.0,550.0],0.0004113781],
[[1850.0,600.0,600.0],0.0004151062],
[[1850.0,650.0,650.0],0.0003866849],
[[1850.0,700.0,700.0],0.0004475049],
[[1850.0,750.0,750.0],0.0005328911],
[[1850.0,800.0,800.0],0.0004395389],
[[1850.0,850.0,850.0],0.0004831888],
[[1850.0,900.0,900.0],0.0007264862],
[[1900.0,1.0,1.0],0.0002069298],
[[1900.0,150.0,150.0],0.0002798417],
[[1900.0,200.0,200.0],0.0003077044],
[[1900.0,250.0,250.0],0.0003961083],
[[1900.0,300.0,300.0],0.0003285172],
[[1900.0,350.0,350.0],0.0003705824],
[[1900.0,400.0,400.0],0.0003568789],
[[1900.0,450.0,450.0],0.0004535706],
[[1900.0,500.0,500.0],0.0004177135],
[[1900.0,550.0,550.0],0.000489729],
[[1900.0,600.0,600.0],0.0003910726],
[[1900.0,650.0,650.0],0.0005084149],
[[1900.0,700.0,700.0],0.0004226314],
[[1900.0,750.0,750.0],0.000492835],
[[1900.0,800.0,800.0],0.0005590321],
[[1900.0,850.0,850.0],0.0004780122],
[[1900.0,900.0,900.0],0.0005266108],
[[1950.0,1.0,1.0],0.0002524659],
[[1950.0,150.0,150.0],0.0003179813],
[[1950.0,200.0,200.0],0.0003808038],
[[1950.0,250.0,250.0],0.000360708],
[[1950.0,300.0,300.0],0.0003538814],
[[1950.0,350.0,350.0],0.0004068776],
[[1950.0,400.0,400.0],0.0003609268],
[[1950.0,450.0,450.0],0.0004310395],
[[1950.0,500.0,500.0],0.0004864927],
[[1950.0,550.0,550.0],0.0004921686],
[[1950.0,600.0,600.0],0.000448595],
[[1950.0,650.0,650.0],0.0005384047],
[[1950.0,700.0,700.0],0.0004434732],
[[1950.0,750.0,750.0],0.0004623214],
[[1950.0,800.0,800.0],0.0005066683],
[[1950.0,850.0,850.0],0.0005266337],
[[1950.0,900.0,900.0],0.0005126026],
[[1950.0,950.0,950.0],0.0005101716],
[[2000.0,1.0,1.0],0.0002139482],
[[2000.0,10.0,10.0],0.0002141837],
[[2000.0,50.0,50.0],0.0002380124],
[[2000.0,100.0,100.0],0.0002259737],
[[2000.0,150.0,150.0],0.0003056095],
[[2000.0,200.0,200.0],0.0003869465],
[[2000.0,250.0,250.0],0.0003211114],
[[2000.0,300.0,300.0],0.00036088],
[[2000.0,350.0,350.0],0.000381815],
[[2000.0,400.0,400.0],0.0004359955],
[[2000.0,450.0,450.0],0.00045233],
[[2000.0,500.0,500.0],0.0004738172],
[[2000.0,550.0,550.0],0.0004609263],
[[2000.0,600.0,600.0],0.0005582805],
[[2000.0,650.0,650.0],0.0005565563],
[[2000.0,700.0,700.0],0.0004891827],
[[2000.0,750.0,750.0],0.0004917281],
[[2000.0,800.0,800.0],0.0004960218],
[[2000.0,850.0,850.0],0.0005081423],
[[2000.0,900.0,900.0],0.0005031794],
[[2000.0,950.0,950.0],0.0005046693],
[[2250.0,1.0,1.0],0.0002276477],
[[2250.0,10.0,10.0],0.0002857398],
[[2250.0,50.0,50.0],0.000203678],
[[2250.0,100.0,100.0],0.0002298074],
[[2250.0,150.0,150.0],0.0002763165],
[[2250.0,300.0,300.0],0.0003950522],
[[2250.0,500.0,500.0],0.0005759405],
[[2250.0,750.0,750.0],0.000717116],
[[2250.0,1000.0,1000.0],0.0006640044],
[[2500.0,1.0,1.0],0.0001959817],
[[2500.0,10.0,10.0],0.0001750632],
[[2500.0,50.0,50.0],0.0001968305],
[[2500.0,100.0,100.0],0.0002268705],
[[2500.0,150.0,150.0],0.0002564347],
[[2500.0,300.0,300.0],0.0004448437],
[[2500.0,500.0,500.0],0.0005627732],
[[2500.0,750.0,750.0],0.0006155973],
[[2500.0,1000.0,1000.0],0.0007363566],
[[2500.0,1200.0,1200.0],0.0006116809],
[[2750.0,1.0,1.0],0.0001485168],
[[2750.0,10.0,10.0],0.0001474117],
[[2750.0,50.0,50.0],0.0001716548],
[[2750.0,100.0,100.0],0.0002026889],
[[2750.0,150.0,150.0],0.0002266898],
[[2750.0,300.0,300.0],0.0004408678],
[[2750.0,500.0,500.0],0.0006326237],
[[2750.0,750.0,750.0],0.0007334592],
[[2750.0,1000.0,1000.0],0.0007438206],
[[2750.0,1200.0,1200.0],0.0007297669],
[[3000.0,1.0,1.0],0.0001401703],
[[3000.0,10.0,10.0],0.0001355418],
[[3000.0,50.0,50.0],0.0001254764],
[[3000.0,100.0,100.0],0.0001635109],
[[3000.0,150.0,150.0],0.0002301501],
[[3000.0,300.0,300.0],0.0003996715],
[[3000.0,500.0,500.0],0.000712336],
[[3000.0,750.0,750.0],0.0007916183],
[[3000.0,1000.0,1000.0],0.0008193505],
[[3000.0,1200.0,1200.0],0.0007701298],
[[3000.0,1400.0,1400.0],0.0008903885]]
