txName: TRV1
constraint: {(PV > Zprime(1)), (Zprime(1) > MET(2),MET(3))}
condition: None
conditionDescription: None
figureUrl: https://cms-results.web.cern.ch/cms-results/public-results/publications/EXO-20-004/CMS-EXO-20-004_Figure_007-b.png
source: https://doi.org/10.5281/zenodo.13324003
validated: True
axesMap: [{0: 'x', 1: 'y', 2: 'y'}]
dataMap: {0: (1, 'mass', GeV), 1: (2, 'mass', GeV), 2: (3, 'mass', GeV)}
finalState: ['MET', 'MET']
intermediateState: None
efficiencyMap: [[[50.0,1.0,1.0],2.561424e-09],
[[100.0,1.0,1.0],7.118716e-08],
[[100.0,10.0,10.0],9.311416e-08],
[[150.0,1.0,1.0],2.175117e-07],
[[150.0,75.0,75.0],3.031969e-07],
[[200.0,1.0,1.0],5.91022e-07],
[[200.0,75.0,75.0],5.093499e-07],
[[250.0,1.0,1.0],1.188007e-06],
[[250.0,10.0,10.0],1.389568e-06],
[[250.0,75.0,75.0],1.062433e-06],
[[300.0,1.0,1.0],2.471664e-06],
[[300.0,75.0,75.0],1.594707e-06],
[[350.0,1.0,1.0],3.349044e-06],
[[350.0,75.0,75.0],4.801959e-06],
[[350.0,150.0,150.0],3.080343e-06],
[[400.0,1.0,1.0],6.149436e-06],
[[400.0,75.0,75.0],3.64879e-06],
[[400.0,150.0,150.0],6.200907e-06],
[[450.0,1.0,1.0],5.959895e-06],
[[450.0,75.0,75.0],8.138532e-06],
[[450.0,150.0,150.0],7.099134e-06],
[[450.0,200.0,200.0],8.285861e-06],
[[500.0,1.0,1.0],9.534645e-06],
[[500.0,10.0,10.0],1.159443e-05],
[[500.0,75.0,75.0],9.18097e-06],
[[500.0,150.0,150.0],9.981039e-06],
[[500.0,200.0,200.0],8.773549e-06],
[[550.0,1.0,1.0],1.181887e-05],
[[550.0,75.0,75.0],1.285104e-05],
[[550.0,150.0,150.0],1.228454e-05],
[[550.0,200.0,200.0],9.865443e-06],
[[550.0,250.0,250.0],1.250076e-05],
[[600.0,1.0,1.0],1.503459e-05],
[[600.0,75.0,75.0],1.369034e-05],
[[600.0,150.0,150.0],1.529551e-05],
[[600.0,200.0,200.0],1.437338e-05],
[[600.0,250.0,250.0],1.810782e-05],
[[650.0,1.0,1.0],1.795812e-05],
[[650.0,75.0,75.0],1.919282e-05],
[[650.0,150.0,150.0],1.539047e-05],
[[650.0,200.0,200.0],1.920144e-05],
[[650.0,250.0,250.0],2.250498e-05],
[[650.0,300.0,300.0],2.159129e-05],
[[700.0,1.0,1.0],2.142003e-05],
[[700.0,75.0,75.0],2.343585e-05],
[[700.0,150.0,150.0],2.436471e-05],
[[700.0,200.0,200.0],2.509713e-05],
[[700.0,250.0,250.0],2.723019e-05],
[[700.0,300.0,300.0],2.454383e-05],
[[750.0,1.0,1.0],2.844183e-05],
[[750.0,10.0,10.0],2.656501e-05],
[[750.0,75.0,75.0],2.803524e-05],
[[750.0,150.0,150.0],2.687745e-05],
[[750.0,200.0,200.0],2.736318e-05],
[[750.0,250.0,250.0],3.07676e-05],
[[750.0,300.0,300.0],2.455927e-05],
[[750.0,350.0,350.0],2.803283e-05],
[[800.0,1.0,1.0],2.944535e-05],
[[800.0,75.0,75.0],3.25917e-05],
[[800.0,150.0,150.0],3.508198e-05],
[[800.0,200.0,200.0],3.321624e-05],
[[800.0,250.0,250.0],3.348241e-05],
[[800.0,300.0,300.0],3.539063e-05],
[[800.0,350.0,350.0],4.156596e-05],
[[850.0,1.0,1.0],3.410205e-05],
[[850.0,75.0,75.0],3.656964e-05],
[[850.0,150.0,150.0],3.586784e-05],
[[850.0,200.0,200.0],3.178842e-05],
[[850.0,250.0,250.0],4.200852e-05],
[[850.0,300.0,300.0],3.499371e-05],
[[850.0,350.0,350.0],3.691852e-05],
[[850.0,400.0,400.0],4.052002e-05],
[[900.0,1.0,1.0],4.153641e-05],
[[900.0,75.0,75.0],3.642923e-05],
[[900.0,150.0,150.0],4.124966e-05],
[[900.0,200.0,200.0],4.019649e-05],
[[900.0,250.0,250.0],3.794085e-05],
[[900.0,300.0,300.0],4.00349e-05],
[[900.0,350.0,350.0],3.453165e-05],
[[900.0,400.0,400.0],4.38883e-05],
[[950.0,1.0,1.0],4.625027e-05],
[[950.0,75.0,75.0],5.178103e-05],
[[950.0,150.0,150.0],4.808976e-05],
[[950.0,200.0,200.0],4.381544e-05],
[[950.0,250.0,250.0],4.615318e-05],
[[950.0,300.0,300.0],5.034813e-05],
[[950.0,350.0,350.0],4.534256e-05],
[[950.0,400.0,400.0],4.968822e-05],
[[950.0,450.0,450.0],5.497047e-05],
[[1000.0,1.0,1.0],4.888525e-05],
[[1000.0,10.0,10.0],5.0777e-05],
[[1000.0,75.0,75.0],4.798504e-05],
[[1000.0,150.0,150.0],5.31645e-05],
[[1000.0,200.0,200.0],4.293075e-05],
[[1000.0,250.0,250.0],5.310334e-05],
[[1000.0,300.0,300.0],5.177503e-05],
[[1000.0,350.0,350.0],5.269437e-05],
[[1000.0,400.0,400.0],4.801613e-05],
[[1000.0,450.0,450.0],5.942088e-05],
[[1050.0,1.0,1.0],4.923889e-05],
[[1050.0,75.0,75.0],5.095438e-05],
[[1050.0,150.0,150.0],5.293052e-05],
[[1050.0,200.0,200.0],5.189631e-05],
[[1050.0,250.0,250.0],5.287521e-05],
[[1050.0,300.0,300.0],6.011731e-05],
[[1050.0,350.0,350.0],5.4484e-05],
[[1050.0,400.0,400.0],6.317991e-05],
[[1050.0,450.0,450.0],6.606265e-05],
[[1050.0,500.0,500.0],6.316902e-05],
[[1100.0,1.0,1.0],5.342783e-05],
[[1100.0,75.0,75.0],6.232453e-05],
[[1100.0,150.0,150.0],6.191754e-05],
[[1100.0,200.0,200.0],5.344756e-05],
[[1100.0,250.0,250.0],6.563334e-05],
[[1100.0,300.0,300.0],6.640039e-05],
[[1100.0,350.0,350.0],6.241856e-05],
[[1100.0,400.0,400.0],6.365784e-05],
[[1100.0,450.0,450.0],6.945972e-05],
[[1100.0,500.0,500.0],6.673396e-05],
[[1150.0,1.0,1.0],6.200205e-05],
[[1150.0,75.0,75.0],6.880538e-05],
[[1150.0,150.0,150.0],6.471265e-05],
[[1150.0,200.0,200.0],6.801746e-05],
[[1150.0,250.0,250.0],7.676957e-05],
[[1150.0,300.0,300.0],6.975049e-05],
[[1150.0,350.0,350.0],5.647119e-05],
[[1150.0,400.0,400.0],7.31607e-05],
[[1150.0,450.0,450.0],6.103284e-05],
[[1150.0,500.0,500.0],6.066788e-05],
[[1150.0,550.0,550.0],6.863985e-05],
[[1200.0,1.0,1.0],6.877298e-05],
[[1200.0,75.0,75.0],7.824127e-05],
[[1200.0,150.0,150.0],7.086505e-05],
[[1200.0,200.0,200.0],6.168446e-05],
[[1200.0,250.0,250.0],7.701925e-05],
[[1200.0,300.0,300.0],7.636042e-05],
[[1200.0,350.0,350.0],8.165255e-05],
[[1200.0,400.0,400.0],7.349172e-05],
[[1200.0,450.0,450.0],6.894191e-05],
[[1200.0,500.0,500.0],7.771829e-05],
[[1200.0,550.0,550.0],7.291788e-05],
[[1250.0,1.0,1.0],6.91024e-05],
[[1250.0,10.0,10.0],6.648295e-05],
[[1250.0,75.0,75.0],6.957272e-05],
[[1250.0,150.0,150.0],8.370063e-05],
[[1250.0,200.0,200.0],7.173652e-05],
[[1250.0,250.0,250.0],7.455452e-05],
[[1250.0,300.0,300.0],8.422794e-05],
[[1250.0,350.0,350.0],0.0001111423],
[[1250.0,400.0,400.0],9.221018e-05],
[[1250.0,450.0,450.0],7.87411e-05],
[[1250.0,500.0,500.0],8.383111e-05],
[[1250.0,550.0,550.0],8.155237e-05],
[[1250.0,600.0,600.0],0.0001002149],
[[1300.0,1.0,1.0],7.692976e-05],
[[1300.0,75.0,75.0],7.810354e-05],
[[1300.0,150.0,150.0],0.000116269],
[[1300.0,200.0,200.0],7.85363e-05],
[[1300.0,250.0,250.0],7.845419e-05],
[[1300.0,300.0,300.0],0.0001029178],
[[1300.0,350.0,350.0],8.323057e-05],
[[1300.0,400.0,400.0],8.043829e-05],
[[1300.0,450.0,450.0],7.846287e-05],
[[1300.0,500.0,500.0],0.0001149861],
[[1300.0,550.0,550.0],8.833517e-05],
[[1300.0,600.0,600.0],0.0001046779],
[[1350.0,1.0,1.0],8.147901e-05],
[[1350.0,75.0,75.0],8.826972e-05],
[[1350.0,150.0,150.0],8.088273e-05],
[[1350.0,200.0,200.0],8.067611e-05],
[[1350.0,250.0,250.0],8.157431e-05],
[[1350.0,300.0,300.0],8.695229e-05],
[[1350.0,350.0,350.0],9.172921e-05],
[[1350.0,400.0,400.0],8.244772e-05],
[[1350.0,450.0,450.0],0.0001029011],
[[1350.0,500.0,500.0],8.927264e-05],
[[1350.0,550.0,550.0],9.267025e-05],
[[1350.0,600.0,600.0],9.557201e-05],
[[1350.0,650.0,650.0],0.0001154116],
[[1400.0,1.0,1.0],9.119977e-05],
[[1400.0,75.0,75.0],8.988704e-05],
[[1400.0,150.0,150.0],7.710485e-05],
[[1400.0,200.0,200.0],0.0001161637],
[[1400.0,250.0,250.0],9.241197e-05],
[[1400.0,300.0,300.0],8.975756e-05],
[[1400.0,350.0,350.0],0.0001031398],
[[1400.0,400.0,400.0],9.315093e-05],
[[1400.0,450.0,450.0],8.928149e-05],
[[1400.0,500.0,500.0],0.0001099833],
[[1400.0,550.0,550.0],0.0001010612],
[[1400.0,600.0,600.0],7.773833e-05],
[[1400.0,650.0,650.0],9.111241e-05],
[[1450.0,1.0,1.0],0.0001049627],
[[1450.0,75.0,75.0],9.642985e-05],
[[1450.0,150.0,150.0],0.0001007756],
[[1450.0,200.0,200.0],8.769052e-05],
[[1450.0,250.0,250.0],9.02478e-05],
[[1450.0,300.0,300.0],8.908665e-05],
[[1450.0,350.0,350.0],9.005727e-05],
[[1450.0,400.0,400.0],9.68168e-05],
[[1450.0,450.0,450.0],9.652177e-05],
[[1450.0,500.0,500.0],9.595249e-05],
[[1450.0,550.0,550.0],9.417774e-05],
[[1450.0,600.0,600.0],0.0001025259],
[[1450.0,650.0,650.0],0.00010249],
[[1450.0,700.0,700.0],0.0001245275],
[[1500.0,1.0,1.0],9.096251e-05],
[[1500.0,10.0,10.0],0.0001034151],
[[1500.0,75.0,75.0],9.465776e-05],
[[1500.0,150.0,150.0],0.0001023478],
[[1500.0,200.0,200.0],0.0001180073],
[[1500.0,250.0,250.0],0.0001248603],
[[1500.0,300.0,300.0],0.000105369],
[[1500.0,350.0,350.0],9.811307e-05],
[[1500.0,400.0,400.0],9.861411e-05],
[[1500.0,450.0,450.0],9.474354e-05],
[[1500.0,500.0,500.0],0.0001034152],
[[1500.0,550.0,550.0],0.0001236775],
[[1500.0,600.0,600.0],0.0001286858],
[[1500.0,650.0,650.0],0.00010223],
[[1500.0,700.0,700.0],0.0001164358],
[[1500.0,750.0,750.0],0.0001343858],
[[1550.0,1.0,1.0],0.000100342],
[[1550.0,75.0,75.0],9.797615e-05],
[[1550.0,150.0,150.0],0.0001027495],
[[1550.0,200.0,200.0],0.0001158815],
[[1550.0,250.0,250.0],0.000124254],
[[1550.0,300.0,300.0],0.0001059616],
[[1550.0,350.0,350.0],0.0001031486],
[[1550.0,400.0,400.0],0.0001061783],
[[1550.0,450.0,450.0],0.0001135503],
[[1550.0,500.0,500.0],0.0001158721],
[[1550.0,550.0,550.0],0.0001037754],
[[1550.0,600.0,600.0],0.0001107014],
[[1550.0,650.0,650.0],0.0001061502],
[[1550.0,700.0,700.0],0.0001126704],
[[1550.0,750.0,750.0],0.0001193483],
[[1600.0,1.0,1.0],9.319398e-05],
[[1600.0,75.0,75.0],0.0001060432],
[[1600.0,150.0,150.0],0.0001153469],
[[1600.0,200.0,200.0],0.0001095836],
[[1600.0,250.0,250.0],0.0001083492],
[[1600.0,300.0,300.0],0.0001201904],
[[1600.0,350.0,350.0],0.0001185464],
[[1600.0,400.0,400.0],9.544257e-05],
[[1600.0,450.0,450.0],0.0001156813],
[[1600.0,500.0,500.0],0.000134025],
[[1600.0,550.0,550.0],0.0001200601],
[[1600.0,600.0,600.0],0.0001417044],
[[1600.0,650.0,650.0],0.0001277672],
[[1600.0,700.0,700.0],0.0001529168],
[[1600.0,750.0,750.0],0.0001175014],
[[1650.0,1.0,1.0],0.0001103873],
[[1650.0,75.0,75.0],0.0001150074],
[[1650.0,150.0,150.0],0.0001243288],
[[1650.0,200.0,200.0],0.0001346895],
[[1650.0,250.0,250.0],0.00014549],
[[1650.0,300.0,300.0],0.0001107932],
[[1650.0,350.0,350.0],0.0001097336],
[[1650.0,400.0,400.0],0.0001098486],
[[1650.0,450.0,450.0],0.000133666],
[[1650.0,500.0,500.0],0.0001076016],
[[1650.0,550.0,550.0],0.0001504965],
[[1650.0,600.0,600.0],0.0001234161],
[[1650.0,650.0,650.0],0.0001211891],
[[1650.0,700.0,700.0],0.0001260315],
[[1650.0,750.0,750.0],0.0001190939],
[[1650.0,800.0,800.0],0.0001066757],
[[1700.0,1.0,1.0],0.0001116075],
[[1700.0,75.0,75.0],0.0001196486],
[[1700.0,150.0,150.0],0.0001292999],
[[1700.0,200.0,200.0],0.0001288422],
[[1700.0,250.0,250.0],0.0001192331],
[[1700.0,300.0,300.0],0.000120927],
[[1700.0,350.0,350.0],0.0001314953],
[[1700.0,400.0,400.0],0.0001116415],
[[1700.0,450.0,450.0],0.0001345893],
[[1700.0,500.0,500.0],0.000124808],
[[1700.0,550.0,550.0],0.0001071279],
[[1700.0,600.0,600.0],0.0001150908],
[[1700.0,650.0,650.0],0.0001337849],
[[1700.0,700.0,700.0],0.0001376951],
[[1700.0,750.0,750.0],0.0001446689],
[[1700.0,800.0,800.0],0.0001265714],
[[1750.0,1.0,1.0],0.0001069457],
[[1750.0,10.0,10.0],0.0001211571],
[[1750.0,75.0,75.0],0.000137373],
[[1750.0,150.0,150.0],0.0001232586],
[[1750.0,200.0,200.0],0.0001329137],
[[1750.0,250.0,250.0],0.0001354428],
[[1750.0,300.0,300.0],0.0001266263],
[[1750.0,350.0,350.0],0.0001461362],
[[1750.0,400.0,400.0],0.0001400924],
[[1750.0,450.0,450.0],0.0001167077],
[[1750.0,500.0,500.0],0.0001242029],
[[1750.0,550.0,550.0],0.0001320544],
[[1750.0,600.0,600.0],0.0001477772],
[[1750.0,650.0,650.0],0.0001351172],
[[1750.0,700.0,700.0],0.0001425637],
[[1750.0,750.0,750.0],0.000139008],
[[1750.0,800.0,800.0],0.000137705],
[[1750.0,850.0,850.0],0.0001399372],
[[1800.0,1.0,1.0],0.0001278106],
[[1800.0,75.0,75.0],0.0001256417],
[[1800.0,150.0,150.0],0.0001127415],
[[1800.0,200.0,200.0],0.0001240643],
[[1800.0,250.0,250.0],0.0001079202],
[[1800.0,300.0,300.0],0.0001508411],
[[1800.0,350.0,350.0],0.0001443676],
[[1800.0,400.0,400.0],0.0001206481],
[[1800.0,450.0,450.0],0.0001182108],
[[1800.0,500.0,500.0],0.0001522747],
[[1800.0,550.0,550.0],0.0001400393],
[[1800.0,600.0,600.0],0.0001404526],
[[1800.0,650.0,650.0],0.0001300974],
[[1800.0,700.0,700.0],0.0001315473],
[[1800.0,750.0,750.0],0.0001372842],
[[1800.0,800.0,800.0],0.0001232665],
[[1800.0,850.0,850.0],0.0001491311],
[[1850.0,1.0,1.0],0.0001160721],
[[1850.0,75.0,75.0],0.0001153029],
[[1850.0,150.0,150.0],0.0001260896],
[[1850.0,200.0,200.0],0.000127279],
[[1850.0,250.0,250.0],0.0001461373],
[[1850.0,300.0,300.0],0.0001257554],
[[1850.0,350.0,350.0],0.0001640056],
[[1850.0,400.0,400.0],0.0001261859],
[[1850.0,450.0,450.0],0.0001423079],
[[1850.0,500.0,500.0],0.0001293013],
[[1850.0,550.0,550.0],0.0001201037],
[[1850.0,600.0,600.0],0.0001301719],
[[1850.0,650.0,650.0],0.000147009],
[[1850.0,700.0,700.0],0.0001268827],
[[1850.0,750.0,750.0],0.0001335309],
[[1850.0,800.0,800.0],0.0001500681],
[[1850.0,850.0,850.0],0.000183474],
[[1850.0,900.0,900.0],0.0001743782],
[[1900.0,1.0,1.0],0.0001269646],
[[1900.0,75.0,75.0],0.0001314787],
[[1900.0,150.0,150.0],0.000118388],
[[1900.0,200.0,200.0],0.0001162762],
[[1900.0,250.0,250.0],0.0001391134],
[[1900.0,300.0,300.0],0.0001208656],
[[1900.0,350.0,350.0],0.000137092],
[[1900.0,400.0,400.0],0.0001386354],
[[1900.0,450.0,450.0],0.000117686],
[[1900.0,500.0,500.0],0.0001395245],
[[1900.0,550.0,550.0],0.0001232546],
[[1900.0,600.0,600.0],0.0001545434],
[[1900.0,650.0,650.0],0.0001492485],
[[1900.0,700.0,700.0],0.0001288287],
[[1900.0,750.0,750.0],0.0001421383],
[[1900.0,800.0,800.0],0.0001521253],
[[1900.0,850.0,850.0],0.0001446015],
[[1900.0,900.0,900.0],0.0001489531],
[[1950.0,1.0,1.0],0.0001303412],
[[1950.0,75.0,75.0],0.0001400749],
[[1950.0,150.0,150.0],0.000115935],
[[1950.0,200.0,200.0],0.0001323934],
[[1950.0,250.0,250.0],0.0001815732],
[[1950.0,300.0,300.0],0.0001362804],
[[1950.0,350.0,350.0],0.0001176018],
[[1950.0,400.0,400.0],0.000147921],
[[1950.0,450.0,450.0],0.0001544479],
[[1950.0,500.0,500.0],0.0001360061],
[[1950.0,550.0,550.0],0.0001297811],
[[1950.0,600.0,600.0],0.0001613764],
[[1950.0,650.0,650.0],0.0001606345],
[[1950.0,700.0,700.0],0.0001443689],
[[1950.0,750.0,750.0],0.0001404814],
[[1950.0,800.0,800.0],0.0001482485],
[[1950.0,850.0,850.0],0.0001437192],
[[1950.0,900.0,900.0],0.0001563198],
[[1950.0,950.0,950.0],0.0001559856],
[[2000.0,1.0,1.0],0.0001629772],
[[2000.0,75.0,75.0],0.0001675815],
[[2000.0,150.0,150.0],0.0001523299],
[[2000.0,200.0,200.0],0.0001366155],
[[2000.0,250.0,250.0],0.0001551497],
[[2000.0,300.0,300.0],0.0001531316],
[[2000.0,350.0,350.0],0.0001608811],
[[2000.0,400.0,400.0],0.0001374613],
[[2000.0,450.0,450.0],0.0001419228],
[[2000.0,500.0,500.0],0.000151324],
[[2000.0,550.0,550.0],0.0001410589],
[[2000.0,600.0,600.0],0.0001403926],
[[2000.0,650.0,650.0],0.0001337171],
[[2000.0,700.0,700.0],0.0001535557],
[[2000.0,750.0,750.0],0.0001414671],
[[2000.0,800.0,800.0],0.0001684222],
[[2000.0,850.0,850.0],0.0001732476],
[[2000.0,900.0,900.0],0.0001742107],
[[2000.0,950.0,950.0],0.0001483532],
[[2250.0,1.0,1.0],0.0001729323],
[[2250.0,75.0,75.0],0.0001579553],
[[2250.0,150.0,150.0],0.0001642661],
[[2250.0,300.0,300.0],0.0001634896],
[[2250.0,500.0,500.0],0.000170297],
[[2250.0,750.0,750.0],0.000160575],
[[2250.0,1000.0,1000.0],0.0001567875],
[[2500.0,1.0,1.0],0.0001598694],
[[2500.0,75.0,75.0],0.0001713582],
[[2500.0,150.0,150.0],0.000185085],
[[2500.0,300.0,300.0],0.0001851592],
[[2500.0,500.0,500.0],0.0001711903],
[[2500.0,750.0,750.0],0.0001592326],
[[2500.0,1000.0,1000.0],0.0001717276],
[[2500.0,1200.0,1200.0],0.000185424],
[[2750.0,1.0,1.0],0.0001673427],
[[2750.0,75.0,75.0],0.0001932758],
[[2750.0,150.0,150.0],0.00019766],
[[2750.0,300.0,300.0],0.0001611214],
[[2750.0,500.0,500.0],0.0001758855],
[[2750.0,750.0,750.0],0.0001661447],
[[2750.0,1000.0,1000.0],0.0002037102],
[[2750.0,1200.0,1200.0],0.000181986],
[[3000.0,1.0,1.0],0.0001866554],
[[3000.0,75.0,75.0],0.000183151],
[[3000.0,150.0,150.0],0.0001833878],
[[3000.0,300.0,300.0],0.0001642422],
[[3000.0,500.0,500.0],0.0001931163],
[[3000.0,750.0,750.0],0.0002035951],
[[3000.0,1000.0,1000.0],0.0001898549],
[[3000.0,1200.0,1200.0],0.0001860082],
[[3000.0,1400.0,1400.0],0.0002065996]]
