txName: TRV1
constraint: {(PV > Zprime(1)), (Zprime(1) > MET(2),MET(3))}
condition: None
conditionDescription: None
figureUrl: None
source: Recast by CM2
validated: True
axesMap: [{0: 'x', 1: 'y', 2: 'y'}]
dataMap: {0: (1, 'mass', GeV), 1: (2, 'mass', GeV), 2: (3, 'mass', GeV)}
finalState: ['MET', 'MET']
intermediateState: None
efficiencyMap: [[[50.0,0,0],0.0],
[[50.0,1.0,1.0],0.0],
[[50.0,10.0,10.0],0.0],
[[50.0,20.0,20.0],0.0],
[[100.0,0,0],0],
[[100.0,1.0,1.0],0.0],
[[100.0,10.0,10.0],0],
[[150.0,0,0],0],
[[150.0,1.0,1.0],0],
[[150.0,10.0,10.0],0],
[[150.0,50.0,50.0],0],
[[150.0,70.0,70.0],0],
[[200.0,0,0],0],
[[200.0,1.0,1.0],0],
[[200.0,10.0,10.0],0],
[[200.0,50.0,50.0],0],
[[200.0,75.0,75.0],0],
[[250.0,0,0],0],
[[250.0,1.0,1.0],0],
[[250.0,10.0,10.0],0],
[[250.0,50.0,50.0],0],
[[250.0,75.0,75.0],0],
[[250.0,100.0,100.0],0],
[[250.0,120.0,120.0],0],
[[300.0,0,0],0],
[[300.0,1.0,1.0],0],
[[300.0,10.0,10.0],0],
[[300.0,50.0,50.0],0],
[[300.0,75.0,75.0],0],
[[300.0,100.0,100.0],0],
[[350.0,0,0],0],
[[350.0,1.0,1.0],0],
[[350.0,10.0,10.0],0],
[[350.0,50.0,50.0],0],
[[350.0,75.0,75.0],0],
[[350.0,100.0,100.0],0],
[[350.0,150.0,150.0],0],
[[350.0,170.0,170.0],0],
[[400.0,0,0],0],
[[400.0,1.0,1.0],0],
[[400.0,10.0,10.0],0],
[[400.0,50.0,50.0],0],
[[400.0,75.0,75.0],0],
[[400.0,100.0,100.0],0],
[[400.0,150.0,150.0],1.641562e-06],
[[450.0,0,0],0],
[[450.0,1.0,1.0],1.971003e-06],
[[450.0,10.0,10.0],1.749996e-06],
[[450.0,50.0,50.0],1.891393e-06],
[[450.0,75.0,75.0],0],
[[450.0,100.0,100.0],0],
[[450.0,150.0,150.0],2.337674e-06],
[[450.0,200.0,200.0],2.132245e-06],
[[450.0,220.0,220.0],1.966212e-06],
[[500.0,0,0],0],
[[500.0,1.0,1.0],2.532067e-06],
[[500.0,10.0,10.0],2.630287e-06],
[[500.0,50.0,50.0],1.79906e-06],
[[500.0,75.0,75.0],3.115007e-06],
[[500.0,100.0,100.0],2.433928e-06],
[[500.0,150.0,150.0],2.457196e-06],
[[500.0,200.0,200.0],2.604433e-06],
[[550.0,1.0,1.0],3.403216e-06],
[[550.0,10.0,10.0],3.799604e-06],
[[550.0,75.0,75.0],3.319697e-06],
[[550.0,150.0,150.0],3.385571e-06],
[[550.0,200.0,200.0],3.742734e-06],
[[550.0,250.0,250.0],4.13552e-06],
[[550.0,270.0,270.0],3.433739e-06],
[[600.0,0,0],4.778585e-06],
[[600.0,1.0,1.0],4.551429e-06],
[[600.0,10.0,10.0],5.228207e-06],
[[600.0,50.0,50.0],4.573177e-06],
[[600.0,75.0,75.0],3.241646e-06],
[[600.0,100.0,100.0],3.919889e-06],
[[600.0,150.0,150.0],4.019812e-06],
[[600.0,200.0,200.0],3.783734e-06],
[[600.0,250.0,250.0],5.09857e-06],
[[600.0,295.0,295.0],4.538919e-06],
[[650.0,1.0,1.0],4.814769e-06],
[[650.0,10.0,10.0],5.900854e-06],
[[650.0,75.0,75.0],5.542161e-06],
[[650.0,150.0,150.0],5.946433e-06],
[[650.0,200.0,200.0],5.918045e-06],
[[650.0,250.0,250.0],6.279738e-06],
[[650.0,300.0,300.0],5.825917e-06],
[[650.0,320.0,320.0],7.076868e-06],
[[700.0,0,0],6.468423e-06],
[[700.0,1.0,1.0],7.029644e-06],
[[700.0,10.0,10.0],6.15965e-06],
[[700.0,50.0,50.0],6.313515e-06],
[[700.0,75.0,75.0],7.387353e-06],
[[700.0,100.0,100.0],3.224915e-06],
[[700.0,150.0,150.0],7.815485e-06],
[[700.0,200.0,200.0],6.582704e-06],
[[700.0,250.0,250.0],5.619409e-06],
[[700.0,300.0,300.0],7.164368e-06],
[[750.0,1.0,1.0],8.041933e-06],
[[750.0,10.0,10.0],8.013494e-06],
[[750.0,75.0,75.0],1.052652e-05],
[[750.0,150.0,150.0],8.55186e-06],
[[750.0,200.0,200.0],9.030566e-06],
[[750.0,250.0,250.0],8.34119e-06],
[[750.0,300.0,300.0],1.002228e-05],
[[750.0,350.0,350.0],9.081473e-06],
[[750.0,370.0,370.0],8.685138e-06],
[[800.0,0,0],9.122965e-06],
[[800.0,1.0,1.0],9.740731e-06],
[[800.0,10.0,10.0],8.853242e-06],
[[800.0,50.0,50.0],1.016797e-05],
[[800.0,75.0,75.0],1.235571e-05],
[[800.0,100.0,100.0],9.887593e-06],
[[800.0,150.0,150.0],1.214589e-05],
[[800.0,200.0,200.0],1.072285e-05],
[[800.0,250.0,250.0],1.048097e-05],
[[800.0,300.0,300.0],1.127392e-05],
[[800.0,350.0,350.0],1.132641e-05],
[[850.0,1.0,1.0],1.180828e-05],
[[850.0,10.0,10.0],1.253295e-05],
[[850.0,75.0,75.0],1.179048e-05],
[[850.0,150.0,150.0],1.324103e-05],
[[850.0,200.0,200.0],1.332657e-05],
[[850.0,250.0,250.0],1.249823e-05],
[[850.0,300.0,300.0],1.327091e-05],
[[850.0,350.0,350.0],1.264858e-05],
[[850.0,400.0,400.0],1.34181e-05],
[[850.0,420.0,420.0],1.503761e-05],
[[900.0,0,0],1.364459e-05],
[[900.0,1.0,1.0],1.535609e-05],
[[900.0,10.0,10.0],1.18113e-05],
[[900.0,50.0,50.0],1.395526e-05],
[[900.0,75.0,75.0],1.313386e-05],
[[900.0,100.0,100.0],1.441387e-05],
[[900.0,150.0,150.0],1.42588e-05],
[[900.0,200.0,200.0],1.387841e-05],
[[900.0,250.0,250.0],1.54713e-05],
[[900.0,300.0,300.0],1.307541e-05],
[[900.0,350.0,350.0],1.569027e-05],
[[900.0,400.0,400.0],1.547704e-05],
[[950.0,1.0,1.0],1.557998e-05],
[[950.0,10.0,10.0],1.515772e-05],
[[950.0,75.0,75.0],1.67217e-05],
[[950.0,150.0,150.0],1.633035e-05],
[[950.0,200.0,200.0],1.67337e-05],
[[950.0,250.0,250.0],1.590311e-05],
[[950.0,300.0,300.0],1.831919e-05],
[[950.0,350.0,350.0],1.639717e-05],
[[950.0,400.0,400.0],1.658447e-05],
[[950.0,450.0,450.0],1.686638e-05],
[[950.0,470.0,470.0],1.688419e-05],
[[1000.0,0,0],1.82764e-05],
[[1000.0,50.0,50.0],1.714362e-05],
[[1000.0,100.0,100.0],1.782592e-05],
[[1000.0,150.0,150.0],1.532149e-05],
[[1000.0,200.0,200.0],1.900751e-05],
[[1000.0,250.0,250.0],1.772694e-05],
[[1000.0,300.0,300.0],1.916414e-05],
[[1000.0,350.0,350.0],2.15501e-05],
[[1000.0,400.0,400.0],1.841358e-05],
[[1000.0,450.0,450.0],1.864484e-05],
[[1050.0,520.0,520.0],2.228267e-05],
[[1100.0,0,0],2.250908e-05],
[[1100.0,100.0,100.0],2.305344e-05],
[[1100.0,200.0,200.0],2.537664e-05],
[[1100.0,300.0,300.0],2.31165e-05],
[[1100.0,400.0,400.0],2.654444e-05],
[[1100.0,500.0,500.0],2.690806e-05],
[[1150.0,570.0,570.0],3.063593e-05],
[[1200.0,0,0],2.559513e-05],
[[1200.0,100.0,100.0],2.748759e-05],
[[1200.0,200.0,200.0],3.032496e-05],
[[1200.0,300.0,300.0],2.759018e-05],
[[1200.0,400.0,400.0],3.028892e-05],
[[1200.0,500.0,500.0],3.288681e-05],
[[1250.0,620.0,620.0],3.576831e-05],
[[1300.0,0,0],3.754257e-05],
[[1300.0,100.0,100.0],4.044083e-05],
[[1300.0,200.0,200.0],3.089685e-05],
[[1300.0,300.0,300.0],3.677825e-05],
[[1300.0,400.0,400.0],3.627819e-05],
[[1300.0,500.0,500.0],3.677768e-05],
[[1300.0,600.0,600.0],3.869345e-05],
[[1350.0,670.0,670.0],4.321249e-05],
[[1400.0,0,0],3.963521e-05],
[[1400.0,100.0,100.0],3.695877e-05],
[[1400.0,200.0,200.0],3.522192e-05],
[[1400.0,300.0,300.0],3.827283e-05],
[[1400.0,400.0,400.0],3.697715e-05],
[[1400.0,500.0,500.0],3.912289e-05],
[[1400.0,600.0,600.0],4.366244e-05],
[[1450.0,720.0,720.0],4.971296e-05],
[[1500.0,0,0],4.423637e-05],
[[1500.0,100.0,100.0],4.243904e-05],
[[1500.0,200.0,200.0],4.129562e-05],
[[1500.0,300.0,300.0],4.601889e-05],
[[1500.0,400.0,400.0],4.7133e-05],
[[1500.0,500.0,500.0],4.444684e-05],
[[1500.0,600.0,600.0],4.963988e-05],
[[1500.0,700.0,700.0],4.78762e-05],
[[1550.0,770.0,770.0],5.962481e-05],
[[1600.0,0,0],4.939355e-05],
[[1600.0,100.0,100.0],5.649852e-05],
[[1600.0,200.0,200.0],5.171641e-05],
[[1600.0,300.0,300.0],4.932498e-05],
[[1600.0,400.0,400.0],4.692299e-05],
[[1600.0,500.0,500.0],5.178391e-05],
[[1600.0,600.0,600.0],5.128258e-05],
[[1600.0,700.0,700.0],5.47103e-05],
[[1650.0,820.0,820.0],6.151807e-05],
[[1700.0,0,0],6.304699e-05],
[[1700.0,100.0,100.0],5.478597e-05],
[[1700.0,200.0,200.0],5.685869e-05],
[[1700.0,300.0,300.0],5.760041e-05],
[[1700.0,400.0,400.0],5.88794e-05],
[[1700.0,500.0,500.0],5.990087e-05],
[[1700.0,600.0,600.0],5.809186e-05],
[[1700.0,700.0,700.0],5.887004e-05],
[[1700.0,800.0,800.0],8.128182e-05],
[[1750.0,870.0,870.0],6.396133e-05],
[[1800.0,0,0],5.887014e-05],
[[1800.0,100.0,100.0],6.278812e-05],
[[1800.0,200.0,200.0],6.256622e-05],
[[1800.0,300.0,300.0],6.302042e-05],
[[1800.0,400.0,400.0],6.460279e-05],
[[1800.0,500.0,500.0],6.228457e-05],
[[1800.0,600.0,600.0],6.946972e-05],
[[1800.0,700.0,700.0],6.593532e-05],
[[1800.0,800.0,800.0],7.436982e-05],
[[1850.0,920.0,920.0],7.821909e-05],
[[1900.0,0,0],7.107111e-05],
[[1900.0,100.0,100.0],6.628425e-05],
[[1900.0,200.0,200.0],7.133789e-05],
[[1900.0,300.0,300.0],6.798297e-05],
[[1900.0,400.0,400.0],6.647548e-05],
[[1900.0,500.0,500.0],7.369897e-05],
[[1900.0,600.0,600.0],6.327212e-05],
[[1900.0,700.0,700.0],7.036769e-05],
[[1900.0,800.0,800.0],7.151625e-05],
[[1900.0,900.0,900.0],8.7483e-05],
[[1950.0,970.0,970.0],8.420621e-05],
[[2000.0,0,0],6.544998e-05],
[[2000.0,100.0,100.0],7.434536e-05],
[[2000.0,200.0,200.0],9.074801e-05],
[[2000.0,300.0,300.0],7.482683e-05],
[[2000.0,400.0,400.0],8.167025e-05],
[[2000.0,500.0,500.0],7.517043e-05],
[[2000.0,600.0,600.0],7.750043e-05],
[[2000.0,700.0,700.0],7.747474e-05],
[[2000.0,800.0,800.0],8.385361e-05],
[[2000.0,900.0,900.0],9.623365e-05],
[[2050.0,1020.0,1020.0],9.854259e-05],
[[2100.0,0,0],6.797712e-05],
[[2100.0,100.0,100.0],6.770441e-05],
[[2100.0,200.0,200.0],7.701816e-05],
[[2100.0,300.0,300.0],7.938e-05],
[[2100.0,400.0,400.0],8.285553e-05],
[[2100.0,500.0,500.0],8.063967e-05],
[[2100.0,600.0,600.0],8.500407e-05],
[[2100.0,700.0,700.0],8.778196e-05],
[[2100.0,800.0,800.0],9.054182e-05],
[[2100.0,900.0,900.0],9.280802e-05],
[[2100.0,1000.0,1000.0],8.697004e-05],
[[2150.0,1070.0,1070.0],9.62094e-05],
[[2200.0,0,0],8.226279e-05],
[[2200.0,100.0,100.0],8.992076e-05],
[[2200.0,200.0,200.0],8.490272e-05],
[[2200.0,300.0,300.0],9.088188e-05],
[[2200.0,400.0,400.0],8.099049e-05],
[[2200.0,500.0,500.0],9.279097e-05],
[[2200.0,600.0,600.0],8.907728e-05],
[[2200.0,700.0,700.0],9.677574e-05],
[[2200.0,800.0,800.0],0.0001017496],
[[2200.0,900.0,900.0],0.0001072368],
[[2200.0,1000.0,1000.0],8.638717e-05],
[[2250.0,1120.0,1120.0],0.0001059213],
[[2300.0,0,0],7.749366e-05],
[[2300.0,100.0,100.0],8.933846e-05],
[[2300.0,200.0,200.0],7.866008e-05],
[[2300.0,300.0,300.0],8.16858e-05],
[[2300.0,400.0,400.0],9.203844e-05],
[[2300.0,500.0,500.0],9.089692e-05],
[[2300.0,600.0,600.0],9.040352e-05],
[[2300.0,700.0,700.0],0.0001117789],
[[2300.0,800.0,800.0],9.609325e-05],
[[2300.0,900.0,900.0],0.0001086548],
[[2300.0,1000.0,1000.0],9.570229e-05],
[[2300.0,1100.0,1100.0],9.981652e-05],
[[2350.0,1170.0,1170.0],0.0001075419],
[[2400.0,0,0],8.200314e-05],
[[2400.0,100.0,100.0],8.676275e-05],
[[2400.0,200.0,200.0],9.36191e-05],
[[2400.0,300.0,300.0],0.0001113838],
[[2400.0,400.0,400.0],9.851229e-05],
[[2400.0,500.0,500.0],9.907546e-05],
[[2400.0,600.0,600.0],9.108519e-05],
[[2400.0,700.0,700.0],0.0001075803],
[[2400.0,800.0,800.0],0.0001130521],
[[2400.0,900.0,900.0],0.0001102693],
[[2400.0,1000.0,1000.0],9.711045e-05],
[[2400.0,1100.0,1100.0],0.0001100287],
[[2450.0,1220.0,1220.0],0.0001129194],
[[2500.0,0,0],8.231337e-05],
[[2500.0,100.0,100.0],0.0001026495],
[[2500.0,200.0,200.0],9.943039e-05],
[[2500.0,300.0,300.0],9.90328e-05],
[[2500.0,400.0,400.0],0.0001054972],
[[2500.0,500.0,500.0],0.0001016912],
[[2500.0,600.0,600.0],0.0001102222],
[[2500.0,700.0,700.0],0.0001046858],
[[2500.0,800.0,800.0],9.93561e-05],
[[2500.0,900.0,900.0],0.0001045405],
[[2500.0,1000.0,1000.0],0.0001176384],
[[2500.0,1100.0,1100.0],0.0001065771],
[[2500.0,1200.0,1200.0],0.0001173094],
[[2550.0,1270.0,1270.0],0.0001185231],
[[2600.0,0,0],8.947912e-05],
[[2600.0,100.0,100.0],0.0001034669],
[[2600.0,200.0,200.0],9.470564e-05],
[[2600.0,300.0,300.0],0.0001021273],
[[2600.0,400.0,400.0],0.0001203235],
[[2600.0,500.0,500.0],0.0001199615],
[[2600.0,600.0,600.0],0.0001088123],
[[2600.0,700.0,700.0],0.0001098562],
[[2600.0,800.0,800.0],0.0001018257],
[[2600.0,900.0,900.0],0.000120972],
[[2600.0,1000.0,1000.0],0.0001157364],
[[2600.0,1100.0,1100.0],0.0001114426],
[[2600.0,1200.0,1200.0],0.0001147369],
[[2650.0,1320.0,1320.0],0.0001298985],
[[2700.0,0,0],9.010446e-05],
[[2700.0,100.0,100.0],0.0001030157],
[[2700.0,200.0,200.0],0.0001067475],
[[2700.0,300.0,300.0],9.931728e-05],
[[2700.0,400.0,400.0],0.0001050946],
[[2700.0,500.0,500.0],0.0001128936],
[[2700.0,600.0,600.0],9.92233e-05],
[[2700.0,700.0,700.0],0.0001130376],
[[2700.0,800.0,800.0],0.000110237],
[[2700.0,900.0,900.0],0.0001256991],
[[2700.0,1000.0,1000.0],0.0001457817],
[[2700.0,1100.0,1100.0],0.0001270111],
[[2700.0,1200.0,1200.0],0.0001264835],
[[2700.0,1300.0,1300.0],0.0001147664],
[[2750.0,1370.0,1370.0],0.0001291085],
[[2800.0,0,0],8.812278e-05],
[[2800.0,100.0,100.0],9.978981e-05],
[[2800.0,200.0,200.0],0.0001177765],
[[2800.0,300.0,300.0],0.0001061552],
[[2800.0,400.0,400.0],0.0001036866],
[[2800.0,500.0,500.0],0.0001177001],
[[2800.0,600.0,600.0],0.0001154756],
[[2800.0,700.0,700.0],0.000115266],
[[2800.0,800.0,800.0],0.0001257569],
[[2800.0,900.0,900.0],0.0001232034],
[[2800.0,1000.0,1000.0],0.0001209452],
[[2800.0,1100.0,1100.0],0.0001167629],
[[2800.0,1200.0,1200.0],0.0001250564],
[[2800.0,1300.0,1300.0],0.0001308662],
[[2850.0,1420.0,1420.0],0.0001137053],
[[2900.0,0,0],9.532492e-05],
[[2900.0,100.0,100.0],0.0001091444],
[[2900.0,200.0,200.0],0.0001015592],
[[2900.0,300.0,300.0],0.0001161503],
[[2900.0,400.0,400.0],0.0001107411],
[[2900.0,500.0,500.0],0.0001978604],
[[2900.0,600.0,600.0],0.0001303388],
[[2900.0,700.0,700.0],0.0001221014],
[[2900.0,800.0,800.0],0.0001170463],
[[2900.0,900.0,900.0],6.107761e-05],
[[2900.0,1000.0,1000.0],0.0001310135],
[[2900.0,1100.0,1100.0],0.000126321],
[[2900.0,1200.0,1200.0],0.0001289056],
[[2900.0,1300.0,1300.0],0.0001261389],
[[2900.0,1400.0,1400.0],0.000125752],
[[2950.0,1470.0,1470.0],0.0001267354],
[[3000.0,0,0],0.0001035992],
[[3000.0,100.0,100.0],0.0001024098],
[[3000.0,200.0,200.0],0.0001114966],
[[3000.0,300.0,300.0],0.0001207824],
[[3000.0,400.0,400.0],0.0001151497],
[[3000.0,500.0,500.0],0.0001159555],
[[3000.0,600.0,600.0],0.0001168597],
[[3000.0,700.0,700.0],0.0001143362],
[[3000.0,800.0,800.0],0.000135085],
[[3000.0,900.0,900.0],0.0001361325],
[[3000.0,1000.0,1000.0],0.0001294552],
[[3000.0,1100.0,1100.0],0.0001283986],
[[3000.0,1200.0,1200.0],0.0001206561],
[[3000.0,1300.0,1300.0],0.0001396913],
[[3000.0,1400.0,1400.0],0.0001252347]]
