txName: TRS1
constraint: {(PV > H0(1)), (H0(1) > MET(2),MET(3))}
condition: None
conditionDescription: None
figureUrl: https://cms-results.web.cern.ch/cms-results/public-results/publications/EXO-20-004/CMS-EXO-20-004_Figure_009-a.png
source: https://doi.org/10.5281/zenodo.13324003
validated: True
axesMap: [{0: 'x', 1: '1.0', 2: '1.0'}, {0: 'x', 1: 'y', 2: 'y'}]
dataMap: {0: (1, 'mass', GeV), 1: (2, 'mass', GeV), 2: (3, 'mass', GeV)}
finalState: ['MET', 'MET']
intermediateState: None
efficiencyMap: [[[100.0,10.0,10.0],1.107288e-06],
[[150.0,1.0,1.0],2.113603e-06],
[[150.0,50.0,50.0],2.063236e-06],
[[200.0,1.0,1.0],4.003417e-06],
[[200.0,50.0,50.0],4.174391e-06],
[[200.0,100.0,100.0],8.388789e-06],
[[250.0,1.0,1.0],5.343946e-06],
[[250.0,10.0,10.0],6.489176e-06],
[[250.0,50.0,50.0],6.685854e-06],
[[250.0,100.0,100.0],5.848235e-06],
[[300.0,1.0,1.0],7.349764e-06],
[[300.0,50.0,50.0],6.974524e-06],
[[300.0,100.0,100.0],8.116233e-06],
[[350.0,1.0,1.0],8.228247e-06],
[[350.0,50.0,50.0],8.092517e-06],
[[350.0,100.0,100.0],9.075505e-06],
[[350.0,150.0,150.0],9.350856e-06],
[[400.0,1.0,1.0],1.308026e-05],
[[400.0,50.0,50.0],1.151765e-05],
[[400.0,100.0,100.0],1.187812e-05],
[[400.0,150.0,150.0],1.09066e-05],
[[450.0,1.0,1.0],1.422825e-05],
[[450.0,50.0,50.0],1.452174e-05],
[[450.0,100.0,100.0],1.487937e-05],
[[450.0,150.0,150.0],1.344028e-05],
[[450.0,200.0,200.0],1.41884e-05],
[[500.0,1.0,1.0],1.744633e-05],
[[500.0,10.0,10.0],1.805337e-05],
[[500.0,50.0,50.0],1.896967e-05],
[[500.0,100.0,100.0],1.981247e-05],
[[500.0,150.0,150.0],1.708547e-05],
[[500.0,200.0,200.0],2.228438e-05],
[[550.0,1.0,1.0],2.833085e-05],
[[550.0,50.0,50.0],2.39068e-05],
[[550.0,100.0,100.0],2.764675e-05],
[[550.0,150.0,150.0],3.077186e-05],
[[550.0,200.0,200.0],2.849195e-05],
[[550.0,250.0,250.0],3.439364e-05],
[[600.0,1.0,1.0],3.649909e-05],
[[600.0,50.0,50.0],3.677989e-05],
[[600.0,100.0,100.0],3.994553e-05],
[[600.0,150.0,150.0],4.536781e-05],
[[600.0,200.0,200.0],4.00403e-05],
[[600.0,250.0,250.0],4.260846e-05],
[[650.0,1.0,1.0],5.058937e-05],
[[650.0,50.0,50.0],4.637672e-05],
[[650.0,100.0,100.0],5.077247e-05],
[[650.0,150.0,150.0],5.201049e-05],
[[650.0,200.0,200.0],5.592516e-05],
[[650.0,250.0,250.0],6.058788e-05],
[[650.0,300.0,300.0],5.714819e-05],
[[700.0,1.0,1.0],6.531807e-05],
[[700.0,50.0,50.0],6.807995e-05],
[[700.0,100.0,100.0],6.859059e-05],
[[700.0,150.0,150.0],6.639022e-05],
[[700.0,200.0,200.0],7.714359e-05],
[[700.0,250.0,250.0],6.944509e-05],
[[700.0,300.0,300.0],8.770273e-05],
[[750.0,1.0,1.0],7.197966e-05],
[[750.0,10.0,10.0],7.596003e-05],
[[750.0,50.0,50.0],7.858478e-05],
[[750.0,100.0,100.0],7.335385e-05],
[[750.0,150.0,150.0],8.290771e-05],
[[750.0,200.0,200.0],8.239172e-05],
[[750.0,250.0,250.0],7.960778e-05],
[[750.0,300.0,300.0],9.644746e-05],
[[750.0,350.0,350.0],0.000104994],
[[800.0,1.0,1.0],9.823527e-05],
[[800.0,150.0,150.0],0.0001141289],
[[800.0,200.0,200.0],9.751155e-05],
[[800.0,250.0,250.0],0.0001071382],
[[800.0,300.0,300.0],0.0001232675],
[[800.0,350.0,350.0],0.0001201515],
[[850.0,1.0,1.0],0.0001051337],
[[850.0,150.0,150.0],0.0001126902],
[[850.0,200.0,200.0],0.0001108141],
[[850.0,250.0,250.0],0.000114641],
[[850.0,300.0,300.0],0.0001419467],
[[850.0,350.0,350.0],0.0001247185],
[[850.0,400.0,400.0],0.0001396223],
[[900.0,1.0,1.0],0.0001218348],
[[900.0,150.0,150.0],0.0001511846],
[[900.0,200.0,200.0],0.0001337462],
[[900.0,250.0,250.0],0.0001728967],
[[900.0,300.0,300.0],0.0001324888],
[[900.0,350.0,350.0],0.0001634983],
[[900.0,400.0,400.0],0.0001597991],
[[950.0,1.0,1.0],0.0001370638],
[[950.0,150.0,150.0],0.000154709],
[[950.0,200.0,200.0],0.0001633901],
[[950.0,250.0,250.0],0.0001783753],
[[950.0,300.0,300.0],0.0001880158],
[[950.0,350.0,350.0],0.0001896204],
[[950.0,400.0,400.0],0.0001857981],
[[950.0,450.0,450.0],0.0002007633],
[[1000.0,1.0,1.0],0.0001763783],
[[1000.0,10.0,10.0],0.0001883357],
[[1000.0,50.0,50.0],0.0001551352],
[[1000.0,100.0,100.0],0.0001767261],
[[1000.0,150.0,150.0],0.0001663784],
[[1000.0,200.0,200.0],0.0001725732],
[[1000.0,250.0,250.0],0.0002115703],
[[1000.0,300.0,300.0],0.000213289],
[[1000.0,350.0,350.0],0.000194283],
[[1000.0,400.0,400.0],0.0002142646],
[[1000.0,450.0,450.0],0.0002541413],
[[1050.0,1.0,1.0],0.000211184],
[[1050.0,150.0,150.0],0.000203692],
[[1050.0,200.0,200.0],0.0002113405],
[[1050.0,250.0,250.0],0.000265198],
[[1050.0,300.0,300.0],0.0002208531],
[[1050.0,350.0,350.0],0.0003008481],
[[1050.0,400.0,400.0],0.0002358647],
[[1050.0,450.0,450.0],0.0002613206],
[[1050.0,500.0,500.0],0.0008458139],
[[1100.0,1.0,1.0],0.0002097213],
[[1100.0,150.0,150.0],0.000349008],
[[1100.0,200.0,200.0],0.0002201899],
[[1100.0,250.0,250.0],0.0003158154],
[[1100.0,300.0,300.0],0.0002923802],
[[1100.0,350.0,350.0],0.0002663057],
[[1100.0,400.0,400.0],0.000283195],
[[1100.0,450.0,450.0],0.0004148763],
[[1100.0,500.0,500.0],0.0003000107],
[[1150.0,1.0,1.0],0.0002819697],
[[1150.0,150.0,150.0],0.0002676199],
[[1150.0,200.0,200.0],0.0002946381],
[[1150.0,250.0,250.0],0.0003826896],
[[1150.0,300.0,300.0],0.0002484073],
[[1150.0,350.0,350.0],0.0002862161],
[[1150.0,400.0,400.0],0.0002586174],
[[1150.0,450.0,450.0],0.0002945141],
[[1150.0,500.0,500.0],0.0003278238],
[[1150.0,550.0,550.0],0.0003791727],
[[1200.0,1.0,1.0],0.0003072752],
[[1200.0,150.0,150.0],0.0002818925],
[[1200.0,200.0,200.0],0.0002970152],
[[1200.0,250.0,250.0],0.0003081961],
[[1200.0,300.0,300.0],0.0003167197],
[[1200.0,350.0,350.0],0.0003449071],
[[1200.0,400.0,400.0],0.0003424243],
[[1200.0,450.0,450.0],0.0003423149],
[[1200.0,500.0,500.0],0.0004892399],
[[1200.0,550.0,550.0],0.0003870311],
[[1250.0,1.0,1.0],0.000494612],
[[1250.0,10.0,10.0],0.0003508986],
[[1250.0,50.0,50.0],0.0002867978],
[[1250.0,100.0,100.0],0.0002762093],
[[1250.0,150.0,150.0],0.0003110696],
[[1250.0,200.0,200.0],0.0003208861],
[[1250.0,250.0,250.0],0.0003391625],
[[1250.0,300.0,300.0],0.0003821503],
[[1250.0,350.0,350.0],0.0003199435],
[[1250.0,400.0,400.0],0.0003732754],
[[1250.0,450.0,450.0],0.0003646759],
[[1250.0,500.0,500.0],0.000418915],
[[1250.0,550.0,550.0],0.0004880783],
[[1250.0,600.0,600.0],0.0004165817],
[[1300.0,1.0,1.0],0.0002782858],
[[1300.0,150.0,150.0],0.0003295358],
[[1300.0,200.0,200.0],0.0003701141],
[[1300.0,250.0,250.0],0.0003491092],
[[1300.0,300.0,300.0],0.000343822],
[[1300.0,350.0,350.0],0.0004778978],
[[1300.0,400.0,400.0],0.0004399084],
[[1300.0,450.0,450.0],0.0004807738],
[[1300.0,500.0,500.0],0.0004543562],
[[1300.0,550.0,550.0],0.0003809707],
[[1300.0,600.0,600.0],0.0003983016],
[[1350.0,1.0,1.0],0.0003105186],
[[1350.0,150.0,150.0],0.0003764566],
[[1350.0,200.0,200.0],0.0004942578],
[[1350.0,250.0,250.0],0.0003827621],
[[1350.0,300.0,300.0],0.0003637183],
[[1350.0,350.0,350.0],0.0004151122],
[[1350.0,400.0,400.0],0.0004546777],
[[1350.0,450.0,450.0],0.0003693656],
[[1350.0,500.0,500.0],0.0004488126],
[[1350.0,550.0,550.0],0.000480016],
[[1350.0,600.0,600.0],0.0004890612],
[[1350.0,650.0,650.0],0.0005862949],
[[1400.0,1.0,1.0],0.0003183557],
[[1400.0,150.0,150.0],0.0003885502],
[[1400.0,200.0,200.0],0.0004485627],
[[1400.0,250.0,250.0],0.0004209206],
[[1400.0,300.0,300.0],0.000408973],
[[1400.0,350.0,350.0],0.0004581099],
[[1400.0,400.0,400.0],0.0004695786],
[[1400.0,450.0,450.0],0.0005078537],
[[1400.0,500.0,500.0],0.0005126653],
[[1400.0,550.0,550.0],0.0004813977],
[[1400.0,600.0,600.0],0.0006114954],
[[1400.0,650.0,650.0],0.0004868315],
[[1450.0,1.0,1.0],0.0003248251],
[[1450.0,150.0,150.0],0.0003680338],
[[1450.0,200.0,200.0],0.0004564679],
[[1450.0,250.0,250.0],0.0004267289],
[[1450.0,300.0,300.0],0.0005174856],
[[1450.0,350.0,350.0],0.0005454313],
[[1450.0,400.0,400.0],0.0005718412],
[[1450.0,450.0,450.0],0.0005320311],
[[1450.0,500.0,500.0],0.0005153234],
[[1450.0,550.0,550.0],0.0005232173],
[[1450.0,600.0,600.0],0.0005265067],
[[1450.0,650.0,650.0],0.0005721855],
[[1450.0,700.0,700.0],0.0005880479],
[[1500.0,1.0,1.0],0.0003183652],
[[1500.0,10.0,10.0],0.0003274487],
[[1500.0,50.0,50.0],0.0003412707],
[[1500.0,100.0,100.0],0.0004204423],
[[1500.0,150.0,150.0],0.0003874645],
[[1500.0,200.0,200.0],0.000475813],
[[1500.0,250.0,250.0],0.0005200185],
[[1500.0,300.0,300.0],0.00048336],
[[1500.0,350.0,350.0],0.0005627059],
[[1500.0,400.0,400.0],0.0004661769],
[[1500.0,450.0,450.0],0.0005907919],
[[1500.0,500.0,500.0],0.0006502485],
[[1500.0,550.0,550.0],0.000589227],
[[1500.0,600.0,600.0],0.0005574522],
[[1500.0,650.0,650.0],0.0005385925],
[[1500.0,700.0,700.0],0.000801752],
[[1500.0,750.0,750.0],0.0006784674],
[[1550.0,1.0,1.0],0.0003790333],
[[1550.0,150.0,150.0],0.0004393225],
[[1550.0,200.0,200.0],0.0004960203],
[[1550.0,250.0,250.0],0.0006666852],
[[1550.0,300.0,300.0],0.0005652477],
[[1550.0,350.0,350.0],0.0006701662],
[[1550.0,400.0,400.0],0.0005177608],
[[1550.0,450.0,450.0],0.0005830376],
[[1550.0,500.0,500.0],0.0007745589],
[[1550.0,550.0,550.0],0.0006074117],
[[1550.0,600.0,600.0],0.0006396742],
[[1550.0,650.0,650.0],0.0005985348],
[[1550.0,700.0,700.0],0.0007854689],
[[1550.0,750.0,750.0],0.0007301521],
[[1600.0,1.0,1.0],0.0003564447],
[[1600.0,150.0,150.0],0.0004367747],
[[1600.0,200.0,200.0],0.0005560639],
[[1600.0,250.0,250.0],0.0005189206],
[[1600.0,300.0,300.0],0.0005955921],
[[1600.0,350.0,350.0],0.0005055288],
[[1600.0,400.0,400.0],0.0005938744],
[[1600.0,450.0,450.0],0.0007927051],
[[1600.0,500.0,500.0],0.0007294333],
[[1600.0,550.0,550.0],0.0006102378],
[[1600.0,600.0,600.0],0.0006663893],
[[1600.0,650.0,650.0],0.0007120623],
[[1600.0,700.0,700.0],0.001032616],
[[1600.0,750.0,750.0],0.0006609272],
[[1650.0,1.0,1.0],0.0004009762],
[[1650.0,150.0,150.0],0.000464115],
[[1650.0,200.0,200.0],0.0005457051],
[[1650.0,250.0,250.0],0.0005210609],
[[1650.0,300.0,300.0],0.0006891588],
[[1650.0,350.0,350.0],0.0005914665],
[[1650.0,400.0,400.0],0.0006481718],
[[1650.0,450.0,450.0],0.0006481125],
[[1650.0,500.0,500.0],0.0006401164],
[[1650.0,550.0,550.0],0.0007415794],
[[1650.0,600.0,600.0],0.0007563302],
[[1650.0,650.0,650.0],0.0008056761],
[[1650.0,700.0,700.0],0.0006881551],
[[1650.0,750.0,750.0],0.0007435202],
[[1650.0,800.0,800.0],0.0008305172],
[[1700.0,1.0,1.0],0.0003949383],
[[1700.0,150.0,150.0],0.0006111759],
[[1700.0,200.0,200.0],0.0008576679],
[[1700.0,250.0,250.0],0.000533015],
[[1700.0,300.0,300.0],0.001285819],
[[1700.0,350.0,350.0],0.000664432],
[[1700.0,400.0,400.0],0.0005938505],
[[1700.0,450.0,450.0],0.0007917441],
[[1700.0,500.0,500.0],0.0005947486],
[[1700.0,550.0,550.0],0.0008648177],
[[1700.0,600.0,600.0],0.000710185],
[[1700.0,650.0,650.0],0.0006984139],
[[1700.0,700.0,700.0],0.0007155642],
[[1700.0,750.0,750.0],0.0007400896],
[[1700.0,800.0,800.0],0.0007892603],
[[1750.0,1.0,1.0],0.0003881383],
[[1750.0,10.0,10.0],0.0003842904],
[[1750.0,50.0,50.0],0.0004093399],
[[1750.0,100.0,100.0],0.0004456686],
[[1750.0,150.0,150.0],0.0006748479],
[[1750.0,200.0,200.0],0.0005415362],
[[1750.0,250.0,250.0],0.0005575677],
[[1750.0,300.0,300.0],0.000690562],
[[1750.0,350.0,350.0],0.0008580999],
[[1750.0,400.0,400.0],0.0007550078],
[[1750.0,450.0,450.0],0.0009859014],
[[1750.0,500.0,500.0],0.000690735],
[[1750.0,550.0,550.0],0.0007692114],
[[1750.0,600.0,600.0],0.0007421242],
[[1750.0,650.0,650.0],0.000761744],
[[1750.0,700.0,700.0],0.0008061816],
[[1750.0,750.0,750.0],0.0009271244],
[[1750.0,800.0,800.0],0.0007493325],
[[1750.0,850.0,850.0],0.0008237775],
[[1800.0,1.0,1.0],0.0004231498],
[[1800.0,150.0,150.0],0.0006187803],
[[1800.0,200.0,200.0],0.0005672187],
[[1800.0,250.0,250.0],0.0006327139],
[[1800.0,300.0,300.0],0.0005951709],
[[1800.0,350.0,350.0],0.000697358],
[[1800.0,400.0,400.0],0.0007296776],
[[1800.0,450.0,450.0],0.0007744317],
[[1800.0,500.0,500.0],0.000768933],
[[1800.0,550.0,550.0],0.0007140821],
[[1800.0,600.0,600.0],0.0007038494],
[[1800.0,650.0,650.0],0.0007821123],
[[1800.0,700.0,700.0],0.0008155075],
[[1800.0,750.0,750.0],0.000756687],
[[1800.0,800.0,800.0],0.0009517861],
[[1800.0,850.0,850.0],0.0008677351],
[[1850.0,1.0,1.0],0.0004262847],
[[1850.0,150.0,150.0],0.0005320653],
[[1850.0,200.0,200.0],0.0006267655],
[[1850.0,250.0,250.0],0.0006167076],
[[1850.0,300.0,300.0],0.0007475571],
[[1850.0,350.0,350.0],0.0007901631],
[[1850.0,400.0,400.0],0.0007845632],
[[1850.0,450.0,450.0],0.0008056834],
[[1850.0,500.0,500.0],0.0008435832],
[[1850.0,550.0,550.0],0.0008153387],
[[1850.0,600.0,600.0],0.0007530834],
[[1850.0,650.0,650.0],0.0008140316],
[[1850.0,700.0,700.0],0.0009259177],
[[1850.0,750.0,750.0],0.0007359018],
[[1850.0,800.0,800.0],0.0009830216],
[[1850.0,850.0,850.0],0.0008899558],
[[1850.0,900.0,900.0],0.001098039],
[[1900.0,1.0,1.0],0.0003743463],
[[1900.0,150.0,150.0],0.0004995267],
[[1900.0,200.0,200.0],0.0005276352],
[[1900.0,250.0,250.0],0.0005809489],
[[1900.0,300.0,300.0],0.001010912],
[[1900.0,350.0,350.0],0.0007550993],
[[1900.0,400.0,400.0],0.0007185744],
[[1900.0,450.0,450.0],0.0007814399],
[[1900.0,500.0,500.0],0.0009669719],
[[1900.0,550.0,550.0],0.0009377275],
[[1900.0,600.0,600.0],0.0009161993],
[[1900.0,650.0,650.0],0.001109357],
[[1900.0,700.0,700.0],0.001053623],
[[1900.0,750.0,750.0],0.0009772896],
[[1900.0,800.0,800.0],0.00094426],
[[1900.0,850.0,850.0],0.0009045602],
[[1900.0,900.0,900.0],0.001057625],
[[1950.0,1.0,1.0],0.0004544136],
[[1950.0,150.0,150.0],0.0005279071],
[[1950.0,200.0,200.0],0.000588446],
[[1950.0,250.0,250.0],0.0007476449],
[[1950.0,300.0,300.0],0.0006979744],
[[1950.0,350.0,350.0],0.0007672229],
[[1950.0,400.0,400.0],0.0007481177],
[[1950.0,450.0,450.0],0.0008715638],
[[1950.0,500.0,500.0],0.0009315914],
[[1950.0,550.0,550.0],0.001248191],
[[1950.0,600.0,600.0],0.0007932975],
[[1950.0,650.0,650.0],0.0008240141],
[[1950.0,700.0,700.0],0.0009272612],
[[1950.0,750.0,750.0],0.001040241],
[[1950.0,800.0,800.0],0.0008732333],
[[1950.0,850.0,850.0],0.000927427],
[[1950.0,900.0,900.0],0.0008660154],
[[1950.0,950.0,950.0],0.001067113],
[[2000.0,1.0,1.0],0.0004056786],
[[2000.0,10.0,10.0],0.0004561877],
[[2000.0,50.0,50.0],0.0004186575],
[[2000.0,100.0,100.0],0.0004536203],
[[2000.0,150.0,150.0],0.0005579208],
[[2000.0,200.0,200.0],0.0005876485],
[[2000.0,250.0,250.0],0.0006621314],
[[2000.0,300.0,300.0],0.0009515529],
[[2000.0,350.0,350.0],0.0008198513],
[[2000.0,400.0,400.0],0.0007914204],
[[2000.0,450.0,450.0],0.0008044019],
[[2000.0,500.0,500.0],0.0009448584],
[[2000.0,550.0,550.0],0.0009276257],
[[2000.0,600.0,600.0],0.0008851258],
[[2000.0,650.0,650.0],0.0009499523],
[[2000.0,700.0,700.0],0.0009493167],
[[2000.0,750.0,750.0],0.000995355],
[[2000.0,800.0,800.0],0.001025948],
[[2000.0,850.0,850.0],0.0009085705],
[[2000.0,900.0,900.0],0.001060259],
[[2000.0,950.0,950.0],0.001078164],
[[2250.0,1.0,1.0],0.0003613667],
[[2250.0,10.0,10.0],0.000389122],
[[2250.0,50.0,50.0],0.0003901067],
[[2250.0,100.0,100.0],0.0004557473],
[[2250.0,150.0,150.0],0.0005896599],
[[2250.0,300.0,300.0],0.0007755597],
[[2250.0,500.0,500.0],0.0009300096],
[[2250.0,750.0,750.0],0.001177544],
[[2250.0,1000.0,1000.0],0.001101638],
[[2500.0,1.0,1.0],0.0003477799],
[[2500.0,10.0,10.0],0.0003955421],
[[2500.0,50.0,50.0],0.0003469696],
[[2500.0,100.0,100.0],0.0003906341],
[[2500.0,150.0,150.0],0.0005585617],
[[2500.0,300.0,300.0],0.0007672531],
[[2500.0,500.0,500.0],0.001124135],
[[2500.0,750.0,750.0],0.001287721],
[[2500.0,1000.0,1000.0],0.00136926],
[[2500.0,1200.0,1200.0],0.001375554],
[[2750.0,1.0,1.0],0.0002863736],
[[2750.0,10.0,10.0],0.0003335334],
[[2750.0,50.0,50.0],0.0002942047],
[[2750.0,100.0,100.0],0.000378476],
[[2750.0,150.0,150.0],0.0004786503],
[[2750.0,300.0,300.0],0.0007441121],
[[2750.0,500.0,500.0],0.001084101],
[[2750.0,750.0,750.0],0.001227011],
[[2750.0,1000.0,1000.0],0.00143282],
[[2750.0,1200.0,1200.0],0.001412162],
[[3000.0,1.0,1.0],0.000230364],
[[3000.0,10.0,10.0],0.0002375686],
[[3000.0,50.0,50.0],0.00024577],
[[3000.0,100.0,100.0],0.0002992536],
[[3000.0,150.0,150.0],0.0003668793],
[[3000.0,300.0,300.0],0.0007969162],
[[3000.0,500.0,500.0],0.001083072],
[[3000.0,750.0,750.0],0.001294945],
[[3000.0,1000.0,1000.0],0.001431234],
[[3000.0,1200.0,1200.0],0.00140802],
[[3000.0,1400.0,1400.0],0.001643924]]
