txName: TRV1
constraint: {(PV > Zprime(1)), (Zprime(1) > MET(2),MET(3))}
condition: None
conditionDescription: None
figureUrl: https://cms-results.web.cern.ch/cms-results/public-results/publications/EXO-20-004/CMS-EXO-20-004_Figure_007-b.png
source: CMS
validated: True
axesMap: [{0: 'x', 1: 'y', 2: 'y'}]
dataMap: {0: (1, 'mass', GeV), 1: (2, 'mass', GeV), 2: (3, 'mass', GeV)}
finalState: ['MET', 'MET']
intermediateState: None
efficiencyMap: [[[50.0,1.0,1.0],1.724843e-08],
[[100.0,1.0,1.0],1.510425e-07],
[[100.0,10.0,10.0],1.802628e-07],
[[150.0,1.0,1.0],7.309007e-07],
[[150.0,75.0,75.0],7.795423e-07],
[[200.0,1.0,1.0],1.26744e-06],
[[200.0,75.0,75.0],1.223167e-06],
[[250.0,1.0,1.0],2.832886e-06],
[[250.0,10.0,10.0],2.738954e-06],
[[250.0,75.0,75.0],2.583699e-06],
[[300.0,1.0,1.0],4.768966e-06],
[[300.0,75.0,75.0],5.775122e-06],
[[350.0,1.0,1.0],6.319637e-06],
[[350.0,75.0,75.0],9.658427e-06],
[[350.0,150.0,150.0],7.351492e-06],
[[400.0,1.0,1.0],1.160083e-05],
[[400.0,75.0,75.0],1.17913e-05],
[[400.0,150.0,150.0],1.120048e-05],
[[450.0,1.0,1.0],1.740773e-05],
[[450.0,75.0,75.0],1.555497e-05],
[[450.0,150.0,150.0],1.536168e-05],
[[450.0,200.0,200.0],1.685617e-05],
[[500.0,1.0,1.0],2.14109e-05],
[[500.0,10.0,10.0],2.418689e-05],
[[500.0,75.0,75.0],1.657734e-05],
[[500.0,150.0,150.0],2.28095e-05],
[[500.0,200.0,200.0],2.405214e-05],
[[550.0,1.0,1.0],2.841872e-05],
[[550.0,75.0,75.0],2.274463e-05],
[[550.0,150.0,150.0],3.332127e-05],
[[550.0,200.0,200.0],2.720102e-05],
[[550.0,250.0,250.0],3.229033e-05],
[[600.0,1.0,1.0],3.532454e-05],
[[600.0,75.0,75.0],3.215396e-05],
[[600.0,150.0,150.0],3.188911e-05],
[[600.0,200.0,200.0],3.823368e-05],
[[600.0,250.0,250.0],3.8516e-05],
[[650.0,1.0,1.0],4.644904e-05],
[[650.0,75.0,75.0],4.296527e-05],
[[650.0,150.0,150.0],4.746561e-05],
[[650.0,200.0,200.0],4.496725e-05],
[[650.0,250.0,250.0],3.8813e-05],
[[650.0,300.0,300.0],4.33379e-05],
[[700.0,1.0,1.0],4.720521e-05],
[[700.0,75.0,75.0],4.751271e-05],
[[700.0,150.0,150.0],4.953658e-05],
[[700.0,200.0,200.0],4.73488e-05],
[[700.0,250.0,250.0],5.169618e-05],
[[700.0,300.0,300.0],5.25843e-05],
[[750.0,1.0,1.0],5.471752e-05],
[[750.0,10.0,10.0],5.147543e-05],
[[750.0,75.0,75.0],5.599137e-05],
[[750.0,150.0,150.0],5.209605e-05],
[[750.0,200.0,200.0],6.527355e-05],
[[750.0,250.0,250.0],5.380778e-05],
[[750.0,300.0,300.0],6.122238e-05],
[[750.0,350.0,350.0],5.891443e-05],
[[800.0,1.0,1.0],6.016363e-05],
[[800.0,75.0,75.0],7.061948e-05],
[[800.0,150.0,150.0],6.209708e-05],
[[800.0,200.0,200.0],6.704939e-05],
[[800.0,250.0,250.0],6.708544e-05],
[[800.0,300.0,300.0],7.510095e-05],
[[800.0,350.0,350.0],7.480599e-05],
[[850.0,1.0,1.0],6.807279e-05],
[[850.0,75.0,75.0],7.183931e-05],
[[850.0,150.0,150.0],7.905385e-05],
[[850.0,200.0,200.0],7.114488e-05],
[[850.0,250.0,250.0],6.994962e-05],
[[850.0,300.0,300.0],7.107709e-05],
[[850.0,350.0,350.0],7.81627e-05],
[[850.0,400.0,400.0],7.835982e-05],
[[900.0,1.0,1.0],8.307216e-05],
[[900.0,75.0,75.0],9.313622e-05],
[[900.0,150.0,150.0],7.403491e-05],
[[900.0,200.0,200.0],8.016088e-05],
[[900.0,250.0,250.0],7.733153e-05],
[[900.0,300.0,300.0],8.626413e-05],
[[900.0,350.0,350.0],8.72944e-05],
[[900.0,400.0,400.0],9.638088e-05],
[[950.0,1.0,1.0],9.347049e-05],
[[950.0,75.0,75.0],8.721625e-05],
[[950.0,150.0,150.0],9.835682e-05],
[[950.0,200.0,200.0],9.776e-05],
[[950.0,250.0,250.0],9.703253e-05],
[[950.0,300.0,300.0],8.620204e-05],
[[950.0,350.0,350.0],0.0001048455],
[[950.0,400.0,400.0],0.0001022891],
[[950.0,450.0,450.0],9.243343e-05],
[[1000.0,1.0,1.0],9.329816e-05],
[[1000.0,10.0,10.0],9.906316e-05],
[[1000.0,75.0,75.0],0.0001003702],
[[1000.0,150.0,150.0],0.0001006901],
[[1000.0,200.0,200.0],9.661072e-05],
[[1000.0,250.0,250.0],9.362653e-05],
[[1000.0,300.0,300.0],0.0001062003],
[[1000.0,350.0,350.0],9.983023e-05],
[[1000.0,400.0,400.0],0.0001124369],
[[1000.0,450.0,450.0],0.0001059506],
[[1050.0,1.0,1.0],9.902374e-05],
[[1050.0,75.0,75.0],0.0001072291],
[[1050.0,150.0,150.0],0.0001039572],
[[1050.0,200.0,200.0],0.0001106882],
[[1050.0,250.0,250.0],0.0001111575],
[[1050.0,300.0,300.0],0.0001200869],
[[1050.0,350.0,350.0],0.0001169512],
[[1050.0,400.0,400.0],0.0001162549],
[[1050.0,450.0,450.0],0.0001121045],
[[1050.0,500.0,500.0],0.0001265373],
[[1100.0,1.0,1.0],0.000107644],
[[1100.0,75.0,75.0],0.0001153146],
[[1100.0,150.0,150.0],0.000118209],
[[1100.0,200.0,200.0],0.0001217328],
[[1100.0,250.0,250.0],0.0001211985],
[[1100.0,300.0,300.0],0.0001153626],
[[1100.0,350.0,350.0],0.0001173091],
[[1100.0,400.0,400.0],0.0001277327],
[[1100.0,450.0,450.0],0.000143629],
[[1100.0,500.0,500.0],0.0001305639],
[[1150.0,1.0,1.0],0.0001223609],
[[1150.0,75.0,75.0],0.0001372082],
[[1150.0,150.0,150.0],0.0001453064],
[[1150.0,200.0,200.0],0.000140691],
[[1150.0,250.0,250.0],0.0001216496],
[[1150.0,300.0,300.0],0.0001202161],
[[1150.0,350.0,350.0],0.0001275982],
[[1150.0,400.0,400.0],0.0001436458],
[[1150.0,450.0,450.0],0.0001374676],
[[1150.0,500.0,500.0],0.000128983],
[[1150.0,550.0,550.0],0.0001398416],
[[1200.0,1.0,1.0],0.000133585],
[[1200.0,75.0,75.0],0.0001374344],
[[1200.0,150.0,150.0],0.0001743431],
[[1200.0,200.0,200.0],0.0001396461],
[[1200.0,250.0,250.0],0.0001383201],
[[1200.0,300.0,300.0],0.0001705855],
[[1200.0,350.0,350.0],0.0001733634],
[[1200.0,400.0,400.0],0.0001414241],
[[1200.0,450.0,450.0],0.000149242],
[[1200.0,500.0,500.0],0.0001667081],
[[1200.0,550.0,550.0],0.0001643772],
[[1250.0,1.0,1.0],0.0001501571],
[[1250.0,10.0,10.0],0.0001399734],
[[1250.0,75.0,75.0],0.0001430543],
[[1250.0,150.0,150.0],0.000150516],
[[1250.0,200.0,200.0],0.0001375601],
[[1250.0,250.0,250.0],0.0001548786],
[[1250.0,300.0,300.0],0.0001411205],
[[1250.0,350.0,350.0],0.0001529157],
[[1250.0,400.0,400.0],0.0001636045],
[[1250.0,450.0,450.0],0.0001679466],
[[1250.0,500.0,500.0],0.0001515698],
[[1250.0,550.0,550.0],0.0001584463],
[[1250.0,600.0,600.0],0.0001691152],
[[1300.0,1.0,1.0],0.0001465728],
[[1300.0,75.0,75.0],0.0001544775],
[[1300.0,150.0,150.0],0.0001911895],
[[1300.0,200.0,200.0],0.0001656065],
[[1300.0,250.0,250.0],0.0001764952],
[[1300.0,300.0,300.0],0.000168554],
[[1300.0,350.0,350.0],0.000164601],
[[1300.0,400.0,400.0],0.0001747493],
[[1300.0,450.0,450.0],0.0001561204],
[[1300.0,500.0,500.0],0.0001550058],
[[1300.0,550.0,550.0],0.0001926325],
[[1300.0,600.0,600.0],0.0001711869],
[[1350.0,1.0,1.0],0.0001626735],
[[1350.0,75.0,75.0],0.0001689069],
[[1350.0,150.0,150.0],0.0001749425],
[[1350.0,200.0,200.0],0.0001668638],
[[1350.0,250.0,250.0],0.0001821422],
[[1350.0,300.0,300.0],0.0001916002],
[[1350.0,350.0,350.0],0.0001708924],
[[1350.0,400.0,400.0],0.0001740121],
[[1350.0,450.0,450.0],0.0001711284],
[[1350.0,500.0,500.0],0.0001770147],
[[1350.0,550.0,550.0],0.0001816178],
[[1350.0,600.0,600.0],0.0001681377],
[[1350.0,650.0,650.0],0.0002380293],
[[1400.0,1.0,1.0],0.0001632017],
[[1400.0,75.0,75.0],0.0001671261],
[[1400.0,150.0,150.0],0.0001458748],
[[1400.0,200.0,200.0],0.0002090171],
[[1400.0,250.0,250.0],0.0002033732],
[[1400.0,300.0,300.0],0.0001711087],
[[1400.0,350.0,350.0],0.00018812],
[[1400.0,400.0,400.0],0.0002180722],
[[1400.0,450.0,450.0],0.0001950567],
[[1400.0,500.0,500.0],0.0001956685],
[[1400.0,550.0,550.0],0.000191708],
[[1400.0,600.0,600.0],0.0001632604],
[[1400.0,650.0,650.0],0.0001932585],
[[1450.0,1.0,1.0],0.0001681581],
[[1450.0,75.0,75.0],0.0001767743],
[[1450.0,150.0,150.0],0.0001651379],
[[1450.0,200.0,200.0],0.0001801099],
[[1450.0,250.0,250.0],0.0001938832],
[[1450.0,300.0,300.0],0.0001820533],
[[1450.0,350.0,350.0],0.000193373],
[[1450.0,400.0,400.0],0.0001886949],
[[1450.0,450.0,450.0],0.0002053143],
[[1450.0,500.0,500.0],0.0001967399],
[[1450.0,550.0,550.0],0.0002039035],
[[1450.0,600.0,600.0],0.0002417695],
[[1450.0,650.0,650.0],0.0001856487],
[[1450.0,700.0,700.0],0.000194706],
[[1500.0,1.0,1.0],0.0002256629],
[[1500.0,10.0,10.0],0.0002092886],
[[1500.0,75.0,75.0],0.0001902853],
[[1500.0,150.0,150.0],0.0002065793],
[[1500.0,200.0,200.0],0.0001930877],
[[1500.0,250.0,250.0],0.0001983179],
[[1500.0,300.0,300.0],0.0001846965],
[[1500.0,350.0,350.0],0.0001825777],
[[1500.0,400.0,400.0],0.0001880025],
[[1500.0,450.0,450.0],0.0001909632],
[[1500.0,500.0,500.0],0.0002102092],
[[1500.0,550.0,550.0],0.0002342555],
[[1500.0,600.0,600.0],0.000214693],
[[1500.0,650.0,650.0],0.0002119314],
[[1500.0,700.0,700.0],0.0002649855],
[[1500.0,750.0,750.0],0.0002284956],
[[1550.0,1.0,1.0],0.0001946108],
[[1550.0,75.0,75.0],0.0001845226],
[[1550.0,150.0,150.0],0.000196654],
[[1550.0,200.0,200.0],0.0001937262],
[[1550.0,250.0,250.0],0.0002042131],
[[1550.0,300.0,300.0],0.0002409861],
[[1550.0,350.0,350.0],0.0002538731],
[[1550.0,400.0,400.0],0.0002063699],
[[1550.0,450.0,450.0],0.0002248168],
[[1550.0,500.0,500.0],0.0002349963],
[[1550.0,550.0,550.0],0.0002177333],
[[1550.0,600.0,600.0],0.0002197184],
[[1550.0,650.0,650.0],0.0002398139],
[[1550.0,700.0,700.0],0.0002127784],
[[1550.0,750.0,750.0],0.0002233635],
[[1600.0,1.0,1.0],0.0002120128],
[[1600.0,75.0,75.0],0.0001983191],
[[1600.0,150.0,150.0],0.0001899467],
[[1600.0,200.0,200.0],0.0002001058],
[[1600.0,250.0,250.0],0.0002242123],
[[1600.0,300.0,300.0],0.0002265159],
[[1600.0,350.0,350.0],0.0002126341],
[[1600.0,400.0,400.0],0.0002120462],
[[1600.0,450.0,450.0],0.0002338214],
[[1600.0,500.0,500.0],0.0002627945],
[[1600.0,550.0,550.0],0.0002164824],
[[1600.0,600.0,600.0],0.0002077598],
[[1600.0,650.0,650.0],0.0002451849],
[[1600.0,700.0,700.0],0.000217448],
[[1600.0,750.0,750.0],0.0002556768],
[[1650.0,1.0,1.0],0.0002197889],
[[1650.0,75.0,75.0],0.0002403369],
[[1650.0,150.0,150.0],0.0002248976],
[[1650.0,200.0,200.0],0.0002215878],
[[1650.0,250.0,250.0],0.0002630638],
[[1650.0,300.0,300.0],0.0002788783],
[[1650.0,350.0,350.0],0.0002324537],
[[1650.0,400.0,400.0],0.0002518492],
[[1650.0,450.0,450.0],0.0002507516],
[[1650.0,500.0,500.0],0.0002879256],
[[1650.0,550.0,550.0],0.0002453201],
[[1650.0,600.0,600.0],0.0002373574],
[[1650.0,650.0,650.0],0.0002354089],
[[1650.0,700.0,700.0],0.0002389868],
[[1650.0,750.0,750.0],0.0002488234],
[[1650.0,800.0,800.0],0.0002752201],
[[1700.0,1.0,1.0],0.0002252356],
[[1700.0,75.0,75.0],0.0002252037],
[[1700.0,150.0,150.0],0.0002463718],
[[1700.0,200.0,200.0],0.0002286606],
[[1700.0,250.0,250.0],0.0002482173],
[[1700.0,300.0,300.0],0.0002609089],
[[1700.0,350.0,350.0],0.0002464513],
[[1700.0,400.0,400.0],0.0002691564],
[[1700.0,450.0,450.0],0.0002420508],
[[1700.0,500.0,500.0],0.000229972],
[[1700.0,550.0,550.0],0.0002208029],
[[1700.0,600.0,600.0],0.0002315305],
[[1700.0,650.0,650.0],0.0002321049],
[[1700.0,700.0,700.0],0.0002234229],
[[1700.0,750.0,750.0],0.0002214328],
[[1700.0,800.0,800.0],0.0002656725],
[[1750.0,1.0,1.0],0.0002196627],
[[1750.0,10.0,10.0],0.0002346164],
[[1750.0,75.0,75.0],0.0002316194],
[[1750.0,150.0,150.0],0.0002325122],
[[1750.0,200.0,200.0],0.0002220799],
[[1750.0,250.0,250.0],0.0002405454],
[[1750.0,300.0,300.0],0.0002617798],
[[1750.0,350.0,350.0],0.0002790095],
[[1750.0,400.0,400.0],0.0002508141],
[[1750.0,450.0,450.0],0.0002488471],
[[1750.0,500.0,500.0],0.0002432565],
[[1750.0,550.0,550.0],0.0002255309],
[[1750.0,600.0,600.0],0.0002204713],
[[1750.0,650.0,650.0],0.0003056751],
[[1750.0,700.0,700.0],0.0002624984],
[[1750.0,750.0,750.0],0.0002526704],
[[1750.0,800.0,800.0],0.0002207195],
[[1750.0,850.0,850.0],0.0002687753],
[[1800.0,1.0,1.0],0.0002123496],
[[1800.0,75.0,75.0],0.0002379572],
[[1800.0,150.0,150.0],0.0002091879],
[[1800.0,200.0,200.0],0.0002268019],
[[1800.0,250.0,250.0],0.0002369801],
[[1800.0,300.0,300.0],0.0002274439],
[[1800.0,350.0,350.0],0.000236854],
[[1800.0,400.0,400.0],0.0002246859],
[[1800.0,450.0,450.0],0.000252151],
[[1800.0,500.0,500.0],0.0002836471],
[[1800.0,550.0,550.0],0.00024782],
[[1800.0,600.0,600.0],0.0002545631],
[[1800.0,650.0,650.0],0.000244914],
[[1800.0,700.0,700.0],0.0002610715],
[[1800.0,750.0,750.0],0.0002752583],
[[1800.0,800.0,800.0],0.0002204527],
[[1800.0,850.0,850.0],0.0003001804],
[[1850.0,1.0,1.0],0.0002325122],
[[1850.0,75.0,75.0],0.0002645936],
[[1850.0,150.0,150.0],0.0002852601],
[[1850.0,200.0,200.0],0.0002358664],
[[1850.0,250.0,250.0],0.0002707034],
[[1850.0,300.0,300.0],0.0002415135],
[[1850.0,350.0,350.0],0.0002371854],
[[1850.0,400.0,400.0],0.0003051412],
[[1850.0,450.0,450.0],0.0002619527],
[[1850.0,500.0,500.0],0.0002910867],
[[1850.0,550.0,550.0],0.0002536702],
[[1850.0,600.0,600.0],0.0002572045],
[[1850.0,650.0,650.0],0.0002952222],
[[1850.0,700.0,700.0],0.0002492609],
[[1850.0,750.0,750.0],0.0002623423],
[[1850.0,800.0,800.0],0.0002705726],
[[1850.0,850.0,850.0],0.0002969803],
[[1850.0,900.0,900.0],0.0003252307],
[[1900.0,1.0,1.0],0.0002662505],
[[1900.0,75.0,75.0],0.0002517307],
[[1900.0,150.0,150.0],0.000232962],
[[1900.0,200.0,200.0],0.0002338737],
[[1900.0,250.0,250.0],0.0002881658],
[[1900.0,300.0,300.0],0.0002751838],
[[1900.0,350.0,350.0],0.0002505445],
[[1900.0,400.0,400.0],0.0002635575],
[[1900.0,450.0,450.0],0.000289298],
[[1900.0,500.0,500.0],0.0002671718],
[[1900.0,550.0,550.0],0.0002873836],
[[1900.0,600.0,600.0],0.0002703292],
[[1900.0,650.0,650.0],0.0003029739],
[[1900.0,700.0,700.0],0.0002869319],
[[1900.0,750.0,750.0],0.0003019659],
[[1900.0,800.0,800.0],0.0003227309],
[[1900.0,850.0,850.0],0.0002651725],
[[1900.0,900.0,900.0],0.0002880338],
[[1950.0,1.0,1.0],0.0002623137],
[[1950.0,75.0,75.0],0.000252943],
[[1950.0,150.0,150.0],0.0002477646],
[[1950.0,200.0,200.0],0.000284905],
[[1950.0,250.0,250.0],0.0002360694],
[[1950.0,300.0,300.0],0.0002825767],
[[1950.0,350.0,350.0],0.0002845222],
[[1950.0,400.0,400.0],0.0003295159],
[[1950.0,450.0,450.0],0.0002736611],
[[1950.0,500.0,500.0],0.0002780884],
[[1950.0,550.0,550.0],0.000266979],
[[1950.0,600.0,600.0],0.0002877151],
[[1950.0,650.0,650.0],0.0002617918],
[[1950.0,700.0,700.0],0.0002925036],
[[1950.0,750.0,750.0],0.0002650412],
[[1950.0,800.0,800.0],0.000304537],
[[1950.0,850.0,850.0],0.0002706874],
[[1950.0,900.0,900.0],0.0002837328],
[[1950.0,950.0,950.0],0.0003323666],
[[2000.0,1.0,1.0],0.0002846193],
[[2000.0,75.0,75.0],0.0002926811],
[[2000.0,150.0,150.0],0.0002666875],
[[2000.0,200.0,200.0],0.0002613336],
[[2000.0,250.0,250.0],0.0002759078],
[[2000.0,300.0,300.0],0.000272232],
[[2000.0,350.0,350.0],0.0002708488],
[[2000.0,400.0,400.0],0.0002707309],
[[2000.0,450.0,450.0],0.0003087673],
[[2000.0,500.0,500.0],0.0002877032],
[[2000.0,550.0,550.0],0.0002788174],
[[2000.0,600.0,600.0],0.0002960785],
[[2000.0,650.0,650.0],0.0002797279],
[[2000.0,700.0,700.0],0.0002937127],
[[2000.0,750.0,750.0],0.0002810501],
[[2000.0,800.0,800.0],0.0003123263],
[[2000.0,850.0,850.0],0.0003145048],
[[2000.0,900.0,900.0],0.0002776643],
[[2000.0,950.0,950.0],0.0002611134],
[[2250.0,1.0,1.0],0.0003180526],
[[2250.0,75.0,75.0],0.0003249135],
[[2250.0,150.0,150.0],0.0003065534],
[[2250.0,300.0,300.0],0.000276101],
[[2250.0,500.0,500.0],0.0003398286],
[[2250.0,750.0,750.0],0.0003243517],
[[2250.0,1000.0,1000.0],0.0003166528],
[[2500.0,1.0,1.0],0.0003186296],
[[2500.0,75.0,75.0],0.0003180918],
[[2500.0,150.0,150.0],0.0003403247],
[[2500.0,300.0,300.0],0.0003240123],
[[2500.0,500.0,500.0],0.0002936523],
[[2500.0,750.0,750.0],0.000320297],
[[2500.0,1000.0,1000.0],0.0003249626],
[[2500.0,1200.0,1200.0],0.000345814],
[[2750.0,1.0,1.0],0.0003673657],
[[2750.0,75.0,75.0],0.0003720214],
[[2750.0,150.0,150.0],0.0003459081],
[[2750.0,300.0,300.0],0.0002999767],
[[2750.0,500.0,500.0],0.0003222766],
[[2750.0,750.0,750.0],0.0003680648],
[[2750.0,1000.0,1000.0],0.0003140617],
[[2750.0,1200.0,1200.0],0.0003679378],
[[3000.0,1.0,1.0],0.000339394],
[[3000.0,75.0,75.0],0.0003443605],
[[3000.0,150.0,150.0],0.0003532678],
[[3000.0,300.0,300.0],0.0003101172],
[[3000.0,500.0,500.0],0.0003185648],
[[3000.0,750.0,750.0],0.0003750503],
[[3000.0,1000.0,1000.0],0.0003673834],
[[3000.0,1200.0,1200.0],0.0003858341],
[[3000.0,1400.0,1400.0],0.0003456334]]
