txName: TRS1
constraint: {(PV > H0(1)), (H0(1) > MET(2),MET(3))}
condition: None
conditionDescription: None
figureUrl: https://cms-results.web.cern.ch/cms-results/public-results/publications/EXO-20-004/CMS-EXO-20-004_Figure_009-a.png
source: https://doi.org/10.5281/zenodo.13324003
validated: True
axesMap: [{0: 'x', 1: '1.0', 2: '1.0'}, {0: 'x', 1: 'y', 2: 'y'}]
dataMap: {0: (1, 'mass', GeV), 1: (2, 'mass', GeV), 2: (3, 'mass', GeV)}
finalState: ['MET', 'MET']
intermediateState: None
efficiencyMap: [[[100.0,1.0,1.0],2.029113e-06],
[[100.0,10.0,10.0],2.687584e-06],
[[150.0,1.0,1.0],5.312124e-06],
[[150.0,50.0,50.0],5.229819e-06],
[[200.0,1.0,1.0],9.246273e-06],
[[200.0,50.0,50.0],8.378286e-06],
[[200.0,100.0,100.0],1.983976e-05],
[[250.0,1.0,1.0],1.263806e-05],
[[250.0,10.0,10.0],1.564337e-05],
[[250.0,50.0,50.0],1.389223e-05],
[[250.0,100.0,100.0],1.215658e-05],
[[300.0,1.0,1.0],1.542838e-05],
[[300.0,50.0,50.0],1.425553e-05],
[[300.0,100.0,100.0],1.649226e-05],
[[350.0,1.0,1.0],2.032654e-05],
[[350.0,50.0,50.0],1.7074e-05],
[[350.0,100.0,100.0],1.742624e-05],
[[350.0,150.0,150.0],1.832066e-05],
[[400.0,1.0,1.0],2.590131e-05],
[[400.0,50.0,50.0],2.314401e-05],
[[400.0,100.0,100.0],2.322404e-05],
[[400.0,150.0,150.0],2.542854e-05],
[[450.0,1.0,1.0],3.203596e-05],
[[450.0,50.0,50.0],3.508642e-05],
[[450.0,100.0,100.0],2.951855e-05],
[[450.0,150.0,150.0],3.076435e-05],
[[450.0,200.0,200.0],3.338814e-05],
[[500.0,1.0,1.0],4.200827e-05],
[[500.0,10.0,10.0],3.888099e-05],
[[500.0,50.0,50.0],4.657091e-05],
[[500.0,100.0,100.0],4.418436e-05],
[[500.0,150.0,150.0],4.523261e-05],
[[500.0,200.0,200.0],4.296899e-05],
[[550.0,1.0,1.0],5.530878e-05],
[[550.0,50.0,50.0],6.500214e-05],
[[550.0,100.0,100.0],5.642483e-05],
[[550.0,150.0,150.0],6.911484e-05],
[[550.0,200.0,200.0],6.152645e-05],
[[550.0,250.0,250.0],7.168551e-05],
[[600.0,1.0,1.0],9.126749e-05],
[[600.0,50.0,50.0],7.837966e-05],
[[600.0,100.0,100.0],8.380557e-05],
[[600.0,150.0,150.0],6.787673e-05],
[[600.0,200.0,200.0],8.581358e-05],
[[600.0,250.0,250.0],8.706217e-05],
[[650.0,1.0,1.0],9.277443e-05],
[[650.0,50.0,50.0],0.0001029396],
[[650.0,100.0,100.0],9.523253e-05],
[[650.0,150.0,150.0],0.000110846],
[[650.0,200.0,200.0],9.401662e-05],
[[650.0,250.0,250.0],9.885439e-05],
[[650.0,300.0,300.0],0.0001104018],
[[700.0,1.0,1.0],0.0001153392],
[[700.0,50.0,50.0],0.0001114127],
[[700.0,100.0,100.0],0.00012483],
[[700.0,150.0,150.0],0.0001219275],
[[700.0,200.0,200.0],0.0001200969],
[[700.0,250.0,250.0],0.0001380857],
[[700.0,300.0,300.0],0.0001368982],
[[750.0,1.0,1.0],0.0001324798],
[[750.0,10.0,10.0],0.0001386985],
[[750.0,50.0,50.0],0.0001386857],
[[750.0,100.0,100.0],0.0001593915],
[[750.0,150.0,150.0],0.000154894],
[[750.0,200.0,200.0],0.0001522465],
[[750.0,250.0,250.0],0.0001590948],
[[750.0,300.0,300.0],0.0001744129],
[[750.0,350.0,350.0],0.0001713024],
[[800.0,1.0,1.0],0.000161859],
[[800.0,150.0,150.0],0.0001613713],
[[800.0,200.0,200.0],0.0001620549],
[[800.0,250.0,250.0],0.0002061006],
[[800.0,300.0,300.0],0.0001820922],
[[800.0,350.0,350.0],0.0001892728],
[[850.0,1.0,1.0],0.0002131106],
[[850.0,150.0,150.0],0.0002430919],
[[850.0,200.0,200.0],0.0001951926],
[[850.0,250.0,250.0],0.0002237069],
[[850.0,300.0,300.0],0.0002081624],
[[850.0,350.0,350.0],0.0002240235],
[[850.0,400.0,400.0],0.0002366607],
[[900.0,1.0,1.0],0.0002122004],
[[900.0,150.0,150.0],0.0002495126],
[[900.0,200.0,200.0],0.0002338842],
[[900.0,250.0,250.0],0.0002621596],
[[900.0,300.0,300.0],0.0002501995],
[[900.0,350.0,350.0],0.0002476961],
[[900.0,400.0,400.0],0.0002500844],
[[950.0,1.0,1.0],0.0002316227],
[[950.0,150.0,150.0],0.0003244656],
[[950.0,200.0,200.0],0.000266992],
[[950.0,250.0,250.0],0.0003112762],
[[950.0,300.0,300.0],0.0003662517],
[[950.0,350.0,350.0],0.000264404],
[[950.0,400.0,400.0],0.000288434],
[[950.0,450.0,450.0],0.0003299924],
[[1000.0,1.0,1.0],0.0003034002],
[[1000.0,10.0,10.0],0.0002554693],
[[1000.0,50.0,50.0],0.0002666167],
[[1000.0,100.0,100.0],0.0002684186],
[[1000.0,150.0,150.0],0.0002582127],
[[1000.0,200.0,200.0],0.000336281],
[[1000.0,250.0,250.0],0.0003390852],
[[1000.0,300.0,300.0],0.0003099335],
[[1000.0,350.0,350.0],0.0003539479],
[[1000.0,400.0,400.0],0.0003245909],
[[1000.0,450.0,450.0],0.0005893993],
[[1050.0,1.0,1.0],0.0002781505],
[[1050.0,150.0,150.0],0.0003178734],
[[1050.0,200.0,200.0],0.0003344655],
[[1050.0,250.0,250.0],0.0003123889],
[[1050.0,300.0,300.0],0.0005192081],
[[1050.0,350.0,350.0],0.0004385618],
[[1050.0,400.0,400.0],0.0003413717],
[[1050.0,450.0,450.0],0.0003682685],
[[1050.0,500.0,500.0],0.0004039414],
[[1100.0,1.0,1.0],0.0003417414],
[[1100.0,150.0,150.0],0.0003437239],
[[1100.0,200.0,200.0],0.0003795291],
[[1100.0,250.0,250.0],0.0003211548],
[[1100.0,300.0,300.0],0.0005740196],
[[1100.0,350.0,350.0],0.000434144],
[[1100.0,400.0,400.0],0.0004366973],
[[1100.0,450.0,450.0],0.0003949454],
[[1100.0,500.0,500.0],0.0004664982],
[[1150.0,1.0,1.0],0.0003967278],
[[1150.0,150.0,150.0],0.0003585669],
[[1150.0,200.0,200.0],0.0004955729],
[[1150.0,250.0,250.0],0.0003882527],
[[1150.0,300.0,300.0],0.000397096],
[[1150.0,350.0,350.0],0.0004741111],
[[1150.0,400.0,400.0],0.0004747041],
[[1150.0,450.0,450.0],0.0004063201],
[[1150.0,500.0,500.0],0.000685028],
[[1150.0,550.0,550.0],0.0005097736],
[[1200.0,1.0,1.0],0.0003832406],
[[1200.0,150.0,150.0],0.0004127905],
[[1200.0,200.0,200.0],0.0005899235],
[[1200.0,250.0,250.0],0.0004643816],
[[1200.0,300.0,300.0],0.0004113427],
[[1200.0,350.0,350.0],0.0004340245],
[[1200.0,400.0,400.0],0.0004952237],
[[1200.0,450.0,450.0],0.0005310904],
[[1200.0,500.0,500.0],0.001232163],
[[1200.0,550.0,550.0],0.0006099763],
[[1250.0,1.0,1.0],0.0004479629],
[[1250.0,10.0,10.0],0.0005668385],
[[1250.0,50.0,50.0],0.0003603794],
[[1250.0,100.0,100.0],0.0003690222],
[[1250.0,150.0,150.0],0.000435488],
[[1250.0,200.0,200.0],0.0004207734],
[[1250.0,250.0,250.0],0.0004428983],
[[1250.0,300.0,300.0],0.0004971675],
[[1250.0,350.0,350.0],0.0007176034],
[[1250.0,400.0,400.0],0.0004788343],
[[1250.0,450.0,450.0],0.0004777614],
[[1250.0,500.0,500.0],0.0005999304],
[[1250.0,550.0,550.0],0.0005348569],
[[1250.0,600.0,600.0],0.0006263205],
[[1300.0,1.0,1.0],0.0004441087],
[[1300.0,150.0,150.0],0.0004457866],
[[1300.0,200.0,200.0],0.0005155515],
[[1300.0,250.0,250.0],0.0004750474],
[[1300.0,300.0,300.0],0.0005510124],
[[1300.0,350.0,350.0],0.0004930427],
[[1300.0,400.0,400.0],0.0007532776],
[[1300.0,450.0,450.0],0.0005480495],
[[1300.0,500.0,500.0],0.0004819448],
[[1300.0,550.0,550.0],0.000653824],
[[1300.0,600.0,600.0],0.0005617667],
[[1350.0,1.0,1.0],0.0004455547],
[[1350.0,150.0,150.0],0.0005118639],
[[1350.0,200.0,200.0],0.0004689526],
[[1350.0,250.0,250.0],0.0004802114],
[[1350.0,300.0,300.0],0.0005681883],
[[1350.0,350.0,350.0],0.0005696908],
[[1350.0,400.0,400.0],0.0005781],
[[1350.0,450.0,450.0],0.0006342356],
[[1350.0,500.0,500.0],0.0008019248],
[[1350.0,550.0,550.0],0.0008205958],
[[1350.0,600.0,600.0],0.0006432411],
[[1350.0,650.0,650.0],0.001185016],
[[1400.0,1.0,1.0],0.0004823104],
[[1400.0,150.0,150.0],0.0005617814],
[[1400.0,200.0,200.0],0.0005009526],
[[1400.0,250.0,250.0],0.0007947368],
[[1400.0,300.0,300.0],0.0007217562],
[[1400.0,350.0,350.0],0.0006046591],
[[1400.0,400.0,400.0],0.0006412966],
[[1400.0,450.0,450.0],0.0006419935],
[[1400.0,500.0,500.0],0.0005797699],
[[1400.0,550.0,550.0],0.0006309939],
[[1400.0,600.0,600.0],0.0006639128],
[[1400.0,650.0,650.0],0.000606279],
[[1450.0,1.0,1.0],0.0004766535],
[[1450.0,150.0,150.0],0.0008455648],
[[1450.0,200.0,200.0],0.000916963],
[[1450.0,250.0,250.0],0.0005624764],
[[1450.0,300.0,300.0],0.000676507],
[[1450.0,350.0,350.0],0.0006408622],
[[1450.0,400.0,400.0],0.0007035155],
[[1450.0,450.0,450.0],0.0006348923],
[[1450.0,500.0,500.0],0.0007089313],
[[1450.0,550.0,550.0],0.001095308],
[[1450.0,600.0,600.0],0.0006724018],
[[1450.0,650.0,650.0],0.0007066579],
[[1450.0,700.0,700.0],0.0009275399],
[[1500.0,1.0,1.0],0.0005597916],
[[1500.0,10.0,10.0],0.0005275527],
[[1500.0,50.0,50.0],0.0005358754],
[[1500.0,100.0,100.0],0.0004830124],
[[1500.0,150.0,150.0],0.0007002739],
[[1500.0,200.0,200.0],0.0005804962],
[[1500.0,250.0,250.0],0.000589564],
[[1500.0,300.0,300.0],0.0006621061],
[[1500.0,350.0,350.0],0.0008423249],
[[1500.0,400.0,400.0],0.0005753543],
[[1500.0,450.0,450.0],0.0008112672],
[[1500.0,500.0,500.0],0.0008658733],
[[1500.0,550.0,550.0],0.000787994],
[[1500.0,600.0,600.0],0.0006846474],
[[1500.0,650.0,650.0],0.0007264447],
[[1500.0,700.0,700.0],0.0009821721],
[[1500.0,750.0,750.0],0.0008369174],
[[1550.0,1.0,1.0],0.0005019325],
[[1550.0,150.0,150.0],0.0005592498],
[[1550.0,200.0,200.0],0.0006634748],
[[1550.0,250.0,250.0],0.000633163],
[[1550.0,300.0,300.0],0.000810656],
[[1550.0,350.0,350.0],0.0007025219],
[[1550.0,400.0,400.0],0.0006421548],
[[1550.0,450.0,450.0],0.0006840004],
[[1550.0,500.0,500.0],0.000947376],
[[1550.0,550.0,550.0],0.001389799],
[[1550.0,600.0,600.0],0.000716195],
[[1550.0,650.0,650.0],0.0008471901],
[[1550.0,700.0,700.0],0.0008674013],
[[1550.0,750.0,750.0],0.0008945888],
[[1600.0,1.0,1.0],0.0005192386],
[[1600.0,150.0,150.0],0.000618898],
[[1600.0,200.0,200.0],0.0006430386],
[[1600.0,250.0,250.0],0.0006535706],
[[1600.0,300.0,300.0],0.000903652],
[[1600.0,350.0,350.0],0.0006485542],
[[1600.0,400.0,400.0],0.0008165238],
[[1600.0,450.0,450.0],0.0007471281],
[[1600.0,500.0,500.0],0.0008813486],
[[1600.0,550.0,550.0],0.0007241521],
[[1600.0,600.0,600.0],0.0007428579],
[[1600.0,650.0,650.0],0.0009927391],
[[1600.0,700.0,700.0],0.0009102972],
[[1600.0,750.0,750.0],0.0009157613],
[[1650.0,1.0,1.0],0.0004502481],
[[1650.0,150.0,150.0],0.0007002285],
[[1650.0,200.0,200.0],0.0006535096],
[[1650.0,250.0,250.0],0.0008489275],
[[1650.0,300.0,300.0],0.0007511087],
[[1650.0,350.0,350.0],0.001057621],
[[1650.0,400.0,400.0],0.0007822131],
[[1650.0,450.0,450.0],0.000773801],
[[1650.0,500.0,500.0],0.0007869407],
[[1650.0,550.0,550.0],0.0007582499],
[[1650.0,600.0,600.0],0.0008679482],
[[1650.0,650.0,650.0],0.0009838583],
[[1650.0,700.0,700.0],0.0008736326],
[[1650.0,750.0,750.0],0.000880456],
[[1650.0,800.0,800.0],0.001279593],
[[1700.0,1.0,1.0],0.0005471444],
[[1700.0,150.0,150.0],0.0006661799],
[[1700.0,200.0,200.0],0.000859496],
[[1700.0,250.0,250.0],0.0007383612],
[[1700.0,300.0,300.0],0.0008279024],
[[1700.0,350.0,350.0],0.0007921007],
[[1700.0,400.0,400.0],0.0008318408],
[[1700.0,450.0,450.0],0.0009240629],
[[1700.0,500.0,500.0],0.000797299],
[[1700.0,550.0,550.0],0.0009346932],
[[1700.0,600.0,600.0],0.0007152897],
[[1700.0,650.0,650.0],0.0008192037],
[[1700.0,700.0,700.0],0.0009224182],
[[1700.0,750.0,750.0],0.0008438178],
[[1700.0,800.0,800.0],0.0009012858],
[[1750.0,1.0,1.0],0.0004958312],
[[1750.0,10.0,10.0],0.0005613026],
[[1750.0,50.0,50.0],0.0004669233],
[[1750.0,100.0,100.0],0.0005318854],
[[1750.0,150.0,150.0],0.0005731352],
[[1750.0,200.0,200.0],0.0006441694],
[[1750.0,250.0,250.0],0.0008584133],
[[1750.0,300.0,300.0],0.0007315958],
[[1750.0,350.0,350.0],0.0009072074],
[[1750.0,400.0,400.0],0.0007825842],
[[1750.0,450.0,450.0],0.0008467392],
[[1750.0,500.0,500.0],0.001045374],
[[1750.0,550.0,550.0],0.0009863353],
[[1750.0,600.0,600.0],0.0008274933],
[[1750.0,650.0,650.0],0.00116857],
[[1750.0,700.0,700.0],0.0008716025],
[[1750.0,750.0,750.0],0.0008741822],
[[1750.0,800.0,800.0],0.0009191983],
[[1750.0,850.0,850.0],0.001292997],
[[1800.0,1.0,1.0],0.0006236615],
[[1800.0,150.0,150.0],0.0008647216],
[[1800.0,200.0,200.0],0.0008851447],
[[1800.0,250.0,250.0],0.0008586909],
[[1800.0,300.0,300.0],0.0007706811],
[[1800.0,350.0,350.0],0.0007942402],
[[1800.0,400.0,400.0],0.0007878038],
[[1800.0,450.0,450.0],0.001022193],
[[1800.0,500.0,500.0],0.0007629136],
[[1800.0,550.0,550.0],0.0008655121],
[[1800.0,600.0,600.0],0.001177567],
[[1800.0,650.0,650.0],0.001201987],
[[1800.0,700.0,700.0],0.001129537],
[[1800.0,750.0,750.0],0.001025036],
[[1800.0,800.0,800.0],0.001127611],
[[1800.0,850.0,850.0],0.001139536],
[[1850.0,1.0,1.0],0.0004877003],
[[1850.0,150.0,150.0],0.0007930506],
[[1850.0,200.0,200.0],0.000754226],
[[1850.0,250.0,250.0],0.0008541184],
[[1850.0,300.0,300.0],0.0009611037],
[[1850.0,350.0,350.0],0.001118965],
[[1850.0,400.0,400.0],0.0008828048],
[[1850.0,450.0,450.0],0.000884944],
[[1850.0,500.0,500.0],0.0009293533],
[[1850.0,550.0,550.0],0.0009273129],
[[1850.0,600.0,600.0],0.000998016],
[[1850.0,650.0,650.0],0.001234348],
[[1850.0,700.0,700.0],0.0009404086],
[[1850.0,750.0,750.0],0.001029197],
[[1850.0,800.0,800.0],0.0008415492],
[[1850.0,850.0,850.0],0.001344225],
[[1850.0,900.0,900.0],0.001063352],
[[1900.0,1.0,1.0],0.0005101773],
[[1900.0,150.0,150.0],0.0006496094],
[[1900.0,200.0,200.0],0.0007756438],
[[1900.0,250.0,250.0],0.0007278922],
[[1900.0,300.0,300.0],0.001045529],
[[1900.0,350.0,350.0],0.0008509308],
[[1900.0,400.0,400.0],0.0009347887],
[[1900.0,450.0,450.0],0.001023325],
[[1900.0,500.0,500.0],0.0009932078],
[[1900.0,550.0,550.0],0.0009198634],
[[1900.0,600.0,600.0],0.001000511],
[[1900.0,650.0,650.0],0.001027363],
[[1900.0,700.0,700.0],0.001090991],
[[1900.0,750.0,750.0],0.001020107],
[[1900.0,800.0,800.0],0.001218858],
[[1900.0,850.0,850.0],0.001359793],
[[1900.0,900.0,900.0],0.001067396],
[[1950.0,1.0,1.0],0.0005049919],
[[1950.0,150.0,150.0],0.0007026023],
[[1950.0,200.0,200.0],0.0008003183],
[[1950.0,250.0,250.0],0.0009319407],
[[1950.0,300.0,300.0],0.000740157],
[[1950.0,350.0,350.0],0.0008156875],
[[1950.0,400.0,400.0],0.0009928738],
[[1950.0,450.0,450.0],0.001136184],
[[1950.0,500.0,500.0],0.001056178],
[[1950.0,550.0,550.0],0.0008786712],
[[1950.0,600.0,600.0],0.0009395665],
[[1950.0,650.0,650.0],0.0009334604],
[[1950.0,700.0,700.0],0.001086205],
[[1950.0,750.0,750.0],0.00101089],
[[1950.0,800.0,800.0],0.001349346],
[[1950.0,850.0,850.0],0.001148228],
[[1950.0,900.0,900.0],0.001118776],
[[1950.0,950.0,950.0],0.001259144],
[[2000.0,1.0,1.0],0.0005204872],
[[2000.0,10.0,10.0],0.0005149909],
[[2000.0,50.0,50.0],0.0005022142],
[[2000.0,100.0,100.0],0.0006261238],
[[2000.0,150.0,150.0],0.0007155936],
[[2000.0,200.0,200.0],0.0007720654],
[[2000.0,250.0,250.0],0.0009026364],
[[2000.0,300.0,300.0],0.000997732],
[[2000.0,350.0,350.0],0.0009396659],
[[2000.0,400.0,400.0],0.000975027],
[[2000.0,450.0,450.0],0.0009475924],
[[2000.0,500.0,500.0],0.00108587],
[[2000.0,550.0,550.0],0.0009885248],
[[2000.0,600.0,600.0],0.0009674074],
[[2000.0,650.0,650.0],0.00106119],
[[2000.0,700.0,700.0],0.001297673],
[[2000.0,750.0,750.0],0.001058914],
[[2000.0,800.0,800.0],0.001108808],
[[2000.0,850.0,850.0],0.001166871],
[[2000.0,900.0,900.0],0.001181374],
[[2000.0,950.0,950.0],0.001139354],
[[2250.0,1.0,1.0],0.0004469061],
[[2250.0,10.0,10.0],0.0004611487],
[[2250.0,50.0,50.0],0.0004728734],
[[2250.0,100.0,100.0],0.0005367076],
[[2250.0,150.0,150.0],0.0005835711],
[[2250.0,300.0,300.0],0.0008472597],
[[2250.0,500.0,500.0],0.001064313],
[[2250.0,750.0,750.0],0.001259086],
[[2250.0,1000.0,1000.0],0.001276063],
[[2500.0,1.0,1.0],0.0004181912],
[[2500.0,10.0,10.0],0.0003770902],
[[2500.0,50.0,50.0],0.0004084629],
[[2500.0,100.0,100.0],0.0004680305],
[[2500.0,150.0,150.0],0.0005369495],
[[2500.0,300.0,300.0],0.0008587459],
[[2500.0,500.0,500.0],0.001315564],
[[2500.0,750.0,750.0],0.001370252],
[[2500.0,1000.0,1000.0],0.001270423],
[[2500.0,1200.0,1200.0],0.001548255],
[[2750.0,1.0,1.0],0.0003669679],
[[2750.0,10.0,10.0],0.0003371138],
[[2750.0,50.0,50.0],0.0003720964],
[[2750.0,100.0,100.0],0.0004588661],
[[2750.0,150.0,150.0],0.0004893812],
[[2750.0,300.0,300.0],0.0008625957],
[[2750.0,500.0,500.0],0.001152299],
[[2750.0,750.0,750.0],0.001349217],
[[2750.0,1000.0,1000.0],0.001451005],
[[2750.0,1200.0,1200.0],0.001331544],
[[3000.0,1.0,1.0],0.0002837339],
[[3000.0,10.0,10.0],0.0002980488],
[[3000.0,50.0,50.0],0.0003295416],
[[3000.0,100.0,100.0],0.0003992795],
[[3000.0,150.0,150.0],0.000429625],
[[3000.0,300.0,300.0],0.0008556213],
[[3000.0,500.0,500.0],0.001158284],
[[3000.0,750.0,750.0],0.001380961],
[[3000.0,1000.0,1000.0],0.001558916],
[[3000.0,1200.0,1200.0],0.001443917],
[[3000.0,1400.0,1400.0],0.001516675]]
