txName: TRV1
constraint: {(PV > Zprime(1)), (Zprime(1) > MET(2),MET(3))}
condition: None
conditionDescription: None
figureUrl: https://cms-results.web.cern.ch/cms-results/public-results/publications/EXO-20-004/CMS-EXO-20-004_Figure_007-b.png
source: https://doi.org/10.5281/zenodo.13324003
validated: True
axesMap: [{0: 'x', 1: 'y', 2: 'y'}]
dataMap: {0: (1, 'mass', GeV), 1: (2, 'mass', GeV), 2: (3, 'mass', GeV)}
finalState: ['MET', 'MET']
intermediateState: None
efficiencyMap: [[[50.0,1.0,1.0],6.02397e-08],
[[100.0,1.0,1.0],3.979654e-07],
[[100.0,10.0,10.0],3.264197e-07],
[[150.0,1.0,1.0],1.006004e-06],
[[150.0,75.0,75.0],1.371622e-06],
[[200.0,1.0,1.0],2.903665e-06],
[[200.0,75.0,75.0],2.479119e-06],
[[250.0,1.0,1.0],5.766573e-06],
[[250.0,10.0,10.0],6.200508e-06],
[[250.0,75.0,75.0],4.924242e-06],
[[300.0,1.0,1.0],9.322938e-06],
[[300.0,75.0,75.0],1.067054e-05],
[[350.0,1.0,1.0],1.447002e-05],
[[350.0,75.0,75.0],1.173454e-05],
[[350.0,150.0,150.0],1.249792e-05],
[[400.0,1.0,1.0],1.950791e-05],
[[400.0,75.0,75.0],2.062719e-05],
[[400.0,150.0,150.0],1.94097e-05],
[[450.0,1.0,1.0],2.717598e-05],
[[450.0,75.0,75.0],2.514674e-05],
[[450.0,150.0,150.0],2.793355e-05],
[[450.0,200.0,200.0],2.756742e-05],
[[500.0,1.0,1.0],3.413365e-05],
[[500.0,10.0,10.0],2.979495e-05],
[[500.0,75.0,75.0],3.760015e-05],
[[500.0,150.0,150.0],3.422426e-05],
[[500.0,200.0,200.0],3.535575e-05],
[[550.0,1.0,1.0],4.081877e-05],
[[550.0,75.0,75.0],4.146415e-05],
[[550.0,150.0,150.0],4.622276e-05],
[[550.0,200.0,200.0],4.147439e-05],
[[550.0,250.0,250.0],5.503166e-05],
[[600.0,1.0,1.0],5.087157e-05],
[[600.0,75.0,75.0],4.597843e-05],
[[600.0,150.0,150.0],5.483869e-05],
[[600.0,200.0,200.0],5.930902e-05],
[[600.0,250.0,250.0],5.878601e-05],
[[650.0,1.0,1.0],5.870538e-05],
[[650.0,75.0,75.0],6.190426e-05],
[[650.0,150.0,150.0],6.426916e-05],
[[650.0,200.0,200.0],5.841894e-05],
[[650.0,250.0,250.0],6.015404e-05],
[[650.0,300.0,300.0],6.402122e-05],
[[700.0,1.0,1.0],6.779702e-05],
[[700.0,75.0,75.0],7.416727e-05],
[[700.0,150.0,150.0],7.552558e-05],
[[700.0,200.0,200.0],8.102051e-05],
[[700.0,250.0,250.0],6.789027e-05],
[[700.0,300.0,300.0],8.315999e-05],
[[750.0,1.0,1.0],7.526847e-05],
[[750.0,10.0,10.0],8.313555e-05],
[[750.0,75.0,75.0],8.113753e-05],
[[750.0,150.0,150.0],7.832778e-05],
[[750.0,200.0,200.0],9.611139e-05],
[[750.0,250.0,250.0],8.742467e-05],
[[750.0,300.0,300.0],8.368546e-05],
[[750.0,350.0,350.0],9.458383e-05],
[[800.0,1.0,1.0],8.768099e-05],
[[800.0,75.0,75.0],8.880542e-05],
[[800.0,150.0,150.0],0.0001010636],
[[800.0,200.0,200.0],0.00011025],
[[800.0,250.0,250.0],9.49632e-05],
[[800.0,300.0,300.0],9.291449e-05],
[[800.0,350.0,350.0],8.387135e-05],
[[850.0,1.0,1.0],0.0001053773],
[[850.0,75.0,75.0],0.0001022724],
[[850.0,150.0,150.0],0.0001013428],
[[850.0,200.0,200.0],9.849879e-05],
[[850.0,250.0,250.0],0.000124023],
[[850.0,300.0,300.0],0.0001084758],
[[850.0,350.0,350.0],0.0001068893],
[[850.0,400.0,400.0],0.0001044937],
[[900.0,1.0,1.0],0.0001080284],
[[900.0,75.0,75.0],0.0001207304],
[[900.0,150.0,150.0],0.0001242892],
[[900.0,200.0,200.0],0.0001276475],
[[900.0,250.0,250.0],0.0001295598],
[[900.0,300.0,300.0],0.0001290179],
[[900.0,350.0,350.0],0.0001328238],
[[900.0,400.0,400.0],0.0001209657],
[[950.0,1.0,1.0],0.0001272321],
[[950.0,75.0,75.0],0.000151824],
[[950.0,150.0,150.0],0.000120355],
[[950.0,200.0,200.0],0.0001516619],
[[950.0,250.0,250.0],0.0001445643],
[[950.0,300.0,300.0],0.0001143863],
[[950.0,350.0,350.0],0.0001406561],
[[950.0,400.0,400.0],0.0001309642],
[[950.0,450.0,450.0],0.0001535485],
[[1000.0,1.0,1.0],0.0001264715],
[[1000.0,10.0,10.0],0.0001328812],
[[1000.0,75.0,75.0],0.0001262824],
[[1000.0,150.0,150.0],0.0001681392],
[[1000.0,200.0,200.0],0.0001485475],
[[1000.0,250.0,250.0],0.0001532367],
[[1000.0,300.0,300.0],0.0001283395],
[[1000.0,350.0,350.0],0.0001189667],
[[1000.0,400.0,400.0],0.0001247636],
[[1000.0,450.0,450.0],0.0001430456],
[[1050.0,1.0,1.0],0.000149315],
[[1050.0,75.0,75.0],0.0001363657],
[[1050.0,150.0,150.0],0.0001958762],
[[1050.0,200.0,200.0],0.0001303985],
[[1050.0,250.0,250.0],0.0001478021],
[[1050.0,300.0,300.0],0.0001552456],
[[1050.0,350.0,350.0],0.0001505351],
[[1050.0,400.0,400.0],0.0001525357],
[[1050.0,450.0,450.0],0.0001497684],
[[1050.0,500.0,500.0],0.0001456184],
[[1100.0,1.0,1.0],0.000173925],
[[1100.0,75.0,75.0],0.0001405586],
[[1100.0,150.0,150.0],0.0001504883],
[[1100.0,200.0,200.0],0.000156968],
[[1100.0,250.0,250.0],0.0001843284],
[[1100.0,300.0,300.0],0.0001536725],
[[1100.0,350.0,350.0],0.0002056247],
[[1100.0,400.0,400.0],0.000188172],
[[1100.0,450.0,450.0],0.0001872054],
[[1100.0,500.0,500.0],0.0001716636],
[[1150.0,1.0,1.0],0.0001834276],
[[1150.0,75.0,75.0],0.0002042469],
[[1150.0,150.0,150.0],0.0002343768],
[[1150.0,200.0,200.0],0.0001821836],
[[1150.0,250.0,250.0],0.0001608376],
[[1150.0,300.0,300.0],0.0001690854],
[[1150.0,350.0,350.0],0.0001975871],
[[1150.0,400.0,400.0],0.0001802192],
[[1150.0,450.0,450.0],0.0001863308],
[[1150.0,500.0,500.0],0.0002640135],
[[1150.0,550.0,550.0],0.0001686284],
[[1200.0,1.0,1.0],0.0001767632],
[[1200.0,75.0,75.0],0.0001819336],
[[1200.0,150.0,150.0],0.000213339],
[[1200.0,200.0,200.0],0.0001720643],
[[1200.0,250.0,250.0],0.0001884347],
[[1200.0,300.0,300.0],0.0001941965],
[[1200.0,350.0,350.0],0.0002174914],
[[1200.0,400.0,400.0],0.0002019719],
[[1200.0,450.0,450.0],0.000189718],
[[1200.0,500.0,500.0],0.0001696338],
[[1200.0,550.0,550.0],0.0001851135],
[[1250.0,1.0,1.0],0.0002111808],
[[1250.0,10.0,10.0],0.0001861371],
[[1250.0,75.0,75.0],0.0002031304],
[[1250.0,150.0,150.0],0.0002106053],
[[1250.0,200.0,200.0],0.0002177533],
[[1250.0,250.0,250.0],0.0002025366],
[[1250.0,300.0,300.0],0.0001729945],
[[1250.0,350.0,350.0],0.0002109707],
[[1250.0,400.0,400.0],0.0002187073],
[[1250.0,450.0,450.0],0.0002117183],
[[1250.0,500.0,500.0],0.0001960533],
[[1250.0,550.0,550.0],0.0001900642],
[[1250.0,600.0,600.0],0.0002030729],
[[1300.0,1.0,1.0],0.0002226695],
[[1300.0,75.0,75.0],0.0001894309],
[[1300.0,150.0,150.0],0.0001993633],
[[1300.0,200.0,200.0],0.0002082652],
[[1300.0,250.0,250.0],0.0001715681],
[[1300.0,300.0,300.0],0.0001886818],
[[1300.0,350.0,350.0],0.0001978457],
[[1300.0,400.0,400.0],0.0002056039],
[[1300.0,450.0,450.0],0.0002181775],
[[1300.0,500.0,500.0],0.0002376443],
[[1300.0,550.0,550.0],0.0002335517],
[[1300.0,600.0,600.0],0.0002201153],
[[1350.0,1.0,1.0],0.0002022293],
[[1350.0,75.0,75.0],0.0002000069],
[[1350.0,150.0,150.0],0.0002204819],
[[1350.0,200.0,200.0],0.0002263112],
[[1350.0,250.0,250.0],0.0002244833],
[[1350.0,300.0,300.0],0.0002237964],
[[1350.0,350.0,350.0],0.0002284407],
[[1350.0,400.0,400.0],0.000234525],
[[1350.0,450.0,450.0],0.0002168093],
[[1350.0,500.0,500.0],0.0001998359],
[[1350.0,550.0,550.0],0.0002730888],
[[1350.0,600.0,600.0],0.000210068],
[[1350.0,650.0,650.0],0.0002424309],
[[1400.0,1.0,1.0],0.000234727],
[[1400.0,75.0,75.0],0.0002347528],
[[1400.0,150.0,150.0],0.0002059623],
[[1400.0,200.0,200.0],0.0002325345],
[[1400.0,250.0,250.0],0.0002424616],
[[1400.0,300.0,300.0],0.0002275838],
[[1400.0,350.0,350.0],0.0002358794],
[[1400.0,400.0,400.0],0.0002323503],
[[1400.0,450.0,450.0],0.000233902],
[[1400.0,500.0,500.0],0.0002088102],
[[1400.0,550.0,550.0],0.0002186961],
[[1400.0,600.0,600.0],0.000246062],
[[1400.0,650.0,650.0],0.0002215204],
[[1450.0,1.0,1.0],0.0002123922],
[[1450.0,75.0,75.0],0.0002112583],
[[1450.0,150.0,150.0],0.0002218275],
[[1450.0,200.0,200.0],0.0002207832],
[[1450.0,250.0,250.0],0.0002431101],
[[1450.0,300.0,300.0],0.0002355126],
[[1450.0,350.0,350.0],0.0002435401],
[[1450.0,400.0,400.0],0.0002708235],
[[1450.0,450.0,450.0],0.0002735641],
[[1450.0,500.0,500.0],0.0002333392],
[[1450.0,550.0,550.0],0.0002376705],
[[1450.0,600.0,600.0],0.0002827298],
[[1450.0,650.0,650.0],0.0002627588],
[[1450.0,700.0,700.0],0.0002474975],
[[1500.0,1.0,1.0],0.0002471244],
[[1500.0,10.0,10.0],0.0002274377],
[[1500.0,75.0,75.0],0.0002483359],
[[1500.0,150.0,150.0],0.0002322655],
[[1500.0,200.0,200.0],0.000261909],
[[1500.0,250.0,250.0],0.0002500865],
[[1500.0,300.0,300.0],0.0002544104],
[[1500.0,350.0,350.0],0.0002580638],
[[1500.0,400.0,400.0],0.0002164846],
[[1500.0,450.0,450.0],0.0002750189],
[[1500.0,500.0,500.0],0.0002656416],
[[1500.0,550.0,550.0],0.0002357735],
[[1500.0,600.0,600.0],0.000273948],
[[1500.0,650.0,650.0],0.0002440871],
[[1500.0,700.0,700.0],0.0002621597],
[[1500.0,750.0,750.0],0.0002706395],
[[1550.0,1.0,1.0],0.0002260188],
[[1550.0,75.0,75.0],0.0002462969],
[[1550.0,150.0,150.0],0.0002605267],
[[1550.0,200.0,200.0],0.0002571311],
[[1550.0,250.0,250.0],0.0002334272],
[[1550.0,300.0,300.0],0.000230536],
[[1550.0,350.0,350.0],0.0002324803],
[[1550.0,400.0,400.0],0.0002551026],
[[1550.0,450.0,450.0],0.0003056734],
[[1550.0,500.0,500.0],0.0002539044],
[[1550.0,550.0,550.0],0.0002700033],
[[1550.0,600.0,600.0],0.0002352279],
[[1550.0,650.0,650.0],0.0002420414],
[[1550.0,700.0,700.0],0.0002529367],
[[1550.0,750.0,750.0],0.0002569021],
[[1600.0,1.0,1.0],0.0002493058],
[[1600.0,75.0,75.0],0.0002304119],
[[1600.0,150.0,150.0],0.0002805622],
[[1600.0,200.0,200.0],0.0002730626],
[[1600.0,250.0,250.0],0.0002574868],
[[1600.0,300.0,300.0],0.0002773312],
[[1600.0,350.0,350.0],0.0002450783],
[[1600.0,400.0,400.0],0.000253331],
[[1600.0,450.0,450.0],0.000258658],
[[1600.0,500.0,500.0],0.0002456756],
[[1600.0,550.0,550.0],0.0002748771],
[[1600.0,600.0,600.0],0.0002635027],
[[1600.0,650.0,650.0],0.000269745],
[[1600.0,700.0,700.0],0.0002837506],
[[1600.0,750.0,750.0],0.000287157],
[[1650.0,1.0,1.0],0.0002404077],
[[1650.0,75.0,75.0],0.0002310214],
[[1650.0,150.0,150.0],0.0002443886],
[[1650.0,200.0,200.0],0.0002703118],
[[1650.0,250.0,250.0],0.000275616],
[[1650.0,300.0,300.0],0.0002938205],
[[1650.0,350.0,350.0],0.0003024128],
[[1650.0,400.0,400.0],0.0002965538],
[[1650.0,450.0,450.0],0.0003089856],
[[1650.0,500.0,500.0],0.0002642559],
[[1650.0,550.0,550.0],0.00023942],
[[1650.0,600.0,600.0],0.000257122],
[[1650.0,650.0,650.0],0.0003026799],
[[1650.0,700.0,700.0],0.0003297781],
[[1650.0,750.0,750.0],0.0003253541],
[[1650.0,800.0,800.0],0.0002599718],
[[1700.0,1.0,1.0],0.0002581197],
[[1700.0,75.0,75.0],0.0002661452],
[[1700.0,150.0,150.0],0.0002513234],
[[1700.0,200.0,200.0],0.0002810942],
[[1700.0,250.0,250.0],0.0003007871],
[[1700.0,300.0,300.0],0.0002888011],
[[1700.0,350.0,350.0],0.0002680907],
[[1700.0,400.0,400.0],0.0003079701],
[[1700.0,450.0,450.0],0.0002683232],
[[1700.0,500.0,500.0],0.0002720716],
[[1700.0,550.0,550.0],0.0002732811],
[[1700.0,600.0,600.0],0.0003036562],
[[1700.0,650.0,650.0],0.0003469934],
[[1700.0,700.0,700.0],0.0003265491],
[[1700.0,750.0,750.0],0.0002855529],
[[1700.0,800.0,800.0],0.0002825715],
[[1750.0,1.0,1.0],0.0002736578],
[[1750.0,10.0,10.0],0.0002760413],
[[1750.0,75.0,75.0],0.0002846382],
[[1750.0,150.0,150.0],0.0002702725],
[[1750.0,200.0,200.0],0.0002495113],
[[1750.0,250.0,250.0],0.0002867233],
[[1750.0,300.0,300.0],0.0002960939],
[[1750.0,350.0,350.0],0.000290757],
[[1750.0,400.0,400.0],0.000320203],
[[1750.0,450.0,450.0],0.0003403484],
[[1750.0,500.0,500.0],0.0002914025],
[[1750.0,550.0,550.0],0.0003183453],
[[1750.0,600.0,600.0],0.0002877202],
[[1750.0,650.0,650.0],0.000309743],
[[1750.0,700.0,700.0],0.0002752501],
[[1750.0,750.0,750.0],0.0003162789],
[[1750.0,800.0,800.0],0.0002948475],
[[1750.0,850.0,850.0],0.0002873062],
[[1800.0,1.0,1.0],0.0002531028],
[[1800.0,75.0,75.0],0.000279493],
[[1800.0,150.0,150.0],0.0002849447],
[[1800.0,200.0,200.0],0.0003219379],
[[1800.0,250.0,250.0],0.0002830996],
[[1800.0,300.0,300.0],0.0002838802],
[[1800.0,350.0,350.0],0.0002931515],
[[1800.0,400.0,400.0],0.0003214866],
[[1800.0,450.0,450.0],0.0002958533],
[[1800.0,500.0,500.0],0.0003287407],
[[1800.0,550.0,550.0],0.0003235311],
[[1800.0,600.0,600.0],0.0003165047],
[[1800.0,650.0,650.0],0.000283545],
[[1800.0,700.0,700.0],0.0002865393],
[[1800.0,750.0,750.0],0.0003157148],
[[1800.0,800.0,800.0],0.0003404028],
[[1800.0,850.0,850.0],0.0003188767],
[[1850.0,1.0,1.0],0.0002705901],
[[1850.0,75.0,75.0],0.0002891596],
[[1850.0,150.0,150.0],0.0002812876],
[[1850.0,200.0,200.0],0.000274991],
[[1850.0,250.0,250.0],0.0003197199],
[[1850.0,300.0,300.0],0.0002801229],
[[1850.0,350.0,350.0],0.0002739448],
[[1850.0,400.0,400.0],0.000283592],
[[1850.0,450.0,450.0],0.000349741],
[[1850.0,500.0,500.0],0.0002844109],
[[1850.0,550.0,550.0],0.0003254382],
[[1850.0,600.0,600.0],0.000274319],
[[1850.0,650.0,650.0],0.0003147998],
[[1850.0,700.0,700.0],0.0003146248],
[[1850.0,750.0,750.0],0.000336974],
[[1850.0,800.0,800.0],0.0003484332],
[[1850.0,850.0,850.0],0.0003326286],
[[1850.0,900.0,900.0],0.0003074765],
[[1900.0,1.0,1.0],0.0002631878],
[[1900.0,75.0,75.0],0.0003117606],
[[1900.0,150.0,150.0],0.0002763331],
[[1900.0,200.0,200.0],0.0003154243],
[[1900.0,250.0,250.0],0.0002663807],
[[1900.0,300.0,300.0],0.0002835255],
[[1900.0,350.0,350.0],0.0002949081],
[[1900.0,400.0,400.0],0.0002964111],
[[1900.0,450.0,450.0],0.0003105709],
[[1900.0,500.0,500.0],0.0002819459],
[[1900.0,550.0,550.0],0.0003170716],
[[1900.0,600.0,600.0],0.0003298814],
[[1900.0,650.0,650.0],0.0003646248],
[[1900.0,700.0,700.0],0.0003468051],
[[1900.0,750.0,750.0],0.0003277684],
[[1900.0,800.0,800.0],0.0003103443],
[[1900.0,850.0,850.0],0.000326243],
[[1900.0,900.0,900.0],0.0003616726],
[[1950.0,1.0,1.0],0.0003039124],
[[1950.0,75.0,75.0],0.0003142212],
[[1950.0,150.0,150.0],0.0003282282],
[[1950.0,200.0,200.0],0.0002627495],
[[1950.0,250.0,250.0],0.0003078214],
[[1950.0,300.0,300.0],0.0003406098],
[[1950.0,350.0,350.0],0.0002498835],
[[1950.0,400.0,400.0],0.0003145456],
[[1950.0,450.0,450.0],0.0002851947],
[[1950.0,500.0,500.0],0.0002990922],
[[1950.0,550.0,550.0],0.0003005888],
[[1950.0,600.0,600.0],0.0003043648],
[[1950.0,650.0,650.0],0.0003714584],
[[1950.0,700.0,700.0],0.000329521],
[[1950.0,750.0,750.0],0.0002820466],
[[1950.0,800.0,800.0],0.0003400423],
[[1950.0,850.0,850.0],0.0002733251],
[[1950.0,900.0,900.0],0.0003503045],
[[1950.0,950.0,950.0],0.0003039789],
[[2000.0,1.0,1.0],0.0003813479],
[[2000.0,75.0,75.0],0.0003187881],
[[2000.0,150.0,150.0],0.0003085404],
[[2000.0,200.0,200.0],0.0003008345],
[[2000.0,250.0,250.0],0.0003201969],
[[2000.0,300.0,300.0],0.0003296402],
[[2000.0,350.0,350.0],0.0003027173],
[[2000.0,400.0,400.0],0.0003067557],
[[2000.0,450.0,450.0],0.0003702012],
[[2000.0,500.0,500.0],0.0003471103],
[[2000.0,550.0,550.0],0.0003411018],
[[2000.0,600.0,600.0],0.0003385165],
[[2000.0,650.0,650.0],0.0002778636],
[[2000.0,700.0,700.0],0.0003508029],
[[2000.0,750.0,750.0],0.0003479432],
[[2000.0,800.0,800.0],0.0003365208],
[[2000.0,850.0,850.0],0.0003500483],
[[2000.0,900.0,900.0],0.0003310493],
[[2000.0,950.0,950.0],0.0003261904],
[[2250.0,1.0,1.0],0.0003694094],
[[2250.0,75.0,75.0],0.0003771328],
[[2250.0,150.0,150.0],0.0003270938],
[[2250.0,300.0,300.0],0.0003405539],
[[2250.0,500.0,500.0],0.0003526287],
[[2250.0,750.0,750.0],0.000365228],
[[2250.0,1000.0,1000.0],0.0003456558],
[[2500.0,1.0,1.0],0.0003829937],
[[2500.0,75.0,75.0],0.0003730998],
[[2500.0,150.0,150.0],0.0003518525],
[[2500.0,300.0,300.0],0.0003481427],
[[2500.0,500.0,500.0],0.0003473849],
[[2500.0,750.0,750.0],0.0003699293],
[[2500.0,1000.0,1000.0],0.0003515967],
[[2500.0,1200.0,1200.0],0.0003515704],
[[2750.0,1.0,1.0],0.0003622755],
[[2750.0,75.0,75.0],0.0003315653],
[[2750.0,150.0,150.0],0.0004080463],
[[2750.0,300.0,300.0],0.0003363099],
[[2750.0,500.0,500.0],0.00035853],
[[2750.0,750.0,750.0],0.0003928639],
[[2750.0,1000.0,1000.0],0.0004084423],
[[2750.0,1200.0,1200.0],0.0003778851],
[[3000.0,1.0,1.0],0.0003415185],
[[3000.0,75.0,75.0],0.0003789698],
[[3000.0,150.0,150.0],0.0003407816],
[[3000.0,300.0,300.0],0.0003834875],
[[3000.0,500.0,500.0],0.000362066],
[[3000.0,750.0,750.0],0.0003856103],
[[3000.0,1000.0,1000.0],0.0003875391],
[[3000.0,1200.0,1200.0],0.0003754647],
[[3000.0,1400.0,1400.0],0.0003954207]]
