txName: TRS1
constraint: {(PV > H0(1)), (H0(1) > MET(2),MET(3))}
condition: None
conditionDescription: None
figureUrl: https://cms-results.web.cern.ch/cms-results/public-results/publications/EXO-20-004/CMS-EXO-20-004_Figure_009-a.png
source: CMS
validated: True
axesMap: [{0: 'x', 1: '1.0', 2: '1.0'}, {0: 'x', 1: 'y', 2: 'y'}]
dataMap: {0: (1, 'mass', GeV), 1: (2, 'mass', GeV), 2: (3, 'mass', GeV)}
finalState: ['MET', 'MET']
intermediateState: None
efficiencyMap: [[[100.0,1.0,1.0],2.643922e-07],
[[100.0,10.0,10.0],2.554722e-07],
[[150.0,1.0,1.0],5.601748e-07],
[[150.0,50.0,50.0],4.006239e-07],
[[200.0,1.0,1.0],1.38699e-06],
[[200.0,50.0,50.0],7.375671e-07],
[[200.0,100.0,100.0],1.895323e-06],
[[250.0,1.0,1.0],9.988452e-07],
[[250.0,10.0,10.0],1.080393e-06],
[[250.0,50.0,50.0],8.106706e-07],
[[250.0,100.0,100.0],1.395423e-06],
[[300.0,1.0,1.0],1.282641e-06],
[[300.0,50.0,50.0],1.311305e-06],
[[300.0,100.0,100.0],1.797719e-06],
[[350.0,1.0,1.0],1.538486e-06],
[[350.0,50.0,50.0],1.689413e-06],
[[350.0,100.0,100.0],1.436843e-06],
[[350.0,150.0,150.0],1.741327e-06],
[[400.0,1.0,1.0],1.821743e-06],
[[400.0,50.0,50.0],2.169604e-06],
[[400.0,100.0,100.0],1.965989e-06],
[[400.0,150.0,150.0],2.277133e-06],
[[450.0,1.0,1.0],2.010779e-06],
[[450.0,50.0,50.0],2.232396e-06],
[[450.0,100.0,100.0],2.174035e-06],
[[450.0,150.0,150.0],3.028669e-06],
[[450.0,200.0,200.0],2.752551e-06],
[[500.0,1.0,1.0],3.966481e-06],
[[500.0,10.0,10.0],7.632337e-06],
[[500.0,50.0,50.0],3.914146e-06],
[[500.0,100.0,100.0],3.988965e-06],
[[500.0,150.0,150.0],3.559347e-06],
[[500.0,200.0,200.0],4.811284e-06],
[[550.0,1.0,1.0],6.313514e-06],
[[550.0,50.0,50.0],4.96518e-06],
[[550.0,100.0,100.0],5.086978e-06],
[[550.0,150.0,150.0],5.266262e-06],
[[550.0,200.0,200.0],5.477546e-06],
[[550.0,250.0,250.0],7.41958e-06],
[[600.0,1.0,1.0],7.398235e-06],
[[600.0,50.0,50.0],7.27913e-06],
[[600.0,100.0,100.0],8.207716e-06],
[[600.0,150.0,150.0],8.42244e-06],
[[600.0,200.0,200.0],9.987069e-06],
[[600.0,250.0,250.0],7.365775e-06],
[[650.0,1.0,1.0],9.045904e-06],
[[650.0,50.0,50.0],8.043785e-06],
[[650.0,100.0,100.0],1.141459e-05],
[[650.0,150.0,150.0],1.027384e-05],
[[650.0,200.0,200.0],1.066016e-05],
[[650.0,250.0,250.0],1.006662e-05],
[[650.0,300.0,300.0],1.206576e-05],
[[700.0,1.0,1.0],1.309821e-05],
[[700.0,50.0,50.0],1.485331e-05],
[[700.0,100.0,100.0],1.43962e-05],
[[700.0,150.0,150.0],1.4624e-05],
[[700.0,200.0,200.0],1.251375e-05],
[[700.0,250.0,250.0],1.505517e-05],
[[700.0,300.0,300.0],1.415477e-05],
[[750.0,1.0,1.0],1.657332e-05],
[[750.0,10.0,10.0],1.62777e-05],
[[750.0,50.0,50.0],1.490493e-05],
[[750.0,100.0,100.0],1.649212e-05],
[[750.0,150.0,150.0],1.804398e-05],
[[750.0,200.0,200.0],1.445173e-05],
[[750.0,250.0,250.0],2.152496e-05],
[[750.0,300.0,300.0],1.459034e-05],
[[750.0,350.0,350.0],2.268316e-05],
[[800.0,1.0,1.0],1.947099e-05],
[[800.0,150.0,150.0],2.69735e-05],
[[800.0,200.0,200.0],2.603408e-05],
[[800.0,250.0,250.0],2.279443e-05],
[[800.0,300.0,300.0],2.28661e-05],
[[800.0,350.0,350.0],2.737592e-05],
[[850.0,1.0,1.0],2.484576e-05],
[[850.0,150.0,150.0],2.944463e-05],
[[850.0,200.0,200.0],2.41072e-05],
[[850.0,250.0,250.0],2.325985e-05],
[[850.0,300.0,300.0],3.133505e-05],
[[850.0,350.0,350.0],2.674614e-05],
[[850.0,400.0,400.0],3.587108e-05],
[[900.0,1.0,1.0],2.892759e-05],
[[900.0,150.0,150.0],3.099758e-05],
[[900.0,200.0,200.0],2.989714e-05],
[[900.0,250.0,250.0],2.874859e-05],
[[900.0,300.0,300.0],2.825829e-05],
[[900.0,350.0,350.0],5.192424e-05],
[[900.0,400.0,400.0],3.954395e-05],
[[950.0,1.0,1.0],3.957468e-05],
[[950.0,150.0,150.0],3.515765e-05],
[[950.0,200.0,200.0],4.078569e-05],
[[950.0,250.0,250.0],4.258608e-05],
[[950.0,300.0,300.0],3.942089e-05],
[[950.0,350.0,350.0],4.509791e-05],
[[950.0,400.0,400.0],4.382093e-05],
[[950.0,450.0,450.0],4.570398e-05],
[[1000.0,1.0,1.0],4.442047e-05],
[[1000.0,10.0,10.0],4.052557e-05],
[[1000.0,50.0,50.0],4.124989e-05],
[[1000.0,100.0,100.0],4.022536e-05],
[[1000.0,150.0,150.0],4.332539e-05],
[[1000.0,200.0,200.0],4.6903e-05],
[[1000.0,250.0,250.0],4.852777e-05],
[[1000.0,300.0,300.0],5.79379e-05],
[[1000.0,350.0,350.0],5.569306e-05],
[[1000.0,400.0,400.0],4.863701e-05],
[[1000.0,450.0,450.0],5.174012e-05],
[[1050.0,1.0,1.0],4.226934e-05],
[[1050.0,150.0,150.0],4.344598e-05],
[[1050.0,200.0,200.0],5.269345e-05],
[[1050.0,250.0,250.0],5.695318e-05],
[[1050.0,300.0,300.0],5.741865e-05],
[[1050.0,350.0,350.0],5.486165e-05],
[[1050.0,400.0,400.0],5.53342e-05],
[[1050.0,450.0,450.0],6.079888e-05],
[[1050.0,500.0,500.0],8.719613e-05],
[[1100.0,1.0,1.0],5.490366e-05],
[[1100.0,150.0,150.0],5.697427e-05],
[[1100.0,200.0,200.0],6.285244e-05],
[[1100.0,250.0,250.0],8.393375e-05],
[[1100.0,300.0,300.0],6.087521e-05],
[[1100.0,350.0,350.0],6.694773e-05],
[[1100.0,400.0,400.0],6.120467e-05],
[[1100.0,450.0,450.0],5.643131e-05],
[[1100.0,500.0,500.0],7.345885e-05],
[[1150.0,1.0,1.0],5.651991e-05],
[[1150.0,150.0,150.0],6.86423e-05],
[[1150.0,200.0,200.0],6.989541e-05],
[[1150.0,250.0,250.0],7.026709e-05],
[[1150.0,300.0,300.0],7.332919e-05],
[[1150.0,350.0,350.0],9.609484e-05],
[[1150.0,400.0,400.0],9.308389e-05],
[[1150.0,450.0,450.0],8.152982e-05],
[[1150.0,500.0,500.0],8.407654e-05],
[[1150.0,550.0,550.0],9.344777e-05],
[[1200.0,1.0,1.0],6.026756e-05],
[[1200.0,150.0,150.0],0.000132107],
[[1200.0,200.0,200.0],7.415012e-05],
[[1200.0,250.0,250.0],8.592374e-05],
[[1200.0,300.0,300.0],8.208939e-05],
[[1200.0,350.0,350.0],8.489794e-05],
[[1200.0,400.0,400.0],7.736414e-05],
[[1200.0,450.0,450.0],8.175979e-05],
[[1200.0,500.0,500.0],9.034377e-05],
[[1200.0,550.0,550.0],0.0001055479],
[[1250.0,1.0,1.0],8.12008e-05],
[[1250.0,10.0,10.0],6.932197e-05],
[[1250.0,50.0,50.0],7.129917e-05],
[[1250.0,100.0,100.0],7.795105e-05],
[[1250.0,150.0,150.0],7.483288e-05],
[[1250.0,200.0,200.0],8.401299e-05],
[[1250.0,250.0,250.0],8.474551e-05],
[[1250.0,300.0,300.0],9.766152e-05],
[[1250.0,350.0,350.0],9.809563e-05],
[[1250.0,400.0,400.0],0.0001148878],
[[1250.0,450.0,450.0],9.886383e-05],
[[1250.0,500.0,500.0],0.000117241],
[[1250.0,550.0,550.0],0.0001195953],
[[1250.0,600.0,600.0],0.0001035126],
[[1300.0,1.0,1.0],7.058496e-05],
[[1300.0,150.0,150.0],7.443582e-05],
[[1300.0,200.0,200.0],0.0001579836],
[[1300.0,250.0,250.0],0.000113318],
[[1300.0,300.0,300.0],0.0002235528],
[[1300.0,350.0,350.0],0.0001194259],
[[1300.0,400.0,400.0],0.0001157001],
[[1300.0,450.0,450.0],0.0001002673],
[[1300.0,500.0,500.0],0.0001220521],
[[1300.0,550.0,550.0],0.0001025606],
[[1300.0,600.0,600.0],0.0001179531],
[[1350.0,1.0,1.0],8.755681e-05],
[[1350.0,150.0,150.0],9.389598e-05],
[[1350.0,200.0,200.0],0.0001001436],
[[1350.0,250.0,250.0],0.0001132273],
[[1350.0,300.0,300.0],0.0001168206],
[[1350.0,350.0,350.0],0.0001316282],
[[1350.0,400.0,400.0],0.0001617972],
[[1350.0,450.0,450.0],0.0001355673],
[[1350.0,500.0,500.0],0.0001411861],
[[1350.0,550.0,550.0],0.0001238654],
[[1350.0,600.0,600.0],0.0001834601],
[[1350.0,650.0,650.0],0.0001684769],
[[1400.0,1.0,1.0],9.942185e-05],
[[1400.0,150.0,150.0],9.243869e-05],
[[1400.0,200.0,200.0],0.0001013599],
[[1400.0,250.0,250.0],0.00011551],
[[1400.0,300.0,300.0],0.0001340248],
[[1400.0,350.0,350.0],0.0001164133],
[[1400.0,400.0,400.0],0.0001506495],
[[1400.0,450.0,450.0],0.0001579921],
[[1400.0,500.0,500.0],0.0001356202],
[[1400.0,550.0,550.0],0.0001581902],
[[1400.0,600.0,600.0],0.000146292],
[[1400.0,650.0,650.0],0.0001732413],
[[1450.0,1.0,1.0],9.608982e-05],
[[1450.0,150.0,150.0],0.0001108378],
[[1450.0,200.0,200.0],0.0001214514],
[[1450.0,250.0,250.0],0.0001187734],
[[1450.0,300.0,300.0],0.0001263485],
[[1450.0,350.0,350.0],0.0001326972],
[[1450.0,400.0,400.0],0.0001372457],
[[1450.0,450.0,450.0],0.0001416295],
[[1450.0,500.0,500.0],0.0001353552],
[[1450.0,550.0,550.0],0.0001488303],
[[1450.0,600.0,600.0],0.0001770448],
[[1450.0,650.0,650.0],0.0001468627],
[[1450.0,700.0,700.0],0.0001802489],
[[1500.0,1.0,1.0],0.0001030322],
[[1500.0,10.0,10.0],0.0001228555],
[[1500.0,50.0,50.0],0.0001041758],
[[1500.0,100.0,100.0],0.0001097723],
[[1500.0,150.0,150.0],0.0001443104],
[[1500.0,200.0,200.0],0.0001279602],
[[1500.0,250.0,250.0],0.0001508358],
[[1500.0,300.0,300.0],0.0001538353],
[[1500.0,350.0,350.0],0.0003731942],
[[1500.0,400.0,400.0],0.0001426636],
[[1500.0,450.0,450.0],0.0001561999],
[[1500.0,500.0,500.0],0.0001563756],
[[1500.0,550.0,550.0],0.0003740319],
[[1500.0,600.0,600.0],0.0001541118],
[[1500.0,650.0,650.0],0.0001941882],
[[1500.0,700.0,700.0],0.0002068669],
[[1500.0,750.0,750.0],0.0002330945],
[[1550.0,1.0,1.0],0.0001364563],
[[1550.0,150.0,150.0],0.0001170324],
[[1550.0,200.0,200.0],0.0001405864],
[[1550.0,250.0,250.0],0.0001568016],
[[1550.0,300.0,300.0],0.0001561653],
[[1550.0,350.0,350.0],0.0001523648],
[[1550.0,400.0,400.0],0.0001810606],
[[1550.0,450.0,450.0],0.0001850815],
[[1550.0,500.0,500.0],0.0001815463],
[[1550.0,550.0,550.0],0.0001481382],
[[1550.0,600.0,600.0],0.0001772056],
[[1550.0,650.0,650.0],0.0002083272],
[[1550.0,700.0,700.0],0.0001782658],
[[1550.0,750.0,750.0],0.0002126578],
[[1600.0,1.0,1.0],0.0001367438],
[[1600.0,150.0,150.0],0.0001867388],
[[1600.0,200.0,200.0],0.0001563055],
[[1600.0,250.0,250.0],0.0001475404],
[[1600.0,300.0,300.0],0.0001533706],
[[1600.0,350.0,350.0],0.0001746207],
[[1600.0,400.0,400.0],0.0001762149],
[[1600.0,450.0,450.0],0.0001843253],
[[1600.0,500.0,500.0],0.0001844281],
[[1600.0,550.0,550.0],0.0001881666],
[[1600.0,600.0,600.0],0.0001868033],
[[1600.0,650.0,650.0],0.0002113555],
[[1600.0,700.0,700.0],0.0001605537],
[[1600.0,750.0,750.0],0.0002077964],
[[1650.0,1.0,1.0],0.0001369733],
[[1650.0,150.0,150.0],0.000163789],
[[1650.0,200.0,200.0],0.0001558717],
[[1650.0,250.0,250.0],0.000162801],
[[1650.0,300.0,300.0],0.0001739207],
[[1650.0,350.0,350.0],0.0001873799],
[[1650.0,400.0,400.0],0.0001906387],
[[1650.0,450.0,450.0],0.00019245],
[[1650.0,500.0,500.0],0.0001635502],
[[1650.0,550.0,550.0],0.0002044654],
[[1650.0,600.0,600.0],0.0002068968],
[[1650.0,650.0,650.0],0.0002047639],
[[1650.0,700.0,700.0],0.0002670398],
[[1650.0,750.0,750.0],0.0002636977],
[[1650.0,800.0,800.0],0.0002305024],
[[1700.0,1.0,1.0],0.0001117941],
[[1700.0,150.0,150.0],0.0001474513],
[[1700.0,200.0,200.0],0.0001550675],
[[1700.0,250.0,250.0],0.0001704587],
[[1700.0,300.0,300.0],0.0001767203],
[[1700.0,350.0,350.0],0.0001722371],
[[1700.0,400.0,400.0],0.0001840074],
[[1700.0,450.0,450.0],0.0001968638],
[[1700.0,500.0,500.0],0.0002185439],
[[1700.0,550.0,550.0],0.00023996],
[[1700.0,600.0,600.0],0.0002169999],
[[1700.0,650.0,650.0],0.0002254789],
[[1700.0,700.0,700.0],0.0002160161],
[[1700.0,750.0,750.0],0.0002151311],
[[1700.0,800.0,800.0],0.0002547907],
[[1750.0,1.0,1.0],0.0001152895],
[[1750.0,10.0,10.0],0.0001151208],
[[1750.0,50.0,50.0],0.0001123684],
[[1750.0,100.0,100.0],0.0001456653],
[[1750.0,150.0,150.0],0.0001458807],
[[1750.0,200.0,200.0],0.0001607595],
[[1750.0,250.0,250.0],0.0001702717],
[[1750.0,300.0,300.0],0.0002113597],
[[1750.0,350.0,350.0],0.0001957743],
[[1750.0,400.0,400.0],0.0002198151],
[[1750.0,450.0,450.0],0.0002303648],
[[1750.0,500.0,500.0],0.0002334483],
[[1750.0,550.0,550.0],0.0002186604],
[[1750.0,600.0,600.0],0.0002249499],
[[1750.0,650.0,650.0],0.0002275374],
[[1750.0,700.0,700.0],0.0003110293],
[[1750.0,750.0,750.0],0.0003667993],
[[1750.0,800.0,800.0],0.0002563741],
[[1750.0,850.0,850.0],0.0002953511],
[[1800.0,1.0,1.0],0.0001309765],
[[1800.0,150.0,150.0],0.0001610178],
[[1800.0,200.0,200.0],0.0001809447],
[[1800.0,250.0,250.0],0.000171801],
[[1800.0,300.0,300.0],0.0001686929],
[[1800.0,350.0,350.0],0.0002011839],
[[1800.0,400.0,400.0],0.0002364468],
[[1800.0,450.0,450.0],0.0002680617],
[[1800.0,500.0,500.0],0.0002557483],
[[1800.0,550.0,550.0],0.0002510401],
[[1800.0,600.0,600.0],0.0002063304],
[[1800.0,650.0,650.0],0.0002450093],
[[1800.0,700.0,700.0],0.0002574519],
[[1800.0,750.0,750.0],0.0002644522],
[[1800.0,800.0,800.0],0.0002406292],
[[1800.0,850.0,850.0],0.0003155651],
[[1850.0,1.0,1.0],0.000135486],
[[1850.0,150.0,150.0],0.0001469796],
[[1850.0,200.0,200.0],0.0002834655],
[[1850.0,250.0,250.0],0.0001945107],
[[1850.0,300.0,300.0],0.0002179066],
[[1850.0,350.0,350.0],0.000191319],
[[1850.0,400.0,400.0],0.0003006581],
[[1850.0,450.0,450.0],0.0002815105],
[[1850.0,500.0,500.0],0.0002775875],
[[1850.0,550.0,550.0],0.0002532779],
[[1850.0,600.0,600.0],0.0002455883],
[[1850.0,650.0,650.0],0.0002122657],
[[1850.0,700.0,700.0],0.0002755631],
[[1850.0,750.0,750.0],0.0003275574],
[[1850.0,800.0,800.0],0.0002879426],
[[1850.0,850.0,850.0],0.0002530025],
[[1850.0,900.0,900.0],0.0002971525],
[[1900.0,1.0,1.0],0.0001340432],
[[1900.0,150.0,150.0],0.0001560123],
[[1900.0,200.0,200.0],0.0001682258],
[[1900.0,250.0,250.0],0.0001845611],
[[1900.0,300.0,300.0],0.0002056287],
[[1900.0,350.0,350.0],0.0002704784],
[[1900.0,400.0,400.0],0.0002646367],
[[1900.0,450.0,450.0],0.0002701527],
[[1900.0,500.0,500.0],0.0002581171],
[[1900.0,550.0,550.0],0.0002667417],
[[1900.0,600.0,600.0],0.0002710383],
[[1900.0,650.0,650.0],0.0002777344],
[[1900.0,700.0,700.0],0.00027251],
[[1900.0,750.0,750.0],0.0005977128],
[[1900.0,800.0,800.0],0.000312707],
[[1900.0,850.0,850.0],0.0002971074],
[[1900.0,900.0,900.0],0.0003772034],
[[1950.0,1.0,1.0],0.0001092069],
[[1950.0,150.0,150.0],0.0001434899],
[[1950.0,200.0,200.0],0.0002111344],
[[1950.0,250.0,250.0],0.0001872053],
[[1950.0,300.0,300.0],0.0002422412],
[[1950.0,350.0,350.0],0.0002288234],
[[1950.0,400.0,400.0],0.0002567219],
[[1950.0,450.0,450.0],0.0002559893],
[[1950.0,500.0,500.0],0.0003188587],
[[1950.0,550.0,550.0],0.0002965549],
[[1950.0,600.0,600.0],0.000456687],
[[1950.0,650.0,650.0],0.0003147598],
[[1950.0,700.0,700.0],0.0002851079],
[[1950.0,750.0,750.0],0.0003275513],
[[1950.0,800.0,800.0],0.0002792451],
[[1950.0,850.0,850.0],0.0003043924],
[[1950.0,900.0,900.0],0.0003048945],
[[1950.0,950.0,950.0],0.0005877183],
[[2000.0,1.0,1.0],0.000125866],
[[2000.0,10.0,10.0],0.0001196155],
[[2000.0,50.0,50.0],0.000137555],
[[2000.0,100.0,100.0],0.000129753],
[[2000.0,150.0,150.0],0.0001659515],
[[2000.0,200.0,200.0],0.0002087245],
[[2000.0,250.0,250.0],0.0001919822],
[[2000.0,300.0,300.0],0.0002504207],
[[2000.0,350.0,350.0],0.0002356815],
[[2000.0,400.0,400.0],0.0002557021],
[[2000.0,450.0,450.0],0.000274754],
[[2000.0,500.0,500.0],0.0002793613],
[[2000.0,550.0,550.0],0.0002684377],
[[2000.0,600.0,600.0],0.0003061999],
[[2000.0,650.0,650.0],0.0002690502],
[[2000.0,700.0,700.0],0.0002907525],
[[2000.0,750.0,750.0],0.000433463],
[[2000.0,800.0,800.0],0.0002598718],
[[2000.0,850.0,850.0],0.0003306339],
[[2000.0,900.0,900.0],0.0003423476],
[[2000.0,950.0,950.0],0.0004015937],
[[2250.0,1.0,1.0],0.0001275035],
[[2250.0,10.0,10.0],0.0001231728],
[[2250.0,50.0,50.0],0.0001302579],
[[2250.0,100.0,100.0],0.0001414517],
[[2250.0,150.0,150.0],0.000212637],
[[2250.0,300.0,300.0],0.0002428473],
[[2250.0,500.0,500.0],0.0003461177],
[[2250.0,750.0,750.0],0.0003994556],
[[2250.0,1000.0,1000.0],0.0004379146],
[[2500.0,1.0,1.0],0.0001408449],
[[2500.0,10.0,10.0],0.000161286],
[[2500.0,50.0,50.0],0.0001055219],
[[2500.0,100.0,100.0],0.0001511883],
[[2500.0,150.0,150.0],0.000158218],
[[2500.0,300.0,300.0],0.0002339852],
[[2500.0,500.0,500.0],0.0003770185],
[[2500.0,750.0,750.0],0.0004230633],
[[2500.0,1000.0,1000.0],0.0005958152],
[[2500.0,1200.0,1200.0],0.000483975],
[[2750.0,1.0,1.0],8.549169e-05],
[[2750.0,10.0,10.0],0.0001540847],
[[2750.0,50.0,50.0],9.297803e-05],
[[2750.0,100.0,100.0],0.0001142517],
[[2750.0,150.0,150.0],0.000172457],
[[2750.0,300.0,300.0],0.0003461542],
[[2750.0,500.0,500.0],0.0004242795],
[[2750.0,750.0,750.0],0.0004446333],
[[2750.0,1000.0,1000.0],0.0005299144],
[[2750.0,1200.0,1200.0],0.0004591239],
[[3000.0,1.0,1.0],7.93931e-05],
[[3000.0,10.0,10.0],8.367914e-05],
[[3000.0,50.0,50.0],9.121635e-05],
[[3000.0,100.0,100.0],9.762999e-05],
[[3000.0,150.0,150.0],0.0001345639],
[[3000.0,300.0,300.0],0.0002639326],
[[3000.0,500.0,500.0],0.0004391826],
[[3000.0,750.0,750.0],0.0005046742],
[[3000.0,1000.0,1000.0],0.00057441],
[[3000.0,1200.0,1200.0],0.0005071826],
[[3000.0,1400.0,1400.0],0.0006480922]]
