txName: TRV1
constraint: {(PV > Zprime(1)), (Zprime(1) > MET(2),MET(3))}
condition: None
conditionDescription: None
figureUrl: https://cms-results.web.cern.ch/cms-results/public-results/publications/EXO-20-004/CMS-EXO-20-004_Figure_007-b.png
source: https://doi.org/10.5281/zenodo.13324003
validated: True
axesMap: [{0: 'x', 1: 'y', 2: 'y'}]
dataMap: {0: (1, 'mass', GeV), 1: (2, 'mass', GeV), 2: (3, 'mass', GeV)}
finalState: ['MET', 'MET']
intermediateState: None
efficiencyMap: [[[50.0,1.0,1.0],0.0],
[[100.0,1.0,1.0],2.128498e-08],
[[100.0,10.0,10.0],1.843427e-08],
[[150.0,1.0,1.0],1.227444e-07],
[[150.0,75.0,75.0],7.791939e-08],
[[200.0,1.0,1.0],3.412416e-07],
[[200.0,75.0,75.0],4.041246e-07],
[[250.0,1.0,1.0],4.408597e-07],
[[250.0,10.0,10.0],5.369932e-07],
[[250.0,75.0,75.0],7.172523e-07],
[[300.0,1.0,1.0],1.121528e-06],
[[300.0,75.0,75.0],9.862843e-07],
[[350.0,1.0,1.0],1.702361e-06],
[[350.0,75.0,75.0],2.019904e-06],
[[350.0,150.0,150.0],1.9779e-06],
[[400.0,1.0,1.0],2.471538e-06],
[[400.0,75.0,75.0],2.555012e-06],
[[400.0,150.0,150.0],3.444525e-06],
[[450.0,1.0,1.0],3.390384e-06],
[[450.0,75.0,75.0],3.776211e-06],
[[450.0,150.0,150.0],4.069886e-06],
[[450.0,200.0,200.0],2.766951e-06],
[[500.0,1.0,1.0],4.735714e-06],
[[500.0,10.0,10.0],4.613488e-06],
[[500.0,75.0,75.0],4.821281e-06],
[[500.0,150.0,150.0],5.293225e-06],
[[500.0,200.0,200.0],4.067672e-06],
[[550.0,1.0,1.0],7.141962e-06],
[[550.0,75.0,75.0],6.666885e-06],
[[550.0,150.0,150.0],6.257095e-06],
[[550.0,200.0,200.0],5.55757e-06],
[[550.0,250.0,250.0],6.773418e-06],
[[600.0,1.0,1.0],7.383593e-06],
[[600.0,75.0,75.0],9.795188e-06],
[[600.0,150.0,150.0],7.499025e-06],
[[600.0,200.0,200.0],9.053066e-06],
[[600.0,250.0,250.0],8.055575e-06],
[[650.0,1.0,1.0],1.12245e-05],
[[650.0,75.0,75.0],1.030565e-05],
[[650.0,150.0,150.0],1.100764e-05],
[[650.0,200.0,200.0],8.746202e-06],
[[650.0,250.0,250.0],1.277251e-05],
[[650.0,300.0,300.0],1.020958e-05],
[[700.0,1.0,1.0],1.082546e-05],
[[700.0,75.0,75.0],1.159909e-05],
[[700.0,150.0,150.0],1.287483e-05],
[[700.0,200.0,200.0],9.558009e-06],
[[700.0,250.0,250.0],1.351169e-05],
[[700.0,300.0,300.0],1.285838e-05],
[[750.0,1.0,1.0],1.421153e-05],
[[750.0,10.0,10.0],1.634375e-05],
[[750.0,75.0,75.0],1.675629e-05],
[[750.0,150.0,150.0],1.379927e-05],
[[750.0,200.0,200.0],1.526705e-05],
[[750.0,250.0,250.0],1.692017e-05],
[[750.0,300.0,300.0],1.480928e-05],
[[750.0,350.0,350.0],1.390254e-05],
[[800.0,1.0,1.0],1.592644e-05],
[[800.0,75.0,75.0],1.945229e-05],
[[800.0,150.0,150.0],1.585247e-05],
[[800.0,200.0,200.0],1.711073e-05],
[[800.0,250.0,250.0],1.316877e-05],
[[800.0,300.0,300.0],1.60832e-05],
[[800.0,350.0,350.0],1.580206e-05],
[[850.0,1.0,1.0],1.795293e-05],
[[850.0,75.0,75.0],2.047007e-05],
[[850.0,150.0,150.0],1.999504e-05],
[[850.0,200.0,200.0],2.085608e-05],
[[850.0,250.0,250.0],1.930552e-05],
[[850.0,300.0,300.0],2.122314e-05],
[[850.0,350.0,350.0],2.174461e-05],
[[850.0,400.0,400.0],2.020991e-05],
[[900.0,1.0,1.0],2.081192e-05],
[[900.0,75.0,75.0],2.320833e-05],
[[900.0,150.0,150.0],2.262367e-05],
[[900.0,200.0,200.0],2.575658e-05],
[[900.0,250.0,250.0],2.145097e-05],
[[900.0,300.0,300.0],2.325043e-05],
[[900.0,350.0,350.0],1.971109e-05],
[[900.0,400.0,400.0],2.033802e-05],
[[950.0,1.0,1.0],2.415399e-05],
[[950.0,75.0,75.0],2.256824e-05],
[[950.0,150.0,150.0],2.93983e-05],
[[950.0,200.0,200.0],2.455296e-05],
[[950.0,250.0,250.0],2.994922e-05],
[[950.0,300.0,300.0],2.464194e-05],
[[950.0,350.0,350.0],2.640386e-05],
[[950.0,400.0,400.0],2.755608e-05],
[[950.0,450.0,450.0],2.863889e-05],
[[1000.0,1.0,1.0],3.053646e-05],
[[1000.0,10.0,10.0],2.691422e-05],
[[1000.0,75.0,75.0],2.909398e-05],
[[1000.0,150.0,150.0],2.525672e-05],
[[1000.0,200.0,200.0],3.258247e-05],
[[1000.0,250.0,250.0],2.488077e-05],
[[1000.0,300.0,300.0],2.949732e-05],
[[1000.0,350.0,350.0],3.125226e-05],
[[1000.0,400.0,400.0],3.533789e-05],
[[1000.0,450.0,450.0],3.080165e-05],
[[1050.0,1.0,1.0],2.839697e-05],
[[1050.0,75.0,75.0],3.167685e-05],
[[1050.0,150.0,150.0],2.612405e-05],
[[1050.0,200.0,200.0],3.367191e-05],
[[1050.0,250.0,250.0],3.182637e-05],
[[1050.0,300.0,300.0],3.262013e-05],
[[1050.0,350.0,350.0],4.175148e-05],
[[1050.0,400.0,400.0],4.516926e-05],
[[1050.0,450.0,450.0],3.416599e-05],
[[1050.0,500.0,500.0],3.433066e-05],
[[1100.0,1.0,1.0],3.154219e-05],
[[1100.0,75.0,75.0],3.593452e-05],
[[1100.0,150.0,150.0],4.025376e-05],
[[1100.0,200.0,200.0],3.136351e-05],
[[1100.0,250.0,250.0],3.057414e-05],
[[1100.0,300.0,300.0],3.758826e-05],
[[1100.0,350.0,350.0],3.952544e-05],
[[1100.0,400.0,400.0],3.382616e-05],
[[1100.0,450.0,450.0],3.972729e-05],
[[1100.0,500.0,500.0],3.999956e-05],
[[1150.0,1.0,1.0],3.966074e-05],
[[1150.0,75.0,75.0],4.054224e-05],
[[1150.0,150.0,150.0],3.573691e-05],
[[1150.0,200.0,200.0],4.100273e-05],
[[1150.0,250.0,250.0],4.063892e-05],
[[1150.0,300.0,300.0],3.872168e-05],
[[1150.0,350.0,350.0],4.165445e-05],
[[1150.0,400.0,400.0],3.580214e-05],
[[1150.0,450.0,450.0],4.965369e-05],
[[1150.0,500.0,500.0],4.362117e-05],
[[1150.0,550.0,550.0],4.015701e-05],
[[1200.0,1.0,1.0],4.160767e-05],
[[1200.0,75.0,75.0],4.006743e-05],
[[1200.0,150.0,150.0],4.396545e-05],
[[1200.0,200.0,200.0],4.284696e-05],
[[1200.0,250.0,250.0],4.344938e-05],
[[1200.0,300.0,300.0],4.565621e-05],
[[1200.0,350.0,350.0],4.095133e-05],
[[1200.0,400.0,400.0],5.063874e-05],
[[1200.0,450.0,450.0],4.557623e-05],
[[1200.0,500.0,500.0],4.107947e-05],
[[1200.0,550.0,550.0],4.449112e-05],
[[1250.0,1.0,1.0],4.507416e-05],
[[1250.0,10.0,10.0],4.919539e-05],
[[1250.0,75.0,75.0],4.401996e-05],
[[1250.0,150.0,150.0],4.727973e-05],
[[1250.0,200.0,200.0],4.511453e-05],
[[1250.0,250.0,250.0],4.021468e-05],
[[1250.0,300.0,300.0],4.546486e-05],
[[1250.0,350.0,350.0],4.617312e-05],
[[1250.0,400.0,400.0],5.368527e-05],
[[1250.0,450.0,450.0],3.928548e-05],
[[1250.0,500.0,500.0],4.631642e-05],
[[1250.0,550.0,550.0],4.571726e-05],
[[1250.0,600.0,600.0],5.53284e-05],
[[1300.0,1.0,1.0],5.05958e-05],
[[1300.0,75.0,75.0],4.744007e-05],
[[1300.0,150.0,150.0],3.997716e-05],
[[1300.0,200.0,200.0],5.040623e-05],
[[1300.0,250.0,250.0],4.51448e-05],
[[1300.0,300.0,300.0],5.590783e-05],
[[1300.0,350.0,350.0],4.98306e-05],
[[1300.0,400.0,400.0],4.835007e-05],
[[1300.0,450.0,450.0],4.986815e-05],
[[1300.0,500.0,500.0],5.1361e-05],
[[1300.0,550.0,550.0],5.308727e-05],
[[1300.0,600.0,600.0],5.799554e-05],
[[1350.0,1.0,1.0],4.807336e-05],
[[1350.0,75.0,75.0],4.780958e-05],
[[1350.0,150.0,150.0],4.738839e-05],
[[1350.0,200.0,200.0],4.639052e-05],
[[1350.0,250.0,250.0],4.881982e-05],
[[1350.0,300.0,300.0],5.89845e-05],
[[1350.0,350.0,350.0],5.532525e-05],
[[1350.0,400.0,400.0],4.798214e-05],
[[1350.0,450.0,450.0],5.534673e-05],
[[1350.0,500.0,500.0],5.378771e-05],
[[1350.0,550.0,550.0],5.877159e-05],
[[1350.0,600.0,600.0],4.725431e-05],
[[1350.0,650.0,650.0],4.53818e-05],
[[1400.0,1.0,1.0],5.245816e-05],
[[1400.0,75.0,75.0],5.584898e-05],
[[1400.0,150.0,150.0],3.662989e-05],
[[1400.0,200.0,200.0],5.447771e-05],
[[1400.0,250.0,250.0],4.979046e-05],
[[1400.0,300.0,300.0],5.116987e-05],
[[1400.0,350.0,350.0],5.862098e-05],
[[1400.0,400.0,400.0],6.225999e-05],
[[1400.0,450.0,450.0],5.359574e-05],
[[1400.0,500.0,500.0],6.222267e-05],
[[1400.0,550.0,550.0],5.057375e-05],
[[1400.0,600.0,600.0],5.939966e-05],
[[1400.0,650.0,650.0],6.064601e-05],
[[1450.0,1.0,1.0],5.864698e-05],
[[1450.0,75.0,75.0],6.416551e-05],
[[1450.0,150.0,150.0],5.947762e-05],
[[1450.0,200.0,200.0],5.722162e-05],
[[1450.0,250.0,250.0],6.371294e-05],
[[1450.0,300.0,300.0],5.569112e-05],
[[1450.0,350.0,350.0],5.788473e-05],
[[1450.0,400.0,400.0],5.106274e-05],
[[1450.0,450.0,450.0],5.266461e-05],
[[1450.0,500.0,500.0],7.887818e-05],
[[1450.0,550.0,550.0],5.006722e-05],
[[1450.0,600.0,600.0],7.257458e-05],
[[1450.0,650.0,650.0],6.401153e-05],
[[1450.0,700.0,700.0],5.985982e-05],
[[1500.0,1.0,1.0],5.446641e-05],
[[1500.0,10.0,10.0],5.458469e-05],
[[1500.0,75.0,75.0],5.869086e-05],
[[1500.0,150.0,150.0],5.532908e-05],
[[1500.0,200.0,200.0],5.782641e-05],
[[1500.0,250.0,250.0],7.140443e-05],
[[1500.0,300.0,300.0],5.548652e-05],
[[1500.0,350.0,350.0],5.966154e-05],
[[1500.0,400.0,400.0],7.049896e-05],
[[1500.0,450.0,450.0],6.197485e-05],
[[1500.0,500.0,500.0],6.355891e-05],
[[1500.0,550.0,550.0],6.76577e-05],
[[1500.0,600.0,600.0],5.703876e-05],
[[1500.0,650.0,650.0],5.757902e-05],
[[1500.0,700.0,700.0],6.567901e-05],
[[1500.0,750.0,750.0],7.555965e-05],
[[1550.0,1.0,1.0],5.850439e-05],
[[1550.0,75.0,75.0],5.989585e-05],
[[1550.0,150.0,150.0],7.591603e-05],
[[1550.0,200.0,200.0],7.281028e-05],
[[1550.0,250.0,250.0],8.958139e-05],
[[1550.0,300.0,300.0],6.451687e-05],
[[1550.0,350.0,350.0],7.066331e-05],
[[1550.0,400.0,400.0],6.547222e-05],
[[1550.0,450.0,450.0],7.302583e-05],
[[1550.0,500.0,500.0],7.95898e-05],
[[1550.0,550.0,550.0],6.806169e-05],
[[1550.0,600.0,600.0],7.315586e-05],
[[1550.0,650.0,650.0],6.919244e-05],
[[1550.0,700.0,700.0],7.222159e-05],
[[1550.0,750.0,750.0],6.473442e-05],
[[1600.0,1.0,1.0],6.723044e-05],
[[1600.0,75.0,75.0],7.057583e-05],
[[1600.0,150.0,150.0],7.068151e-05],
[[1600.0,200.0,200.0],6.8228e-05],
[[1600.0,250.0,250.0],7.471335e-05],
[[1600.0,300.0,300.0],6.055539e-05],
[[1600.0,350.0,350.0],5.767969e-05],
[[1600.0,400.0,400.0],6.062289e-05],
[[1600.0,450.0,450.0],6.6656e-05],
[[1600.0,500.0,500.0],7.117421e-05],
[[1600.0,550.0,550.0],6.906636e-05],
[[1600.0,600.0,600.0],5.973692e-05],
[[1600.0,650.0,650.0],7.75379e-05],
[[1600.0,700.0,700.0],6.955394e-05],
[[1600.0,750.0,750.0],7.485893e-05],
[[1650.0,1.0,1.0],6.863026e-05],
[[1650.0,75.0,75.0],7.627237e-05],
[[1650.0,150.0,150.0],7.073997e-05],
[[1650.0,200.0,200.0],6.191394e-05],
[[1650.0,250.0,250.0],7.119981e-05],
[[1650.0,300.0,300.0],6.94403e-05],
[[1650.0,350.0,350.0],7.8263e-05],
[[1650.0,400.0,400.0],6.483644e-05],
[[1650.0,450.0,450.0],7.827413e-05],
[[1650.0,500.0,500.0],7.376787e-05],
[[1650.0,550.0,550.0],7.410755e-05],
[[1650.0,600.0,600.0],7.317461e-05],
[[1650.0,650.0,650.0],8.037132e-05],
[[1650.0,700.0,700.0],7.341547e-05],
[[1650.0,750.0,750.0],8.253163e-05],
[[1650.0,800.0,800.0],9.733959e-05],
[[1700.0,1.0,1.0],7.638645e-05],
[[1700.0,75.0,75.0],7.197743e-05],
[[1700.0,150.0,150.0],6.568526e-05],
[[1700.0,200.0,200.0],7.445633e-05],
[[1700.0,250.0,250.0],6.477155e-05],
[[1700.0,300.0,300.0],7.665558e-05],
[[1700.0,350.0,350.0],6.738139e-05],
[[1700.0,400.0,400.0],8.057636e-05],
[[1700.0,450.0,450.0],6.93259e-05],
[[1700.0,500.0,500.0],7.561721e-05],
[[1700.0,550.0,550.0],0.0001176203],
[[1700.0,600.0,600.0],8.249538e-05],
[[1700.0,650.0,650.0],7.881591e-05],
[[1700.0,700.0,700.0],7.656289e-05],
[[1700.0,750.0,750.0],7.98512e-05],
[[1700.0,800.0,800.0],8.204756e-05],
[[1750.0,1.0,1.0],8.123737e-05],
[[1750.0,10.0,10.0],7.969529e-05],
[[1750.0,75.0,75.0],6.813258e-05],
[[1750.0,150.0,150.0],8.003791e-05],
[[1750.0,200.0,200.0],6.506998e-05],
[[1750.0,250.0,250.0],7.202042e-05],
[[1750.0,300.0,300.0],9.122578e-05],
[[1750.0,350.0,350.0],8.21967e-05],
[[1750.0,400.0,400.0],8.22725e-05],
[[1750.0,450.0,450.0],7.247407e-05],
[[1750.0,500.0,500.0],9.977601e-05],
[[1750.0,550.0,550.0],7.531813e-05],
[[1750.0,600.0,600.0],7.450346e-05],
[[1750.0,650.0,650.0],7.615587e-05],
[[1750.0,700.0,700.0],7.301731e-05],
[[1750.0,750.0,750.0],0.0001016683],
[[1750.0,800.0,800.0],7.577138e-05],
[[1750.0,850.0,850.0],0.000117189],
[[1800.0,1.0,1.0],6.847656e-05],
[[1800.0,75.0,75.0],7.049704e-05],
[[1800.0,150.0,150.0],8.035757e-05],
[[1800.0,200.0,200.0],7.95843e-05],
[[1800.0,250.0,250.0],7.699873e-05],
[[1800.0,300.0,300.0],7.821449e-05],
[[1800.0,350.0,350.0],8.072924e-05],
[[1800.0,400.0,400.0],7.246395e-05],
[[1800.0,450.0,450.0],7.741006e-05],
[[1800.0,500.0,500.0],7.486872e-05],
[[1800.0,550.0,550.0],8.324076e-05],
[[1800.0,600.0,600.0],7.751649e-05],
[[1800.0,650.0,650.0],9.627153e-05],
[[1800.0,700.0,700.0],8.692036e-05],
[[1800.0,750.0,750.0],7.839655e-05],
[[1800.0,800.0,800.0],8.226926e-05],
[[1800.0,850.0,850.0],7.689389e-05],
[[1850.0,1.0,1.0],7.316422e-05],
[[1850.0,75.0,75.0],6.500483e-05],
[[1850.0,150.0,150.0],7.807026e-05],
[[1850.0,200.0,200.0],8.191973e-05],
[[1850.0,250.0,250.0],7.855627e-05],
[[1850.0,300.0,300.0],7.808892e-05],
[[1850.0,350.0,350.0],9.63253e-05],
[[1850.0,400.0,400.0],7.445564e-05],
[[1850.0,450.0,450.0],8.12016e-05],
[[1850.0,500.0,500.0],7.017829e-05],
[[1850.0,550.0,550.0],9.065337e-05],
[[1850.0,600.0,600.0],9.983907e-05],
[[1850.0,650.0,650.0],0.0001011186],
[[1850.0,700.0,700.0],8.464786e-05],
[[1850.0,750.0,750.0],7.645956e-05],
[[1850.0,800.0,800.0],9.277497e-05],
[[1850.0,850.0,850.0],9.961067e-05],
[[1850.0,900.0,900.0],0.0001028989],
[[1900.0,1.0,1.0],8.015573e-05],
[[1900.0,75.0,75.0],7.408234e-05],
[[1900.0,150.0,150.0],7.626933e-05],
[[1900.0,200.0,200.0],8.675102e-05],
[[1900.0,250.0,250.0],8.182408e-05],
[[1900.0,300.0,300.0],8.044908e-05],
[[1900.0,350.0,350.0],8.049846e-05],
[[1900.0,400.0,400.0],8.198816e-05],
[[1900.0,450.0,450.0],0.0001027592],
[[1900.0,500.0,500.0],7.966076e-05],
[[1900.0,550.0,550.0],8.505377e-05],
[[1900.0,600.0,600.0],7.635263e-05],
[[1900.0,650.0,650.0],7.923696e-05],
[[1900.0,700.0,700.0],9.054382e-05],
[[1900.0,750.0,750.0],9.252774e-05],
[[1900.0,800.0,800.0],8.499901e-05],
[[1900.0,850.0,850.0],8.970992e-05],
[[1900.0,900.0,900.0],7.766213e-05],
[[1950.0,1.0,1.0],8.474552e-05],
[[1950.0,75.0,75.0],7.993996e-05],
[[1950.0,150.0,150.0],7.946238e-05],
[[1950.0,200.0,200.0],8.122845e-05],
[[1950.0,250.0,250.0],7.766562e-05],
[[1950.0,300.0,300.0],9.575119e-05],
[[1950.0,350.0,350.0],9.613685e-05],
[[1950.0,400.0,400.0],0.0001048416],
[[1950.0,450.0,450.0],8.30137e-05],
[[1950.0,500.0,500.0],8.120072e-05],
[[1950.0,550.0,550.0],0.0001095208],
[[1950.0,600.0,600.0],9.54463e-05],
[[1950.0,650.0,650.0],0.0001104272],
[[1950.0,700.0,700.0],7.964784e-05],
[[1950.0,750.0,750.0],9.423128e-05],
[[1950.0,800.0,800.0],8.726804e-05],
[[1950.0,850.0,850.0],9.419376e-05],
[[1950.0,900.0,900.0],9.835281e-05],
[[1950.0,950.0,950.0],8.723131e-05],
[[2000.0,1.0,1.0],9.238796e-05],
[[2000.0,75.0,75.0],8.841545e-05],
[[2000.0,150.0,150.0],0.0001024013],
[[2000.0,200.0,200.0],9.086819e-05],
[[2000.0,250.0,250.0],8.306751e-05],
[[2000.0,300.0,300.0],0.0001014275],
[[2000.0,350.0,350.0],8.849087e-05],
[[2000.0,400.0,400.0],9.120361e-05],
[[2000.0,450.0,450.0],9.538388e-05],
[[2000.0,500.0,500.0],8.766809e-05],
[[2000.0,550.0,550.0],0.0001037916],
[[2000.0,600.0,600.0],0.0001125176],
[[2000.0,650.0,650.0],9.420789e-05],
[[2000.0,700.0,700.0],9.743917e-05],
[[2000.0,750.0,750.0],0.0001009368],
[[2000.0,800.0,800.0],0.0001212659],
[[2000.0,850.0,850.0],0.0001052084],
[[2000.0,900.0,900.0],9.793413e-05],
[[2000.0,950.0,950.0],9.995966e-05],
[[2250.0,1.0,1.0],0.0001016437],
[[2250.0,75.0,75.0],0.0001067645],
[[2250.0,150.0,150.0],0.0001217662],
[[2250.0,300.0,300.0],0.0001011915],
[[2250.0,500.0,500.0],0.0001063251],
[[2250.0,750.0,750.0],0.0001050174],
[[2250.0,1000.0,1000.0],0.0001330431],
[[2500.0,1.0,1.0],0.0001132191],
[[2500.0,75.0,75.0],0.0001017219],
[[2500.0,150.0,150.0],0.0001078306],
[[2500.0,300.0,300.0],0.0001148738],
[[2500.0,500.0,500.0],9.860934e-05],
[[2500.0,750.0,750.0],0.0001022927],
[[2500.0,1000.0,1000.0],0.0001125072],
[[2500.0,1200.0,1200.0],0.0001027767],
[[2750.0,1.0,1.0],0.0001370903],
[[2750.0,75.0,75.0],0.0001360732],
[[2750.0,150.0,150.0],9.87531e-05],
[[2750.0,300.0,300.0],0.0001157249],
[[2750.0,500.0,500.0],0.0001048593],
[[2750.0,750.0,750.0],0.0001249274],
[[2750.0,1000.0,1000.0],0.0001176081],
[[2750.0,1200.0,1200.0],0.000118705],
[[3000.0,1.0,1.0],0.0001354648],
[[3000.0,75.0,75.0],0.0001111316],
[[3000.0,150.0,150.0],0.0001245693],
[[3000.0,300.0,300.0],0.0001161234],
[[3000.0,500.0,500.0],0.0001069049],
[[3000.0,750.0,750.0],0.0001114634],
[[3000.0,1000.0,1000.0],0.0001153383],
[[3000.0,1200.0,1200.0],0.0001257321],
[[3000.0,1400.0,1400.0],0.0001089354]]
