txName: TRV1
constraint: {(PV > Zprime(1)), (Zprime(1) > MET(2),MET(3))}
condition: None
conditionDescription: None
figureUrl: None
source: Recast by CM2
validated: True
axesMap: [{0: 'x', 1: 'y', 2: 'y'}]
dataMap: {0: (1, 'mass', GeV), 1: (2, 'mass', GeV), 2: (3, 'mass', GeV)}
finalState: ['MET', 'MET']
intermediateState: None
efficiencyMap: [[[50.0,0,0],0.0],
[[50.0,1.0,1.0],0.0],
[[50.0,10.0,10.0],0.0],
[[50.0,20.0,20.0],0.0],
[[100.0,0,0],0.0],
[[100.0,1.0,1.0],0.0],
[[100.0,10.0,10.0],0],
[[150.0,0,0],0],
[[150.0,1.0,1.0],0],
[[150.0,10.0,10.0],0],
[[150.0,50.0,50.0],0],
[[150.0,70.0,70.0],0],
[[200.0,0,0],0],
[[200.0,1.0,1.0],0],
[[200.0,10.0,10.0],0],
[[200.0,50.0,50.0],0],
[[200.0,75.0,75.0],0],
[[250.0,0,0],0],
[[250.0,1.0,1.0],0],
[[250.0,10.0,10.0],0],
[[250.0,50.0,50.0],0],
[[250.0,75.0,75.0],0],
[[250.0,100.0,100.0],0],
[[250.0,120.0,120.0],0],
[[300.0,0,0],0],
[[300.0,1.0,1.0],0],
[[300.0,10.0,10.0],0],
[[300.0,50.0,50.0],0],
[[300.0,75.0,75.0],0],
[[300.0,100.0,100.0],0],
[[350.0,0,0],0],
[[350.0,1.0,1.0],0],
[[350.0,10.0,10.0],0],
[[350.0,50.0,50.0],0],
[[350.0,75.0,75.0],0],
[[350.0,100.0,100.0],0],
[[350.0,150.0,150.0],0],
[[350.0,170.0,170.0],0],
[[400.0,0,0],0],
[[400.0,1.0,1.0],0],
[[400.0,10.0,10.0],0],
[[400.0,50.0,50.0],0],
[[400.0,75.0,75.0],0],
[[400.0,100.0,100.0],0],
[[400.0,150.0,150.0],0],
[[450.0,0,0],0],
[[450.0,1.0,1.0],0],
[[450.0,10.0,10.0],0],
[[450.0,50.0,50.0],0],
[[450.0,75.0,75.0],0],
[[450.0,100.0,100.0],0],
[[450.0,150.0,150.0],0],
[[450.0,200.0,200.0],1.735425e-06],
[[450.0,220.0,220.0],0],
[[500.0,0,0],2.134549e-06],
[[500.0,1.0,1.0],0],
[[500.0,10.0,10.0],1.892259e-06],
[[500.0,50.0,50.0],0],
[[500.0,75.0,75.0],0],
[[500.0,100.0,100.0],2.017646e-06],
[[500.0,150.0,150.0],2.326375e-06],
[[500.0,200.0,200.0],0],
[[550.0,1.0,1.0],1.818797e-06],
[[550.0,10.0,10.0],2.008322e-06],
[[550.0,75.0,75.0],2.676377e-06],
[[550.0,150.0,150.0],1.807424e-06],
[[550.0,200.0,200.0],1.812706e-06],
[[550.0,250.0,250.0],2.980671e-06],
[[550.0,270.0,270.0],1.781083e-06],
[[600.0,0,0],2.21375e-06],
[[600.0,1.0,1.0],3.133653e-06],
[[600.0,10.0,10.0],3.355222e-06],
[[600.0,50.0,50.0],2.389674e-06],
[[600.0,75.0,75.0],4.224166e-06],
[[600.0,100.0,100.0],2.983404e-06],
[[600.0,150.0,150.0],3.520986e-06],
[[600.0,200.0,200.0],3.609195e-06],
[[600.0,250.0,250.0],3.068559e-06],
[[600.0,295.0,295.0],2.212577e-06],
[[650.0,1.0,1.0],4.50339e-06],
[[650.0,10.0,10.0],3.044902e-06],
[[650.0,75.0,75.0],5.008498e-06],
[[650.0,150.0,150.0],3.426133e-06],
[[650.0,200.0,200.0],3.425836e-06],
[[650.0,250.0,250.0],3.123909e-06],
[[650.0,300.0,300.0],4.625569e-06],
[[650.0,320.0,320.0],4.539327e-06],
[[700.0,0,0],4.773205e-06],
[[700.0,1.0,1.0],2.581395e-06],
[[700.0,10.0,10.0],4.80562e-06],
[[700.0,50.0,50.0],4.230846e-06],
[[700.0,75.0,75.0],4.972469e-06],
[[700.0,100.0,100.0],2.370846e-06],
[[700.0,150.0,150.0],4.144201e-06],
[[700.0,200.0,200.0],5.769298e-06],
[[700.0,250.0,250.0],3.048556e-06],
[[700.0,300.0,300.0],3.038144e-06],
[[750.0,1.0,1.0],4.934228e-06],
[[750.0,10.0,10.0],6.502102e-06],
[[750.0,75.0,75.0],6.408268e-06],
[[750.0,150.0,150.0],4.52015e-06],
[[750.0,200.0,200.0],9.421376e-06],
[[750.0,250.0,250.0],6.268696e-06],
[[750.0,300.0,300.0],6.644099e-06],
[[750.0,350.0,350.0],6.639658e-06],
[[750.0,370.0,370.0],6.242363e-06],
[[800.0,0,0],6.063778e-06],
[[800.0,1.0,1.0],5.789117e-06],
[[800.0,10.0,10.0],6.602176e-06],
[[800.0,50.0,50.0],7.835593e-06],
[[800.0,75.0,75.0],7.82827e-06],
[[800.0,100.0,100.0],6.890559e-06],
[[800.0,150.0,150.0],1.052627e-05],
[[800.0,200.0,200.0],7.902543e-06],
[[800.0,250.0,250.0],6.943708e-06],
[[800.0,300.0,300.0],7.829726e-06],
[[800.0,350.0,350.0],6.176229e-06],
[[850.0,1.0,1.0],7.421254e-06],
[[850.0,10.0,10.0],8.962258e-06],
[[850.0,75.0,75.0],7.215828e-06],
[[850.0,150.0,150.0],8.930488e-06],
[[850.0,200.0,200.0],7.866553e-06],
[[850.0,250.0,250.0],8.275228e-06],
[[850.0,300.0,300.0],1.033776e-05],
[[850.0,350.0,350.0],8.729354e-06],
[[850.0,400.0,400.0],1.062102e-05],
[[850.0,420.0,420.0],8.310616e-06],
[[900.0,0,0],8.438768e-06],
[[900.0,1.0,1.0],1.123834e-05],
[[900.0,10.0,10.0],1.049433e-05],
[[900.0,50.0,50.0],8.547855e-06],
[[900.0,75.0,75.0],9.349079e-06],
[[900.0,100.0,100.0],8.227578e-06],
[[900.0,150.0,150.0],8.6284e-06],
[[900.0,200.0,200.0],1.146304e-05],
[[900.0,250.0,250.0],9.946619e-06],
[[900.0,300.0,300.0],1.21875e-05],
[[900.0,350.0,350.0],8.58489e-06],
[[900.0,400.0,400.0],1.135829e-05],
[[950.0,1.0,1.0],7.074008e-06],
[[950.0,10.0,10.0],1.151004e-05],
[[950.0,75.0,75.0],8.192889e-06],
[[950.0,150.0,150.0],9.090103e-06],
[[950.0,200.0,200.0],1.115464e-05],
[[950.0,250.0,250.0],8.001982e-06],
[[950.0,300.0,300.0],8.151425e-06],
[[950.0,350.0,350.0],1.155876e-05],
[[950.0,400.0,400.0],1.025878e-05],
[[950.0,450.0,450.0],1.009092e-05],
[[950.0,470.0,470.0],1.504064e-05],
[[1000.0,0,0],1.317556e-05],
[[1000.0,50.0,50.0],1.316614e-05],
[[1000.0,100.0,100.0],1.230718e-05],
[[1000.0,150.0,150.0],1.166672e-05],
[[1000.0,200.0,200.0],1.330804e-05],
[[1000.0,250.0,250.0],1.347398e-05],
[[1000.0,300.0,300.0],1.612216e-05],
[[1000.0,350.0,350.0],1.465827e-05],
[[1000.0,400.0,400.0],1.29108e-05],
[[1000.0,450.0,450.0],1.228784e-05],
[[1050.0,520.0,520.0],1.514175e-05],
[[1100.0,0,0],1.642594e-05],
[[1100.0,100.0,100.0],1.747455e-05],
[[1100.0,200.0,200.0],1.492914e-05],
[[1100.0,300.0,300.0],1.360879e-05],
[[1100.0,400.0,400.0],1.57445e-05],
[[1100.0,500.0,500.0],1.319043e-05],
[[1150.0,570.0,570.0],1.972517e-05],
[[1200.0,0,0],1.95489e-05],
[[1200.0,100.0,100.0],1.846947e-05],
[[1200.0,200.0,200.0],1.7207e-05],
[[1200.0,300.0,300.0],1.96441e-05],
[[1200.0,400.0,400.0],1.851556e-05],
[[1200.0,500.0,500.0],1.841597e-05],
[[1250.0,620.0,620.0],2.419708e-05],
[[1300.0,0,0],2.629577e-05],
[[1300.0,100.0,100.0],2.319855e-05],
[[1300.0,200.0,200.0],2.239722e-05],
[[1300.0,300.0,300.0],2.450573e-05],
[[1300.0,400.0,400.0],2.117623e-05],
[[1300.0,500.0,500.0],2.371216e-05],
[[1300.0,600.0,600.0],1.901353e-05],
[[1350.0,670.0,670.0],3.22336e-05],
[[1400.0,0,0],3.35484e-05],
[[1400.0,100.0,100.0],2.375701e-05],
[[1400.0,200.0,200.0],3.600186e-05],
[[1400.0,300.0,300.0],2.943166e-05],
[[1400.0,400.0,400.0],3.080056e-05],
[[1400.0,500.0,500.0],2.734886e-05],
[[1400.0,600.0,600.0],3.427113e-05],
[[1450.0,720.0,720.0],3.119302e-05],
[[1500.0,0,0],2.816745e-05],
[[1500.0,100.0,100.0],3.071913e-05],
[[1500.0,200.0,200.0],2.932065e-05],
[[1500.0,300.0,300.0],2.835289e-05],
[[1500.0,400.0,400.0],2.109754e-05],
[[1500.0,500.0,500.0],2.669035e-05],
[[1500.0,600.0,600.0],2.951194e-05],
[[1500.0,700.0,700.0],3.075704e-05],
[[1550.0,770.0,770.0],3.098093e-05],
[[1600.0,0,0],3.266431e-05],
[[1600.0,100.0,100.0],3.414424e-05],
[[1600.0,200.0,200.0],3.129287e-05],
[[1600.0,300.0,300.0],3.31692e-05],
[[1600.0,400.0,400.0],3.608456e-05],
[[1600.0,500.0,500.0],3.622714e-05],
[[1600.0,600.0,600.0],3.34616e-05],
[[1600.0,700.0,700.0],3.957244e-05],
[[1650.0,820.0,820.0],3.863033e-05],
[[1700.0,0,0],3.59887e-05],
[[1700.0,100.0,100.0],2.872626e-05],
[[1700.0,200.0,200.0],3.698673e-05],
[[1700.0,300.0,300.0],3.97659e-05],
[[1700.0,400.0,400.0],4.302218e-05],
[[1700.0,500.0,500.0],3.121349e-05],
[[1700.0,600.0,600.0],3.729059e-05],
[[1700.0,700.0,700.0],3.509238e-05],
[[1700.0,800.0,800.0],4.880079e-05],
[[1750.0,870.0,870.0],5.324435e-05],
[[1800.0,0,0],3.968537e-05],
[[1800.0,100.0,100.0],4.298442e-05],
[[1800.0,200.0,200.0],3.36666e-05],
[[1800.0,300.0,300.0],4.075785e-05],
[[1800.0,400.0,400.0],4.539343e-05],
[[1800.0,500.0,500.0],4.556327e-05],
[[1800.0,600.0,600.0],4.245327e-05],
[[1800.0,700.0,700.0],5.280255e-05],
[[1800.0,800.0,800.0],4.736385e-05],
[[1850.0,920.0,920.0],4.508379e-05],
[[1900.0,0,0],4.056412e-05],
[[1900.0,100.0,100.0],4.209753e-05],
[[1900.0,200.0,200.0],4.870052e-05],
[[1900.0,300.0,300.0],4.157223e-05],
[[1900.0,400.0,400.0],4.270934e-05],
[[1900.0,500.0,500.0],5.2897e-05],
[[1900.0,600.0,600.0],4.736661e-05],
[[1900.0,700.0,700.0],4.251541e-05],
[[1900.0,800.0,800.0],4.431971e-05],
[[1900.0,900.0,900.0],4.43993e-05],
[[1950.0,970.0,970.0],6.665079e-05],
[[2000.0,0,0],4.920241e-05],
[[2000.0,100.0,100.0],3.984433e-05],
[[2000.0,200.0,200.0],4.304198e-05],
[[2000.0,300.0,300.0],4.127393e-05],
[[2000.0,400.0,400.0],5.045442e-05],
[[2000.0,500.0,500.0],4.608866e-05],
[[2000.0,600.0,600.0],5.783826e-05],
[[2000.0,700.0,700.0],4.752164e-05],
[[2000.0,800.0,800.0],4.837487e-05],
[[2000.0,900.0,900.0],4.335465e-05],
[[2050.0,1020.0,1020.0],5.787513e-05],
[[2100.0,0,0],4.758335e-05],
[[2100.0,100.0,100.0],5.328636e-05],
[[2100.0,200.0,200.0],6.143139e-05],
[[2100.0,300.0,300.0],5.315926e-05],
[[2100.0,400.0,400.0],5.711718e-05],
[[2100.0,500.0,500.0],5.057587e-05],
[[2100.0,600.0,600.0],5.099747e-05],
[[2100.0,700.0,700.0],6.13011e-05],
[[2100.0,800.0,800.0],5.887401e-05],
[[2100.0,900.0,900.0],4.84379e-05],
[[2100.0,1000.0,1000.0],5.733768e-05],
[[2150.0,1070.0,1070.0],4.761899e-05],
[[2200.0,0,0],4.872419e-05],
[[2200.0,100.0,100.0],6.290825e-05],
[[2200.0,200.0,200.0],5.770544e-05],
[[2200.0,300.0,300.0],5.756124e-05],
[[2200.0,400.0,400.0],6.27823e-05],
[[2200.0,500.0,500.0],5.476586e-05],
[[2200.0,600.0,600.0],6.375784e-05],
[[2200.0,700.0,700.0],6.375495e-05],
[[2200.0,800.0,800.0],5.456232e-05],
[[2200.0,900.0,900.0],4.85831e-05],
[[2200.0,1000.0,1000.0],6.393719e-05],
[[2250.0,1120.0,1120.0],5.896378e-05],
[[2300.0,0,0],6.032399e-05],
[[2300.0,100.0,100.0],5.181111e-05],
[[2300.0,200.0,200.0],5.928623e-05],
[[2300.0,300.0,300.0],5.536683e-05],
[[2300.0,400.0,400.0],5.0887e-05],
[[2300.0,500.0,500.0],7.004525e-05],
[[2300.0,600.0,600.0],7.294851e-05],
[[2300.0,700.0,700.0],6.584206e-05],
[[2300.0,800.0,800.0],6.255421e-05],
[[2300.0,900.0,900.0],5.096523e-05],
[[2300.0,1000.0,1000.0],7.298202e-05],
[[2300.0,1100.0,1100.0],5.627264e-05],
[[2350.0,1170.0,1170.0],5.970993e-05],
[[2400.0,0,0],5.440613e-05],
[[2400.0,100.0,100.0],6.507353e-05],
[[2400.0,200.0,200.0],5.464684e-05],
[[2400.0,300.0,300.0],5.981863e-05],
[[2400.0,400.0,400.0],6.479291e-05],
[[2400.0,500.0,500.0],6.570022e-05],
[[2400.0,600.0,600.0],5.541687e-05],
[[2400.0,700.0,700.0],6.920534e-05],
[[2400.0,800.0,800.0],5.558611e-05],
[[2400.0,900.0,900.0],6.592218e-05],
[[2400.0,1000.0,1000.0],6.226782e-05],
[[2400.0,1100.0,1100.0],7.387198e-05],
[[2450.0,1220.0,1220.0],6.526495e-05],
[[2500.0,0,0],5.677758e-05],
[[2500.0,100.0,100.0],6.681357e-05],
[[2500.0,200.0,200.0],6.611354e-05],
[[2500.0,300.0,300.0],6.720925e-05],
[[2500.0,400.0,400.0],6.059093e-05],
[[2500.0,500.0,500.0],7.246796e-05],
[[2500.0,600.0,600.0],5.949567e-05],
[[2500.0,700.0,700.0],6.947849e-05],
[[2500.0,800.0,800.0],5.925624e-05],
[[2500.0,900.0,900.0],6.519697e-05],
[[2500.0,1000.0,1000.0],6.690812e-05],
[[2500.0,1100.0,1100.0],6.410174e-05],
[[2500.0,1200.0,1200.0],7.698739e-05],
[[2550.0,1270.0,1270.0],8.23999e-05],
[[2600.0,0,0],6.081949e-05],
[[2600.0,100.0,100.0],5.892042e-05],
[[2600.0,200.0,200.0],6.304035e-05],
[[2600.0,300.0,300.0],6.238193e-05],
[[2600.0,400.0,400.0],6.763362e-05],
[[2600.0,500.0,500.0],7.004151e-05],
[[2600.0,600.0,600.0],6.074398e-05],
[[2600.0,700.0,700.0],9.032314e-05],
[[2600.0,800.0,800.0],6.835403e-05],
[[2600.0,900.0,900.0],6.764192e-05],
[[2600.0,1000.0,1000.0],8.677835e-05],
[[2600.0,1100.0,1100.0],7.747962e-05],
[[2600.0,1200.0,1200.0],8.310095e-05],
[[2650.0,1320.0,1320.0],7.512168e-05],
[[2700.0,0,0],7.147437e-05],
[[2700.0,100.0,100.0],6.434497e-05],
[[2700.0,200.0,200.0],6.39591e-05],
[[2700.0,300.0,300.0],6.913822e-05],
[[2700.0,400.0,400.0],7.363097e-05],
[[2700.0,500.0,500.0],8.138481e-05],
[[2700.0,600.0,600.0],7.03531e-05],
[[2700.0,700.0,700.0],6.321264e-05],
[[2700.0,800.0,800.0],7.447731e-05],
[[2700.0,900.0,900.0],6.780813e-05],
[[2700.0,1000.0,1000.0],8.63729e-05],
[[2700.0,1100.0,1100.0],7.417362e-05],
[[2700.0,1200.0,1200.0],6.781615e-05],
[[2700.0,1300.0,1300.0],8.052167e-05],
[[2750.0,1370.0,1370.0],9.008229e-05],
[[2800.0,0,0],6.276741e-05],
[[2800.0,100.0,100.0],6.147552e-05],
[[2800.0,200.0,200.0],6.374876e-05],
[[2800.0,300.0,300.0],6.789977e-05],
[[2800.0,400.0,400.0],6.393292e-05],
[[2800.0,500.0,500.0],7.475362e-05],
[[2800.0,600.0,600.0],7.066677e-05],
[[2800.0,700.0,700.0],7.178207e-05],
[[2800.0,800.0,800.0],8.066492e-05],
[[2800.0,900.0,900.0],7.320058e-05],
[[2800.0,1000.0,1000.0],8.476107e-05],
[[2800.0,1100.0,1100.0],7.52692e-05],
[[2800.0,1200.0,1200.0],8.034505e-05],
[[2800.0,1300.0,1300.0],6.849755e-05],
[[2850.0,1420.0,1420.0],7.90899e-05],
[[2900.0,0,0],7.156505e-05],
[[2900.0,100.0,100.0],6.762658e-05],
[[2900.0,200.0,200.0],6.653625e-05],
[[2900.0,300.0,300.0],6.720222e-05],
[[2900.0,400.0,400.0],6.944997e-05],
[[2900.0,500.0,500.0],0.0001217398],
[[2900.0,600.0,600.0],6.980516e-05],
[[2900.0,700.0,700.0],7.213255e-05],
[[2900.0,800.0,800.0],7.832469e-05],
[[2900.0,900.0,900.0],3.173509e-05],
[[2900.0,1000.0,1000.0],8.276402e-05],
[[2900.0,1100.0,1100.0],7.478858e-05],
[[2900.0,1200.0,1200.0],6.856587e-05],
[[2900.0,1300.0,1300.0],6.716125e-05],
[[2900.0,1400.0,1400.0],9.804612e-05],
[[2950.0,1470.0,1470.0],7.686078e-05],
[[3000.0,0,0],7.336465e-05],
[[3000.0,100.0,100.0],6.588193e-05],
[[3000.0,200.0,200.0],6.858498e-05],
[[3000.0,300.0,300.0],7.386582e-05],
[[3000.0,400.0,400.0],6.839596e-05],
[[3000.0,500.0,500.0],7.767069e-05],
[[3000.0,600.0,600.0],8.193993e-05],
[[3000.0,700.0,700.0],8.235802e-05],
[[3000.0,800.0,800.0],7.762662e-05],
[[3000.0,900.0,900.0],8.128926e-05],
[[3000.0,1000.0,1000.0],8.392939e-05],
[[3000.0,1100.0,1100.0],7.44758e-05],
[[3000.0,1200.0,1200.0],9.067635e-05],
[[3000.0,1300.0,1300.0],7.882928e-05],
[[3000.0,1400.0,1400.0],8.734632e-05]]
