txName: TRV1
constraint: {(PV > Zprime(1)), (Zprime(1) > MET(2),MET(3))}
condition: None
conditionDescription: None
figureUrl: None
source: Recast by CM2
validated: True
axesMap: [{0: 'x', 1: 'y', 2: 'y'}]
dataMap: {0: (1, 'mass', GeV), 1: (2, 'mass', GeV), 2: (3, 'mass', GeV)}
finalState: ['MET', 'MET']
intermediateState: None
efficiencyMap: [[[50.0,0,0],0.0],
[[50.0,1.0,1.0],0.0],
[[50.0,10.0,10.0],0.0],
[[50.0,20.0,20.0],0.0],
[[100.0,0,0],0.0],
[[100.0,1.0,1.0],0.0],
[[100.0,10.0,10.0],0.0],
[[150.0,0,0],0],
[[150.0,1.0,1.0],0.0],
[[150.0,10.0,10.0],0.0],
[[150.0,50.0,50.0],0.0],
[[150.0,70.0,70.0],0.0],
[[200.0,0,0],0],
[[200.0,1.0,1.0],0],
[[200.0,10.0,10.0],0.0],
[[200.0,50.0,50.0],0],
[[200.0,75.0,75.0],0.0],
[[250.0,0,0],0],
[[250.0,1.0,1.0],0.0],
[[250.0,10.0,10.0],0],
[[250.0,50.0,50.0],0.0],
[[250.0,75.0,75.0],0.0],
[[250.0,100.0,100.0],0],
[[250.0,120.0,120.0],0],
[[300.0,0,0],0],
[[300.0,1.0,1.0],0],
[[300.0,10.0,10.0],0],
[[300.0,50.0,50.0],0],
[[300.0,75.0,75.0],0],
[[300.0,100.0,100.0],0],
[[350.0,0,0],0.0],
[[350.0,1.0,1.0],0],
[[350.0,10.0,10.0],0],
[[350.0,50.0,50.0],0],
[[350.0,75.0,75.0],0],
[[350.0,100.0,100.0],0],
[[350.0,150.0,150.0],0.0],
[[350.0,170.0,170.0],0],
[[400.0,0,0],0],
[[400.0,1.0,1.0],0],
[[400.0,10.0,10.0],0],
[[400.0,50.0,50.0],0],
[[400.0,75.0,75.0],0],
[[400.0,100.0,100.0],0],
[[400.0,150.0,150.0],0],
[[450.0,0,0],0],
[[450.0,1.0,1.0],0],
[[450.0,10.0,10.0],0],
[[450.0,50.0,50.0],0.0],
[[450.0,75.0,75.0],0],
[[450.0,100.0,100.0],0],
[[450.0,150.0,150.0],0],
[[450.0,200.0,200.0],0],
[[450.0,220.0,220.0],0],
[[500.0,0,0],0],
[[500.0,1.0,1.0],0.0],
[[500.0,10.0,10.0],0],
[[500.0,50.0,50.0],0],
[[500.0,75.0,75.0],0],
[[500.0,100.0,100.0],0],
[[500.0,150.0,150.0],0],
[[500.0,200.0,200.0],0],
[[550.0,1.0,1.0],0],
[[550.0,10.0,10.0],0],
[[550.0,75.0,75.0],0],
[[550.0,150.0,150.0],0],
[[550.0,200.0,200.0],0],
[[550.0,250.0,250.0],0],
[[550.0,270.0,270.0],0],
[[600.0,0,0],0],
[[600.0,1.0,1.0],0],
[[600.0,10.0,10.0],0],
[[600.0,50.0,50.0],0],
[[600.0,75.0,75.0],0],
[[600.0,100.0,100.0],0],
[[600.0,150.0,150.0],0],
[[600.0,200.0,200.0],0],
[[600.0,250.0,250.0],0],
[[600.0,295.0,295.0],0],
[[650.0,1.0,1.0],0],
[[650.0,10.0,10.0],0],
[[650.0,75.0,75.0],0],
[[650.0,150.0,150.0],0],
[[650.0,200.0,200.0],0],
[[650.0,250.0,250.0],0],
[[650.0,300.0,300.0],0],
[[650.0,320.0,320.0],0],
[[700.0,0,0],0],
[[700.0,1.0,1.0],0],
[[700.0,10.0,10.0],0],
[[700.0,50.0,50.0],0],
[[700.0,75.0,75.0],0],
[[700.0,100.0,100.0],0],
[[700.0,150.0,150.0],0],
[[700.0,200.0,200.0],0],
[[700.0,250.0,250.0],0],
[[700.0,300.0,300.0],0],
[[750.0,1.0,1.0],0],
[[750.0,10.0,10.0],0],
[[750.0,75.0,75.0],0],
[[750.0,150.0,150.0],0],
[[750.0,200.0,200.0],0],
[[750.0,250.0,250.0],0],
[[750.0,300.0,300.0],0],
[[750.0,350.0,350.0],0],
[[750.0,370.0,370.0],0],
[[800.0,0,0],0],
[[800.0,1.0,1.0],0],
[[800.0,10.0,10.0],0],
[[800.0,50.0,50.0],0],
[[800.0,75.0,75.0],0],
[[800.0,100.0,100.0],0],
[[800.0,150.0,150.0],0],
[[800.0,200.0,200.0],0],
[[800.0,250.0,250.0],0],
[[800.0,300.0,300.0],0],
[[800.0,350.0,350.0],0],
[[850.0,1.0,1.0],0],
[[850.0,10.0,10.0],0],
[[850.0,75.0,75.0],0],
[[850.0,150.0,150.0],0],
[[850.0,200.0,200.0],0],
[[850.0,250.0,250.0],0],
[[850.0,300.0,300.0],0],
[[850.0,350.0,350.0],0],
[[850.0,400.0,400.0],0],
[[850.0,420.0,420.0],0],
[[900.0,0,0],0],
[[900.0,1.0,1.0],0],
[[900.0,10.0,10.0],0],
[[900.0,50.0,50.0],0],
[[900.0,75.0,75.0],0],
[[900.0,100.0,100.0],0],
[[900.0,150.0,150.0],0],
[[900.0,200.0,200.0],0],
[[900.0,250.0,250.0],0],
[[900.0,300.0,300.0],0],
[[900.0,350.0,350.0],0],
[[900.0,400.0,400.0],0],
[[950.0,1.0,1.0],0],
[[950.0,10.0,10.0],0],
[[950.0,75.0,75.0],0],
[[950.0,150.0,150.0],0],
[[950.0,200.0,200.0],0],
[[950.0,250.0,250.0],0],
[[950.0,300.0,300.0],1.866252e-06],
[[950.0,350.0,350.0],0],
[[950.0,400.0,400.0],0],
[[950.0,450.0,450.0],0],
[[950.0,470.0,470.0],0],
[[1000.0,0,0],0],
[[1000.0,50.0,50.0],0],
[[1000.0,100.0,100.0],1.653535e-06],
[[1000.0,150.0,150.0],0],
[[1000.0,200.0,200.0],0],
[[1000.0,250.0,250.0],0],
[[1000.0,300.0,300.0],0],
[[1000.0,350.0,350.0],0],
[[1000.0,400.0,400.0],0],
[[1000.0,450.0,450.0],2.145358e-06],
[[1050.0,520.0,520.0],0],
[[1100.0,0,0],0],
[[1100.0,100.0,100.0],0],
[[1100.0,200.0,200.0],2.488819e-06],
[[1100.0,300.0,300.0],2.101544e-06],
[[1100.0,400.0,400.0],0],
[[1100.0,500.0,500.0],2.059861e-06],
[[1150.0,570.0,570.0],2.160663e-06],
[[1200.0,0,0],0],
[[1200.0,100.0,100.0],0],
[[1200.0,200.0,200.0],1.855852e-06],
[[1200.0,300.0,300.0],2.179329e-06],
[[1200.0,400.0,400.0],2.556884e-06],
[[1200.0,500.0,500.0],2.549541e-06],
[[1250.0,620.0,620.0],2.499138e-06],
[[1300.0,0,0],0],
[[1300.0,100.0,100.0],1.982302e-06],
[[1300.0,200.0,200.0],1.859887e-06],
[[1300.0,300.0,300.0],2.020162e-06],
[[1300.0,400.0,400.0],2.731348e-06],
[[1300.0,500.0,500.0],2.335781e-06],
[[1300.0,600.0,600.0],2.580546e-06],
[[1350.0,670.0,670.0],2.843877e-06],
[[1400.0,0,0],2.516635e-06],
[[1400.0,100.0,100.0],2.980686e-06],
[[1400.0,200.0,200.0],3.554529e-06],
[[1400.0,300.0,300.0],3.086557e-06],
[[1400.0,400.0,400.0],3.173337e-06],
[[1400.0,500.0,500.0],0],
[[1400.0,600.0,600.0],3.169552e-06],
[[1450.0,720.0,720.0],3.121257e-06],
[[1500.0,0,0],3.491063e-06],
[[1500.0,100.0,100.0],2.940835e-06],
[[1500.0,200.0,200.0],3.509861e-06],
[[1500.0,300.0,300.0],2.629084e-06],
[[1500.0,400.0,400.0],3.274398e-06],
[[1500.0,500.0,500.0],2.308842e-06],
[[1500.0,600.0,600.0],4.477771e-06],
[[1500.0,700.0,700.0],2.627128e-06],
[[1550.0,770.0,770.0],3.547842e-06],
[[1600.0,0,0],3.338388e-06],
[[1600.0,100.0,100.0],3.371272e-06],
[[1600.0,200.0,200.0],4.521988e-06],
[[1600.0,300.0,300.0],3.766559e-06],
[[1600.0,400.0,400.0],4.130903e-06],
[[1600.0,500.0,500.0],3.866381e-06],
[[1600.0,600.0,600.0],2.327295e-06],
[[1600.0,700.0,700.0],3.460562e-06],
[[1650.0,820.0,820.0],3.767524e-06],
[[1700.0,0,0],3.783606e-06],
[[1700.0,100.0,100.0],3.846778e-06],
[[1700.0,200.0,200.0],3.276893e-06],
[[1700.0,300.0,300.0],3.078026e-06],
[[1700.0,400.0,400.0],3.289161e-06],
[[1700.0,500.0,500.0],3.467206e-06],
[[1700.0,600.0,600.0],4.532617e-06],
[[1700.0,700.0,700.0],2.812859e-06],
[[1700.0,800.0,800.0],4.942091e-06],
[[1750.0,870.0,870.0],2.806418e-06],
[[1800.0,0,0],3.98592e-06],
[[1800.0,100.0,100.0],3.519684e-06],
[[1800.0,200.0,200.0],5.608253e-06],
[[1800.0,300.0,300.0],2.956396e-06],
[[1800.0,400.0,400.0],2.716342e-06],
[[1800.0,500.0,500.0],3.430571e-06],
[[1800.0,600.0,600.0],3.314208e-06],
[[1800.0,700.0,700.0],2.732228e-06],
[[1800.0,800.0,800.0],4.002526e-06],
[[1850.0,920.0,920.0],3.72639e-06],
[[1900.0,0,0],3.579855e-06],
[[1900.0,100.0,100.0],3.018715e-06],
[[1900.0,200.0,200.0],5.394829e-06],
[[1900.0,300.0,300.0],3.6427e-06],
[[1900.0,400.0,400.0],3.432747e-06],
[[1900.0,500.0,500.0],4.726214e-06],
[[1900.0,600.0,600.0],3.77944e-06],
[[1900.0,700.0,700.0],4.65997e-06],
[[1900.0,800.0,800.0],3.705356e-06],
[[1900.0,900.0,900.0],2.763274e-06],
[[1950.0,970.0,970.0],6.126671e-06],
[[2000.0,0,0],4.508181e-06],
[[2000.0,100.0,100.0],3.422542e-06],
[[2000.0,200.0,200.0],4.411089e-06],
[[2000.0,300.0,300.0],4.744257e-06],
[[2000.0,400.0,400.0],5.124489e-06],
[[2000.0,500.0,500.0],4.106369e-06],
[[2000.0,600.0,600.0],3.317033e-06],
[[2000.0,700.0,700.0],5.569256e-06],
[[2000.0,800.0,800.0],3.971668e-06],
[[2000.0,900.0,900.0],6.246311e-06],
[[2050.0,1020.0,1020.0],4.922962e-06],
[[2100.0,0,0],3.119746e-06],
[[2100.0,100.0,100.0],6.535751e-06],
[[2100.0,200.0,200.0],5.095276e-06],
[[2100.0,300.0,300.0],4.789806e-06],
[[2100.0,400.0,400.0],5.19433e-06],
[[2100.0,500.0,500.0],5.627447e-06],
[[2100.0,600.0,600.0],4.516335e-06],
[[2100.0,700.0,700.0],5.031602e-06],
[[2100.0,800.0,800.0],4.601863e-06],
[[2100.0,900.0,900.0],3.190988e-06],
[[2100.0,1000.0,1000.0],4.431449e-06],
[[2150.0,1070.0,1070.0],4.368315e-06],
[[2200.0,0,0],5.769937e-06],
[[2200.0,100.0,100.0],4.277635e-06],
[[2200.0,200.0,200.0],3.762456e-06],
[[2200.0,300.0,300.0],3.795455e-06],
[[2200.0,400.0,400.0],4.390817e-06],
[[2200.0,500.0,500.0],3.530028e-06],
[[2200.0,600.0,600.0],4.154213e-06],
[[2200.0,700.0,700.0],4.549615e-06],
[[2200.0,800.0,800.0],5.084485e-06],
[[2200.0,900.0,900.0],6.692723e-06],
[[2200.0,1000.0,1000.0],4.980708e-06],
[[2250.0,1120.0,1120.0],4.627456e-06],
[[2300.0,0,0],4.428081e-06],
[[2300.0,100.0,100.0],3.309687e-06],
[[2300.0,200.0,200.0],5.765584e-06],
[[2300.0,300.0,300.0],4.509429e-06],
[[2300.0,400.0,400.0],4.44818e-06],
[[2300.0,500.0,500.0],5.393492e-06],
[[2300.0,600.0,600.0],5.723775e-06],
[[2300.0,700.0,700.0],5.549195e-06],
[[2300.0,800.0,800.0],6.127662e-06],
[[2300.0,900.0,900.0],6.193238e-06],
[[2300.0,1000.0,1000.0],6.3299e-06],
[[2300.0,1100.0,1100.0],3.67022e-06],
[[2350.0,1170.0,1170.0],5.39865e-06],
[[2400.0,0,0],5.434358e-06],
[[2400.0,100.0,100.0],6.080249e-06],
[[2400.0,200.0,200.0],3.451593e-06],
[[2400.0,300.0,300.0],4.694943e-06],
[[2400.0,400.0,400.0],4.451474e-06],
[[2400.0,500.0,500.0],1.267326e-05],
[[2400.0,600.0,600.0],6.730526e-06],
[[2400.0,700.0,700.0],4.711148e-06],
[[2400.0,800.0,800.0],4.471699e-06],
[[2400.0,900.0,900.0],4.467498e-06],
[[2400.0,1000.0,1000.0],4.065387e-06],
[[2400.0,1100.0,1100.0],1.003239e-05],
[[2450.0,1220.0,1220.0],8.821159e-06],
[[2500.0,0,0],3.569079e-06],
[[2500.0,100.0,100.0],5.407197e-06],
[[2500.0,200.0,200.0],4.78544e-06],
[[2500.0,300.0,300.0],2.96713e-06],
[[2500.0,400.0,400.0],3.629421e-06],
[[2500.0,500.0,500.0],6.625792e-06],
[[2500.0,600.0,600.0],5.664564e-06],
[[2500.0,700.0,700.0],5.301427e-06],
[[2500.0,800.0,800.0],5.767551e-06],
[[2500.0,900.0,900.0],4.380226e-06],
[[2500.0,1000.0,1000.0],7.249889e-06],
[[2500.0,1100.0,1100.0],6.920641e-06],
[[2500.0,1200.0,1200.0],3.180941e-06],
[[2550.0,1270.0,1270.0],3.796949e-06],
[[2600.0,0,0],4.910796e-06],
[[2600.0,100.0,100.0],3.657374e-06],
[[2600.0,200.0,200.0],5.471476e-06],
[[2600.0,300.0,300.0],4.068305e-06],
[[2600.0,400.0,400.0],5.680536e-06],
[[2600.0,500.0,500.0],5.417814e-06],
[[2600.0,600.0,600.0],5.706856e-06],
[[2600.0,700.0,700.0],4.97433e-06],
[[2600.0,800.0,800.0],4.717464e-06],
[[2600.0,900.0,900.0],5.709711e-06],
[[2600.0,1000.0,1000.0],6.37762e-06],
[[2600.0,1100.0,1100.0],7.526314e-06],
[[2600.0,1200.0,1200.0],5.54076e-06],
[[2650.0,1320.0,1320.0],7.772877e-06],
[[2700.0,0,0],4.387555e-06],
[[2700.0,100.0,100.0],3.376419e-06],
[[2700.0,200.0,200.0],4.557362e-06],
[[2700.0,300.0,300.0],4.211863e-06],
[[2700.0,400.0,400.0],4.655707e-06],
[[2700.0,500.0,500.0],5.303867e-06],
[[2700.0,600.0,600.0],5.957454e-06],
[[2700.0,700.0,700.0],6.423333e-06],
[[2700.0,800.0,800.0],3.953521e-06],
[[2700.0,900.0,900.0],6.996924e-06],
[[2700.0,1000.0,1000.0],8.236458e-06],
[[2700.0,1100.0,1100.0],4.34123e-06],
[[2700.0,1200.0,1200.0],3.610318e-06],
[[2700.0,1300.0,1300.0],4.363575e-06],
[[2750.0,1370.0,1370.0],6.776946e-06],
[[2800.0,0,0],3.690435e-06],
[[2800.0,100.0,100.0],3.365069e-06],
[[2800.0,200.0,200.0],4.288887e-06],
[[2800.0,300.0,300.0],4.405745e-06],
[[2800.0,400.0,400.0],4.765286e-06],
[[2800.0,500.0,500.0],5.412044e-06],
[[2800.0,600.0,600.0],4.849142e-06],
[[2800.0,700.0,700.0],5.89948e-06],
[[2800.0,800.0,800.0],3.286828e-06],
[[2800.0,900.0,900.0],3.03283e-06],
[[2800.0,1000.0,1000.0],4.504461e-06],
[[2800.0,1100.0,1100.0],6.1585e-06],
[[2800.0,1200.0,1200.0],4.24476e-06],
[[2800.0,1300.0,1300.0],6.666722e-06],
[[2850.0,1420.0,1420.0],4.990143e-06],
[[2900.0,0,0],3.302121e-06],
[[2900.0,100.0,100.0],4.501755e-06],
[[2900.0,200.0,200.0],5.496728e-06],
[[2900.0,300.0,300.0],4.18477e-06],
[[2900.0,400.0,400.0],5.673092e-06],
[[2900.0,500.0,500.0],1.396927e-05],
[[2900.0,600.0,600.0],5.559351e-06],
[[2900.0,700.0,700.0],5.583934e-06],
[[2900.0,800.0,800.0],4.572877e-06],
[[2900.0,900.0,900.0],2.318925e-06],
[[2900.0,1000.0,1000.0],6.939441e-06],
[[2900.0,1100.0,1100.0],4.642728e-06],
[[2900.0,1200.0,1200.0],6.298544e-06],
[[2900.0,1300.0,1300.0],6.880062e-06],
[[2900.0,1400.0,1400.0],5.861674e-06],
[[2950.0,1470.0,1470.0],6.309949e-06],
[[3000.0,0,0],2.930479e-06],
[[3000.0,100.0,100.0],5.329146e-06],
[[3000.0,200.0,200.0],4.234795e-06],
[[3000.0,300.0,300.0],5.07539e-06],
[[3000.0,400.0,400.0],4.26678e-06],
[[3000.0,500.0,500.0],6.369777e-06],
[[3000.0,600.0,600.0],5.820081e-06],
[[3000.0,700.0,700.0],5.590038e-06],
[[3000.0,800.0,800.0],4.900371e-06],
[[3000.0,900.0,900.0],9.2446e-06],
[[3000.0,1000.0,1000.0],4.304398e-06],
[[3000.0,1100.0,1100.0],5.85468e-06],
[[3000.0,1200.0,1200.0],6.760754e-06],
[[3000.0,1300.0,1300.0],6.781032e-06],
[[3000.0,1400.0,1400.0],4.387727e-06]]
