txName: TRV1
constraint: {(PV > Zprime(1)), (Zprime(1) > MET(2),MET(3))}
condition: None
conditionDescription: None
figureUrl: None
source: Recast by CM2
validated: True
axesMap: [{0: 'x', 1: 'y', 2: 'y'}]
dataMap: {0: (1, 'mass', GeV), 1: (2, 'mass', GeV), 2: (3, 'mass', GeV)}
finalState: ['MET', 'MET']
intermediateState: None
efficiencyMap: [[[50.0,0,0],0.0],
[[50.0,1.0,1.0],0.0],
[[50.0,10.0,10.0],0.0],
[[50.0,20.0,20.0],0.0],
[[100.0,0,0],0.0],
[[100.0,1.0,1.0],0.0],
[[100.0,10.0,10.0],0.0],
[[150.0,0,0],0],
[[150.0,1.0,1.0],0.0],
[[150.0,10.0,10.0],0.0],
[[150.0,50.0,50.0],0],
[[150.0,70.0,70.0],0],
[[200.0,0,0],0],
[[200.0,1.0,1.0],0],
[[200.0,10.0,10.0],0],
[[200.0,50.0,50.0],0.0],
[[200.0,75.0,75.0],0],
[[250.0,0,0],0],
[[250.0,1.0,1.0],0],
[[250.0,10.0,10.0],0],
[[250.0,50.0,50.0],0],
[[250.0,75.0,75.0],0],
[[250.0,100.0,100.0],0],
[[250.0,120.0,120.0],0],
[[300.0,0,0],0],
[[300.0,1.0,1.0],0],
[[300.0,10.0,10.0],0],
[[300.0,50.0,50.0],0],
[[300.0,75.0,75.0],0],
[[300.0,100.0,100.0],0],
[[350.0,0,0],0],
[[350.0,1.0,1.0],0],
[[350.0,10.0,10.0],0],
[[350.0,50.0,50.0],0],
[[350.0,75.0,75.0],0],
[[350.0,100.0,100.0],0],
[[350.0,150.0,150.0],0],
[[350.0,170.0,170.0],0],
[[400.0,0,0],0],
[[400.0,1.0,1.0],0],
[[400.0,10.0,10.0],0],
[[400.0,50.0,50.0],0],
[[400.0,75.0,75.0],0],
[[400.0,100.0,100.0],0],
[[400.0,150.0,150.0],0],
[[450.0,0,0],0],
[[450.0,1.0,1.0],0],
[[450.0,10.0,10.0],0],
[[450.0,50.0,50.0],0],
[[450.0,75.0,75.0],0],
[[450.0,100.0,100.0],0],
[[450.0,150.0,150.0],0],
[[450.0,200.0,200.0],0],
[[450.0,220.0,220.0],0],
[[500.0,0,0],0],
[[500.0,1.0,1.0],0],
[[500.0,10.0,10.0],0],
[[500.0,50.0,50.0],0],
[[500.0,75.0,75.0],0],
[[500.0,100.0,100.0],0],
[[500.0,150.0,150.0],0],
[[500.0,200.0,200.0],0],
[[550.0,1.0,1.0],0],
[[550.0,10.0,10.0],0],
[[550.0,75.0,75.0],0],
[[550.0,150.0,150.0],0],
[[550.0,200.0,200.0],0],
[[550.0,250.0,250.0],0],
[[550.0,270.0,270.0],0],
[[600.0,0,0],0],
[[600.0,1.0,1.0],0],
[[600.0,10.0,10.0],0],
[[600.0,50.0,50.0],0],
[[600.0,75.0,75.0],0],
[[600.0,100.0,100.0],0],
[[600.0,150.0,150.0],0],
[[600.0,200.0,200.0],0],
[[600.0,250.0,250.0],0],
[[600.0,295.0,295.0],0],
[[650.0,1.0,1.0],0],
[[650.0,10.0,10.0],0],
[[650.0,75.0,75.0],1.852155e-06],
[[650.0,150.0,150.0],0],
[[650.0,200.0,200.0],0],
[[650.0,250.0,250.0],1.662e-06],
[[650.0,300.0,300.0],0],
[[650.0,320.0,320.0],1.922465e-06],
[[700.0,0,0],0],
[[700.0,1.0,1.0],0],
[[700.0,10.0,10.0],1.651015e-06],
[[700.0,50.0,50.0],0],
[[700.0,75.0,75.0],2.103716e-06],
[[700.0,100.0,100.0],0],
[[700.0,150.0,150.0],0],
[[700.0,200.0,200.0],1.978364e-06],
[[700.0,250.0,250.0],1.70956e-06],
[[700.0,300.0,300.0],0],
[[750.0,1.0,1.0],2.255378e-06],
[[750.0,10.0,10.0],3.06237e-06],
[[750.0,75.0,75.0],1.807564e-06],
[[750.0,150.0,150.0],1.836046e-06],
[[750.0,200.0,200.0],2.242259e-06],
[[750.0,250.0,250.0],0],
[[750.0,300.0,300.0],2.656397e-06],
[[750.0,350.0,350.0],0],
[[750.0,370.0,370.0],0],
[[800.0,0,0],0],
[[800.0,1.0,1.0],1.750268e-06],
[[800.0,10.0,10.0],2.010004e-06],
[[800.0,50.0,50.0],1.841452e-06],
[[800.0,75.0,75.0],1.985419e-06],
[[800.0,100.0,100.0],2.38279e-06],
[[800.0,150.0,150.0],2.752513e-06],
[[800.0,200.0,200.0],2.129954e-06],
[[800.0,250.0,250.0],2.121925e-06],
[[800.0,300.0,300.0],2.778517e-06],
[[800.0,350.0,350.0],1.675439e-06],
[[850.0,1.0,1.0],2.997334e-06],
[[850.0,10.0,10.0],2.796804e-06],
[[850.0,75.0,75.0],2.466419e-06],
[[850.0,150.0,150.0],3.231588e-06],
[[850.0,200.0,200.0],2.922047e-06],
[[850.0,250.0,250.0],4.326455e-06],
[[850.0,300.0,300.0],3.507688e-06],
[[850.0,350.0,350.0],2.76554e-06],
[[850.0,400.0,400.0],3.156799e-06],
[[850.0,420.0,420.0],3.515733e-06],
[[900.0,0,0],2.992628e-06],
[[900.0,1.0,1.0],3.120484e-06],
[[900.0,10.0,10.0],3.011841e-06],
[[900.0,50.0,50.0],2.369514e-06],
[[900.0,75.0,75.0],4.287523e-06],
[[900.0,100.0,100.0],2.786839e-06],
[[900.0,150.0,150.0],2.859584e-06],
[[900.0,200.0,200.0],3.1618e-06],
[[900.0,250.0,250.0],2.597259e-06],
[[900.0,300.0,300.0],2.251204e-06],
[[900.0,350.0,350.0],3.993179e-06],
[[900.0,400.0,400.0],4.479272e-06],
[[950.0,1.0,1.0],2.196573e-06],
[[950.0,10.0,10.0],3.767666e-06],
[[950.0,75.0,75.0],3.518657e-06],
[[950.0,150.0,150.0],5.637281e-06],
[[950.0,200.0,200.0],3.424968e-06],
[[950.0,250.0,250.0],3.055246e-06],
[[950.0,300.0,300.0],3.034392e-06],
[[950.0,350.0,350.0],4.369457e-06],
[[950.0,400.0,400.0],4.18054e-06],
[[950.0,450.0,450.0],5.238313e-06],
[[950.0,470.0,470.0],6.808066e-06],
[[1000.0,0,0],4.526235e-06],
[[1000.0,50.0,50.0],5.174613e-06],
[[1000.0,100.0,100.0],4.342935e-06],
[[1000.0,150.0,150.0],3.815701e-06],
[[1000.0,200.0,200.0],4.171471e-06],
[[1000.0,250.0,250.0],3.830203e-06],
[[1000.0,300.0,300.0],6.074545e-06],
[[1000.0,350.0,350.0],4.831572e-06],
[[1000.0,400.0,400.0],4.747459e-06],
[[1000.0,450.0,450.0],5.053458e-06],
[[1050.0,520.0,520.0],4.704147e-06],
[[1100.0,0,0],6.567813e-06],
[[1100.0,100.0,100.0],5.595231e-06],
[[1100.0,200.0,200.0],5.916785e-06],
[[1100.0,300.0,300.0],4.172774e-06],
[[1100.0,400.0,400.0],5.462776e-06],
[[1100.0,500.0,500.0],5.062095e-06],
[[1150.0,570.0,570.0],8.308166e-06],
[[1200.0,0,0],7.345992e-06],
[[1200.0,100.0,100.0],5.286202e-06],
[[1200.0,200.0,200.0],6.111089e-06],
[[1200.0,300.0,300.0],8.566038e-06],
[[1200.0,400.0,400.0],5.650316e-06],
[[1200.0,500.0,500.0],7.329237e-06],
[[1250.0,620.0,620.0],9.224156e-06],
[[1300.0,0,0],6.791843e-06],
[[1300.0,100.0,100.0],8.444187e-06],
[[1300.0,200.0,200.0],7.823379e-06],
[[1300.0,300.0,300.0],8.802025e-06],
[[1300.0,400.0,400.0],8.146788e-06],
[[1300.0,500.0,500.0],9.740654e-06],
[[1300.0,600.0,600.0],9.249227e-06],
[[1350.0,670.0,670.0],1.195369e-05],
[[1400.0,0,0],8.86131e-06],
[[1400.0,100.0,100.0],8.05934e-06],
[[1400.0,200.0,200.0],1.204533e-05],
[[1400.0,300.0,300.0],1.078359e-05],
[[1400.0,400.0,400.0],1.208006e-05],
[[1400.0,500.0,500.0],7.822488e-06],
[[1400.0,600.0,600.0],1.093935e-05],
[[1450.0,720.0,720.0],1.26303e-05],
[[1500.0,0,0],9.495334e-06],
[[1500.0,100.0,100.0],1.067542e-05],
[[1500.0,200.0,200.0],9.893271e-06],
[[1500.0,300.0,300.0],1.276688e-05],
[[1500.0,400.0,400.0],8.677364e-06],
[[1500.0,500.0,500.0],1.183886e-05],
[[1500.0,600.0,600.0],9.552464e-06],
[[1500.0,700.0,700.0],1.260922e-05],
[[1550.0,770.0,770.0],1.583328e-05],
[[1600.0,0,0],9.66231e-06],
[[1600.0,100.0,100.0],1.730183e-05],
[[1600.0,200.0,200.0],1.013458e-05],
[[1600.0,300.0,300.0],1.464363e-05],
[[1600.0,400.0,400.0],1.060323e-05],
[[1600.0,500.0,500.0],1.480888e-05],
[[1600.0,600.0,600.0],1.228518e-05],
[[1600.0,700.0,700.0],1.364097e-05],
[[1650.0,820.0,820.0],1.561702e-05],
[[1700.0,0,0],1.112996e-05],
[[1700.0,100.0,100.0],1.157667e-05],
[[1700.0,200.0,200.0],1.413946e-05],
[[1700.0,300.0,300.0],1.503701e-05],
[[1700.0,400.0,400.0],1.520942e-05],
[[1700.0,500.0,500.0],9.438328e-06],
[[1700.0,600.0,600.0],1.473254e-05],
[[1700.0,700.0,700.0],1.395201e-05],
[[1700.0,800.0,800.0],2.382534e-05],
[[1750.0,870.0,870.0],1.45119e-05],
[[1800.0,0,0],1.37113e-05],
[[1800.0,100.0,100.0],1.827052e-05],
[[1800.0,200.0,200.0],1.42286e-05],
[[1800.0,300.0,300.0],1.677709e-05],
[[1800.0,400.0,400.0],1.513457e-05],
[[1800.0,500.0,500.0],1.914808e-05],
[[1800.0,600.0,600.0],1.81108e-05],
[[1800.0,700.0,700.0],1.992766e-05],
[[1800.0,800.0,800.0],2.204775e-05],
[[1850.0,920.0,920.0],1.334702e-05],
[[1900.0,0,0],1.244075e-05],
[[1900.0,100.0,100.0],1.58423e-05],
[[1900.0,200.0,200.0],2.921154e-05],
[[1900.0,300.0,300.0],1.769602e-05],
[[1900.0,400.0,400.0],1.612747e-05],
[[1900.0,500.0,500.0],2.100118e-05],
[[1900.0,600.0,600.0],1.51495e-05],
[[1900.0,700.0,700.0],1.688434e-05],
[[1900.0,800.0,800.0],1.978737e-05],
[[1900.0,900.0,900.0],1.665341e-05],
[[1950.0,970.0,970.0],1.910639e-05],
[[2000.0,0,0],1.988091e-05],
[[2000.0,100.0,100.0],2.020657e-05],
[[2000.0,200.0,200.0],1.878201e-05],
[[2000.0,300.0,300.0],1.334951e-05],
[[2000.0,400.0,400.0],1.555289e-05],
[[2000.0,500.0,500.0],1.513187e-05],
[[2000.0,600.0,600.0],2.11225e-05],
[[2000.0,700.0,700.0],2.343889e-05],
[[2000.0,800.0,800.0],1.745058e-05],
[[2000.0,900.0,900.0],1.491102e-05],
[[2050.0,1020.0,1020.0],2.051798e-05],
[[2100.0,0,0],1.803611e-05],
[[2100.0,100.0,100.0],1.868097e-05],
[[2100.0,200.0,200.0],2.969059e-05],
[[2100.0,300.0,300.0],2.250594e-05],
[[2100.0,400.0,400.0],2.374642e-05],
[[2100.0,500.0,500.0],1.61581e-05],
[[2100.0,600.0,600.0],2.048951e-05],
[[2100.0,700.0,700.0],2.054195e-05],
[[2100.0,800.0,800.0],1.944018e-05],
[[2100.0,900.0,900.0],2.2208e-05],
[[2100.0,1000.0,1000.0],2.739942e-05],
[[2150.0,1070.0,1070.0],1.637188e-05],
[[2200.0,0,0],2.037926e-05],
[[2200.0,100.0,100.0],2.01617e-05],
[[2200.0,200.0,200.0],2.344133e-05],
[[2200.0,300.0,300.0],2.036872e-05],
[[2200.0,400.0,400.0],2.428827e-05],
[[2200.0,500.0,500.0],2.473045e-05],
[[2200.0,600.0,600.0],1.717356e-05],
[[2200.0,700.0,700.0],2.250526e-05],
[[2200.0,800.0,800.0],2.687622e-05],
[[2200.0,900.0,900.0],2.562035e-05],
[[2200.0,1000.0,1000.0],2.116662e-05],
[[2250.0,1120.0,1120.0],2.075361e-05],
[[2300.0,0,0],2.666288e-05],
[[2300.0,100.0,100.0],2.565462e-05],
[[2300.0,200.0,200.0],2.626127e-05],
[[2300.0,300.0,300.0],2.230438e-05],
[[2300.0,400.0,400.0],2.41583e-05],
[[2300.0,500.0,500.0],2.371931e-05],
[[2300.0,600.0,600.0],3.366016e-05],
[[2300.0,700.0,700.0],1.801216e-05],
[[2300.0,800.0,800.0],2.62384e-05],
[[2300.0,900.0,900.0],1.837943e-05],
[[2300.0,1000.0,1000.0],2.192456e-05],
[[2300.0,1100.0,1100.0],2.313934e-05],
[[2350.0,1170.0,1170.0],2.354528e-05],
[[2400.0,0,0],2.148391e-05],
[[2400.0,100.0,100.0],2.382828e-05],
[[2400.0,200.0,200.0],2.184161e-05],
[[2400.0,300.0,300.0],2.768493e-05],
[[2400.0,400.0,400.0],3.532764e-05],
[[2400.0,500.0,500.0],3.163129e-05],
[[2400.0,600.0,600.0],2.760148e-05],
[[2400.0,700.0,700.0],3.146578e-05],
[[2400.0,800.0,800.0],2.052568e-05],
[[2400.0,900.0,900.0],2.508623e-05],
[[2400.0,1000.0,1000.0],2.424136e-05],
[[2400.0,1100.0,1100.0],3.068e-05],
[[2450.0,1220.0,1220.0],2.737762e-05],
[[2500.0,0,0],2.320708e-05],
[[2500.0,100.0,100.0],2.378002e-05],
[[2500.0,200.0,200.0],2.500362e-05],
[[2500.0,300.0,300.0],2.241792e-05],
[[2500.0,400.0,400.0],2.226961e-05],
[[2500.0,500.0,500.0],2.33835e-05],
[[2500.0,600.0,600.0],2.353895e-05],
[[2500.0,700.0,700.0],2.708641e-05],
[[2500.0,800.0,800.0],2.462332e-05],
[[2500.0,900.0,900.0],2.819488e-05],
[[2500.0,1000.0,1000.0],2.680571e-05],
[[2500.0,1100.0,1100.0],3.207585e-05],
[[2500.0,1200.0,1200.0],2.843847e-05],
[[2550.0,1270.0,1270.0],3.446374e-05],
[[2600.0,0,0],2.694308e-05],
[[2600.0,100.0,100.0],2.436214e-05],
[[2600.0,200.0,200.0],2.213447e-05],
[[2600.0,300.0,300.0],2.25199e-05],
[[2600.0,400.0,400.0],2.509024e-05],
[[2600.0,500.0,500.0],2.610693e-05],
[[2600.0,600.0,600.0],2.552767e-05],
[[2600.0,700.0,700.0],4.221735e-05],
[[2600.0,800.0,800.0],2.356511e-05],
[[2600.0,900.0,900.0],2.548204e-05],
[[2600.0,1000.0,1000.0],3.708503e-05],
[[2600.0,1100.0,1100.0],3.32977e-05],
[[2600.0,1200.0,1200.0],3.136141e-05],
[[2650.0,1320.0,1320.0],2.695404e-05],
[[2700.0,0,0],2.104851e-05],
[[2700.0,100.0,100.0],1.81031e-05],
[[2700.0,200.0,200.0],2.589421e-05],
[[2700.0,300.0,300.0],2.224145e-05],
[[2700.0,400.0,400.0],3.20484e-05],
[[2700.0,500.0,500.0],3.541737e-05],
[[2700.0,600.0,600.0],3.116706e-05],
[[2700.0,700.0,700.0],2.482824e-05],
[[2700.0,800.0,800.0],2.632048e-05],
[[2700.0,900.0,900.0],3.111049e-05],
[[2700.0,1000.0,1000.0],2.427949e-05],
[[2700.0,1100.0,1100.0],3.019422e-05],
[[2700.0,1200.0,1200.0],2.601969e-05],
[[2700.0,1300.0,1300.0],3.092726e-05],
[[2750.0,1370.0,1370.0],3.539162e-05],
[[2800.0,0,0],2.133082e-05],
[[2800.0,100.0,100.0],3.128845e-05],
[[2800.0,200.0,200.0],3.297108e-05],
[[2800.0,300.0,300.0],3.111584e-05],
[[2800.0,400.0,400.0],2.934626e-05],
[[2800.0,500.0,500.0],2.598054e-05],
[[2800.0,600.0,600.0],2.318087e-05],
[[2800.0,700.0,700.0],2.652862e-05],
[[2800.0,800.0,800.0],3.396362e-05],
[[2800.0,900.0,900.0],2.73586e-05],
[[2800.0,1000.0,1000.0],4.314408e-05],
[[2800.0,1100.0,1100.0],2.883353e-05],
[[2800.0,1200.0,1200.0],3.25441e-05],
[[2800.0,1300.0,1300.0],2.968685e-05],
[[2850.0,1420.0,1420.0],2.88598e-05],
[[2900.0,0,0],2.406205e-05],
[[2900.0,100.0,100.0],2.422854e-05],
[[2900.0,200.0,200.0],2.30396e-05],
[[2900.0,300.0,300.0],2.707999e-05],
[[2900.0,400.0,400.0],2.51081e-05],
[[2900.0,500.0,500.0],4.400481e-05],
[[2900.0,600.0,600.0],2.446529e-05],
[[2900.0,700.0,700.0],3.059762e-05],
[[2900.0,800.0,800.0],2.917471e-05],
[[2900.0,900.0,900.0],1.572572e-05],
[[2900.0,1000.0,1000.0],3.144522e-05],
[[2900.0,1100.0,1100.0],3.716063e-05],
[[2900.0,1200.0,1200.0],3.289894e-05],
[[2900.0,1300.0,1300.0],2.595812e-05],
[[2900.0,1400.0,1400.0],3.737137e-05],
[[2950.0,1470.0,1470.0],3.105447e-05],
[[3000.0,0,0],1.935638e-05],
[[3000.0,100.0,100.0],2.303681e-05],
[[3000.0,200.0,200.0],2.258472e-05],
[[3000.0,300.0,300.0],3.036876e-05],
[[3000.0,400.0,400.0],2.643072e-05],
[[3000.0,500.0,500.0],3.218737e-05],
[[3000.0,600.0,600.0],2.789868e-05],
[[3000.0,700.0,700.0],3.223418e-05],
[[3000.0,800.0,800.0],2.874128e-05],
[[3000.0,900.0,900.0],3.030424e-05],
[[3000.0,1000.0,1000.0],2.930758e-05],
[[3000.0,1100.0,1100.0],3.634236e-05],
[[3000.0,1200.0,1200.0],3.373241e-05],
[[3000.0,1300.0,1300.0],2.942876e-05],
[[3000.0,1400.0,1400.0],3.988834e-05]]
