txName: TRS1
constraint: {(PV > H0(1)), (H0(1) > MET(2),MET(3))}
condition: None
conditionDescription: None
figureUrl: https://cms-results.web.cern.ch/cms-results/public-results/publications/EXO-20-004/CMS-EXO-20-004_Figure_009-a.png
source: https://doi.org/10.5281/zenodo.13324003
validated: True
axesMap: [{0: 'x', 1: '1.0', 2: '1.0'}, {0: 'x', 1: 'y', 2: 'y'}]
dataMap: {0: (1, 'mass', GeV), 1: (2, 'mass', GeV), 2: (3, 'mass', GeV)}
finalState: ['MET', 'MET']
intermediateState: None
efficiencyMap: [[[100.0,1.0,1.0],0.0002130468],
[[100.0,10.0,10.0],0.0002231677],
[[150.0,1.0,1.0],0.0004090727],
[[150.0,50.0,50.0],0.0004300252],
[[200.0,1.0,1.0],0.0005854532],
[[200.0,50.0,50.0],0.0005610378],
[[200.0,100.0,100.0],0.0009755812],
[[250.0,1.0,1.0],0.0007742408],
[[250.0,10.0,10.0],0.0007946966],
[[250.0,50.0,50.0],0.000881857],
[[250.0,100.0,100.0],0.0008295906],
[[300.0,1.0,1.0],0.0009935196],
[[300.0,50.0,50.0],0.001031796],
[[300.0,100.0,100.0],0.0009833782],
[[350.0,1.0,1.0],0.00116962],
[[350.0,50.0,50.0],0.001115289],
[[350.0,100.0,100.0],0.001074353],
[[350.0,150.0,150.0],0.0009823607],
[[400.0,1.0,1.0],0.001427945],
[[400.0,50.0,50.0],0.001286362],
[[400.0,100.0,100.0],0.001294719],
[[400.0,150.0,150.0],0.001488077],
[[450.0,1.0,1.0],0.001602912],
[[450.0,50.0,50.0],0.001497795],
[[450.0,100.0,100.0],0.00140803],
[[450.0,150.0,150.0],0.002012571],
[[450.0,200.0,200.0],0.001564289],
[[500.0,1.0,1.0],0.001986945],
[[500.0,10.0,10.0],0.001793804],
[[500.0,50.0,50.0],0.00195099],
[[500.0,100.0,100.0],0.002003548],
[[500.0,150.0,150.0],0.001856997],
[[500.0,200.0,200.0],0.00177553],
[[550.0,1.0,1.0],0.001912316],
[[550.0,50.0,50.0],0.001880663],
[[550.0,100.0,100.0],0.002170079],
[[550.0,150.0,150.0],0.002278527],
[[550.0,200.0,200.0],0.00208157],
[[550.0,250.0,250.0],0.002189705],
[[600.0,1.0,1.0],0.002385643],
[[600.0,50.0,50.0],0.002469618],
[[600.0,100.0,100.0],0.002744321],
[[600.0,150.0,150.0],0.002313989],
[[600.0,200.0,200.0],0.002142618],
[[600.0,250.0,250.0],0.002119757],
[[650.0,1.0,1.0],0.002581579],
[[650.0,50.0,50.0],0.002678025],
[[650.0,100.0,100.0],0.002527099],
[[650.0,150.0,150.0],0.002430509],
[[650.0,200.0,200.0],0.002663054],
[[650.0,250.0,250.0],0.002701975],
[[650.0,300.0,300.0],0.002684468],
[[700.0,1.0,1.0],0.003180893],
[[700.0,50.0,50.0],0.00264448],
[[700.0,100.0,100.0],0.00288548],
[[700.0,150.0,150.0],0.0030623],
[[700.0,200.0,200.0],0.003515945],
[[700.0,250.0,250.0],0.0032328],
[[700.0,300.0,300.0],0.003009424],
[[750.0,1.0,1.0],0.002928679],
[[750.0,10.0,10.0],0.002866515],
[[750.0,50.0,50.0],0.003114946],
[[750.0,100.0,100.0],0.003147187],
[[750.0,150.0,150.0],0.003672693],
[[750.0,200.0,200.0],0.003104503],
[[750.0,250.0,250.0],0.003232535],
[[750.0,300.0,300.0],0.002812106],
[[750.0,350.0,350.0],0.003618221],
[[800.0,1.0,1.0],0.003094907],
[[800.0,150.0,150.0],0.003794721],
[[800.0,200.0,200.0],0.003583222],
[[800.0,250.0,250.0],0.003179],
[[800.0,300.0,300.0],0.003542218],
[[800.0,350.0,350.0],0.003371246],
[[850.0,1.0,1.0],0.002979382],
[[850.0,150.0,150.0],0.002864059],
[[850.0,200.0,200.0],0.003744122],
[[850.0,250.0,250.0],0.003701909],
[[850.0,300.0,300.0],0.003377854],
[[850.0,350.0,350.0],0.003030467],
[[850.0,400.0,400.0],0.003676144],
[[900.0,1.0,1.0],0.003606775],
[[900.0,150.0,150.0],0.003207245],
[[900.0,200.0,200.0],0.003763828],
[[900.0,250.0,250.0],0.003413123],
[[900.0,300.0,300.0],0.003334082],
[[900.0,350.0,350.0],0.003731947],
[[900.0,400.0,400.0],0.003745614],
[[950.0,1.0,1.0],0.003615662],
[[950.0,150.0,150.0],0.003128309],
[[950.0,200.0,200.0],0.003423935],
[[950.0,250.0,250.0],0.003942947],
[[950.0,300.0,300.0],0.003503951],
[[950.0,350.0,350.0],0.004616331],
[[950.0,400.0,400.0],0.003858569],
[[950.0,450.0,450.0],0.003555604],
[[1000.0,1.0,1.0],0.004060397],
[[1000.0,10.0,10.0],0.003499776],
[[1000.0,50.0,50.0],0.003847259],
[[1000.0,100.0,100.0],0.003880314],
[[1000.0,150.0,150.0],0.003668511],
[[1000.0,200.0,200.0],0.003781899],
[[1000.0,250.0,250.0],0.004324155],
[[1000.0,300.0,300.0],0.003970425],
[[1000.0,350.0,350.0],0.003673443],
[[1000.0,400.0,400.0],0.003856603],
[[1000.0,450.0,450.0],0.003869044],
[[1050.0,1.0,1.0],0.003764923],
[[1050.0,150.0,150.0],0.004283902],
[[1050.0,200.0,200.0],0.003390631],
[[1050.0,250.0,250.0],0.003953072],
[[1050.0,300.0,300.0],0.003929719],
[[1050.0,350.0,350.0],0.004958448],
[[1050.0,400.0,400.0],0.004092177],
[[1050.0,450.0,450.0],0.003976047],
[[1050.0,500.0,500.0],0.004771957],
[[1100.0,1.0,1.0],0.00429599],
[[1100.0,150.0,150.0],0.004450483],
[[1100.0,200.0,200.0],0.004138365],
[[1100.0,250.0,250.0],0.004782068],
[[1100.0,300.0,300.0],0.004008005],
[[1100.0,350.0,350.0],0.003949573],
[[1100.0,400.0,400.0],0.004056689],
[[1100.0,450.0,450.0],0.00488188],
[[1100.0,500.0,500.0],0.004156639],
[[1150.0,1.0,1.0],0.004578891],
[[1150.0,150.0,150.0],0.004644653],
[[1150.0,200.0,200.0],0.003753782],
[[1150.0,250.0,250.0],0.004167844],
[[1150.0,300.0,300.0],0.00402482],
[[1150.0,350.0,350.0],0.005110436],
[[1150.0,400.0,400.0],0.004147847],
[[1150.0,450.0,450.0],0.004882546],
[[1150.0,500.0,500.0],0.005052146],
[[1150.0,550.0,550.0],0.004768125],
[[1200.0,1.0,1.0],0.003635697],
[[1200.0,150.0,150.0],0.004206261],
[[1200.0,200.0,200.0],0.004165818],
[[1200.0,250.0,250.0],0.004363549],
[[1200.0,300.0,300.0],0.004514638],
[[1200.0,350.0,350.0],0.00498917],
[[1200.0,400.0,400.0],0.004430462],
[[1200.0,450.0,450.0],0.006218295],
[[1200.0,500.0,500.0],0.004977808],
[[1200.0,550.0,550.0],0.004447999],
[[1250.0,1.0,1.0],0.004058952],
[[1250.0,10.0,10.0],0.00392409],
[[1250.0,50.0,50.0],0.003997498],
[[1250.0,100.0,100.0],0.004128689],
[[1250.0,150.0,150.0],0.004123239],
[[1250.0,200.0,200.0],0.004333487],
[[1250.0,250.0,250.0],0.00440014],
[[1250.0,300.0,300.0],0.004878381],
[[1250.0,350.0,350.0],0.005072164],
[[1250.0,400.0,400.0],0.004459991],
[[1250.0,450.0,450.0],0.005864355],
[[1250.0,500.0,500.0],0.004788771],
[[1250.0,550.0,550.0],0.005714614],
[[1250.0,600.0,600.0],0.004155136],
[[1300.0,1.0,1.0],0.003918938],
[[1300.0,150.0,150.0],0.00430005],
[[1300.0,200.0,200.0],0.004632698],
[[1300.0,250.0,250.0],0.004137276],
[[1300.0,300.0,300.0],0.005098655],
[[1300.0,350.0,350.0],0.004319003],
[[1300.0,400.0,400.0],0.004877235],
[[1300.0,450.0,450.0],0.004242358],
[[1300.0,500.0,500.0],0.00478868],
[[1300.0,550.0,550.0],0.004114543],
[[1300.0,600.0,600.0],0.004678996],
[[1350.0,1.0,1.0],0.003695554],
[[1350.0,150.0,150.0],0.004649129],
[[1350.0,200.0,200.0],0.004207686],
[[1350.0,250.0,250.0],0.004477066],
[[1350.0,300.0,300.0],0.004871143],
[[1350.0,350.0,350.0],0.004999602],
[[1350.0,400.0,400.0],0.005176377],
[[1350.0,450.0,450.0],0.004367162],
[[1350.0,500.0,500.0],0.004672616],
[[1350.0,550.0,550.0],0.004653419],
[[1350.0,600.0,600.0],0.006080845],
[[1350.0,650.0,650.0],0.005186147],
[[1400.0,1.0,1.0],0.004128676],
[[1400.0,150.0,150.0],0.004228103],
[[1400.0,200.0,200.0],0.004602637],
[[1400.0,250.0,250.0],0.004675142],
[[1400.0,300.0,300.0],0.004966682],
[[1400.0,350.0,350.0],0.005651399],
[[1400.0,400.0,400.0],0.004913948],
[[1400.0,450.0,450.0],0.005619292],
[[1400.0,500.0,500.0],0.005163197],
[[1400.0,550.0,550.0],0.004812736],
[[1400.0,600.0,600.0],0.004749463],
[[1400.0,650.0,650.0],0.005730035],
[[1450.0,1.0,1.0],0.0044354],
[[1450.0,150.0,150.0],0.004912913],
[[1450.0,200.0,200.0],0.004719528],
[[1450.0,250.0,250.0],0.005134106],
[[1450.0,300.0,300.0],0.005623518],
[[1450.0,350.0,350.0],0.004617942],
[[1450.0,400.0,400.0],0.00531756],
[[1450.0,450.0,450.0],0.005391121],
[[1450.0,500.0,500.0],0.004847448],
[[1450.0,550.0,550.0],0.005659505],
[[1450.0,600.0,600.0],0.005303069],
[[1450.0,650.0,650.0],0.004906761],
[[1450.0,700.0,700.0],0.005364013],
[[1500.0,1.0,1.0],0.003983884],
[[1500.0,10.0,10.0],0.00451798],
[[1500.0,50.0,50.0],0.003617761],
[[1500.0,100.0,100.0],0.004347197],
[[1500.0,150.0,150.0],0.004368055],
[[1500.0,200.0,200.0],0.004665895],
[[1500.0,250.0,250.0],0.004659449],
[[1500.0,300.0,300.0],0.005064963],
[[1500.0,350.0,350.0],0.005851885],
[[1500.0,400.0,400.0],0.005143293],
[[1500.0,450.0,450.0],0.004916391],
[[1500.0,500.0,500.0],0.004815228],
[[1500.0,550.0,550.0],0.005067767],
[[1500.0,600.0,600.0],0.005045607],
[[1500.0,650.0,650.0],0.005533331],
[[1500.0,700.0,700.0],0.005101353],
[[1500.0,750.0,750.0],0.005702577],
[[1550.0,1.0,1.0],0.003953418],
[[1550.0,150.0,150.0],0.004415258],
[[1550.0,200.0,200.0],0.004296438],
[[1550.0,250.0,250.0],0.004874206],
[[1550.0,300.0,300.0],0.00508592],
[[1550.0,350.0,350.0],0.004284179],
[[1550.0,400.0,400.0],0.005405136],
[[1550.0,450.0,450.0],0.005742006],
[[1550.0,500.0,500.0],0.004492277],
[[1550.0,550.0,550.0],0.004957322],
[[1550.0,600.0,600.0],0.005131296],
[[1550.0,650.0,650.0],0.005449627],
[[1550.0,700.0,700.0],0.005652652],
[[1550.0,750.0,750.0],0.005124447],
[[1600.0,1.0,1.0],0.00408161],
[[1600.0,150.0,150.0],0.004282959],
[[1600.0,200.0,200.0],0.005238474],
[[1600.0,250.0,250.0],0.004582768],
[[1600.0,300.0,300.0],0.004637184],
[[1600.0,350.0,350.0],0.004597537],
[[1600.0,400.0,400.0],0.005532096],
[[1600.0,450.0,450.0],0.004913518],
[[1600.0,500.0,500.0],0.006031257],
[[1600.0,550.0,550.0],0.004996199],
[[1600.0,600.0,600.0],0.005040888],
[[1600.0,650.0,650.0],0.005750714],
[[1600.0,700.0,700.0],0.005694414],
[[1600.0,750.0,750.0],0.005951107],
[[1650.0,1.0,1.0],0.003719664],
[[1650.0,150.0,150.0],0.005139873],
[[1650.0,200.0,200.0],0.004726463],
[[1650.0,250.0,250.0],0.005752996],
[[1650.0,300.0,300.0],0.005230956],
[[1650.0,350.0,350.0],0.004580441],
[[1650.0,400.0,400.0],0.006027805],
[[1650.0,450.0,450.0],0.005589392],
[[1650.0,500.0,500.0],0.005254856],
[[1650.0,550.0,550.0],0.005118958],
[[1650.0,600.0,600.0],0.006096634],
[[1650.0,650.0,650.0],0.006209589],
[[1650.0,700.0,700.0],0.004779072],
[[1650.0,750.0,750.0],0.005813335],
[[1650.0,800.0,800.0],0.006220766],
[[1700.0,1.0,1.0],0.004012384],
[[1700.0,150.0,150.0],0.00493821],
[[1700.0,200.0,200.0],0.004716259],
[[1700.0,250.0,250.0],0.004916853],
[[1700.0,300.0,300.0],0.00554854],
[[1700.0,350.0,350.0],0.004909176],
[[1700.0,400.0,400.0],0.005585552],
[[1700.0,450.0,450.0],0.004901629],
[[1700.0,500.0,500.0],0.006169068],
[[1700.0,550.0,550.0],0.005826673],
[[1700.0,600.0,600.0],0.005500891],
[[1700.0,650.0,650.0],0.005794701],
[[1700.0,700.0,700.0],0.005358383],
[[1700.0,750.0,750.0],0.006351249],
[[1700.0,800.0,800.0],0.006010919],
[[1750.0,1.0,1.0],0.00386061],
[[1750.0,10.0,10.0],0.003818368],
[[1750.0,50.0,50.0],0.004085371],
[[1750.0,100.0,100.0],0.004346279],
[[1750.0,150.0,150.0],0.004955286],
[[1750.0,200.0,200.0],0.004692688],
[[1750.0,250.0,250.0],0.004310265],
[[1750.0,300.0,300.0],0.004995062],
[[1750.0,350.0,350.0],0.005673839],
[[1750.0,400.0,400.0],0.005362089],
[[1750.0,450.0,450.0],0.005655246],
[[1750.0,500.0,500.0],0.005570779],
[[1750.0,550.0,550.0],0.005341615],
[[1750.0,600.0,600.0],0.005185707],
[[1750.0,650.0,650.0],0.006092051],
[[1750.0,700.0,700.0],0.005247536],
[[1750.0,750.0,750.0],0.005351786],
[[1750.0,800.0,800.0],0.005086335],
[[1750.0,850.0,850.0],0.005243984],
[[1800.0,1.0,1.0],0.003916766],
[[1800.0,150.0,150.0],0.00432739],
[[1800.0,200.0,200.0],0.004307497],
[[1800.0,250.0,250.0],0.004686195],
[[1800.0,300.0,300.0],0.004736564],
[[1800.0,350.0,350.0],0.004973711],
[[1800.0,400.0,400.0],0.005665813],
[[1800.0,450.0,450.0],0.005308982],
[[1800.0,500.0,500.0],0.004662865],
[[1800.0,550.0,550.0],0.005240328],
[[1800.0,600.0,600.0],0.005506317],
[[1800.0,650.0,650.0],0.005118541],
[[1800.0,700.0,700.0],0.005678414],
[[1800.0,750.0,750.0],0.00515846],
[[1800.0,800.0,800.0],0.005565244],
[[1800.0,850.0,850.0],0.006847624],
[[1850.0,1.0,1.0],0.003989813],
[[1850.0,150.0,150.0],0.004228656],
[[1850.0,200.0,200.0],0.004880027],
[[1850.0,250.0,250.0],0.004828182],
[[1850.0,300.0,300.0],0.00498579],
[[1850.0,350.0,350.0],0.005612996],
[[1850.0,400.0,400.0],0.004482044],
[[1850.0,450.0,450.0],0.005347816],
[[1850.0,500.0,500.0],0.005457155],
[[1850.0,550.0,550.0],0.005337132],
[[1850.0,600.0,600.0],0.005438335],
[[1850.0,650.0,650.0],0.005980804],
[[1850.0,700.0,700.0],0.006460983],
[[1850.0,750.0,750.0],0.005294602],
[[1850.0,800.0,800.0],0.005925113],
[[1850.0,850.0,850.0],0.006083865],
[[1850.0,900.0,900.0],0.006114854],
[[1900.0,1.0,1.0],0.003660198],
[[1900.0,150.0,150.0],0.004303034],
[[1900.0,200.0,200.0],0.005931972],
[[1900.0,250.0,250.0],0.005126806],
[[1900.0,300.0,300.0],0.005895568],
[[1900.0,350.0,350.0],0.005331348],
[[1900.0,400.0,400.0],0.005792389],
[[1900.0,450.0,450.0],0.00520738],
[[1900.0,500.0,500.0],0.005841018],
[[1900.0,550.0,550.0],0.006220247],
[[1900.0,600.0,600.0],0.006349617],
[[1900.0,650.0,650.0],0.005160234],
[[1900.0,700.0,700.0],0.005817928],
[[1900.0,750.0,750.0],0.005853004],
[[1900.0,800.0,800.0],0.006474034],
[[1900.0,850.0,850.0],0.006303275],
[[1900.0,900.0,900.0],0.006934145],
[[1950.0,1.0,1.0],0.003745924],
[[1950.0,150.0,150.0],0.004350316],
[[1950.0,200.0,200.0],0.004985513],
[[1950.0,250.0,250.0],0.004785572],
[[1950.0,300.0,300.0],0.00525293],
[[1950.0,350.0,350.0],0.005964815],
[[1950.0,400.0,400.0],0.006111046],
[[1950.0,450.0,450.0],0.005973806],
[[1950.0,500.0,500.0],0.005610686],
[[1950.0,550.0,550.0],0.006119737],
[[1950.0,600.0,600.0],0.006418408],
[[1950.0,650.0,650.0],0.005330716],
[[1950.0,700.0,700.0],0.005670688],
[[1950.0,750.0,750.0],0.00587733],
[[1950.0,800.0,800.0],0.005960753],
[[1950.0,850.0,850.0],0.006286225],
[[1950.0,900.0,900.0],0.006457898],
[[1950.0,950.0,950.0],0.006395522],
[[2000.0,1.0,1.0],0.003497973],
[[2000.0,10.0,10.0],0.003796794],
[[2000.0,50.0,50.0],0.00377456],
[[2000.0,100.0,100.0],0.00427977],
[[2000.0,150.0,150.0],0.004462534],
[[2000.0,200.0,200.0],0.005490991],
[[2000.0,250.0,250.0],0.005153915],
[[2000.0,300.0,300.0],0.005261645],
[[2000.0,350.0,350.0],0.005210408],
[[2000.0,400.0,400.0],0.005265413],
[[2000.0,450.0,450.0],0.005587292],
[[2000.0,500.0,500.0],0.005710019],
[[2000.0,550.0,550.0],0.005571137],
[[2000.0,600.0,600.0],0.005556989],
[[2000.0,650.0,650.0],0.00634371],
[[2000.0,700.0,700.0],0.00592352],
[[2000.0,750.0,750.0],0.006017793],
[[2000.0,800.0,800.0],0.005694502],
[[2000.0,850.0,850.0],0.005621691],
[[2000.0,900.0,900.0],0.00619236],
[[2000.0,950.0,950.0],0.005736438],
[[2250.0,1.0,1.0],0.003228458],
[[2250.0,10.0,10.0],0.003583586],
[[2250.0,50.0,50.0],0.004201745],
[[2250.0,100.0,100.0],0.004172813],
[[2250.0,150.0,150.0],0.0043509],
[[2250.0,300.0,300.0],0.005665697],
[[2250.0,500.0,500.0],0.005660191],
[[2250.0,750.0,750.0],0.005831742],
[[2250.0,1000.0,1000.0],0.006237634],
[[2500.0,1.0,1.0],0.003295138],
[[2500.0,10.0,10.0],0.002923319],
[[2500.0,50.0,50.0],0.00408715],
[[2500.0,100.0,100.0],0.004285085],
[[2500.0,150.0,150.0],0.003804158],
[[2500.0,300.0,300.0],0.005128137],
[[2500.0,500.0,500.0],0.005790185],
[[2500.0,750.0,750.0],0.006344666],
[[2500.0,1000.0,1000.0],0.007141441],
[[2500.0,1200.0,1200.0],0.006758001],
[[2750.0,1.0,1.0],0.003034402],
[[2750.0,10.0,10.0],0.002975047],
[[2750.0,50.0,50.0],0.004608868],
[[2750.0,100.0,100.0],0.004361932],
[[2750.0,150.0,150.0],0.004009835],
[[2750.0,300.0,300.0],0.005547167],
[[2750.0,500.0,500.0],0.005876885],
[[2750.0,750.0,750.0],0.006162834],
[[2750.0,1000.0,1000.0],0.005942017],
[[2750.0,1200.0,1200.0],0.006750016],
[[3000.0,1.0,1.0],0.003552319],
[[3000.0,10.0,10.0],0.003630767],
[[3000.0,50.0,50.0],0.004504178],
[[3000.0,100.0,100.0],0.004087217],
[[3000.0,150.0,150.0],0.004063091],
[[3000.0,300.0,300.0],0.005636494],
[[3000.0,500.0,500.0],0.006568098],
[[3000.0,750.0,750.0],0.006349568],
[[3000.0,1000.0,1000.0],0.00728598],
[[3000.0,1200.0,1200.0],0.006641289],
[[3000.0,1400.0,1400.0],0.006586292]]
