txName: TRV1
constraint: {(PV > Zprime(1)), (Zprime(1) > MET(2),MET(3))}
condition: None
conditionDescription: None
figureUrl: https://cms-results.web.cern.ch/cms-results/public-results/publications/EXO-20-004/CMS-EXO-20-004_Figure_007-b.png
source: CMS
validated: True
axesMap: [{0: 'x', 1: 'y', 2: 'y'}]
dataMap: {0: (1, 'mass', GeV), 1: (2, 'mass', GeV), 2: (3, 'mass', GeV)}
finalState: ['MET', 'MET']
intermediateState: None
efficiencyMap: [[[50.0,1.0,1.0],3.971458e-06],
[[100.0,1.0,1.0],2.518286e-05],
[[100.0,10.0,10.0],2.009714e-05],
[[150.0,1.0,1.0],6.597722e-05],
[[150.0,75.0,75.0],7.801741e-05],
[[200.0,1.0,1.0],0.0001359355],
[[200.0,75.0,75.0],0.0001458299],
[[250.0,1.0,1.0],0.0002106989],
[[250.0,10.0,10.0],0.0002628653],
[[250.0,75.0,75.0],0.000227494],
[[300.0,1.0,1.0],0.0003187491],
[[300.0,75.0,75.0],0.0003417901],
[[350.0,1.0,1.0],0.0004073088],
[[350.0,75.0,75.0],0.0004644131],
[[350.0,150.0,150.0],0.0005419747],
[[400.0,1.0,1.0],0.0005552663],
[[400.0,75.0,75.0],0.0005647715],
[[400.0,150.0,150.0],0.0005585629],
[[450.0,1.0,1.0],0.0006753348],
[[450.0,75.0,75.0],0.0007076449],
[[450.0,150.0,150.0],0.0007179005],
[[450.0,200.0,200.0],0.0006408431],
[[500.0,1.0,1.0],0.0007479664],
[[500.0,10.0,10.0],0.0007698644],
[[500.0,75.0,75.0],0.0008111673],
[[500.0,150.0,150.0],0.0007685783],
[[500.0,200.0,200.0],0.00081113],
[[550.0,1.0,1.0],0.0008500189],
[[550.0,75.0,75.0],0.0008672727],
[[550.0,150.0,150.0],0.0009065199],
[[550.0,200.0,200.0],0.0008892239],
[[550.0,250.0,250.0],0.0009358664],
[[600.0,1.0,1.0],0.0009983109],
[[600.0,75.0,75.0],0.001041413],
[[600.0,150.0,150.0],0.0009760308],
[[600.0,200.0,200.0],0.0009321755],
[[600.0,250.0,250.0],0.0009564178],
[[650.0,1.0,1.0],0.001061866],
[[650.0,75.0,75.0],0.001095878],
[[650.0,150.0,150.0],0.001043984],
[[650.0,200.0,200.0],0.001191849],
[[650.0,250.0,250.0],0.001193045],
[[650.0,300.0,300.0],0.001127049],
[[700.0,1.0,1.0],0.001223071],
[[700.0,75.0,75.0],0.00105691],
[[700.0,150.0,150.0],0.001093149],
[[700.0,200.0,200.0],0.001028152],
[[700.0,250.0,250.0],0.001198363],
[[700.0,300.0,300.0],0.001279215],
[[750.0,1.0,1.0],0.001260487],
[[750.0,10.0,10.0],0.001270716],
[[750.0,75.0,75.0],0.001249599],
[[750.0,150.0,150.0],0.001344561],
[[750.0,200.0,200.0],0.001169231],
[[750.0,250.0,250.0],0.001394384],
[[750.0,300.0,300.0],0.001287733],
[[750.0,350.0,350.0],0.001340387],
[[800.0,1.0,1.0],0.00142555],
[[800.0,75.0,75.0],0.001305388],
[[800.0,150.0,150.0],0.001333183],
[[800.0,200.0,200.0],0.001318078],
[[800.0,250.0,250.0],0.001214612],
[[800.0,300.0,300.0],0.001341314],
[[800.0,350.0,350.0],0.00142724],
[[850.0,1.0,1.0],0.001415835],
[[850.0,75.0,75.0],0.001461826],
[[850.0,150.0,150.0],0.001443193],
[[850.0,200.0,200.0],0.0014694],
[[850.0,250.0,250.0],0.001530936],
[[850.0,300.0,300.0],0.001471005],
[[850.0,350.0,350.0],0.001493487],
[[850.0,400.0,400.0],0.001502018],
[[900.0,1.0,1.0],0.001436538],
[[900.0,75.0,75.0],0.001472953],
[[900.0,150.0,150.0],0.001572001],
[[900.0,200.0,200.0],0.001405877],
[[900.0,250.0,250.0],0.001446458],
[[900.0,300.0,300.0],0.001557656],
[[900.0,350.0,350.0],0.001425994],
[[900.0,400.0,400.0],0.001632488],
[[950.0,1.0,1.0],0.00138229],
[[950.0,75.0,75.0],0.001472686],
[[950.0,150.0,150.0],0.001552369],
[[950.0,200.0,200.0],0.001688494],
[[950.0,250.0,250.0],0.001504945],
[[950.0,300.0,300.0],0.001563268],
[[950.0,350.0,350.0],0.001549235],
[[950.0,400.0,400.0],0.001637511],
[[950.0,450.0,450.0],0.001573803],
[[1000.0,1.0,1.0],0.001458302],
[[1000.0,10.0,10.0],0.001523897],
[[1000.0,75.0,75.0],0.001609596],
[[1000.0,150.0,150.0],0.001551409],
[[1000.0,200.0,200.0],0.001508684],
[[1000.0,250.0,250.0],0.001619427],
[[1000.0,300.0,300.0],0.001602059],
[[1000.0,350.0,350.0],0.001643811],
[[1000.0,400.0,400.0],0.001672745],
[[1000.0,450.0,450.0],0.001559571],
[[1050.0,1.0,1.0],0.001596287],
[[1050.0,75.0,75.0],0.001588223],
[[1050.0,150.0,150.0],0.001716595],
[[1050.0,200.0,200.0],0.001583053],
[[1050.0,250.0,250.0],0.001528811],
[[1050.0,300.0,300.0],0.001704595],
[[1050.0,350.0,350.0],0.001646959],
[[1050.0,400.0,400.0],0.001779988],
[[1050.0,450.0,450.0],0.001602404],
[[1050.0,500.0,500.0],0.001770306],
[[1100.0,1.0,1.0],0.001618464],
[[1100.0,75.0,75.0],0.001645623],
[[1100.0,150.0,150.0],0.001790089],
[[1100.0,200.0,200.0],0.001739837],
[[1100.0,250.0,250.0],0.001682847],
[[1100.0,300.0,300.0],0.001807458],
[[1100.0,350.0,350.0],0.001776232],
[[1100.0,400.0,400.0],0.001820366],
[[1100.0,450.0,450.0],0.001613296],
[[1100.0,500.0,500.0],0.001838878],
[[1150.0,1.0,1.0],0.001787866],
[[1150.0,75.0,75.0],0.001715819],
[[1150.0,150.0,150.0],0.001667804],
[[1150.0,200.0,200.0],0.001734621],
[[1150.0,250.0,250.0],0.001943495],
[[1150.0,300.0,300.0],0.001898431],
[[1150.0,350.0,350.0],0.001802883],
[[1150.0,400.0,400.0],0.00164764],
[[1150.0,450.0,450.0],0.002075772],
[[1150.0,500.0,500.0],0.001756689],
[[1150.0,550.0,550.0],0.001924588],
[[1200.0,1.0,1.0],0.001788817],
[[1200.0,75.0,75.0],0.001731837],
[[1200.0,150.0,150.0],0.001554347],
[[1200.0,200.0,200.0],0.001719235],
[[1200.0,250.0,250.0],0.001817592],
[[1200.0,300.0,300.0],0.001713932],
[[1200.0,350.0,350.0],0.001848122],
[[1200.0,400.0,400.0],0.001794114],
[[1200.0,450.0,450.0],0.001907796],
[[1200.0,500.0,500.0],0.001880102],
[[1200.0,550.0,550.0],0.001927749],
[[1250.0,1.0,1.0],0.001745828],
[[1250.0,10.0,10.0],0.001669676],
[[1250.0,75.0,75.0],0.001716461],
[[1250.0,150.0,150.0],0.001715422],
[[1250.0,200.0,200.0],0.00194865],
[[1250.0,250.0,250.0],0.001881513],
[[1250.0,300.0,300.0],0.001857776],
[[1250.0,350.0,350.0],0.001876423],
[[1250.0,400.0,400.0],0.002061063],
[[1250.0,450.0,450.0],0.001905923],
[[1250.0,500.0,500.0],0.001933808],
[[1250.0,550.0,550.0],0.001805948],
[[1250.0,600.0,600.0],0.001960377],
[[1300.0,1.0,1.0],0.001772333],
[[1300.0,75.0,75.0],0.001872578],
[[1300.0,150.0,150.0],0.001968188],
[[1300.0,200.0,200.0],0.001762205],
[[1300.0,250.0,250.0],0.001746806],
[[1300.0,300.0,300.0],0.001971533],
[[1300.0,350.0,350.0],0.00202052],
[[1300.0,400.0,400.0],0.001860575],
[[1300.0,450.0,450.0],0.001876365],
[[1300.0,500.0,500.0],0.001968044],
[[1300.0,550.0,550.0],0.001874733],
[[1300.0,600.0,600.0],0.00202328],
[[1350.0,1.0,1.0],0.001763718],
[[1350.0,75.0,75.0],0.001825897],
[[1350.0,150.0,150.0],0.001974391],
[[1350.0,200.0,200.0],0.001814485],
[[1350.0,250.0,250.0],0.002015915],
[[1350.0,300.0,300.0],0.00184956],
[[1350.0,350.0,350.0],0.001840056],
[[1350.0,400.0,400.0],0.002183414],
[[1350.0,450.0,450.0],0.001889225],
[[1350.0,500.0,500.0],0.002002268],
[[1350.0,550.0,550.0],0.001869822],
[[1350.0,600.0,600.0],0.002196979],
[[1350.0,650.0,650.0],0.00175081],
[[1400.0,1.0,1.0],0.00180116],
[[1400.0,75.0,75.0],0.001838973],
[[1400.0,150.0,150.0],0.001956743],
[[1400.0,200.0,200.0],0.00213045],
[[1400.0,250.0,250.0],0.002009601],
[[1400.0,300.0,300.0],0.002066133],
[[1400.0,350.0,350.0],0.002087954],
[[1400.0,400.0,400.0],0.00198161],
[[1400.0,450.0,450.0],0.001997932],
[[1400.0,500.0,500.0],0.002146231],
[[1400.0,550.0,550.0],0.002121771],
[[1400.0,600.0,600.0],0.001989685],
[[1400.0,650.0,650.0],0.001957161],
[[1450.0,1.0,1.0],0.001925196],
[[1450.0,75.0,75.0],0.001878967],
[[1450.0,150.0,150.0],0.002068146],
[[1450.0,200.0,200.0],0.001895598],
[[1450.0,250.0,250.0],0.002087875],
[[1450.0,300.0,300.0],0.002003829],
[[1450.0,350.0,350.0],0.001813542],
[[1450.0,400.0,400.0],0.002230868],
[[1450.0,450.0,450.0],0.001902695],
[[1450.0,500.0,500.0],0.002042314],
[[1450.0,550.0,550.0],0.001871077],
[[1450.0,600.0,600.0],0.002015688],
[[1450.0,650.0,650.0],0.001971151],
[[1450.0,700.0,700.0],0.002015642],
[[1500.0,1.0,1.0],0.001920165],
[[1500.0,10.0,10.0],0.001940157],
[[1500.0,75.0,75.0],0.002053338],
[[1500.0,150.0,150.0],0.00203798],
[[1500.0,200.0,200.0],0.001997091],
[[1500.0,250.0,250.0],0.001987405],
[[1500.0,300.0,300.0],0.001993469],
[[1500.0,350.0,350.0],0.001960056],
[[1500.0,400.0,400.0],0.002006989],
[[1500.0,450.0,450.0],0.002204018],
[[1500.0,500.0,500.0],0.002044902],
[[1500.0,550.0,550.0],0.002093144],
[[1500.0,600.0,600.0],0.002173428],
[[1500.0,650.0,650.0],0.002136313],
[[1500.0,700.0,700.0],0.002071949],
[[1500.0,750.0,750.0],0.002195363],
[[1550.0,1.0,1.0],0.001919847],
[[1550.0,75.0,75.0],0.001882865],
[[1550.0,150.0,150.0],0.001973272],
[[1550.0,200.0,200.0],0.001981713],
[[1550.0,250.0,250.0],0.00193431],
[[1550.0,300.0,300.0],0.001726145],
[[1550.0,350.0,350.0],0.0020826],
[[1550.0,400.0,400.0],0.002118053],
[[1550.0,450.0,450.0],0.002072996],
[[1550.0,500.0,500.0],0.002046648],
[[1550.0,550.0,550.0],0.002270349],
[[1550.0,600.0,600.0],0.002021527],
[[1550.0,650.0,650.0],0.002175707],
[[1550.0,700.0,700.0],0.002170024],
[[1550.0,750.0,750.0],0.002040223],
[[1600.0,1.0,1.0],0.001992607],
[[1600.0,75.0,75.0],0.002194164],
[[1600.0,150.0,150.0],0.002131019],
[[1600.0,200.0,200.0],0.002088131],
[[1600.0,250.0,250.0],0.002120073],
[[1600.0,300.0,300.0],0.002015944],
[[1600.0,350.0,350.0],0.002187314],
[[1600.0,400.0,400.0],0.00219947],
[[1600.0,450.0,450.0],0.002171494],
[[1600.0,500.0,500.0],0.002079855],
[[1600.0,550.0,550.0],0.001917724],
[[1600.0,600.0,600.0],0.002356639],
[[1600.0,650.0,650.0],0.00216181],
[[1600.0,700.0,700.0],0.002015122],
[[1600.0,750.0,750.0],0.0021131],
[[1650.0,1.0,1.0],0.002059369],
[[1650.0,75.0,75.0],0.002014434],
[[1650.0,150.0,150.0],0.001955624],
[[1650.0,200.0,200.0],0.001848875],
[[1650.0,250.0,250.0],0.002187444],
[[1650.0,300.0,300.0],0.002084294],
[[1650.0,350.0,350.0],0.002118719],
[[1650.0,400.0,400.0],0.002114431],
[[1650.0,450.0,450.0],0.002008901],
[[1650.0,500.0,500.0],0.002177723],
[[1650.0,550.0,550.0],0.002097723],
[[1650.0,600.0,600.0],0.002233809],
[[1650.0,650.0,650.0],0.002182212],
[[1650.0,700.0,700.0],0.002098944],
[[1650.0,750.0,750.0],0.002142835],
[[1650.0,800.0,800.0],0.00238873],
[[1700.0,1.0,1.0],0.001982259],
[[1700.0,75.0,75.0],0.002044125],
[[1700.0,150.0,150.0],0.002075209],
[[1700.0,200.0,200.0],0.002075825],
[[1700.0,250.0,250.0],0.002249709],
[[1700.0,300.0,300.0],0.002111421],
[[1700.0,350.0,350.0],0.00192995],
[[1700.0,400.0,400.0],0.002045974],
[[1700.0,450.0,450.0],0.002150987],
[[1700.0,500.0,500.0],0.002122621],
[[1700.0,550.0,550.0],0.002063749],
[[1700.0,600.0,600.0],0.002325914],
[[1700.0,650.0,650.0],0.002038167],
[[1700.0,700.0,700.0],0.00212699],
[[1700.0,750.0,750.0],0.002185051],
[[1700.0,800.0,800.0],0.002090289],
[[1750.0,1.0,1.0],0.001981486],
[[1750.0,10.0,10.0],0.001875906],
[[1750.0,75.0,75.0],0.00218304],
[[1750.0,150.0,150.0],0.002210317],
[[1750.0,200.0,200.0],0.002003195],
[[1750.0,250.0,250.0],0.002197485],
[[1750.0,300.0,300.0],0.001971781],
[[1750.0,350.0,350.0],0.002171142],
[[1750.0,400.0,400.0],0.002076509],
[[1750.0,450.0,450.0],0.002149922],
[[1750.0,500.0,500.0],0.002024006],
[[1750.0,550.0,550.0],0.002027394],
[[1750.0,600.0,600.0],0.002127433],
[[1750.0,650.0,650.0],0.002303848],
[[1750.0,700.0,700.0],0.002023267],
[[1750.0,750.0,750.0],0.002311697],
[[1750.0,800.0,800.0],0.002248872],
[[1750.0,850.0,850.0],0.002278282],
[[1800.0,1.0,1.0],0.002049518],
[[1800.0,75.0,75.0],0.002048445],
[[1800.0,150.0,150.0],0.002136826],
[[1800.0,200.0,200.0],0.002089879],
[[1800.0,250.0,250.0],0.002160189],
[[1800.0,300.0,300.0],0.002101773],
[[1800.0,350.0,350.0],0.002042082],
[[1800.0,400.0,400.0],0.002117888],
[[1800.0,450.0,450.0],0.002144401],
[[1800.0,500.0,500.0],0.002299099],
[[1800.0,550.0,550.0],0.002151916],
[[1800.0,600.0,600.0],0.002297451],
[[1800.0,650.0,650.0],0.002126306],
[[1800.0,700.0,700.0],0.002204157],
[[1800.0,750.0,750.0],0.002069915],
[[1800.0,800.0,800.0],0.002545386],
[[1800.0,850.0,850.0],0.002230061],
[[1850.0,1.0,1.0],0.002082107],
[[1850.0,75.0,75.0],0.002014469],
[[1850.0,150.0,150.0],0.002059224],
[[1850.0,200.0,200.0],0.002168602],
[[1850.0,250.0,250.0],0.002326808],
[[1850.0,300.0,300.0],0.002265984],
[[1850.0,350.0,350.0],0.002037985],
[[1850.0,400.0,400.0],0.0023033],
[[1850.0,450.0,450.0],0.002086573],
[[1850.0,500.0,500.0],0.002413156],
[[1850.0,550.0,550.0],0.002111181],
[[1850.0,600.0,600.0],0.002030879],
[[1850.0,650.0,650.0],0.00227162],
[[1850.0,700.0,700.0],0.00220352],
[[1850.0,750.0,750.0],0.002258819],
[[1850.0,800.0,800.0],0.00218303],
[[1850.0,850.0,850.0],0.002095839],
[[1850.0,900.0,900.0],0.00225906],
[[1900.0,1.0,1.0],0.001935329],
[[1900.0,75.0,75.0],0.002055287],
[[1900.0,150.0,150.0],0.002073212],
[[1900.0,200.0,200.0],0.002144646],
[[1900.0,250.0,250.0],0.002275695],
[[1900.0,300.0,300.0],0.002343287],
[[1900.0,350.0,350.0],0.002208361],
[[1900.0,400.0,400.0],0.002389025],
[[1900.0,450.0,450.0],0.002312884],
[[1900.0,500.0,500.0],0.002163391],
[[1900.0,550.0,550.0],0.002119115],
[[1900.0,600.0,600.0],0.00240074],
[[1900.0,650.0,650.0],0.002143243],
[[1900.0,700.0,700.0],0.002234863],
[[1900.0,750.0,750.0],0.002198547],
[[1900.0,800.0,800.0],0.002344569],
[[1900.0,850.0,850.0],0.002418483],
[[1900.0,900.0,900.0],0.002176166],
[[1950.0,1.0,1.0],0.002068937],
[[1950.0,75.0,75.0],0.00209559],
[[1950.0,150.0,150.0],0.002134607],
[[1950.0,200.0,200.0],0.002190192],
[[1950.0,250.0,250.0],0.002110563],
[[1950.0,300.0,300.0],0.002120373],
[[1950.0,350.0,350.0],0.002347403],
[[1950.0,400.0,400.0],0.00228837],
[[1950.0,450.0,450.0],0.002296803],
[[1950.0,500.0,500.0],0.002417067],
[[1950.0,550.0,550.0],0.002332473],
[[1950.0,600.0,600.0],0.002228713],
[[1950.0,650.0,650.0],0.002392343],
[[1950.0,700.0,700.0],0.002250224],
[[1950.0,750.0,750.0],0.002196641],
[[1950.0,800.0,800.0],0.00217365],
[[1950.0,850.0,850.0],0.002310363],
[[1950.0,900.0,900.0],0.002233853],
[[1950.0,950.0,950.0],0.00231331],
[[2000.0,1.0,1.0],0.002318242],
[[2000.0,75.0,75.0],0.002379149],
[[2000.0,150.0,150.0],0.002151951],
[[2000.0,200.0,200.0],0.002106325],
[[2000.0,250.0,250.0],0.002191406],
[[2000.0,300.0,300.0],0.002444109],
[[2000.0,350.0,350.0],0.002447602],
[[2000.0,400.0,400.0],0.002181349],
[[2000.0,450.0,450.0],0.002335384],
[[2000.0,500.0,500.0],0.002188703],
[[2000.0,550.0,550.0],0.002198842],
[[2000.0,600.0,600.0],0.002337272],
[[2000.0,650.0,650.0],0.00229396],
[[2000.0,700.0,700.0],0.002223708],
[[2000.0,750.0,750.0],0.002242682],
[[2000.0,800.0,800.0],0.00224832],
[[2000.0,850.0,850.0],0.002228342],
[[2000.0,900.0,900.0],0.00226862],
[[2000.0,950.0,950.0],0.002267484],
[[2250.0,1.0,1.0],0.002483853],
[[2250.0,75.0,75.0],0.002440219],
[[2250.0,150.0,150.0],0.002489429],
[[2250.0,300.0,300.0],0.002169463],
[[2250.0,500.0,500.0],0.002457806],
[[2250.0,750.0,750.0],0.002216936],
[[2250.0,1000.0,1000.0],0.002331786],
[[2500.0,1.0,1.0],0.002365044],
[[2500.0,75.0,75.0],0.002532223],
[[2500.0,150.0,150.0],0.002208221],
[[2500.0,300.0,300.0],0.002501745],
[[2500.0,500.0,500.0],0.00220935],
[[2500.0,750.0,750.0],0.002428453],
[[2500.0,1000.0,1000.0],0.002459949],
[[2500.0,1200.0,1200.0],0.002295003],
[[2750.0,1.0,1.0],0.002570286],
[[2750.0,75.0,75.0],0.002633598],
[[2750.0,150.0,150.0],0.002306727],
[[2750.0,300.0,300.0],0.002346068],
[[2750.0,500.0,500.0],0.002537498],
[[2750.0,750.0,750.0],0.002444258],
[[2750.0,1000.0,1000.0],0.002504364],
[[2750.0,1200.0,1200.0],0.002457692],
[[3000.0,1.0,1.0],0.002640373],
[[3000.0,75.0,75.0],0.002716863],
[[3000.0,150.0,150.0],0.002684888],
[[3000.0,300.0,300.0],0.002707783],
[[3000.0,500.0,500.0],0.002445206],
[[3000.0,750.0,750.0],0.002709419],
[[3000.0,1000.0,1000.0],0.002628035],
[[3000.0,1200.0,1200.0],0.003058641],
[[3000.0,1400.0,1400.0],0.002447645]]
