txName: TRV1
constraint: {(PV > Zprime(1)), (Zprime(1) > MET(2),MET(3))}
condition: None
conditionDescription: None
figureUrl: None
source: Recast by CM2
validated: True
axesMap: [{0: 'x', 1: 'y', 2: 'y'}]
dataMap: {0: (1, 'mass', GeV), 1: (2, 'mass', GeV), 2: (3, 'mass', GeV)}
finalState: ['MET', 'MET']
intermediateState: None
efficiencyMap: [[[50.0,0,0],0.0],
[[50.0,1.0,1.0],0.0],
[[50.0,10.0,10.0],0.0],
[[50.0,20.0,20.0],0.0],
[[100.0,0,0],0],
[[100.0,1.0,1.0],0.0],
[[100.0,10.0,10.0],0.0],
[[150.0,0,0],0.0],
[[150.0,1.0,1.0],0.0],
[[150.0,10.0,10.0],0.0],
[[150.0,50.0,50.0],0.0],
[[150.0,70.0,70.0],0.0],
[[200.0,0,0],0.0],
[[200.0,1.0,1.0],0],
[[200.0,10.0,10.0],0],
[[200.0,50.0,50.0],0],
[[200.0,75.0,75.0],0.0],
[[250.0,0,0],0],
[[250.0,1.0,1.0],0],
[[250.0,10.0,10.0],0],
[[250.0,50.0,50.0],0],
[[250.0,75.0,75.0],0],
[[250.0,100.0,100.0],0],
[[250.0,120.0,120.0],0.0],
[[300.0,0,0],0.0],
[[300.0,1.0,1.0],0],
[[300.0,10.0,10.0],0],
[[300.0,50.0,50.0],0],
[[300.0,75.0,75.0],0],
[[300.0,100.0,100.0],0],
[[350.0,0,0],0],
[[350.0,1.0,1.0],0],
[[350.0,10.0,10.0],0],
[[350.0,50.0,50.0],0],
[[350.0,75.0,75.0],0],
[[350.0,100.0,100.0],0],
[[350.0,150.0,150.0],0],
[[350.0,170.0,170.0],0.0],
[[400.0,0,0],0],
[[400.0,1.0,1.0],0],
[[400.0,10.0,10.0],0],
[[400.0,50.0,50.0],0],
[[400.0,75.0,75.0],0],
[[400.0,100.0,100.0],0],
[[400.0,150.0,150.0],0],
[[450.0,0,0],0],
[[450.0,1.0,1.0],0],
[[450.0,10.0,10.0],0],
[[450.0,50.0,50.0],0],
[[450.0,75.0,75.0],0],
[[450.0,100.0,100.0],0],
[[450.0,150.0,150.0],0],
[[450.0,200.0,200.0],0],
[[450.0,220.0,220.0],0.0],
[[500.0,0,0],0],
[[500.0,1.0,1.0],0],
[[500.0,10.0,10.0],0],
[[500.0,50.0,50.0],0],
[[500.0,75.0,75.0],0],
[[500.0,100.0,100.0],0],
[[500.0,150.0,150.0],0],
[[500.0,200.0,200.0],0],
[[550.0,1.0,1.0],0],
[[550.0,10.0,10.0],0],
[[550.0,75.0,75.0],0],
[[550.0,150.0,150.0],0],
[[550.0,200.0,200.0],0],
[[550.0,250.0,250.0],0],
[[550.0,270.0,270.0],0],
[[600.0,0,0],0],
[[600.0,1.0,1.0],0],
[[600.0,10.0,10.0],0],
[[600.0,50.0,50.0],0],
[[600.0,75.0,75.0],0],
[[600.0,100.0,100.0],0],
[[600.0,150.0,150.0],0],
[[600.0,200.0,200.0],0],
[[600.0,250.0,250.0],0],
[[600.0,295.0,295.0],0],
[[650.0,1.0,1.0],0],
[[650.0,10.0,10.0],0],
[[650.0,75.0,75.0],0],
[[650.0,150.0,150.0],0],
[[650.0,200.0,200.0],0],
[[650.0,250.0,250.0],0],
[[650.0,300.0,300.0],0],
[[650.0,320.0,320.0],0],
[[700.0,0,0],0],
[[700.0,1.0,1.0],0],
[[700.0,10.0,10.0],0],
[[700.0,50.0,50.0],0],
[[700.0,75.0,75.0],0],
[[700.0,100.0,100.0],0.0],
[[700.0,150.0,150.0],0],
[[700.0,200.0,200.0],0],
[[700.0,250.0,250.0],0],
[[700.0,300.0,300.0],0],
[[750.0,1.0,1.0],0],
[[750.0,10.0,10.0],0],
[[750.0,75.0,75.0],0],
[[750.0,150.0,150.0],0],
[[750.0,200.0,200.0],0],
[[750.0,250.0,250.0],0],
[[750.0,300.0,300.0],0],
[[750.0,350.0,350.0],1.675262e-06],
[[750.0,370.0,370.0],0],
[[800.0,0,0],0],
[[800.0,1.0,1.0],0],
[[800.0,10.0,10.0],1.654331e-06],
[[800.0,50.0,50.0],1.698842e-06],
[[800.0,75.0,75.0],0],
[[800.0,100.0,100.0],0],
[[800.0,150.0,150.0],0],
[[800.0,200.0,200.0],0],
[[800.0,250.0,250.0],2.248652e-06],
[[800.0,300.0,300.0],1.662652e-06],
[[800.0,350.0,350.0],1.759874e-06],
[[850.0,1.0,1.0],0],
[[850.0,10.0,10.0],2.617598e-06],
[[850.0,75.0,75.0],2.165387e-06],
[[850.0,150.0,150.0],2.133487e-06],
[[850.0,200.0,200.0],0],
[[850.0,250.0,250.0],1.958846e-06],
[[850.0,300.0,300.0],0],
[[850.0,350.0,350.0],2.426591e-06],
[[850.0,400.0,400.0],0],
[[850.0,420.0,420.0],0],
[[900.0,0,0],2.802237e-06],
[[900.0,1.0,1.0],2.989191e-06],
[[900.0,10.0,10.0],1.68377e-06],
[[900.0,50.0,50.0],0],
[[900.0,75.0,75.0],0],
[[900.0,100.0,100.0],0],
[[900.0,150.0,150.0],0],
[[900.0,200.0,200.0],2.672119e-06],
[[900.0,250.0,250.0],2.108856e-06],
[[900.0,300.0,300.0],2.715778e-06],
[[900.0,350.0,350.0],2.766486e-06],
[[900.0,400.0,400.0],2.266353e-06],
[[950.0,1.0,1.0],1.86536e-06],
[[950.0,10.0,10.0],2.093326e-06],
[[950.0,75.0,75.0],2.158823e-06],
[[950.0,150.0,150.0],2.245854e-06],
[[950.0,200.0,200.0],3.776956e-06],
[[950.0,250.0,250.0],1.828995e-06],
[[950.0,300.0,300.0],2.759629e-06],
[[950.0,350.0,350.0],0],
[[950.0,400.0,400.0],3.089743e-06],
[[950.0,450.0,450.0],2.419552e-06],
[[950.0,470.0,470.0],3.480356e-06],
[[1000.0,0,0],1.992124e-06],
[[1000.0,50.0,50.0],2.236347e-06],
[[1000.0,100.0,100.0],3.212849e-06],
[[1000.0,150.0,150.0],1.958029e-06],
[[1000.0,200.0,200.0],2.353072e-06],
[[1000.0,250.0,250.0],2.677874e-06],
[[1000.0,300.0,300.0],2.796684e-06],
[[1000.0,350.0,350.0],0],
[[1000.0,400.0,400.0],2.211852e-06],
[[1000.0,450.0,450.0],2.733987e-06],
[[1050.0,520.0,520.0],3.827311e-06],
[[1100.0,0,0],2.83937e-06],
[[1100.0,100.0,100.0],2.954104e-06],
[[1100.0,200.0,200.0],4.542742e-06],
[[1100.0,300.0,300.0],2.26006e-06],
[[1100.0,400.0,400.0],3.551915e-06],
[[1100.0,500.0,500.0],2.677162e-06],
[[1150.0,570.0,570.0],4.923338e-06],
[[1200.0,0,0],3.622141e-06],
[[1200.0,100.0,100.0],4.026705e-06],
[[1200.0,200.0,200.0],2.762282e-06],
[[1200.0,300.0,300.0],2.015049e-06],
[[1200.0,400.0,400.0],5.463492e-06],
[[1200.0,500.0,500.0],4.923778e-06],
[[1250.0,620.0,620.0],4.325405e-06],
[[1300.0,0,0],4.04358e-06],
[[1300.0,100.0,100.0],5.158492e-06],
[[1300.0,200.0,200.0],5.593919e-06],
[[1300.0,300.0,300.0],4.461048e-06],
[[1300.0,400.0,400.0],4.953547e-06],
[[1300.0,500.0,500.0],5.218891e-06],
[[1300.0,600.0,600.0],6.541457e-06],
[[1350.0,670.0,670.0],4.830681e-06],
[[1400.0,0,0],4.814077e-06],
[[1400.0,100.0,100.0],4.369844e-06],
[[1400.0,200.0,200.0],6.43204e-06],
[[1400.0,300.0,300.0],4.719332e-06],
[[1400.0,400.0,400.0],4.376453e-06],
[[1400.0,500.0,500.0],7.231314e-06],
[[1400.0,600.0,600.0],4.97706e-06],
[[1450.0,720.0,720.0],4.662876e-06],
[[1500.0,0,0],4.50037e-06],
[[1500.0,100.0,100.0],5.942086e-06],
[[1500.0,200.0,200.0],4.65057e-06],
[[1500.0,300.0,300.0],5.38407e-06],
[[1500.0,400.0,400.0],6.108987e-06],
[[1500.0,500.0,500.0],6.263998e-06],
[[1500.0,600.0,600.0],4.731227e-06],
[[1500.0,700.0,700.0],5.653795e-06],
[[1550.0,770.0,770.0],7.354043e-06],
[[1600.0,0,0],5.83471e-06],
[[1600.0,100.0,100.0],4.599942e-06],
[[1600.0,200.0,200.0],5.215571e-06],
[[1600.0,300.0,300.0],5.456789e-06],
[[1600.0,400.0,400.0],4.678497e-06],
[[1600.0,500.0,500.0],5.547144e-06],
[[1600.0,600.0,600.0],5.708303e-06],
[[1600.0,700.0,700.0],4.614077e-06],
[[1650.0,820.0,820.0],6.276115e-06],
[[1700.0,0,0],6.148548e-06],
[[1700.0,100.0,100.0],7.865242e-06],
[[1700.0,200.0,200.0],5.13659e-06],
[[1700.0,300.0,300.0],7.07754e-06],
[[1700.0,400.0,400.0],5.397902e-06],
[[1700.0,500.0,500.0],7.879977e-06],
[[1700.0,600.0,600.0],1.015286e-05],
[[1700.0,700.0,700.0],5.514403e-06],
[[1700.0,800.0,800.0],7.776846e-06],
[[1750.0,870.0,870.0],7.093282e-06],
[[1800.0,0,0],5.75636e-06],
[[1800.0,100.0,100.0],5.817814e-06],
[[1800.0,200.0,200.0],7.355808e-06],
[[1800.0,300.0,300.0],7.057357e-06],
[[1800.0,400.0,400.0],5.930884e-06],
[[1800.0,500.0,500.0],4.99392e-06],
[[1800.0,600.0,600.0],5.033874e-06],
[[1800.0,700.0,700.0],5.602279e-06],
[[1800.0,800.0,800.0],8.160934e-06],
[[1850.0,920.0,920.0],7.911533e-06],
[[1900.0,0,0],4.477108e-06],
[[1900.0,100.0,100.0],6.777446e-06],
[[1900.0,200.0,200.0],5.680075e-06],
[[1900.0,300.0,300.0],6.336912e-06],
[[1900.0,400.0,400.0],7.792902e-06],
[[1900.0,500.0,500.0],6.005786e-06],
[[1900.0,600.0,600.0],5.379546e-06],
[[1900.0,700.0,700.0],5.068737e-06],
[[1900.0,800.0,800.0],7.228457e-06],
[[1900.0,900.0,900.0],5.764886e-06],
[[1950.0,970.0,970.0],7.153476e-06],
[[2000.0,0,0],4.057436e-06],
[[2000.0,100.0,100.0],6.308763e-06],
[[2000.0,200.0,200.0],6.104918e-06],
[[2000.0,300.0,300.0],4.980868e-06],
[[2000.0,400.0,400.0],7.496037e-06],
[[2000.0,500.0,500.0],5.468518e-06],
[[2000.0,600.0,600.0],6.148029e-06],
[[2000.0,700.0,700.0],5.099386e-06],
[[2000.0,800.0,800.0],6.555309e-06],
[[2000.0,900.0,900.0],8.811048e-06],
[[2050.0,1020.0,1020.0],6.999517e-06],
[[2100.0,0,0],6.352936e-06],
[[2100.0,100.0,100.0],4.444904e-06],
[[2100.0,200.0,200.0],8.676806e-06],
[[2100.0,300.0,300.0],7.773671e-06],
[[2100.0,400.0,400.0],5.752911e-06],
[[2100.0,500.0,500.0],6.645145e-06],
[[2100.0,600.0,600.0],6.726034e-06],
[[2100.0,700.0,700.0],7.680729e-06],
[[2100.0,800.0,800.0],8.050404e-06],
[[2100.0,900.0,900.0],9.240078e-06],
[[2100.0,1000.0,1000.0],6.234866e-06],
[[2150.0,1070.0,1070.0],5.831019e-06],
[[2200.0,0,0],6.003699e-06],
[[2200.0,100.0,100.0],6.198402e-06],
[[2200.0,200.0,200.0],6.325993e-06],
[[2200.0,300.0,300.0],8.11878e-06],
[[2200.0,400.0,400.0],7.682028e-06],
[[2200.0,500.0,500.0],6.323971e-06],
[[2200.0,600.0,600.0],6.810106e-06],
[[2200.0,700.0,700.0],6.934502e-06],
[[2200.0,800.0,800.0],1.675256e-05],
[[2200.0,900.0,900.0],7.017232e-06],
[[2200.0,1000.0,1000.0],6.036213e-06],
[[2250.0,1120.0,1120.0],6.864982e-06],
[[2300.0,0,0],6.117821e-06],
[[2300.0,100.0,100.0],6.590991e-06],
[[2300.0,200.0,200.0],5.788443e-06],
[[2300.0,300.0,300.0],8.251019e-06],
[[2300.0,400.0,400.0],6.921517e-06],
[[2300.0,500.0,500.0],7.014043e-06],
[[2300.0,600.0,600.0],8.353676e-06],
[[2300.0,700.0,700.0],7.382414e-06],
[[2300.0,800.0,800.0],5.365311e-06],
[[2300.0,900.0,900.0],6.401396e-06],
[[2300.0,1000.0,1000.0],8.667148e-06],
[[2300.0,1100.0,1100.0],6.16311e-06],
[[2350.0,1170.0,1170.0],6.890876e-06],
[[2400.0,0,0],6.611923e-06],
[[2400.0,100.0,100.0],4.900145e-06],
[[2400.0,200.0,200.0],7.489139e-06],
[[2400.0,300.0,300.0],8.871628e-06],
[[2400.0,400.0,400.0],4.131686e-06],
[[2400.0,500.0,500.0],7.573957e-06],
[[2400.0,600.0,600.0],7.426209e-06],
[[2400.0,700.0,700.0],6.511014e-06],
[[2400.0,800.0,800.0],8.329282e-06],
[[2400.0,900.0,900.0],5.964048e-06],
[[2400.0,1000.0,1000.0],8.712422e-06],
[[2400.0,1100.0,1100.0],7.442887e-06],
[[2450.0,1220.0,1220.0],7.271488e-06],
[[2500.0,0,0],6.131491e-06],
[[2500.0,100.0,100.0],6.278314e-06],
[[2500.0,200.0,200.0],7.724395e-06],
[[2500.0,300.0,300.0],7.49052e-06],
[[2500.0,400.0,400.0],8.483918e-06],
[[2500.0,500.0,500.0],9.679328e-06],
[[2500.0,600.0,600.0],7.146088e-06],
[[2500.0,700.0,700.0],6.557792e-06],
[[2500.0,800.0,800.0],1.189984e-05],
[[2500.0,900.0,900.0],9.309409e-06],
[[2500.0,1000.0,1000.0],5.677612e-06],
[[2500.0,1100.0,1100.0],5.196992e-06],
[[2500.0,1200.0,1200.0],5.891071e-06],
[[2550.0,1270.0,1270.0],7.675953e-06],
[[2600.0,0,0],6.939775e-06],
[[2600.0,100.0,100.0],5.317984e-06],
[[2600.0,200.0,200.0],7.316228e-06],
[[2600.0,300.0,300.0],4.755165e-06],
[[2600.0,400.0,400.0],6.080423e-06],
[[2600.0,500.0,500.0],5.609822e-06],
[[2600.0,600.0,600.0],7.186619e-06],
[[2600.0,700.0,700.0],8.617198e-06],
[[2600.0,800.0,800.0],6.628872e-06],
[[2600.0,900.0,900.0],6.799386e-06],
[[2600.0,1000.0,1000.0],7.046242e-06],
[[2600.0,1100.0,1100.0],6.179145e-06],
[[2600.0,1200.0,1200.0],8.692513e-06],
[[2650.0,1320.0,1320.0],7.009266e-06],
[[2700.0,0,0],7.119121e-06],
[[2700.0,100.0,100.0],7.073227e-06],
[[2700.0,200.0,200.0],3.840036e-06],
[[2700.0,300.0,300.0],6.80616e-06],
[[2700.0,400.0,400.0],7.359621e-06],
[[2700.0,500.0,500.0],5.253055e-06],
[[2700.0,600.0,600.0],8.486265e-06],
[[2700.0,700.0,700.0],8.367794e-06],
[[2700.0,800.0,800.0],3.213878e-06],
[[2700.0,900.0,900.0],7.257536e-06],
[[2700.0,1000.0,1000.0],7.053871e-06],
[[2700.0,1100.0,1100.0],3.245968e-06],
[[2700.0,1200.0,1200.0],7.39279e-06],
[[2700.0,1300.0,1300.0],9.627766e-06],
[[2750.0,1370.0,1370.0],6.050181e-06],
[[2800.0,0,0],5.642289e-06],
[[2800.0,100.0,100.0],7.850829e-06],
[[2800.0,200.0,200.0],5.092075e-06],
[[2800.0,300.0,300.0],8.479997e-06],
[[2800.0,400.0,400.0],5.433734e-06],
[[2800.0,500.0,500.0],6.258039e-06],
[[2800.0,600.0,600.0],6.243563e-06],
[[2800.0,700.0,700.0],8.357314e-06],
[[2800.0,800.0,800.0],6.258755e-06],
[[2800.0,900.0,900.0],5.350033e-06],
[[2800.0,1000.0,1000.0],5.380877e-06],
[[2800.0,1100.0,1100.0],6.964026e-06],
[[2800.0,1200.0,1200.0],5.952285e-06],
[[2800.0,1300.0,1300.0],7.629365e-06],
[[2850.0,1420.0,1420.0],5.457568e-06],
[[2900.0,0,0],6.09376e-06],
[[2900.0,100.0,100.0],5.407462e-06],
[[2900.0,200.0,200.0],6.361723e-06],
[[2900.0,300.0,300.0],6.487221e-06],
[[2900.0,400.0,400.0],4.756615e-06],
[[2900.0,500.0,500.0],1.009984e-05],
[[2900.0,600.0,600.0],3.918661e-06],
[[2900.0,700.0,700.0],7.329886e-06],
[[2900.0,800.0,800.0],7.749492e-06],
[[2900.0,900.0,900.0],2.233177e-06],
[[2900.0,1000.0,1000.0],8.504549e-06],
[[2900.0,1100.0,1100.0],7.350779e-06],
[[2900.0,1200.0,1200.0],5.566286e-06],
[[2900.0,1300.0,1300.0],7.183068e-06],
[[2900.0,1400.0,1400.0],7.132302e-06],
[[2950.0,1470.0,1470.0],7.035781e-06],
[[3000.0,0,0],5.663246e-06],
[[3000.0,100.0,100.0],5.828348e-06],
[[3000.0,200.0,200.0],8.231378e-06],
[[3000.0,300.0,300.0],5.272941e-06],
[[3000.0,400.0,400.0],7.212595e-06],
[[3000.0,500.0,500.0],8.560907e-06],
[[3000.0,600.0,600.0],1.215547e-05],
[[3000.0,700.0,700.0],6.123389e-06],
[[3000.0,800.0,800.0],7.316015e-06],
[[3000.0,900.0,900.0],6.894538e-06],
[[3000.0,1000.0,1000.0],4.403641e-06],
[[3000.0,1100.0,1100.0],6.446384e-06],
[[3000.0,1200.0,1200.0],8.439494e-06],
[[3000.0,1300.0,1300.0],9.031484e-06],
[[3000.0,1400.0,1400.0],7.58441e-06]]
