txName: TRS1
constraint: {(PV > H0(1)), (H0(1) > MET(2),MET(3))}
condition: None
conditionDescription: None
figureUrl: https://cms-results.web.cern.ch/cms-results/public-results/publications/EXO-20-004/CMS-EXO-20-004_Figure_009-a.png
source: CMS
validated: True
axesMap: [{0: 'x', 1: '1.0', 2: '1.0'}, {0: 'x', 1: 'y', 2: 'y'}]
dataMap: {0: (1, 'mass', GeV), 1: (2, 'mass', GeV), 2: (3, 'mass', GeV)}
finalState: ['MET', 'MET']
intermediateState: None
efficiencyMap: [[[100.0,1.0,1.0],4.430956e-05],
[[100.0,10.0,10.0],5.021552e-05],
[[150.0,1.0,1.0],9.465063e-05],
[[150.0,50.0,50.0],9.710835e-05],
[[200.0,1.0,1.0],0.000147187],
[[200.0,50.0,50.0],0.0001674635],
[[200.0,100.0,100.0],0.0002551802],
[[250.0,1.0,1.0],0.0002147662],
[[250.0,10.0,10.0],0.0002031443],
[[250.0,50.0,50.0],0.0001923221],
[[250.0,100.0,100.0],0.0002194637],
[[300.0,1.0,1.0],0.0002620735],
[[300.0,50.0,50.0],0.0002713057],
[[300.0,100.0,100.0],0.0002562728],
[[350.0,1.0,1.0],0.0003028334],
[[350.0,50.0,50.0],0.0002972647],
[[350.0,100.0,100.0],0.0002989403],
[[350.0,150.0,150.0],0.0003195224],
[[400.0,1.0,1.0],0.0003577644],
[[400.0,50.0,50.0],0.0003553623],
[[400.0,100.0,100.0],0.0003830992],
[[400.0,150.0,150.0],0.0003356481],
[[450.0,1.0,1.0],0.0004587253],
[[450.0,50.0,50.0],0.0004458368],
[[450.0,100.0,100.0],0.0004178277],
[[450.0,150.0,150.0],0.0004588056],
[[450.0,200.0,200.0],0.0004445797],
[[500.0,1.0,1.0],0.0005549489],
[[500.0,10.0,10.0],0.0005378529],
[[500.0,50.0,50.0],0.0008310718],
[[500.0,100.0,100.0],0.0005452284],
[[500.0,150.0,150.0],0.000555663],
[[500.0,200.0,200.0],0.000560489],
[[550.0,1.0,1.0],0.0007158912],
[[550.0,50.0,50.0],0.000707513],
[[550.0,100.0,100.0],0.0007160166],
[[550.0,150.0,150.0],0.0006857506],
[[550.0,200.0,200.0],0.0007166989],
[[550.0,250.0,250.0],0.0008222516],
[[600.0,1.0,1.0],0.001046057],
[[600.0,50.0,50.0],0.0008895391],
[[600.0,100.0,100.0],0.0008471634],
[[600.0,150.0,150.0],0.001039355],
[[600.0,200.0,200.0],0.0008285654],
[[600.0,250.0,250.0],0.0009492159],
[[650.0,1.0,1.0],0.0009652524],
[[650.0,50.0,50.0],0.001066399],
[[650.0,100.0,100.0],0.001081979],
[[650.0,150.0,150.0],0.001063771],
[[650.0,200.0,200.0],0.00108727],
[[650.0,250.0,250.0],0.001001124],
[[650.0,300.0,300.0],0.001411948],
[[700.0,1.0,1.0],0.00111],
[[700.0,50.0,50.0],0.001177343],
[[700.0,100.0,100.0],0.001162407],
[[700.0,150.0,150.0],0.001316106],
[[700.0,200.0,200.0],0.001142994],
[[700.0,250.0,250.0],0.001490174],
[[700.0,300.0,300.0],0.001191981],
[[750.0,1.0,1.0],0.001191664],
[[750.0,10.0,10.0],0.001370111],
[[750.0,50.0,50.0],0.001285224],
[[750.0,100.0,100.0],0.001659529],
[[750.0,150.0,150.0],0.001383637],
[[750.0,200.0,200.0],0.001310808],
[[750.0,250.0,250.0],0.001490912],
[[750.0,300.0,300.0],0.001469396],
[[750.0,350.0,350.0],0.00156128],
[[800.0,1.0,1.0],0.001867272],
[[800.0,150.0,150.0],0.001542321],
[[800.0,200.0,200.0],0.001547781],
[[800.0,250.0,250.0],0.001523969],
[[800.0,300.0,300.0],0.00138759],
[[800.0,350.0,350.0],0.00163712],
[[850.0,1.0,1.0],0.00156848],
[[850.0,150.0,150.0],0.002575315],
[[850.0,200.0,200.0],0.001618529],
[[850.0,250.0,250.0],0.001863702],
[[850.0,300.0,300.0],0.00176783],
[[850.0,350.0,350.0],0.001852331],
[[850.0,400.0,400.0],0.002352037],
[[900.0,1.0,1.0],0.001834008],
[[900.0,150.0,150.0],0.001833843],
[[900.0,200.0,200.0],0.003000817],
[[900.0,250.0,250.0],0.002225773],
[[900.0,300.0,300.0],0.001919405],
[[900.0,350.0,350.0],0.001979012],
[[900.0,400.0,400.0],0.002274448],
[[950.0,1.0,1.0],0.001748772],
[[950.0,150.0,150.0],0.00160055],
[[950.0,200.0,200.0],0.001902793],
[[950.0,250.0,250.0],0.002129303],
[[950.0,300.0,300.0],0.001968678],
[[950.0,350.0,350.0],0.002050511],
[[950.0,400.0,400.0],0.00216222],
[[950.0,450.0,450.0],0.002039824],
[[1000.0,1.0,1.0],0.0019863],
[[1000.0,10.0,10.0],0.001729244],
[[1000.0,50.0,50.0],0.001935457],
[[1000.0,100.0,100.0],0.002011742],
[[1000.0,150.0,150.0],0.003103833],
[[1000.0,200.0,200.0],0.002042219],
[[1000.0,250.0,250.0],0.001812912],
[[1000.0,300.0,300.0],0.00201551],
[[1000.0,350.0,350.0],0.002394961],
[[1000.0,400.0,400.0],0.002318535],
[[1000.0,450.0,450.0],0.001986107],
[[1050.0,1.0,1.0],0.002009658],
[[1050.0,150.0,150.0],0.002791609],
[[1050.0,200.0,200.0],0.00194592],
[[1050.0,250.0,250.0],0.002198724],
[[1050.0,300.0,300.0],0.002568151],
[[1050.0,350.0,350.0],0.002144737],
[[1050.0,400.0,400.0],0.00234457],
[[1050.0,450.0,450.0],0.00214955],
[[1050.0,500.0,500.0],0.002310518],
[[1100.0,1.0,1.0],0.002154281],
[[1100.0,150.0,150.0],0.001981326],
[[1100.0,200.0,200.0],0.002592603],
[[1100.0,250.0,250.0],0.002593634],
[[1100.0,300.0,300.0],0.002812497],
[[1100.0,350.0,350.0],0.002200194],
[[1100.0,400.0,400.0],0.002424118],
[[1100.0,450.0,450.0],0.002613182],
[[1100.0,500.0,500.0],0.002992977],
[[1150.0,1.0,1.0],0.00213962],
[[1150.0,150.0,150.0],0.002507252],
[[1150.0,200.0,200.0],0.002485299],
[[1150.0,250.0,250.0],0.003193323],
[[1150.0,300.0,300.0],0.002339006],
[[1150.0,350.0,350.0],0.002436089],
[[1150.0,400.0,400.0],0.00243712],
[[1150.0,450.0,450.0],0.002880226],
[[1150.0,500.0,500.0],0.002256912],
[[1150.0,550.0,550.0],0.002570955],
[[1200.0,1.0,1.0],0.002248858],
[[1200.0,150.0,150.0],0.002849055],
[[1200.0,200.0,200.0],0.002241519],
[[1200.0,250.0,250.0],0.002495064],
[[1200.0,300.0,300.0],0.002703591],
[[1200.0,350.0,350.0],0.002752848],
[[1200.0,400.0,400.0],0.003426877],
[[1200.0,450.0,450.0],0.002799368],
[[1200.0,500.0,500.0],0.002635024],
[[1200.0,550.0,550.0],0.002330156],
[[1250.0,1.0,1.0],0.001968295],
[[1250.0,10.0,10.0],0.002545543],
[[1250.0,50.0,50.0],0.00209774],
[[1250.0,100.0,100.0],0.002444765],
[[1250.0,150.0,150.0],0.002356518],
[[1250.0,200.0,200.0],0.002437204],
[[1250.0,250.0,250.0],0.002582],
[[1250.0,300.0,300.0],0.002611228],
[[1250.0,350.0,350.0],0.003096461],
[[1250.0,400.0,400.0],0.002958828],
[[1250.0,450.0,450.0],0.00274717],
[[1250.0,500.0,500.0],0.003207829],
[[1250.0,550.0,550.0],0.002787598],
[[1250.0,600.0,600.0],0.003072181],
[[1300.0,1.0,1.0],0.002250906],
[[1300.0,150.0,150.0],0.002763545],
[[1300.0,200.0,200.0],0.002494403],
[[1300.0,250.0,250.0],0.002696509],
[[1300.0,300.0,300.0],0.002949954],
[[1300.0,350.0,350.0],0.002900273],
[[1300.0,400.0,400.0],0.002670598],
[[1300.0,450.0,450.0],0.003270822],
[[1300.0,500.0,500.0],0.003325639],
[[1300.0,550.0,550.0],0.002708425],
[[1300.0,600.0,600.0],0.003096542],
[[1350.0,1.0,1.0],0.002336023],
[[1350.0,150.0,150.0],0.003062666],
[[1350.0,200.0,200.0],0.002799364],
[[1350.0,250.0,250.0],0.00244009],
[[1350.0,300.0,300.0],0.002956476],
[[1350.0,350.0,350.0],0.0027838],
[[1350.0,400.0,400.0],0.003404185],
[[1350.0,450.0,450.0],0.003327595],
[[1350.0,500.0,500.0],0.003000798],
[[1350.0,550.0,550.0],0.003308576],
[[1350.0,600.0,600.0],0.003362911],
[[1350.0,650.0,650.0],0.003854138],
[[1400.0,1.0,1.0],0.002566171],
[[1400.0,150.0,150.0],0.002587665],
[[1400.0,200.0,200.0],0.002656525],
[[1400.0,250.0,250.0],0.002952253],
[[1400.0,300.0,300.0],0.003068545],
[[1400.0,350.0,350.0],0.002893748],
[[1400.0,400.0,400.0],0.002970486],
[[1400.0,450.0,450.0],0.003347547],
[[1400.0,500.0,500.0],0.003170023],
[[1400.0,550.0,550.0],0.00302153],
[[1400.0,600.0,600.0],0.00302267],
[[1400.0,650.0,650.0],0.003386302],
[[1450.0,1.0,1.0],0.00231548],
[[1450.0,150.0,150.0],0.002346536],
[[1450.0,200.0,200.0],0.002953799],
[[1450.0,250.0,250.0],0.002826303],
[[1450.0,300.0,300.0],0.003429903],
[[1450.0,350.0,350.0],0.003072394],
[[1450.0,400.0,400.0],0.003047289],
[[1450.0,450.0,450.0],0.003431649],
[[1450.0,500.0,500.0],0.003177884],
[[1450.0,550.0,550.0],0.003708239],
[[1450.0,600.0,600.0],0.003147632],
[[1450.0,650.0,650.0],0.003157887],
[[1450.0,700.0,700.0],0.003673767],
[[1500.0,1.0,1.0],0.002393724],
[[1500.0,10.0,10.0],0.002139985],
[[1500.0,50.0,50.0],0.002327658],
[[1500.0,100.0,100.0],0.002485272],
[[1500.0,150.0,150.0],0.002670909],
[[1500.0,200.0,200.0],0.003482288],
[[1500.0,250.0,250.0],0.002747231],
[[1500.0,300.0,300.0],0.003183376],
[[1500.0,350.0,350.0],0.003513767],
[[1500.0,400.0,400.0],0.003339033],
[[1500.0,450.0,450.0],0.003450213],
[[1500.0,500.0,500.0],0.002981474],
[[1500.0,550.0,550.0],0.003294763],
[[1500.0,600.0,600.0],0.003649512],
[[1500.0,650.0,650.0],0.00367162],
[[1500.0,700.0,700.0],0.003838158],
[[1500.0,750.0,750.0],0.003675331],
[[1550.0,1.0,1.0],0.00203539],
[[1550.0,150.0,150.0],0.002604614],
[[1550.0,200.0,200.0],0.00259643],
[[1550.0,250.0,250.0],0.002779998],
[[1550.0,300.0,300.0],0.003023095],
[[1550.0,350.0,350.0],0.00318949],
[[1550.0,400.0,400.0],0.003415769],
[[1550.0,450.0,450.0],0.002914496],
[[1550.0,500.0,500.0],0.003405408],
[[1550.0,550.0,550.0],0.003797652],
[[1550.0,600.0,600.0],0.003364302],
[[1550.0,650.0,650.0],0.003212976],
[[1550.0,700.0,700.0],0.003337081],
[[1550.0,750.0,750.0],0.003694065],
[[1600.0,1.0,1.0],0.002277686],
[[1600.0,150.0,150.0],0.002539427],
[[1600.0,200.0,200.0],0.003028004],
[[1600.0,250.0,250.0],0.0036584],
[[1600.0,300.0,300.0],0.003188508],
[[1600.0,350.0,350.0],0.00298967],
[[1600.0,400.0,400.0],0.003276002],
[[1600.0,450.0,450.0],0.003257472],
[[1600.0,500.0,500.0],0.003280898],
[[1600.0,550.0,550.0],0.003137409],
[[1600.0,600.0,600.0],0.00304716],
[[1600.0,650.0,650.0],0.003527836],
[[1600.0,700.0,700.0],0.003557651],
[[1600.0,750.0,750.0],0.00367161],
[[1650.0,1.0,1.0],0.002325651],
[[1650.0,150.0,150.0],0.002623632],
[[1650.0,200.0,200.0],0.003493405],
[[1650.0,250.0,250.0],0.002706848],
[[1650.0,300.0,300.0],0.003444359],
[[1650.0,350.0,350.0],0.003317656],
[[1650.0,400.0,400.0],0.003962658],
[[1650.0,450.0,450.0],0.003033206],
[[1650.0,500.0,500.0],0.003286096],
[[1650.0,550.0,550.0],0.003307162],
[[1650.0,600.0,600.0],0.003252198],
[[1650.0,650.0,650.0],0.00307367],
[[1650.0,700.0,700.0],0.003437989],
[[1650.0,750.0,750.0],0.003786274],
[[1650.0,800.0,800.0],0.003773591],
[[1700.0,1.0,1.0],0.002332378],
[[1700.0,150.0,150.0],0.00260112],
[[1700.0,200.0,200.0],0.003105948],
[[1700.0,250.0,250.0],0.003239305],
[[1700.0,300.0,300.0],0.003397496],
[[1700.0,350.0,350.0],0.003390009],
[[1700.0,400.0,400.0],0.003116636],
[[1700.0,450.0,450.0],0.003414545],
[[1700.0,500.0,500.0],0.003673722],
[[1700.0,550.0,550.0],0.003223823],
[[1700.0,600.0,600.0],0.003451159],
[[1700.0,650.0,650.0],0.003865098],
[[1700.0,700.0,700.0],0.003656627],
[[1700.0,750.0,750.0],0.003664395],
[[1700.0,800.0,800.0],0.003882933],
[[1750.0,1.0,1.0],0.002239393],
[[1750.0,10.0,10.0],0.002138113],
[[1750.0,50.0,50.0],0.002192336],
[[1750.0,100.0,100.0],0.002238524],
[[1750.0,150.0,150.0],0.002684903],
[[1750.0,200.0,200.0],0.002875514],
[[1750.0,250.0,250.0],0.002826905],
[[1750.0,300.0,300.0],0.00342979],
[[1750.0,350.0,350.0],0.003812889],
[[1750.0,400.0,400.0],0.003333334],
[[1750.0,450.0,450.0],0.003723076],
[[1750.0,500.0,500.0],0.003922648],
[[1750.0,550.0,550.0],0.003414536],
[[1750.0,600.0,600.0],0.003538683],
[[1750.0,650.0,650.0],0.003163101],
[[1750.0,700.0,700.0],0.003786601],
[[1750.0,750.0,750.0],0.003308499],
[[1750.0,800.0,800.0],0.00388893],
[[1750.0,850.0,850.0],0.004717695],
[[1800.0,1.0,1.0],0.00228498],
[[1800.0,150.0,150.0],0.003140353],
[[1800.0,200.0,200.0],0.003159852],
[[1800.0,250.0,250.0],0.003184005],
[[1800.0,300.0,300.0],0.004286084],
[[1800.0,350.0,350.0],0.003074158],
[[1800.0,400.0,400.0],0.003959851],
[[1800.0,450.0,450.0],0.003439912],
[[1800.0,500.0,500.0],0.003579497],
[[1800.0,550.0,550.0],0.0035422],
[[1800.0,600.0,600.0],0.003968422],
[[1800.0,650.0,650.0],0.003498818],
[[1800.0,700.0,700.0],0.004027485],
[[1800.0,750.0,750.0],0.003742592],
[[1800.0,800.0,800.0],0.003891389],
[[1800.0,850.0,850.0],0.003991268],
[[1850.0,1.0,1.0],0.002411771],
[[1850.0,150.0,150.0],0.002547966],
[[1850.0,200.0,200.0],0.002614241],
[[1850.0,250.0,250.0],0.003331578],
[[1850.0,300.0,300.0],0.003591056],
[[1850.0,350.0,350.0],0.00379544],
[[1850.0,400.0,400.0],0.003392416],
[[1850.0,450.0,450.0],0.003535783],
[[1850.0,500.0,500.0],0.003577439],
[[1850.0,550.0,550.0],0.003405335],
[[1850.0,600.0,600.0],0.003561892],
[[1850.0,650.0,650.0],0.003862464],
[[1850.0,700.0,700.0],0.003570994],
[[1850.0,750.0,750.0],0.004327323],
[[1850.0,800.0,800.0],0.004232105],
[[1850.0,850.0,850.0],0.003598298],
[[1850.0,900.0,900.0],0.003380432],
[[1900.0,1.0,1.0],0.002223469],
[[1900.0,150.0,150.0],0.002897588],
[[1900.0,200.0,200.0],0.002669823],
[[1900.0,250.0,250.0],0.003030773],
[[1900.0,300.0,300.0],0.003407369],
[[1900.0,350.0,350.0],0.003331442],
[[1900.0,400.0,400.0],0.004074396],
[[1900.0,450.0,450.0],0.003899381],
[[1900.0,500.0,500.0],0.003935322],
[[1900.0,550.0,550.0],0.003828542],
[[1900.0,600.0,600.0],0.003621642],
[[1900.0,650.0,650.0],0.003827336],
[[1900.0,700.0,700.0],0.003615125],
[[1900.0,750.0,750.0],0.003667197],
[[1900.0,800.0,800.0],0.003937034],
[[1900.0,850.0,850.0],0.00345977],
[[1900.0,900.0,900.0],0.004081884],
[[1950.0,1.0,1.0],0.00220772],
[[1950.0,150.0,150.0],0.00268076],
[[1950.0,200.0,200.0],0.002539436],
[[1950.0,250.0,250.0],0.003121847],
[[1950.0,300.0,300.0],0.003174602],
[[1950.0,350.0,350.0],0.003746474],
[[1950.0,400.0,400.0],0.004080156],
[[1950.0,450.0,450.0],0.00378879],
[[1950.0,500.0,500.0],0.003163511],
[[1950.0,550.0,550.0],0.003574486],
[[1950.0,600.0,600.0],0.004182909],
[[1950.0,650.0,650.0],0.00331224],
[[1950.0,700.0,700.0],0.004033988],
[[1950.0,750.0,750.0],0.003729738],
[[1950.0,800.0,800.0],0.004316933],
[[1950.0,850.0,850.0],0.003799999],
[[1950.0,900.0,900.0],0.004649918],
[[1950.0,950.0,950.0],0.004699551],
[[2000.0,1.0,1.0],0.002229009],
[[2000.0,10.0,10.0],0.002095807],
[[2000.0,50.0,50.0],0.002144928],
[[2000.0,100.0,100.0],0.002435674],
[[2000.0,150.0,150.0],0.002542397],
[[2000.0,200.0,200.0],0.003482671],
[[2000.0,250.0,250.0],0.002979645],
[[2000.0,300.0,300.0],0.003269105],
[[2000.0,350.0,350.0],0.003614783],
[[2000.0,400.0,400.0],0.003510683],
[[2000.0,450.0,450.0],0.004099652],
[[2000.0,500.0,500.0],0.004297349],
[[2000.0,550.0,550.0],0.003721991],
[[2000.0,600.0,600.0],0.003614538],
[[2000.0,650.0,650.0],0.004092627],
[[2000.0,700.0,700.0],0.004133875],
[[2000.0,750.0,750.0],0.003874195],
[[2000.0,800.0,800.0],0.004285431],
[[2000.0,850.0,850.0],0.00433333],
[[2000.0,900.0,900.0],0.003789701],
[[2000.0,950.0,950.0],0.004219402],
[[2250.0,1.0,1.0],0.002002234],
[[2250.0,10.0,10.0],0.001915705],
[[2250.0,50.0,50.0],0.002036752],
[[2250.0,100.0,100.0],0.002292298],
[[2250.0,150.0,150.0],0.002402075],
[[2250.0,300.0,300.0],0.003319753],
[[2250.0,500.0,500.0],0.004017225],
[[2250.0,750.0,750.0],0.00429958],
[[2250.0,1000.0,1000.0],0.004219091],
[[2500.0,1.0,1.0],0.001711989],
[[2500.0,10.0,10.0],0.001840564],
[[2500.0,50.0,50.0],0.001948258],
[[2500.0,100.0,100.0],0.002010298],
[[2500.0,150.0,150.0],0.002215425],
[[2500.0,300.0,300.0],0.003524051],
[[2500.0,500.0,500.0],0.004154306],
[[2500.0,750.0,750.0],0.004179568],
[[2500.0,1000.0,1000.0],0.004333476],
[[2500.0,1200.0,1200.0],0.004522669],
[[2750.0,1.0,1.0],0.001799096],
[[2750.0,10.0,10.0],0.00154687],
[[2750.0,50.0,50.0],0.001758319],
[[2750.0,100.0,100.0],0.002079105],
[[2750.0,150.0,150.0],0.00226045],
[[2750.0,300.0,300.0],0.003477823],
[[2750.0,500.0,500.0],0.004186778],
[[2750.0,750.0,750.0],0.004419849],
[[2750.0,1000.0,1000.0],0.004765349],
[[2750.0,1200.0,1200.0],0.004827689],
[[3000.0,1.0,1.0],0.00149736],
[[3000.0,10.0,10.0],0.00168936],
[[3000.0,50.0,50.0],0.001684938],
[[3000.0,100.0,100.0],0.001852072],
[[3000.0,150.0,150.0],0.002191616],
[[3000.0,300.0,300.0],0.003094112],
[[3000.0,500.0,500.0],0.003799168],
[[3000.0,750.0,750.0],0.004855399],
[[3000.0,1000.0,1000.0],0.004430127],
[[3000.0,1200.0,1200.0],0.005110166],
[[3000.0,1400.0,1400.0],0.004818042]]
