txName: TRV1
constraint: {(PV > Zprime(1)), (Zprime(1) > MET(2),MET(3))}
condition: None
conditionDescription: None
figureUrl: https://cms-results.web.cern.ch/cms-results/public-results/publications/EXO-20-004/CMS-EXO-20-004_Figure_007-b.png
source: https://doi.org/10.5281/zenodo.13324003
validated: True
axesMap: [{0: 'x', 1: 'y', 2: 'y'}]
dataMap: {0: (1, 'mass', GeV), 1: (2, 'mass', GeV), 2: (3, 'mass', GeV)}
finalState: ['MET', 'MET']
intermediateState: None
efficiencyMap: [[[50.0,1.0,1.0],8.745898e-07],
[[100.0,1.0,1.0],5.601154e-06],
[[100.0,10.0,10.0],4.722448e-06],
[[150.0,1.0,1.0],1.493953e-05],
[[150.0,75.0,75.0],2.053137e-05],
[[200.0,1.0,1.0],3.37491e-05],
[[200.0,75.0,75.0],3.666704e-05],
[[250.0,1.0,1.0],6.217118e-05],
[[250.0,10.0,10.0],6.514577e-05],
[[250.0,75.0,75.0],6.277617e-05],
[[300.0,1.0,1.0],9.85773e-05],
[[300.0,75.0,75.0],0.0001059172],
[[350.0,1.0,1.0],0.0001364521],
[[350.0,75.0,75.0],0.0001527261],
[[350.0,150.0,150.0],0.0001498756],
[[400.0,1.0,1.0],0.0001951568],
[[400.0,75.0,75.0],0.0002094288],
[[400.0,150.0,150.0],0.0002289998],
[[450.0,1.0,1.0],0.0002288646],
[[450.0,75.0,75.0],0.0002427402],
[[450.0,150.0,150.0],0.0002425371],
[[450.0,200.0,200.0],0.0002434505],
[[500.0,1.0,1.0],0.0002660634],
[[500.0,10.0,10.0],0.0002902301],
[[500.0,75.0,75.0],0.0002733399],
[[500.0,150.0,150.0],0.0002745438],
[[500.0,200.0,200.0],0.0002943461],
[[550.0,1.0,1.0],0.0003270066],
[[550.0,75.0,75.0],0.0003629073],
[[550.0,150.0,150.0],0.0003644516],
[[550.0,200.0,200.0],0.000367803],
[[550.0,250.0,250.0],0.0003538073],
[[600.0,1.0,1.0],0.0004124124],
[[600.0,75.0,75.0],0.0004541205],
[[600.0,150.0,150.0],0.0004033342],
[[600.0,200.0,200.0],0.0004218578],
[[600.0,250.0,250.0],0.0004303402],
[[650.0,1.0,1.0],0.0004795094],
[[650.0,75.0,75.0],0.0004709718],
[[650.0,150.0,150.0],0.0004144712],
[[650.0,200.0,200.0],0.000530967],
[[650.0,250.0,250.0],0.0005573714],
[[650.0,300.0,300.0],0.0005131914],
[[700.0,1.0,1.0],0.0004768661],
[[700.0,75.0,75.0],0.0004934515],
[[700.0,150.0,150.0],0.0005173762],
[[700.0,200.0,200.0],0.0006046297],
[[700.0,250.0,250.0],0.0005260679],
[[700.0,300.0,300.0],0.0005238028],
[[750.0,1.0,1.0],0.0005708545],
[[750.0,10.0,10.0],0.0006085481],
[[750.0,75.0,75.0],0.0005645321],
[[750.0,150.0,150.0],0.0005646221],
[[750.0,200.0,200.0],0.0005689924],
[[750.0,250.0,250.0],0.0005832618],
[[750.0,300.0,300.0],0.0005990592],
[[750.0,350.0,350.0],0.0006642101],
[[800.0,1.0,1.0],0.0006050004],
[[800.0,75.0,75.0],0.0006895574],
[[800.0,150.0,150.0],0.0007440892],
[[800.0,200.0,200.0],0.000575309],
[[800.0,250.0,250.0],0.0006296942],
[[800.0,300.0,300.0],0.000612511],
[[800.0,350.0,350.0],0.0006924718],
[[850.0,1.0,1.0],0.0006339371],
[[850.0,75.0,75.0],0.0006288885],
[[850.0,150.0,150.0],0.0005810483],
[[850.0,200.0,200.0],0.0006665031],
[[850.0,250.0,250.0],0.0006771825],
[[850.0,300.0,300.0],0.0007007348],
[[850.0,350.0,350.0],0.0007057289],
[[850.0,400.0,400.0],0.0007409779],
[[900.0,1.0,1.0],0.0006279587],
[[900.0,75.0,75.0],0.0007505303],
[[900.0,150.0,150.0],0.0008047717],
[[900.0,200.0,200.0],0.0007489599],
[[900.0,250.0,250.0],0.0008557333],
[[900.0,300.0,300.0],0.0007697507],
[[900.0,350.0,350.0],0.0006402912],
[[900.0,400.0,400.0],0.0008290255],
[[950.0,1.0,1.0],0.0007064797],
[[950.0,75.0,75.0],0.0008223325],
[[950.0,150.0,150.0],0.0007840836],
[[950.0,200.0,200.0],0.0006965226],
[[950.0,250.0,250.0],0.0007434556],
[[950.0,300.0,300.0],0.0008305267],
[[950.0,350.0,350.0],0.0009383557],
[[950.0,400.0,400.0],0.000779987],
[[950.0,450.0,450.0],0.0007928961],
[[1000.0,1.0,1.0],0.000797479],
[[1000.0,10.0,10.0],0.000809475],
[[1000.0,75.0,75.0],0.0007821908],
[[1000.0,150.0,150.0],0.000760877],
[[1000.0,200.0,200.0],0.0008618947],
[[1000.0,250.0,250.0],0.00087848],
[[1000.0,300.0,300.0],0.0008875027],
[[1000.0,350.0,350.0],0.000799828],
[[1000.0,400.0,400.0],0.0008023417],
[[1000.0,450.0,450.0],0.0009404075],
[[1050.0,1.0,1.0],0.0008480786],
[[1050.0,75.0,75.0],0.0008936127],
[[1050.0,150.0,150.0],0.0008483094],
[[1050.0,200.0,200.0],0.0008862877],
[[1050.0,250.0,250.0],0.0008227875],
[[1050.0,300.0,300.0],0.0008935834],
[[1050.0,350.0,350.0],0.0007861979],
[[1050.0,400.0,400.0],0.000977175],
[[1050.0,450.0,450.0],0.0009143218],
[[1050.0,500.0,500.0],0.0008586986],
[[1100.0,1.0,1.0],0.0008458842],
[[1100.0,75.0,75.0],0.0008247942],
[[1100.0,150.0,150.0],0.0009472209],
[[1100.0,200.0,200.0],0.0008925915],
[[1100.0,250.0,250.0],0.0009156279],
[[1100.0,300.0,300.0],0.0009578639],
[[1100.0,350.0,350.0],0.000883965],
[[1100.0,400.0,400.0],0.0008291542],
[[1100.0,450.0,450.0],0.0009448644],
[[1100.0,500.0,500.0],0.0008946772],
[[1150.0,1.0,1.0],0.0008883998],
[[1150.0,75.0,75.0],0.0008803836],
[[1150.0,150.0,150.0],0.0008801332],
[[1150.0,200.0,200.0],0.0008995626],
[[1150.0,250.0,250.0],0.0008904683],
[[1150.0,300.0,300.0],0.0009832984],
[[1150.0,350.0,350.0],0.0009770439],
[[1150.0,400.0,400.0],0.0009126797],
[[1150.0,450.0,450.0],0.0009672238],
[[1150.0,500.0,500.0],0.0009182585],
[[1150.0,550.0,550.0],0.001027253],
[[1200.0,1.0,1.0],0.000915235],
[[1200.0,75.0,75.0],0.0009078705],
[[1200.0,150.0,150.0],0.0009834925],
[[1200.0,200.0,200.0],0.0009622867],
[[1200.0,250.0,250.0],0.000948022],
[[1200.0,300.0,300.0],0.0009442514],
[[1200.0,350.0,350.0],0.0009953896],
[[1200.0,400.0,400.0],0.0008758565],
[[1200.0,450.0,450.0],0.0009411212],
[[1200.0,500.0,500.0],0.0009462697],
[[1200.0,550.0,550.0],0.0008803691],
[[1250.0,1.0,1.0],0.001024673],
[[1250.0,10.0,10.0],0.0008664381],
[[1250.0,75.0,75.0],0.0008873403],
[[1250.0,150.0,150.0],0.00100951],
[[1250.0,200.0,200.0],0.001061243],
[[1250.0,250.0,250.0],0.001038291],
[[1250.0,300.0,300.0],0.0009952088],
[[1250.0,350.0,350.0],0.001056285],
[[1250.0,400.0,400.0],0.00100983],
[[1250.0,450.0,450.0],0.0009406603],
[[1250.0,500.0,500.0],0.001094451],
[[1250.0,550.0,550.0],0.0009688614],
[[1250.0,600.0,600.0],0.001012092],
[[1300.0,1.0,1.0],0.0008776785],
[[1300.0,75.0,75.0],0.0009615522],
[[1300.0,150.0,150.0],0.0009271423],
[[1300.0,200.0,200.0],0.001115909],
[[1300.0,250.0,250.0],0.001019086],
[[1300.0,300.0,300.0],0.001023142],
[[1300.0,350.0,350.0],0.0009628985],
[[1300.0,400.0,400.0],0.0009791981],
[[1300.0,450.0,450.0],0.001177954],
[[1300.0,500.0,500.0],0.001081127],
[[1300.0,550.0,550.0],0.0009791128],
[[1300.0,600.0,600.0],0.00107544],
[[1350.0,1.0,1.0],0.001023901],
[[1350.0,75.0,75.0],0.0009429187],
[[1350.0,150.0,150.0],0.001032359],
[[1350.0,200.0,200.0],0.001048233],
[[1350.0,250.0,250.0],0.0009418447],
[[1350.0,300.0,300.0],0.00121257],
[[1350.0,350.0,350.0],0.001081025],
[[1350.0,400.0,400.0],0.0009921795],
[[1350.0,450.0,450.0],0.001138744],
[[1350.0,500.0,500.0],0.001159386],
[[1350.0,550.0,550.0],0.001058271],
[[1350.0,600.0,600.0],0.001223005],
[[1350.0,650.0,650.0],0.001087867],
[[1400.0,1.0,1.0],0.001030939],
[[1400.0,75.0,75.0],0.001065169],
[[1400.0,150.0,150.0],0.001097943],
[[1400.0,200.0,200.0],0.001013841],
[[1400.0,250.0,250.0],0.001079328],
[[1400.0,300.0,300.0],0.001161691],
[[1400.0,350.0,350.0],0.001026923],
[[1400.0,400.0,400.0],0.001147356],
[[1400.0,450.0,450.0],0.001074368],
[[1400.0,500.0,500.0],0.0009539291],
[[1400.0,550.0,550.0],0.00109754],
[[1400.0,600.0,600.0],0.001131395],
[[1400.0,650.0,650.0],0.001260594],
[[1450.0,1.0,1.0],0.001081644],
[[1450.0,75.0,75.0],0.001109925],
[[1450.0,150.0,150.0],0.001149667],
[[1450.0,200.0,200.0],0.001063629],
[[1450.0,250.0,250.0],0.001062566],
[[1450.0,300.0,300.0],0.001183686],
[[1450.0,350.0,350.0],0.001150728],
[[1450.0,400.0,400.0],0.001097891],
[[1450.0,450.0,450.0],0.001014727],
[[1450.0,500.0,500.0],0.00112749],
[[1450.0,550.0,550.0],0.001172574],
[[1450.0,600.0,600.0],0.001152964],
[[1450.0,650.0,650.0],0.001213501],
[[1450.0,700.0,700.0],0.001251662],
[[1500.0,1.0,1.0],0.001044929],
[[1500.0,10.0,10.0],0.001028826],
[[1500.0,75.0,75.0],0.001090973],
[[1500.0,150.0,150.0],0.001119812],
[[1500.0,200.0,200.0],0.001044559],
[[1500.0,250.0,250.0],0.001200444],
[[1500.0,300.0,300.0],0.001170692],
[[1500.0,350.0,350.0],0.001116386],
[[1500.0,400.0,400.0],0.001097699],
[[1500.0,450.0,450.0],0.001205438],
[[1500.0,500.0,500.0],0.001148094],
[[1500.0,550.0,550.0],0.001240689],
[[1500.0,600.0,600.0],0.00124741],
[[1500.0,650.0,650.0],0.001171902],
[[1500.0,700.0,700.0],0.001105094],
[[1500.0,750.0,750.0],0.001113143],
[[1550.0,1.0,1.0],0.001064842],
[[1550.0,75.0,75.0],0.001178143],
[[1550.0,150.0,150.0],0.001101297],
[[1550.0,200.0,200.0],0.001109267],
[[1550.0,250.0,250.0],0.001204177],
[[1550.0,300.0,300.0],0.001214808],
[[1550.0,350.0,350.0],0.001192981],
[[1550.0,400.0,400.0],0.001096261],
[[1550.0,450.0,450.0],0.001141698],
[[1550.0,500.0,500.0],0.001172413],
[[1550.0,550.0,550.0],0.001356053],
[[1550.0,600.0,600.0],0.001150472],
[[1550.0,650.0,650.0],0.001139003],
[[1550.0,700.0,700.0],0.001057635],
[[1550.0,750.0,750.0],0.001061523],
[[1600.0,1.0,1.0],0.001072086],
[[1600.0,75.0,75.0],0.001151242],
[[1600.0,150.0,150.0],0.001311129],
[[1600.0,200.0,200.0],0.001171201],
[[1600.0,250.0,250.0],0.001151389],
[[1600.0,300.0,300.0],0.001183751],
[[1600.0,350.0,350.0],0.00124923],
[[1600.0,400.0,400.0],0.001178503],
[[1600.0,450.0,450.0],0.001211994],
[[1600.0,500.0,500.0],0.001109577],
[[1600.0,550.0,550.0],0.001221148],
[[1600.0,600.0,600.0],0.001261667],
[[1600.0,650.0,650.0],0.001319581],
[[1600.0,700.0,700.0],0.001187632],
[[1600.0,750.0,750.0],0.001325459],
[[1650.0,1.0,1.0],0.001141266],
[[1650.0,75.0,75.0],0.001124096],
[[1650.0,150.0,150.0],0.001244943],
[[1650.0,200.0,200.0],0.001160138],
[[1650.0,250.0,250.0],0.001134751],
[[1650.0,300.0,300.0],0.00126154],
[[1650.0,350.0,350.0],0.00126502],
[[1650.0,400.0,400.0],0.001208672],
[[1650.0,450.0,450.0],0.001160154],
[[1650.0,500.0,500.0],0.001133066],
[[1650.0,550.0,550.0],0.001203732],
[[1650.0,600.0,600.0],0.001165795],
[[1650.0,650.0,650.0],0.001250643],
[[1650.0,700.0,700.0],0.001197231],
[[1650.0,750.0,750.0],0.001339752],
[[1650.0,800.0,800.0],0.001277608],
[[1700.0,1.0,1.0],0.001112511],
[[1700.0,75.0,75.0],0.00118009],
[[1700.0,150.0,150.0],0.001168891],
[[1700.0,200.0,200.0],0.001270952],
[[1700.0,250.0,250.0],0.00130667],
[[1700.0,300.0,300.0],0.001169768],
[[1700.0,350.0,350.0],0.001244725],
[[1700.0,400.0,400.0],0.00125812],
[[1700.0,450.0,450.0],0.00122899],
[[1700.0,500.0,500.0],0.001180278],
[[1700.0,550.0,550.0],0.001310681],
[[1700.0,600.0,600.0],0.001301699],
[[1700.0,650.0,650.0],0.001305112],
[[1700.0,700.0,700.0],0.00123823],
[[1700.0,750.0,750.0],0.001247766],
[[1700.0,800.0,800.0],0.001182681],
[[1750.0,1.0,1.0],0.001167327],
[[1750.0,10.0,10.0],0.001129215],
[[1750.0,75.0,75.0],0.00111991],
[[1750.0,150.0,150.0],0.001226688],
[[1750.0,200.0,200.0],0.001204183],
[[1750.0,250.0,250.0],0.001092766],
[[1750.0,300.0,300.0],0.001143781],
[[1750.0,350.0,350.0],0.001105786],
[[1750.0,400.0,400.0],0.001280134],
[[1750.0,450.0,450.0],0.001317084],
[[1750.0,500.0,500.0],0.001308295],
[[1750.0,550.0,550.0],0.001323563],
[[1750.0,600.0,600.0],0.001234863],
[[1750.0,650.0,650.0],0.001234046],
[[1750.0,700.0,700.0],0.001274057],
[[1750.0,750.0,750.0],0.001312761],
[[1750.0,800.0,800.0],0.001397053],
[[1750.0,850.0,850.0],0.001367736],
[[1800.0,1.0,1.0],0.00116354],
[[1800.0,75.0,75.0],0.001170246],
[[1800.0,150.0,150.0],0.001201848],
[[1800.0,200.0,200.0],0.001245048],
[[1800.0,250.0,250.0],0.001324468],
[[1800.0,300.0,300.0],0.001200737],
[[1800.0,350.0,350.0],0.00121953],
[[1800.0,400.0,400.0],0.001169476],
[[1800.0,450.0,450.0],0.001364176],
[[1800.0,500.0,500.0],0.001330454],
[[1800.0,550.0,550.0],0.001309738],
[[1800.0,600.0,600.0],0.001220856],
[[1800.0,650.0,650.0],0.001315721],
[[1800.0,700.0,700.0],0.001337627],
[[1800.0,750.0,750.0],0.001184239],
[[1800.0,800.0,800.0],0.001416873],
[[1800.0,850.0,850.0],0.001323597],
[[1850.0,1.0,1.0],0.001162804],
[[1850.0,75.0,75.0],0.001185365],
[[1850.0,150.0,150.0],0.001163146],
[[1850.0,200.0,200.0],0.001298764],
[[1850.0,250.0,250.0],0.001166762],
[[1850.0,300.0,300.0],0.001309144],
[[1850.0,350.0,350.0],0.001380869],
[[1850.0,400.0,400.0],0.001305231],
[[1850.0,450.0,450.0],0.001388032],
[[1850.0,500.0,500.0],0.001443373],
[[1850.0,550.0,550.0],0.001298345],
[[1850.0,600.0,600.0],0.001336976],
[[1850.0,650.0,650.0],0.00126402],
[[1850.0,700.0,700.0],0.001198813],
[[1850.0,750.0,750.0],0.00139458],
[[1850.0,800.0,800.0],0.001308489],
[[1850.0,850.0,850.0],0.001316855],
[[1850.0,900.0,900.0],0.001289135],
[[1900.0,1.0,1.0],0.00123395],
[[1900.0,75.0,75.0],0.001185675],
[[1900.0,150.0,150.0],0.001153347],
[[1900.0,200.0,200.0],0.001212292],
[[1900.0,250.0,250.0],0.001236813],
[[1900.0,300.0,300.0],0.001132237],
[[1900.0,350.0,350.0],0.001432454],
[[1900.0,400.0,400.0],0.001208117],
[[1900.0,450.0,450.0],0.001270536],
[[1900.0,500.0,500.0],0.001282637],
[[1900.0,550.0,550.0],0.001316102],
[[1900.0,600.0,600.0],0.001209216],
[[1900.0,650.0,650.0],0.001272819],
[[1900.0,700.0,700.0],0.00132877],
[[1900.0,750.0,750.0],0.00127096],
[[1900.0,800.0,800.0],0.001311747],
[[1900.0,850.0,850.0],0.00136473],
[[1900.0,900.0,900.0],0.001283283],
[[1950.0,1.0,1.0],0.00118793],
[[1950.0,75.0,75.0],0.001293769],
[[1950.0,150.0,150.0],0.001223038],
[[1950.0,200.0,200.0],0.00135671],
[[1950.0,250.0,250.0],0.001295115],
[[1950.0,300.0,300.0],0.00131944],
[[1950.0,350.0,350.0],0.001393184],
[[1950.0,400.0,400.0],0.001306036],
[[1950.0,450.0,450.0],0.001317817],
[[1950.0,500.0,500.0],0.001267035],
[[1950.0,550.0,550.0],0.00125277],
[[1950.0,600.0,600.0],0.00119014],
[[1950.0,650.0,650.0],0.001377771],
[[1950.0,700.0,700.0],0.00137421],
[[1950.0,750.0,750.0],0.001368967],
[[1950.0,800.0,800.0],0.001367959],
[[1950.0,850.0,850.0],0.001251065],
[[1950.0,900.0,900.0],0.001290299],
[[1950.0,950.0,950.0],0.001416971],
[[2000.0,1.0,1.0],0.001375168],
[[2000.0,75.0,75.0],0.001432611],
[[2000.0,150.0,150.0],0.001329926],
[[2000.0,200.0,200.0],0.001251327],
[[2000.0,250.0,250.0],0.001193705],
[[2000.0,300.0,300.0],0.001230506],
[[2000.0,350.0,350.0],0.001371713],
[[2000.0,400.0,400.0],0.00121138],
[[2000.0,450.0,450.0],0.001252076],
[[2000.0,500.0,500.0],0.001331563],
[[2000.0,550.0,550.0],0.001354428],
[[2000.0,600.0,600.0],0.001177695],
[[2000.0,650.0,650.0],0.001255417],
[[2000.0,700.0,700.0],0.001402544],
[[2000.0,750.0,750.0],0.001293323],
[[2000.0,800.0,800.0],0.00138332],
[[2000.0,850.0,850.0],0.001393622],
[[2000.0,900.0,900.0],0.001425609],
[[2000.0,950.0,950.0],0.001461549],
[[2250.0,1.0,1.0],0.001388031],
[[2250.0,75.0,75.0],0.001317936],
[[2250.0,150.0,150.0],0.001391351],
[[2250.0,300.0,300.0],0.001326646],
[[2250.0,500.0,500.0],0.001478723],
[[2250.0,750.0,750.0],0.001428333],
[[2250.0,1000.0,1000.0],0.001368761],
[[2500.0,1.0,1.0],0.001525638],
[[2500.0,75.0,75.0],0.001395236],
[[2500.0,150.0,150.0],0.001479574],
[[2500.0,300.0,300.0],0.001417987],
[[2500.0,500.0,500.0],0.001386141],
[[2500.0,750.0,750.0],0.001370567],
[[2500.0,1000.0,1000.0],0.001488084],
[[2500.0,1200.0,1200.0],0.001554895],
[[2750.0,1.0,1.0],0.001487073],
[[2750.0,75.0,75.0],0.001562223],
[[2750.0,150.0,150.0],0.001528481],
[[2750.0,300.0,300.0],0.001349994],
[[2750.0,500.0,500.0],0.001527037],
[[2750.0,750.0,750.0],0.001363713],
[[2750.0,1000.0,1000.0],0.001498521],
[[2750.0,1200.0,1200.0],0.001512881],
[[3000.0,1.0,1.0],0.001369984],
[[3000.0,75.0,75.0],0.001467631],
[[3000.0,150.0,150.0],0.001532935],
[[3000.0,300.0,300.0],0.001400721],
[[3000.0,500.0,500.0],0.001598747],
[[3000.0,750.0,750.0],0.001615756],
[[3000.0,1000.0,1000.0],0.001466623],
[[3000.0,1200.0,1200.0],0.001739473],
[[3000.0,1400.0,1400.0],0.001684255]]
