txName: TRV1
constraint: {(PV > Zprime(1)), (Zprime(1) > MET(2),MET(3))}
condition: None
conditionDescription: None
figureUrl: None
source: Recast by CM2
validated: True
axesMap: [{0: 'x', 1: 'y', 2: 'y'}]
dataMap: {0: (1, 'mass', GeV), 1: (2, 'mass', GeV), 2: (3, 'mass', GeV)}
finalState: ['MET', 'MET']
intermediateState: None
efficiencyMap: [[[50.0,0,0],0],
[[50.0,1.0,1.0],0.0],
[[50.0,10.0,10.0],0.0],
[[50.0,20.0,20.0],0.0],
[[100.0,0,0],0],
[[100.0,1.0,1.0],0],
[[100.0,10.0,10.0],0.0],
[[150.0,0,0],0],
[[150.0,1.0,1.0],0],
[[150.0,10.0,10.0],0],
[[150.0,50.0,50.0],0],
[[150.0,70.0,70.0],0],
[[200.0,0,0],0],
[[200.0,1.0,1.0],0.0],
[[200.0,10.0,10.0],0],
[[200.0,50.0,50.0],0],
[[200.0,75.0,75.0],0.0],
[[250.0,0,0],0],
[[250.0,1.0,1.0],0],
[[250.0,10.0,10.0],0],
[[250.0,50.0,50.0],0],
[[250.0,75.0,75.0],0],
[[250.0,100.0,100.0],0],
[[250.0,120.0,120.0],0],
[[300.0,0,0],0],
[[300.0,1.0,1.0],0],
[[300.0,10.0,10.0],0],
[[300.0,50.0,50.0],0],
[[300.0,75.0,75.0],0],
[[300.0,100.0,100.0],0],
[[350.0,0,0],0],
[[350.0,1.0,1.0],0],
[[350.0,10.0,10.0],0],
[[350.0,50.0,50.0],0],
[[350.0,75.0,75.0],1.771297e-06],
[[350.0,100.0,100.0],0],
[[350.0,150.0,150.0],0],
[[350.0,170.0,170.0],1.94732e-06],
[[400.0,0,0],0],
[[400.0,1.0,1.0],2.049803e-06],
[[400.0,10.0,10.0],0],
[[400.0,50.0,50.0],0],
[[400.0,75.0,75.0],0],
[[400.0,100.0,100.0],1.976198e-06],
[[400.0,150.0,150.0],0],
[[450.0,0,0],2.045781e-06],
[[450.0,1.0,1.0],2.183276e-06],
[[450.0,10.0,10.0],0],
[[450.0,50.0,50.0],1.956879e-06],
[[450.0,75.0,75.0],1.976455e-06],
[[450.0,100.0,100.0],0],
[[450.0,150.0,150.0],0],
[[450.0,200.0,200.0],3.377204e-06],
[[450.0,220.0,220.0],2.695139e-06],
[[500.0,0,0],0],
[[500.0,1.0,1.0],4.126899e-06],
[[500.0,10.0,10.0],2.909888e-06],
[[500.0,50.0,50.0],5.09159e-06],
[[500.0,75.0,75.0],2.314849e-06],
[[500.0,100.0,100.0],0],
[[500.0,150.0,150.0],3.008001e-06],
[[500.0,200.0,200.0],3.115951e-06],
[[550.0,1.0,1.0],4.56472e-06],
[[550.0,10.0,10.0],3.305687e-06],
[[550.0,75.0,75.0],3.998157e-06],
[[550.0,150.0,150.0],3.076911e-06],
[[550.0,200.0,200.0],4.521973e-06],
[[550.0,250.0,250.0],7.089308e-06],
[[550.0,270.0,270.0],8.137075e-06],
[[600.0,0,0],3.38526e-06],
[[600.0,1.0,1.0],2.880959e-06],
[[600.0,10.0,10.0],3.79275e-06],
[[600.0,50.0,50.0],3.664701e-06],
[[600.0,75.0,75.0],3.278613e-06],
[[600.0,100.0,100.0],7.487433e-06],
[[600.0,150.0,150.0],2.789892e-06],
[[600.0,200.0,200.0],5.379214e-06],
[[600.0,250.0,250.0],3.650847e-06],
[[600.0,295.0,295.0],2.87316e-06],
[[650.0,1.0,1.0],3.815788e-06],
[[650.0,10.0,10.0],3.81421e-06],
[[650.0,75.0,75.0],5.365999e-06],
[[650.0,150.0,150.0],8.759389e-06],
[[650.0,200.0,200.0],5.716963e-06],
[[650.0,250.0,250.0],4.922005e-06],
[[650.0,300.0,300.0],5.552733e-06],
[[650.0,320.0,320.0],8.46601e-06],
[[700.0,0,0],7.720393e-06],
[[700.0,1.0,1.0],5.892128e-06],
[[700.0,10.0,10.0],2.178164e-06],
[[700.0,50.0,50.0],6.669226e-06],
[[700.0,75.0,75.0],4.817972e-06],
[[700.0,100.0,100.0],4.23549e-06],
[[700.0,150.0,150.0],8.716331e-06],
[[700.0,200.0,200.0],6.007618e-06],
[[700.0,250.0,250.0],8.388569e-06],
[[700.0,300.0,300.0],5.660139e-06],
[[750.0,1.0,1.0],8.710205e-06],
[[750.0,10.0,10.0],8.313865e-06],
[[750.0,75.0,75.0],8.038801e-06],
[[750.0,150.0,150.0],7.410406e-06],
[[750.0,200.0,200.0],4.807297e-06],
[[750.0,250.0,250.0],4.026341e-06],
[[750.0,300.0,300.0],8.08891e-06],
[[750.0,350.0,350.0],5.17805e-06],
[[750.0,370.0,370.0],4.759183e-06],
[[800.0,0,0],8.942506e-06],
[[800.0,1.0,1.0],6.539685e-06],
[[800.0,10.0,10.0],9.23211e-06],
[[800.0,50.0,50.0],4.944408e-06],
[[800.0,75.0,75.0],5.745841e-06],
[[800.0,100.0,100.0],9.917537e-06],
[[800.0,150.0,150.0],1.008001e-05],
[[800.0,200.0,200.0],6.044504e-06],
[[800.0,250.0,250.0],7.764042e-06],
[[800.0,300.0,300.0],1.306256e-05],
[[800.0,350.0,350.0],7.036423e-06],
[[850.0,1.0,1.0],9.737e-06],
[[850.0,10.0,10.0],6.334458e-06],
[[850.0,75.0,75.0],9.527262e-06],
[[850.0,150.0,150.0],4.746368e-05],
[[850.0,200.0,200.0],8.587021e-06],
[[850.0,250.0,250.0],4.46271e-06],
[[850.0,300.0,300.0],1.136454e-05],
[[850.0,350.0,350.0],1.29074e-05],
[[850.0,400.0,400.0],8.313438e-06],
[[850.0,420.0,420.0],8.834013e-06],
[[900.0,0,0],9.302069e-06],
[[900.0,1.0,1.0],1.636023e-05],
[[900.0,10.0,10.0],9.7772e-06],
[[900.0,50.0,50.0],8.121166e-06],
[[900.0,75.0,75.0],1.25583e-05],
[[900.0,100.0,100.0],1.031698e-05],
[[900.0,150.0,150.0],8.276938e-06],
[[900.0,200.0,200.0],1.192084e-05],
[[900.0,250.0,250.0],1.005802e-05],
[[900.0,300.0,300.0],9.877809e-06],
[[900.0,350.0,350.0],1.587039e-05],
[[900.0,400.0,400.0],1.189897e-05],
[[950.0,1.0,1.0],8.490943e-06],
[[950.0,10.0,10.0],1.109733e-05],
[[950.0,75.0,75.0],1.807985e-05],
[[950.0,150.0,150.0],1.015532e-05],
[[950.0,200.0,200.0],1.147957e-05],
[[950.0,250.0,250.0],1.102473e-05],
[[950.0,300.0,300.0],1.538915e-05],
[[950.0,350.0,350.0],1.075105e-05],
[[950.0,400.0,400.0],1.320663e-05],
[[950.0,450.0,450.0],1.190902e-05],
[[950.0,470.0,470.0],1.211357e-05],
[[1000.0,0,0],7.939869e-06],
[[1000.0,50.0,50.0],8.668343e-06],
[[1000.0,100.0,100.0],8.748015e-06],
[[1000.0,150.0,150.0],1.104719e-05],
[[1000.0,200.0,200.0],1.785031e-05],
[[1000.0,250.0,250.0],1.282328e-05],
[[1000.0,300.0,300.0],9.235678e-06],
[[1000.0,350.0,350.0],1.135246e-05],
[[1000.0,400.0,400.0],2.037464e-05],
[[1000.0,450.0,450.0],1.558395e-05],
[[1050.0,520.0,520.0],9.093641e-06],
[[1100.0,0,0],1.261089e-05],
[[1100.0,100.0,100.0],1.87843e-05],
[[1100.0,200.0,200.0],1.458757e-05],
[[1100.0,300.0,300.0],2.20685e-05],
[[1100.0,400.0,400.0],1.447614e-05],
[[1100.0,500.0,500.0],1.737829e-05],
[[1150.0,570.0,570.0],2.456878e-05],
[[1200.0,0,0],1.294299e-05],
[[1200.0,100.0,100.0],1.351728e-05],
[[1200.0,200.0,200.0],1.309761e-05],
[[1200.0,300.0,300.0],2.780927e-05],
[[1200.0,400.0,400.0],1.47539e-05],
[[1200.0,500.0,500.0],2.555517e-05],
[[1250.0,620.0,620.0],2.154875e-05],
[[1300.0,0,0],1.930936e-05],
[[1300.0,100.0,100.0],2.11514e-05],
[[1300.0,200.0,200.0],1.592268e-05],
[[1300.0,300.0,300.0],3.525413e-05],
[[1300.0,400.0,400.0],2.862804e-05],
[[1300.0,500.0,500.0],1.656127e-05],
[[1300.0,600.0,600.0],1.968628e-05],
[[1350.0,670.0,670.0],2.799469e-05],
[[1400.0,0,0],2.608482e-05],
[[1400.0,100.0,100.0],2.261427e-05],
[[1400.0,200.0,200.0],2.183153e-05],
[[1400.0,300.0,300.0],2.244744e-05],
[[1400.0,400.0,400.0],2.237785e-05],
[[1400.0,500.0,500.0],1.687129e-05],
[[1400.0,600.0,600.0],3.431922e-05],
[[1450.0,720.0,720.0],1.787516e-05],
[[1500.0,0,0],1.862889e-05],
[[1500.0,100.0,100.0],3.820135e-05],
[[1500.0,200.0,200.0],2.432529e-05],
[[1500.0,300.0,300.0],2.349568e-05],
[[1500.0,400.0,400.0],2.429115e-05],
[[1500.0,500.0,500.0],3.36186e-05],
[[1500.0,600.0,600.0],3.281021e-05],
[[1500.0,700.0,700.0],2.1313e-05],
[[1550.0,770.0,770.0],3.511739e-05],
[[1600.0,0,0],3.378054e-05],
[[1600.0,100.0,100.0],2.753633e-05],
[[1600.0,200.0,200.0],3.499993e-05],
[[1600.0,300.0,300.0],2.683262e-05],
[[1600.0,400.0,400.0],2.647997e-05],
[[1600.0,500.0,500.0],4.647472e-05],
[[1600.0,600.0,600.0],2.871336e-05],
[[1600.0,700.0,700.0],2.578095e-05],
[[1650.0,820.0,820.0],2.231847e-05],
[[1700.0,0,0],2.860139e-05],
[[1700.0,100.0,100.0],2.685277e-05],
[[1700.0,200.0,200.0],1.643689e-05],
[[1700.0,300.0,300.0],2.529097e-05],
[[1700.0,400.0,400.0],4.337955e-05],
[[1700.0,500.0,500.0],3.191041e-05],
[[1700.0,600.0,600.0],2.411574e-05],
[[1700.0,700.0,700.0],3.799039e-05],
[[1700.0,800.0,800.0],3.424227e-05],
[[1750.0,870.0,870.0],5.213101e-05],
[[1800.0,0,0],3.990074e-05],
[[1800.0,100.0,100.0],2.792514e-05],
[[1800.0,200.0,200.0],4.373334e-05],
[[1800.0,300.0,300.0],4.169489e-05],
[[1800.0,400.0,400.0],3.49085e-05],
[[1800.0,500.0,500.0],4.299487e-05],
[[1800.0,600.0,600.0],4.816845e-05],
[[1800.0,700.0,700.0],4.413989e-05],
[[1800.0,800.0,800.0],2.875828e-05],
[[1850.0,920.0,920.0],4.254285e-05],
[[1900.0,0,0],3.917447e-05],
[[1900.0,100.0,100.0],2.265704e-05],
[[1900.0,200.0,200.0],5.02964e-05],
[[1900.0,300.0,300.0],3.848195e-05],
[[1900.0,400.0,400.0],6.814879e-05],
[[1900.0,500.0,500.0],4.756716e-05],
[[1900.0,600.0,600.0],3.163916e-05],
[[1900.0,700.0,700.0],3.015331e-05],
[[1900.0,800.0,800.0],4.6255e-05],
[[1900.0,900.0,900.0],3.510192e-05],
[[1950.0,970.0,970.0],3.750079e-05],
[[2000.0,0,0],3.264778e-05],
[[2000.0,100.0,100.0],3.603215e-05],
[[2000.0,200.0,200.0],5.043985e-05],
[[2000.0,300.0,300.0],3.397817e-05],
[[2000.0,400.0,400.0],5.746464e-05],
[[2000.0,500.0,500.0],2.805082e-05],
[[2000.0,600.0,600.0],3.075841e-05],
[[2000.0,700.0,700.0],4.264772e-05],
[[2000.0,800.0,800.0],3.431539e-05],
[[2000.0,900.0,900.0],6.035829e-05],
[[2050.0,1020.0,1020.0],5.258997e-05],
[[2100.0,0,0],4.937188e-05],
[[2100.0,100.0,100.0],4.260251e-05],
[[2100.0,200.0,200.0],3.261761e-05],
[[2100.0,300.0,300.0],4.20486e-05],
[[2100.0,400.0,400.0],6.301564e-05],
[[2100.0,500.0,500.0],4.137426e-05],
[[2100.0,600.0,600.0],3.91384e-05],
[[2100.0,700.0,700.0],5.361807e-05],
[[2100.0,800.0,800.0],6.123526e-05],
[[2100.0,900.0,900.0],4.118954e-05],
[[2100.0,1000.0,1000.0],4.46972e-05],
[[2150.0,1070.0,1070.0],6.803639e-05],
[[2200.0,0,0],4.050976e-05],
[[2200.0,100.0,100.0],4.750584e-05],
[[2200.0,200.0,200.0],3.484004e-05],
[[2200.0,300.0,300.0],5.054594e-05],
[[2200.0,400.0,400.0],4.24272e-05],
[[2200.0,500.0,500.0],5.794366e-05],
[[2200.0,600.0,600.0],3.609171e-05],
[[2200.0,700.0,700.0],2.443466e-05],
[[2200.0,800.0,800.0],4.19107e-05],
[[2200.0,900.0,900.0],6.129616e-05],
[[2200.0,1000.0,1000.0],5.311575e-05],
[[2250.0,1120.0,1120.0],4.436869e-05],
[[2300.0,0,0],4.588698e-05],
[[2300.0,100.0,100.0],4.812695e-05],
[[2300.0,200.0,200.0],6.8001e-05],
[[2300.0,300.0,300.0],3.456351e-05],
[[2300.0,400.0,400.0],4.723856e-05],
[[2300.0,500.0,500.0],4.835223e-05],
[[2300.0,600.0,600.0],3.380251e-05],
[[2300.0,700.0,700.0],4.607623e-05],
[[2300.0,800.0,800.0],4.082652e-05],
[[2300.0,900.0,900.0],3.790094e-05],
[[2300.0,1000.0,1000.0],5.060854e-05],
[[2300.0,1100.0,1100.0],3.753795e-05],
[[2350.0,1170.0,1170.0],4.319273e-05],
[[2400.0,0,0],4.469485e-05],
[[2400.0,100.0,100.0],4.776452e-05],
[[2400.0,200.0,200.0],3.700424e-05],
[[2400.0,300.0,300.0],4.187485e-05],
[[2400.0,400.0,400.0],5.313478e-05],
[[2400.0,500.0,500.0],4.617306e-05],
[[2400.0,600.0,600.0],4.514022e-05],
[[2400.0,700.0,700.0],6.381882e-05],
[[2400.0,800.0,800.0],5.47955e-05],
[[2400.0,900.0,900.0],4.955668e-05],
[[2400.0,1000.0,1000.0],6.067679e-05],
[[2400.0,1100.0,1100.0],3.177763e-05],
[[2450.0,1220.0,1220.0],5.555247e-05],
[[2500.0,0,0],3.811525e-05],
[[2500.0,100.0,100.0],5.411158e-05],
[[2500.0,200.0,200.0],4.680259e-05],
[[2500.0,300.0,300.0],7.187841e-05],
[[2500.0,400.0,400.0],5.048251e-05],
[[2500.0,500.0,500.0],5.970709e-05],
[[2500.0,600.0,600.0],4.660534e-05],
[[2500.0,700.0,700.0],6.353059e-05],
[[2500.0,800.0,800.0],4.975907e-05],
[[2500.0,900.0,900.0],4.134312e-05],
[[2500.0,1000.0,1000.0],3.51976e-05],
[[2500.0,1100.0,1100.0],6.38358e-05],
[[2500.0,1200.0,1200.0],5.285145e-05],
[[2550.0,1270.0,1270.0],5.348746e-05],
[[2600.0,0,0],5.063973e-05],
[[2600.0,100.0,100.0],4.03394e-05],
[[2600.0,200.0,200.0],6.271304e-05],
[[2600.0,300.0,300.0],3.470911e-05],
[[2600.0,400.0,400.0],5.263919e-05],
[[2600.0,500.0,500.0],5.062181e-05],
[[2600.0,600.0,600.0],5.342557e-05],
[[2600.0,700.0,700.0],5.759332e-05],
[[2600.0,800.0,800.0],5.681996e-05],
[[2600.0,900.0,900.0],5.263323e-05],
[[2600.0,1000.0,1000.0],6.065412e-05],
[[2600.0,1100.0,1100.0],4.338466e-05],
[[2600.0,1200.0,1200.0],6.245967e-05],
[[2650.0,1320.0,1320.0],6.643412e-05],
[[2700.0,0,0],3.176603e-05],
[[2700.0,100.0,100.0],5.512647e-05],
[[2700.0,200.0,200.0],4.631056e-05],
[[2700.0,300.0,300.0],3.67247e-05],
[[2700.0,400.0,400.0],5.51313e-05],
[[2700.0,500.0,500.0],5.703201e-05],
[[2700.0,600.0,600.0],3.844723e-05],
[[2700.0,700.0,700.0],5.484113e-05],
[[2700.0,800.0,800.0],5.856681e-05],
[[2700.0,900.0,900.0],4.034592e-05],
[[2700.0,1000.0,1000.0],4.441357e-05],
[[2700.0,1100.0,1100.0],5.261466e-05],
[[2700.0,1200.0,1200.0],6.62852e-05],
[[2700.0,1300.0,1300.0],6.110628e-05],
[[2750.0,1370.0,1370.0],5.49743e-05],
[[2800.0,0,0],3.800173e-05],
[[2800.0,100.0,100.0],3.645383e-05],
[[2800.0,200.0,200.0],4.952259e-05],
[[2800.0,300.0,300.0],3.828436e-05],
[[2800.0,400.0,400.0],4.595633e-05],
[[2800.0,500.0,500.0],5.609692e-05],
[[2800.0,600.0,600.0],4.194272e-05],
[[2800.0,700.0,700.0],4.076362e-05],
[[2800.0,800.0,800.0],4.997931e-05],
[[2800.0,900.0,900.0],6.052713e-05],
[[2800.0,1000.0,1000.0],7.264527e-05],
[[2800.0,1100.0,1100.0],3.690909e-05],
[[2800.0,1200.0,1200.0],4.182682e-05],
[[2800.0,1300.0,1300.0],5.523421e-05],
[[2850.0,1420.0,1420.0],6.66688e-05],
[[2900.0,0,0],3.774706e-05],
[[2900.0,100.0,100.0],4.045124e-05],
[[2900.0,200.0,200.0],4.459456e-05],
[[2900.0,300.0,300.0],5.970013e-05],
[[2900.0,400.0,400.0],5.632902e-05],
[[2900.0,500.0,500.0],9.456633e-05],
[[2900.0,600.0,600.0],3.853263e-05],
[[2900.0,700.0,700.0],4.080727e-05],
[[2900.0,800.0,800.0],7.401251e-05],
[[2900.0,900.0,900.0],3.545509e-05],
[[2900.0,1000.0,1000.0],5.369691e-05],
[[2900.0,1100.0,1100.0],3.661516e-05],
[[2900.0,1200.0,1200.0],7.03535e-05],
[[2900.0,1300.0,1300.0],4.187564e-05],
[[2900.0,1400.0,1400.0],5.772277e-05],
[[2950.0,1470.0,1470.0],6.257229e-05],
[[3000.0,0,0],3.72744e-05],
[[3000.0,100.0,100.0],4.958403e-05],
[[3000.0,200.0,200.0],5.456722e-05],
[[3000.0,300.0,300.0],3.845975e-05],
[[3000.0,400.0,400.0],6.30596e-05],
[[3000.0,500.0,500.0],5.358518e-05],
[[3000.0,600.0,600.0],5.006833e-05],
[[3000.0,700.0,700.0],4.266083e-05],
[[3000.0,800.0,800.0],4.039666e-05],
[[3000.0,900.0,900.0],5.700103e-05],
[[3000.0,1000.0,1000.0],4.73802e-05],
[[3000.0,1100.0,1100.0],5.107755e-05],
[[3000.0,1200.0,1200.0],3.464315e-05],
[[3000.0,1300.0,1300.0],4.310136e-05],
[[3000.0,1400.0,1400.0],4.980711e-05]]
