txName: TRS1
constraint: {(PV > H0(1)), (H0(1) > MET(2),MET(3))}
condition: None
conditionDescription: None
figureUrl: https://cms-results.web.cern.ch/cms-results/public-results/publications/EXO-20-004/CMS-EXO-20-004_Figure_009-a.png
source: https://doi.org/10.5281/zenodo.13324003
validated: True
axesMap: [{0: 'x', 1: '1.0', 2: '1.0'}, {0: 'x', 1: 'y', 2: 'y'}]
dataMap: {0: (1, 'mass', GeV), 1: (2, 'mass', GeV), 2: (3, 'mass', GeV)}
finalState: ['MET', 'MET']
intermediateState: None
efficiencyMap: [[[100.0,1.0,1.0],0.0005530629],
[[100.0,10.0,10.0],0.0005619053],
[[150.0,1.0,1.0],0.0009095253],
[[150.0,50.0,50.0],0.0009625759],
[[200.0,1.0,1.0],0.001483474],
[[200.0,50.0,50.0],0.001455359],
[[200.0,100.0,100.0],0.002106416],
[[250.0,1.0,1.0],0.001789254],
[[250.0,10.0,10.0],0.001805064],
[[250.0,50.0,50.0],0.001902602],
[[250.0,100.0,100.0],0.001871475],
[[300.0,1.0,1.0],0.002223923],
[[300.0,50.0,50.0],0.002112944],
[[300.0,100.0,100.0],0.002216924],
[[350.0,1.0,1.0],0.002302015],
[[350.0,50.0,50.0],0.002231285],
[[350.0,100.0,100.0],0.002459629],
[[350.0,150.0,150.0],0.00266549],
[[400.0,1.0,1.0],0.002926159],
[[400.0,50.0,50.0],0.002660955],
[[400.0,100.0,100.0],0.002647578],
[[400.0,150.0,150.0],0.002599436],
[[450.0,1.0,1.0],0.002866476],
[[450.0,50.0,50.0],0.003067899],
[[450.0,100.0,100.0],0.003039173],
[[450.0,150.0,150.0],0.002685707],
[[450.0,200.0,200.0],0.00324721],
[[500.0,1.0,1.0],0.003291198],
[[500.0,10.0,10.0],0.003927131],
[[500.0,50.0,50.0],0.003669045],
[[500.0,100.0,100.0],0.003685254],
[[500.0,150.0,150.0],0.003595786],
[[500.0,200.0,200.0],0.003221593],
[[550.0,1.0,1.0],0.00457059],
[[550.0,50.0,50.0],0.003329107],
[[550.0,100.0,100.0],0.00365786],
[[550.0,150.0,150.0],0.004383125],
[[550.0,200.0,200.0],0.004407877],
[[550.0,250.0,250.0],0.003493441],
[[600.0,1.0,1.0],0.004146426],
[[600.0,50.0,50.0],0.004491782],
[[600.0,100.0,100.0],0.004411632],
[[600.0,150.0,150.0],0.004435039],
[[600.0,200.0,200.0],0.003977435],
[[600.0,250.0,250.0],0.005078308],
[[650.0,1.0,1.0],0.004143192],
[[650.0,50.0,50.0],0.004919624],
[[650.0,100.0,100.0],0.004592937],
[[650.0,150.0,150.0],0.004822417],
[[650.0,200.0,200.0],0.004859772],
[[650.0,250.0,250.0],0.005586835],
[[650.0,300.0,300.0],0.00446603],
[[700.0,1.0,1.0],0.005022665],
[[700.0,50.0,50.0],0.004863009],
[[700.0,100.0,100.0],0.005104989],
[[700.0,150.0,150.0],0.00519979],
[[700.0,200.0,200.0],0.004345009],
[[700.0,250.0,250.0],0.004671874],
[[700.0,300.0,300.0],0.005144374],
[[750.0,1.0,1.0],0.004485962],
[[750.0,10.0,10.0],0.004991131],
[[750.0,50.0,50.0],0.005163853],
[[750.0,100.0,100.0],0.004581438],
[[750.0,150.0,150.0],0.005826546],
[[750.0,200.0,200.0],0.004720236],
[[750.0,250.0,250.0],0.004896338],
[[750.0,300.0,300.0],0.0049426],
[[750.0,350.0,350.0],0.005092033],
[[800.0,1.0,1.0],0.004861451],
[[800.0,150.0,150.0],0.005634617],
[[800.0,200.0,200.0],0.005045401],
[[800.0,250.0,250.0],0.005588413],
[[800.0,300.0,300.0],0.005735946],
[[800.0,350.0,350.0],0.00610233],
[[850.0,1.0,1.0],0.005757002],
[[850.0,150.0,150.0],0.005461855],
[[850.0,200.0,200.0],0.007188805],
[[850.0,250.0,250.0],0.005437061],
[[850.0,300.0,300.0],0.005455405],
[[850.0,350.0,350.0],0.006343263],
[[850.0,400.0,400.0],0.005836999],
[[900.0,1.0,1.0],0.004892441],
[[900.0,150.0,150.0],0.006760097],
[[900.0,200.0,200.0],0.005646185],
[[900.0,250.0,250.0],0.005196306],
[[900.0,300.0,300.0],0.005351379],
[[900.0,350.0,350.0],0.005884659],
[[900.0,400.0,400.0],0.006745976],
[[950.0,1.0,1.0],0.005675132],
[[950.0,150.0,150.0],0.006159545],
[[950.0,200.0,200.0],0.006261051],
[[950.0,250.0,250.0],0.006104399],
[[950.0,300.0,300.0],0.00664448],
[[950.0,350.0,350.0],0.006317386],
[[950.0,400.0,400.0],0.006448641],
[[950.0,450.0,450.0],0.007452619],
[[1000.0,1.0,1.0],0.006020199],
[[1000.0,10.0,10.0],0.006287152],
[[1000.0,50.0,50.0],0.005360069],
[[1000.0,100.0,100.0],0.005541432],
[[1000.0,150.0,150.0],0.006076393],
[[1000.0,200.0,200.0],0.005461593],
[[1000.0,250.0,250.0],0.006788713],
[[1000.0,300.0,300.0],0.006737014],
[[1000.0,350.0,350.0],0.006062854],
[[1000.0,400.0,400.0],0.006312864],
[[1000.0,450.0,450.0],0.006149247],
[[1050.0,1.0,1.0],0.005918466],
[[1050.0,150.0,150.0],0.006576174],
[[1050.0,200.0,200.0],0.006288422],
[[1050.0,250.0,250.0],0.005646047],
[[1050.0,300.0,300.0],0.005864959],
[[1050.0,350.0,350.0],0.006470679],
[[1050.0,400.0,400.0],0.006402115],
[[1050.0,450.0,450.0],0.006697354],
[[1050.0,500.0,500.0],0.006839607],
[[1100.0,1.0,1.0],0.005504746],
[[1100.0,150.0,150.0],0.006363476],
[[1100.0,200.0,200.0],0.005895457],
[[1100.0,250.0,250.0],0.005965856],
[[1100.0,300.0,300.0],0.007039563],
[[1100.0,350.0,350.0],0.006589151],
[[1100.0,400.0,400.0],0.006312362],
[[1100.0,450.0,450.0],0.006555405],
[[1100.0,500.0,500.0],0.005915862],
[[1150.0,1.0,1.0],0.0056553],
[[1150.0,150.0,150.0],0.006268487],
[[1150.0,200.0,200.0],0.007624967],
[[1150.0,250.0,250.0],0.00512299],
[[1150.0,300.0,300.0],0.007348758],
[[1150.0,350.0,350.0],0.006639065],
[[1150.0,400.0,400.0],0.007127602],
[[1150.0,450.0,450.0],0.008481304],
[[1150.0,500.0,500.0],0.00667448],
[[1150.0,550.0,550.0],0.006766507],
[[1200.0,1.0,1.0],0.006632623],
[[1200.0,150.0,150.0],0.005608805],
[[1200.0,200.0,200.0],0.006675986],
[[1200.0,250.0,250.0],0.006329059],
[[1200.0,300.0,300.0],0.006371013],
[[1200.0,350.0,350.0],0.0061631],
[[1200.0,400.0,400.0],0.007387164],
[[1200.0,450.0,450.0],0.00625075],
[[1200.0,500.0,500.0],0.006405978],
[[1200.0,550.0,550.0],0.007141213],
[[1250.0,1.0,1.0],0.005327038],
[[1250.0,10.0,10.0],0.005407791],
[[1250.0,50.0,50.0],0.006368347],
[[1250.0,100.0,100.0],0.006227094],
[[1250.0,150.0,150.0],0.005796466],
[[1250.0,200.0,200.0],0.006471189],
[[1250.0,250.0,250.0],0.007246753],
[[1250.0,300.0,300.0],0.006673136],
[[1250.0,350.0,350.0],0.007092168],
[[1250.0,400.0,400.0],0.006371278],
[[1250.0,450.0,450.0],0.007887172],
[[1250.0,500.0,500.0],0.006787436],
[[1250.0,550.0,550.0],0.006555603],
[[1250.0,600.0,600.0],0.006463152],
[[1300.0,1.0,1.0],0.006807937],
[[1300.0,150.0,150.0],0.006076306],
[[1300.0,200.0,200.0],0.006640824],
[[1300.0,250.0,250.0],0.006678524],
[[1300.0,300.0,300.0],0.006538938],
[[1300.0,350.0,350.0],0.006759706],
[[1300.0,400.0,400.0],0.006283982],
[[1300.0,450.0,450.0],0.00710395],
[[1300.0,500.0,500.0],0.007234915],
[[1300.0,550.0,550.0],0.007161014],
[[1300.0,600.0,600.0],0.007407388],
[[1350.0,1.0,1.0],0.005647736],
[[1350.0,150.0,150.0],0.006286717],
[[1350.0,200.0,200.0],0.006404938],
[[1350.0,250.0,250.0],0.008195489],
[[1350.0,300.0,300.0],0.005813909],
[[1350.0,350.0,350.0],0.00757292],
[[1350.0,400.0,400.0],0.007582204],
[[1350.0,450.0,450.0],0.007553833],
[[1350.0,500.0,500.0],0.007266897],
[[1350.0,550.0,550.0],0.007866977],
[[1350.0,600.0,600.0],0.006568081],
[[1350.0,650.0,650.0],0.007018193],
[[1400.0,1.0,1.0],0.00625663],
[[1400.0,150.0,150.0],0.005687459],
[[1400.0,200.0,200.0],0.007098536],
[[1400.0,250.0,250.0],0.007056904],
[[1400.0,300.0,300.0],0.008106923],
[[1400.0,350.0,350.0],0.007359908],
[[1400.0,400.0,400.0],0.006928973],
[[1400.0,450.0,450.0],0.00661582],
[[1400.0,500.0,500.0],0.007426243],
[[1400.0,550.0,550.0],0.006852305],
[[1400.0,600.0,600.0],0.006515041],
[[1400.0,650.0,650.0],0.008758811],
[[1450.0,1.0,1.0],0.006569502],
[[1450.0,150.0,150.0],0.006439664],
[[1450.0,200.0,200.0],0.006033933],
[[1450.0,250.0,250.0],0.006647612],
[[1450.0,300.0,300.0],0.006736288],
[[1450.0,350.0,350.0],0.007013465],
[[1450.0,400.0,400.0],0.007705131],
[[1450.0,450.0,450.0],0.008329242],
[[1450.0,500.0,500.0],0.007727672],
[[1450.0,550.0,550.0],0.007112266],
[[1450.0,600.0,600.0],0.00808554],
[[1450.0,650.0,650.0],0.007190372],
[[1450.0,700.0,700.0],0.007225658],
[[1500.0,1.0,1.0],0.006421017],
[[1500.0,10.0,10.0],0.006183946],
[[1500.0,50.0,50.0],0.006149781],
[[1500.0,100.0,100.0],0.006304394],
[[1500.0,150.0,150.0],0.007265708],
[[1500.0,200.0,200.0],0.007033954],
[[1500.0,250.0,250.0],0.007130684],
[[1500.0,300.0,300.0],0.00655596],
[[1500.0,350.0,350.0],0.007780424],
[[1500.0,400.0,400.0],0.007595488],
[[1500.0,450.0,450.0],0.008632112],
[[1500.0,500.0,500.0],0.008186796],
[[1500.0,550.0,550.0],0.006786323],
[[1500.0,600.0,600.0],0.006904919],
[[1500.0,650.0,650.0],0.007790322],
[[1500.0,700.0,700.0],0.007160636],
[[1500.0,750.0,750.0],0.007098561],
[[1550.0,1.0,1.0],0.006212247],
[[1550.0,150.0,150.0],0.006611272],
[[1550.0,200.0,200.0],0.006347092],
[[1550.0,250.0,250.0],0.007728887],
[[1550.0,300.0,300.0],0.007096154],
[[1550.0,350.0,350.0],0.007431694],
[[1550.0,400.0,400.0],0.007915264],
[[1550.0,450.0,450.0],0.006243576],
[[1550.0,500.0,500.0],0.006588572],
[[1550.0,550.0,550.0],0.006969214],
[[1550.0,600.0,600.0],0.007623361],
[[1550.0,650.0,650.0],0.008414222],
[[1550.0,700.0,700.0],0.0073188],
[[1550.0,750.0,750.0],0.007254708],
[[1600.0,1.0,1.0],0.006463977],
[[1600.0,150.0,150.0],0.007539006],
[[1600.0,200.0,200.0],0.006646992],
[[1600.0,250.0,250.0],0.00714459],
[[1600.0,300.0,300.0],0.007964829],
[[1600.0,350.0,350.0],0.007261385],
[[1600.0,400.0,400.0],0.008420813],
[[1600.0,450.0,450.0],0.007329869],
[[1600.0,500.0,500.0],0.007234287],
[[1600.0,550.0,550.0],0.007058715],
[[1600.0,600.0,600.0],0.007008426],
[[1600.0,650.0,650.0],0.007335557],
[[1600.0,700.0,700.0],0.008224674],
[[1600.0,750.0,750.0],0.006837189],
[[1650.0,1.0,1.0],0.006023789],
[[1650.0,150.0,150.0],0.006444443],
[[1650.0,200.0,200.0],0.007008315],
[[1650.0,250.0,250.0],0.007219058],
[[1650.0,300.0,300.0],0.006432052],
[[1650.0,350.0,350.0],0.006726296],
[[1650.0,400.0,400.0],0.008401736],
[[1650.0,450.0,450.0],0.007819425],
[[1650.0,500.0,500.0],0.007641836],
[[1650.0,550.0,550.0],0.00742622],
[[1650.0,600.0,600.0],0.00812427],
[[1650.0,650.0,650.0],0.007211598],
[[1650.0,700.0,700.0],0.007481472],
[[1650.0,750.0,750.0],0.007317972],
[[1650.0,800.0,800.0],0.007611272],
[[1700.0,1.0,1.0],0.006088602],
[[1700.0,150.0,150.0],0.007426741],
[[1700.0,200.0,200.0],0.006830752],
[[1700.0,250.0,250.0],0.005889685],
[[1700.0,300.0,300.0],0.007127571],
[[1700.0,350.0,350.0],0.007681617],
[[1700.0,400.0,400.0],0.00729832],
[[1700.0,450.0,450.0],0.007846851],
[[1700.0,500.0,500.0],0.007731988],
[[1700.0,550.0,550.0],0.008767429],
[[1700.0,600.0,600.0],0.008674598],
[[1700.0,650.0,650.0],0.006865541],
[[1700.0,700.0,700.0],0.008927776],
[[1700.0,750.0,750.0],0.008889491],
[[1700.0,800.0,800.0],0.008545472],
[[1750.0,1.0,1.0],0.005449678],
[[1750.0,10.0,10.0],0.005860397],
[[1750.0,50.0,50.0],0.006108471],
[[1750.0,100.0,100.0],0.006562646],
[[1750.0,150.0,150.0],0.007171903],
[[1750.0,200.0,200.0],0.007167753],
[[1750.0,250.0,250.0],0.007451809],
[[1750.0,300.0,300.0],0.007811395],
[[1750.0,350.0,350.0],0.007792654],
[[1750.0,400.0,400.0],0.006771327],
[[1750.0,450.0,450.0],0.009509744],
[[1750.0,500.0,500.0],0.00720712],
[[1750.0,550.0,550.0],0.007005752],
[[1750.0,600.0,600.0],0.006959784],
[[1750.0,650.0,650.0],0.008246824],
[[1750.0,700.0,700.0],0.007478198],
[[1750.0,750.0,750.0],0.007051441],
[[1750.0,800.0,800.0],0.008782789],
[[1750.0,850.0,850.0],0.008562254],
[[1800.0,1.0,1.0],0.006155342],
[[1800.0,150.0,150.0],0.007691715],
[[1800.0,200.0,200.0],0.006599345],
[[1800.0,250.0,250.0],0.008377072],
[[1800.0,300.0,300.0],0.007665764],
[[1800.0,350.0,350.0],0.007669916],
[[1800.0,400.0,400.0],0.007834566],
[[1800.0,450.0,450.0],0.007785334],
[[1800.0,500.0,500.0],0.008374898],
[[1800.0,550.0,550.0],0.007575063],
[[1800.0,600.0,600.0],0.007767336],
[[1800.0,650.0,650.0],0.008427832],
[[1800.0,700.0,700.0],0.008311646],
[[1800.0,750.0,750.0],0.00840182],
[[1800.0,800.0,800.0],0.007842271],
[[1800.0,850.0,850.0],0.009263732],
[[1850.0,1.0,1.0],0.005830893],
[[1850.0,150.0,150.0],0.006766011],
[[1850.0,200.0,200.0],0.006594205],
[[1850.0,250.0,250.0],0.006718732],
[[1850.0,300.0,300.0],0.007844347],
[[1850.0,350.0,350.0],0.008041142],
[[1850.0,400.0,400.0],0.006971243],
[[1850.0,450.0,450.0],0.008540086],
[[1850.0,500.0,500.0],0.00682551],
[[1850.0,550.0,550.0],0.007697203],
[[1850.0,600.0,600.0],0.008088695],
[[1850.0,650.0,650.0],0.007742938],
[[1850.0,700.0,700.0],0.009049676],
[[1850.0,750.0,750.0],0.008954798],
[[1850.0,800.0,800.0],0.008096102],
[[1850.0,850.0,850.0],0.007595388],
[[1850.0,900.0,900.0],0.007712164],
[[1900.0,1.0,1.0],0.005380547],
[[1900.0,150.0,150.0],0.00563912],
[[1900.0,200.0,200.0],0.006839074],
[[1900.0,250.0,250.0],0.007454073],
[[1900.0,300.0,300.0],0.008132436],
[[1900.0,350.0,350.0],0.007191276],
[[1900.0,400.0,400.0],0.008055574],
[[1900.0,450.0,450.0],0.007758303],
[[1900.0,500.0,500.0],0.007318133],
[[1900.0,550.0,550.0],0.008758379],
[[1900.0,600.0,600.0],0.006522929],
[[1900.0,650.0,650.0],0.008411548],
[[1900.0,700.0,700.0],0.007771465],
[[1900.0,750.0,750.0],0.007287459],
[[1900.0,800.0,800.0],0.008793844],
[[1900.0,850.0,850.0],0.007191031],
[[1900.0,900.0,900.0],0.008427594],
[[1950.0,1.0,1.0],0.005882216],
[[1950.0,150.0,150.0],0.006243105],
[[1950.0,200.0,200.0],0.007094617],
[[1950.0,250.0,250.0],0.007209919],
[[1950.0,300.0,300.0],0.008474422],
[[1950.0,350.0,350.0],0.007182157],
[[1950.0,400.0,400.0],0.007924721],
[[1950.0,450.0,450.0],0.009031921],
[[1950.0,500.0,500.0],0.008397433],
[[1950.0,550.0,550.0],0.007918479],
[[1950.0,600.0,600.0],0.007405756],
[[1950.0,650.0,650.0],0.007624476],
[[1950.0,700.0,700.0],0.007419042],
[[1950.0,750.0,750.0],0.007451842],
[[1950.0,800.0,800.0],0.007680197],
[[1950.0,850.0,850.0],0.009319755],
[[1950.0,900.0,900.0],0.007354003],
[[1950.0,950.0,950.0],0.008119055],
[[2000.0,1.0,1.0],0.006150932],
[[2000.0,10.0,10.0],0.006143692],
[[2000.0,50.0,50.0],0.00635388],
[[2000.0,100.0,100.0],0.00597545],
[[2000.0,150.0,150.0],0.006693805],
[[2000.0,200.0,200.0],0.007440594],
[[2000.0,250.0,250.0],0.008167204],
[[2000.0,300.0,300.0],0.007904473],
[[2000.0,350.0,350.0],0.007412316],
[[2000.0,400.0,400.0],0.008189063],
[[2000.0,450.0,450.0],0.008198495],
[[2000.0,500.0,500.0],0.007967962],
[[2000.0,550.0,550.0],0.007261799],
[[2000.0,600.0,600.0],0.008156165],
[[2000.0,650.0,650.0],0.009326555],
[[2000.0,700.0,700.0],0.008956178],
[[2000.0,750.0,750.0],0.0085948],
[[2000.0,800.0,800.0],0.007394052],
[[2000.0,850.0,850.0],0.007204573],
[[2000.0,900.0,900.0],0.007457366],
[[2000.0,950.0,950.0],0.008846074],
[[2250.0,1.0,1.0],0.005754091],
[[2250.0,10.0,10.0],0.005682204],
[[2250.0,50.0,50.0],0.006359734],
[[2250.0,100.0,100.0],0.007041746],
[[2250.0,150.0,150.0],0.006646816],
[[2250.0,300.0,300.0],0.007714118],
[[2250.0,500.0,500.0],0.008754073],
[[2250.0,750.0,750.0],0.00882587],
[[2250.0,1000.0,1000.0],0.008522652],
[[2500.0,1.0,1.0],0.00575576],
[[2500.0,10.0,10.0],0.006142492],
[[2500.0,50.0,50.0],0.007140887],
[[2500.0,100.0,100.0],0.007276986],
[[2500.0,150.0,150.0],0.006621422],
[[2500.0,300.0,300.0],0.008094997],
[[2500.0,500.0,500.0],0.008914206],
[[2500.0,750.0,750.0],0.009048536],
[[2500.0,1000.0,1000.0],0.008231639],
[[2500.0,1200.0,1200.0],0.009326579],
[[2750.0,1.0,1.0],0.00597148],
[[2750.0,10.0,10.0],0.006122555],
[[2750.0,50.0,50.0],0.006507694],
[[2750.0,100.0,100.0],0.006741829],
[[2750.0,150.0,150.0],0.006731502],
[[2750.0,300.0,300.0],0.007928254],
[[2750.0,500.0,500.0],0.009055476],
[[2750.0,750.0,750.0],0.009328185],
[[2750.0,1000.0,1000.0],0.009149198],
[[2750.0,1200.0,1200.0],0.009422094],
[[3000.0,1.0,1.0],0.006133736],
[[3000.0,10.0,10.0],0.006153751],
[[3000.0,50.0,50.0],0.005990595],
[[3000.0,100.0,100.0],0.006450927],
[[3000.0,150.0,150.0],0.006657627],
[[3000.0,300.0,300.0],0.008583422],
[[3000.0,500.0,500.0],0.009587159],
[[3000.0,750.0,750.0],0.008902998],
[[3000.0,1000.0,1000.0],0.009566631],
[[3000.0,1200.0,1200.0],0.009765019],
[[3000.0,1400.0,1400.0],0.009563328]]
