txName: TRV1
constraint: {(PV > Zprime(1)), (Zprime(1) > MET(2),MET(3))}
condition: None
conditionDescription: None
figureUrl: https://cms-results.web.cern.ch/cms-results/public-results/publications/EXO-20-004/CMS-EXO-20-004_Figure_007-b.png
source: CMS
validated: True
axesMap: [{0: 'x', 1: 'y', 2: 'y'}]
dataMap: {0: (1, 'mass', GeV), 1: (2, 'mass', GeV), 2: (3, 'mass', GeV)}
finalState: ['MET', 'MET']
intermediateState: None
efficiencyMap: [[[50.0,1.0,1.0],1.174019e-05],
[[100.0,1.0,1.0],5.959492e-05],
[[100.0,10.0,10.0],6.200178e-05],
[[150.0,1.0,1.0],0.0001715293],
[[150.0,75.0,75.0],0.0001989279],
[[200.0,1.0,1.0],0.0003237926],
[[200.0,75.0,75.0],0.0003457093],
[[250.0,1.0,1.0],0.0005371648],
[[250.0,10.0,10.0],0.00050516],
[[250.0,75.0,75.0],0.000520573],
[[300.0,1.0,1.0],0.0007253292],
[[300.0,75.0,75.0],0.0006939171],
[[350.0,1.0,1.0],0.0009072945],
[[350.0,75.0,75.0],0.00101538],
[[350.0,150.0,150.0],0.0009054809],
[[400.0,1.0,1.0],0.001055451],
[[400.0,75.0,75.0],0.001185743],
[[400.0,150.0,150.0],0.001220326],
[[450.0,1.0,1.0],0.001414095],
[[450.0,75.0,75.0],0.001485418],
[[450.0,150.0,150.0],0.001389078],
[[450.0,200.0,200.0],0.001406502],
[[500.0,1.0,1.0],0.001457691],
[[500.0,10.0,10.0],0.001508266],
[[500.0,75.0,75.0],0.001501276],
[[500.0,150.0,150.0],0.001637717],
[[500.0,200.0,200.0],0.001598473],
[[550.0,1.0,1.0],0.001587197],
[[550.0,75.0,75.0],0.001735816],
[[550.0,150.0,150.0],0.001835411],
[[550.0,200.0,200.0],0.001775707],
[[550.0,250.0,250.0],0.001862399],
[[600.0,1.0,1.0],0.001811043],
[[600.0,75.0,75.0],0.001761975],
[[600.0,150.0,150.0],0.001977115],
[[600.0,200.0,200.0],0.001754871],
[[600.0,250.0,250.0],0.002019473],
[[650.0,1.0,1.0],0.002022793],
[[650.0,75.0,75.0],0.001888938],
[[650.0,150.0,150.0],0.001983544],
[[650.0,200.0,200.0],0.001973649],
[[650.0,250.0,250.0],0.002236933],
[[650.0,300.0,300.0],0.002093434],
[[700.0,1.0,1.0],0.002027693],
[[700.0,75.0,75.0],0.001960845],
[[700.0,150.0,150.0],0.002144203],
[[700.0,200.0,200.0],0.002176111],
[[700.0,250.0,250.0],0.002119625],
[[700.0,300.0,300.0],0.002096015],
[[750.0,1.0,1.0],0.002205414],
[[750.0,10.0,10.0],0.0021701],
[[750.0,75.0,75.0],0.002174602],
[[750.0,150.0,150.0],0.002105313],
[[750.0,200.0,200.0],0.002235441],
[[750.0,250.0,250.0],0.002333592],
[[750.0,300.0,300.0],0.002179285],
[[750.0,350.0,350.0],0.002163397],
[[800.0,1.0,1.0],0.00219551],
[[800.0,75.0,75.0],0.002152494],
[[800.0,150.0,150.0],0.002312125],
[[800.0,200.0,200.0],0.002365695],
[[800.0,250.0,250.0],0.002367594],
[[800.0,300.0,300.0],0.002216859],
[[800.0,350.0,350.0],0.002091231],
[[850.0,1.0,1.0],0.002249699],
[[850.0,75.0,75.0],0.002249968],
[[850.0,150.0,150.0],0.002400289],
[[850.0,200.0,200.0],0.00240887],
[[850.0,250.0,250.0],0.002608139],
[[850.0,300.0,300.0],0.002342858],
[[850.0,350.0,350.0],0.002341112],
[[850.0,400.0,400.0],0.002451652],
[[900.0,1.0,1.0],0.002345234],
[[900.0,75.0,75.0],0.002483064],
[[900.0,150.0,150.0],0.002227796],
[[900.0,200.0,200.0],0.002283274],
[[900.0,250.0,250.0],0.002258118],
[[900.0,300.0,300.0],0.002487563],
[[900.0,350.0,350.0],0.002550399],
[[900.0,400.0,400.0],0.002690443],
[[950.0,1.0,1.0],0.002504089],
[[950.0,75.0,75.0],0.002553719],
[[950.0,150.0,150.0],0.002382309],
[[950.0,200.0,200.0],0.002725978],
[[950.0,250.0,250.0],0.00244259],
[[950.0,300.0,300.0],0.002429305],
[[950.0,350.0,350.0],0.002753915],
[[950.0,400.0,400.0],0.002323801],
[[950.0,450.0,450.0],0.00260882],
[[1000.0,1.0,1.0],0.002498281],
[[1000.0,10.0,10.0],0.002564757],
[[1000.0,75.0,75.0],0.002553822],
[[1000.0,150.0,150.0],0.00258911],
[[1000.0,200.0,200.0],0.002444762],
[[1000.0,250.0,250.0],0.002617384],
[[1000.0,300.0,300.0],0.002621877],
[[1000.0,350.0,350.0],0.003021873],
[[1000.0,400.0,400.0],0.002720999],
[[1000.0,450.0,450.0],0.002839568],
[[1050.0,1.0,1.0],0.002579833],
[[1050.0,75.0,75.0],0.002592622],
[[1050.0,150.0,150.0],0.002735818],
[[1050.0,200.0,200.0],0.002819936],
[[1050.0,250.0,250.0],0.0024751],
[[1050.0,300.0,300.0],0.002656275],
[[1050.0,350.0,350.0],0.002769523],
[[1050.0,400.0,400.0],0.00253998],
[[1050.0,450.0,450.0],0.00268691],
[[1050.0,500.0,500.0],0.003033639],
[[1100.0,1.0,1.0],0.002642682],
[[1100.0,75.0,75.0],0.002874093],
[[1100.0,150.0,150.0],0.002444514],
[[1100.0,200.0,200.0],0.002817205],
[[1100.0,250.0,250.0],0.00276274],
[[1100.0,300.0,300.0],0.003028231],
[[1100.0,350.0,350.0],0.002833917],
[[1100.0,400.0,400.0],0.00300912],
[[1100.0,450.0,450.0],0.003114421],
[[1100.0,500.0,500.0],0.002996731],
[[1150.0,1.0,1.0],0.002682634],
[[1150.0,75.0,75.0],0.002614071],
[[1150.0,150.0,150.0],0.002666298],
[[1150.0,200.0,200.0],0.002874302],
[[1150.0,250.0,250.0],0.002858678],
[[1150.0,300.0,300.0],0.002785385],
[[1150.0,350.0,350.0],0.002770144],
[[1150.0,400.0,400.0],0.002774244],
[[1150.0,450.0,450.0],0.00292056],
[[1150.0,500.0,500.0],0.002876778],
[[1150.0,550.0,550.0],0.00302854],
[[1200.0,1.0,1.0],0.002934638],
[[1200.0,75.0,75.0],0.002935691],
[[1200.0,150.0,150.0],0.002610045],
[[1200.0,200.0,200.0],0.002843245],
[[1200.0,250.0,250.0],0.002849063],
[[1200.0,300.0,300.0],0.00314076],
[[1200.0,350.0,350.0],0.002905964],
[[1200.0,400.0,400.0],0.003083837],
[[1200.0,450.0,450.0],0.00298725],
[[1200.0,500.0,500.0],0.00291983],
[[1200.0,550.0,550.0],0.002885232],
[[1250.0,1.0,1.0],0.00270553],
[[1250.0,10.0,10.0],0.002694785],
[[1250.0,75.0,75.0],0.002820292],
[[1250.0,150.0,150.0],0.002975464],
[[1250.0,200.0,200.0],0.003032542],
[[1250.0,250.0,250.0],0.002940178],
[[1250.0,300.0,300.0],0.002850054],
[[1250.0,350.0,350.0],0.002978333],
[[1250.0,400.0,400.0],0.002844476],
[[1250.0,450.0,450.0],0.003029651],
[[1250.0,500.0,500.0],0.002848763],
[[1250.0,550.0,550.0],0.003028873],
[[1250.0,600.0,600.0],0.003097409],
[[1300.0,1.0,1.0],0.002748135],
[[1300.0,75.0,75.0],0.003069271],
[[1300.0,150.0,150.0],0.002901628],
[[1300.0,200.0,200.0],0.002738985],
[[1300.0,250.0,250.0],0.003109994],
[[1300.0,300.0,300.0],0.00324716],
[[1300.0,350.0,350.0],0.002844745],
[[1300.0,400.0,400.0],0.002978821],
[[1300.0,450.0,450.0],0.002851277],
[[1300.0,500.0,500.0],0.002909471],
[[1300.0,550.0,550.0],0.003095769],
[[1300.0,600.0,600.0],0.002975355],
[[1350.0,1.0,1.0],0.00297124],
[[1350.0,75.0,75.0],0.002955629],
[[1350.0,150.0,150.0],0.002885894],
[[1350.0,200.0,200.0],0.002988872],
[[1350.0,250.0,250.0],0.003204335],
[[1350.0,300.0,300.0],0.00307046],
[[1350.0,350.0,350.0],0.003286908],
[[1350.0,400.0,400.0],0.003162065],
[[1350.0,450.0,450.0],0.00300051],
[[1350.0,500.0,500.0],0.003022418],
[[1350.0,550.0,550.0],0.003227215],
[[1350.0,600.0,600.0],0.003358386],
[[1350.0,650.0,650.0],0.00323983],
[[1400.0,1.0,1.0],0.003026765],
[[1400.0,75.0,75.0],0.002979074],
[[1400.0,150.0,150.0],0.003340348],
[[1400.0,200.0,200.0],0.002898591],
[[1400.0,250.0,250.0],0.002947309],
[[1400.0,300.0,300.0],0.003317315],
[[1400.0,350.0,350.0],0.003289439],
[[1400.0,400.0,400.0],0.002968932],
[[1400.0,450.0,450.0],0.003127719],
[[1400.0,500.0,500.0],0.003061182],
[[1400.0,550.0,550.0],0.003198841],
[[1400.0,600.0,600.0],0.003348676],
[[1400.0,650.0,650.0],0.003202951],
[[1450.0,1.0,1.0],0.002932777],
[[1450.0,75.0,75.0],0.003064663],
[[1450.0,150.0,150.0],0.003159633],
[[1450.0,200.0,200.0],0.003340726],
[[1450.0,250.0,250.0],0.003288614],
[[1450.0,300.0,300.0],0.003484128],
[[1450.0,350.0,350.0],0.003206498],
[[1450.0,400.0,400.0],0.003375498],
[[1450.0,450.0,450.0],0.00338203],
[[1450.0,500.0,500.0],0.002776863],
[[1450.0,550.0,550.0],0.003170412],
[[1450.0,600.0,600.0],0.003027359],
[[1450.0,650.0,650.0],0.003093146],
[[1450.0,700.0,700.0],0.003055875],
[[1500.0,1.0,1.0],0.003080138],
[[1500.0,10.0,10.0],0.002996064],
[[1500.0,75.0,75.0],0.003282544],
[[1500.0,150.0,150.0],0.003118841],
[[1500.0,200.0,200.0],0.003061003],
[[1500.0,250.0,250.0],0.003116033],
[[1500.0,300.0,300.0],0.003105637],
[[1500.0,350.0,350.0],0.003289413],
[[1500.0,400.0,400.0],0.003167463],
[[1500.0,450.0,450.0],0.003127537],
[[1500.0,500.0,500.0],0.003303485],
[[1500.0,550.0,550.0],0.003145436],
[[1500.0,600.0,600.0],0.003069509],
[[1500.0,650.0,650.0],0.003315627],
[[1500.0,700.0,700.0],0.003863996],
[[1500.0,750.0,750.0],0.003204232],
[[1550.0,1.0,1.0],0.002944427],
[[1550.0,75.0,75.0],0.003066578],
[[1550.0,150.0,150.0],0.00314175],
[[1550.0,200.0,200.0],0.003209801],
[[1550.0,250.0,250.0],0.003257568],
[[1550.0,300.0,300.0],0.003174585],
[[1550.0,350.0,350.0],0.003111484],
[[1550.0,400.0,400.0],0.003025657],
[[1550.0,450.0,450.0],0.00316784],
[[1550.0,500.0,500.0],0.003374158],
[[1550.0,550.0,550.0],0.003052208],
[[1550.0,600.0,600.0],0.003192475],
[[1550.0,650.0,650.0],0.003165035],
[[1550.0,700.0,700.0],0.003298331],
[[1550.0,750.0,750.0],0.003610902],
[[1600.0,1.0,1.0],0.002936869],
[[1600.0,75.0,75.0],0.003173505],
[[1600.0,150.0,150.0],0.003192311],
[[1600.0,200.0,200.0],0.00326717],
[[1600.0,250.0,250.0],0.00314011],
[[1600.0,300.0,300.0],0.003453954],
[[1600.0,350.0,350.0],0.003226193],
[[1600.0,400.0,400.0],0.003622799],
[[1600.0,450.0,450.0],0.003083252],
[[1600.0,500.0,500.0],0.003266954],
[[1600.0,550.0,550.0],0.003077223],
[[1600.0,600.0,600.0],0.003111934],
[[1600.0,650.0,650.0],0.003073548],
[[1600.0,700.0,700.0],0.003547276],
[[1600.0,750.0,750.0],0.003011134],
[[1650.0,1.0,1.0],0.002890375],
[[1650.0,75.0,75.0],0.003029056],
[[1650.0,150.0,150.0],0.003070056],
[[1650.0,200.0,200.0],0.003283433],
[[1650.0,250.0,250.0],0.00320328],
[[1650.0,300.0,300.0],0.003127092],
[[1650.0,350.0,350.0],0.003128],
[[1650.0,400.0,400.0],0.003077015],
[[1650.0,450.0,450.0],0.003272116],
[[1650.0,500.0,500.0],0.003598284],
[[1650.0,550.0,550.0],0.003418948],
[[1650.0,600.0,600.0],0.003398681],
[[1650.0,650.0,650.0],0.003338686],
[[1650.0,700.0,700.0],0.00313051],
[[1650.0,750.0,750.0],0.003617142],
[[1650.0,800.0,800.0],0.003236431],
[[1700.0,1.0,1.0],0.003141084],
[[1700.0,75.0,75.0],0.002989597],
[[1700.0,150.0,150.0],0.003150803],
[[1700.0,200.0,200.0],0.00326217],
[[1700.0,250.0,250.0],0.003239096],
[[1700.0,300.0,300.0],0.003248262],
[[1700.0,350.0,350.0],0.003486447],
[[1700.0,400.0,400.0],0.00353969],
[[1700.0,450.0,450.0],0.003357147],
[[1700.0,500.0,500.0],0.003396601],
[[1700.0,550.0,550.0],0.00347233],
[[1700.0,600.0,600.0],0.003544177],
[[1700.0,650.0,650.0],0.003360658],
[[1700.0,700.0,700.0],0.003451834],
[[1700.0,750.0,750.0],0.003605362],
[[1700.0,800.0,800.0],0.003793549],
[[1750.0,1.0,1.0],0.002981709],
[[1750.0,10.0,10.0],0.003111617],
[[1750.0,75.0,75.0],0.003221947],
[[1750.0,150.0,150.0],0.003300115],
[[1750.0,200.0,200.0],0.00335689],
[[1750.0,250.0,250.0],0.003212029],
[[1750.0,300.0,300.0],0.003414924],
[[1750.0,350.0,350.0],0.003189575],
[[1750.0,400.0,400.0],0.003153643],
[[1750.0,450.0,450.0],0.003233435],
[[1750.0,500.0,500.0],0.003487688],
[[1750.0,550.0,550.0],0.003521444],
[[1750.0,600.0,600.0],0.003324779],
[[1750.0,650.0,650.0],0.003271436],
[[1750.0,700.0,700.0],0.00383012],
[[1750.0,750.0,750.0],0.003292533],
[[1750.0,800.0,800.0],0.003671885],
[[1750.0,850.0,850.0],0.003233114],
[[1800.0,1.0,1.0],0.003399724],
[[1800.0,75.0,75.0],0.003246571],
[[1800.0,150.0,150.0],0.003391555],
[[1800.0,200.0,200.0],0.003554288],
[[1800.0,250.0,250.0],0.003173773],
[[1800.0,300.0,300.0],0.003316549],
[[1800.0,350.0,350.0],0.003104161],
[[1800.0,400.0,400.0],0.003260628],
[[1800.0,450.0,450.0],0.003291473],
[[1800.0,500.0,500.0],0.003505298],
[[1800.0,550.0,550.0],0.003763941],
[[1800.0,600.0,600.0],0.00350618],
[[1800.0,650.0,650.0],0.00342035],
[[1800.0,700.0,700.0],0.003455701],
[[1800.0,750.0,750.0],0.00324537],
[[1800.0,800.0,800.0],0.003404396],
[[1800.0,850.0,850.0],0.003522165],
[[1850.0,1.0,1.0],0.003355882],
[[1850.0,75.0,75.0],0.00329066],
[[1850.0,150.0,150.0],0.003402656],
[[1850.0,200.0,200.0],0.003286589],
[[1850.0,250.0,250.0],0.003300721],
[[1850.0,300.0,300.0],0.003327852],
[[1850.0,350.0,350.0],0.003204322],
[[1850.0,400.0,400.0],0.003177286],
[[1850.0,450.0,450.0],0.003370045],
[[1850.0,500.0,500.0],0.00344233],
[[1850.0,550.0,550.0],0.003347059],
[[1850.0,600.0,600.0],0.00328875],
[[1850.0,650.0,650.0],0.003579888],
[[1850.0,700.0,700.0],0.003610952],
[[1850.0,750.0,750.0],0.003412552],
[[1850.0,800.0,800.0],0.003289498],
[[1850.0,850.0,850.0],0.003847648],
[[1850.0,900.0,900.0],0.003258767],
[[1900.0,1.0,1.0],0.003268456],
[[1900.0,75.0,75.0],0.003416292],
[[1900.0,150.0,150.0],0.003135401],
[[1900.0,200.0,200.0],0.003635541],
[[1900.0,250.0,250.0],0.003254889],
[[1900.0,300.0,300.0],0.003555065],
[[1900.0,350.0,350.0],0.003423953],
[[1900.0,400.0,400.0],0.003489911],
[[1900.0,450.0,450.0],0.003461638],
[[1900.0,500.0,500.0],0.003174726],
[[1900.0,550.0,550.0],0.00366624],
[[1900.0,600.0,600.0],0.003446341],
[[1900.0,650.0,650.0],0.003694151],
[[1900.0,700.0,700.0],0.003440426],
[[1900.0,750.0,750.0],0.003464828],
[[1900.0,800.0,800.0],0.003454165],
[[1900.0,850.0,850.0],0.003629758],
[[1900.0,900.0,900.0],0.003792104],
[[1950.0,1.0,1.0],0.003064526],
[[1950.0,75.0,75.0],0.003199281],
[[1950.0,150.0,150.0],0.003436355],
[[1950.0,200.0,200.0],0.003328597],
[[1950.0,250.0,250.0],0.003266109],
[[1950.0,300.0,300.0],0.0035466],
[[1950.0,350.0,350.0],0.003274328],
[[1950.0,400.0,400.0],0.003530793],
[[1950.0,450.0,450.0],0.003579769],
[[1950.0,500.0,500.0],0.003323306],
[[1950.0,550.0,550.0],0.003305144],
[[1950.0,600.0,600.0],0.003568762],
[[1950.0,650.0,650.0],0.003557565],
[[1950.0,700.0,700.0],0.003795123],
[[1950.0,750.0,750.0],0.003798963],
[[1950.0,800.0,800.0],0.003592509],
[[1950.0,850.0,850.0],0.003807702],
[[1950.0,900.0,900.0],0.003666761],
[[1950.0,950.0,950.0],0.00331203],
[[2000.0,1.0,1.0],0.003354163],
[[2000.0,75.0,75.0],0.003494705],
[[2000.0,150.0,150.0],0.003432067],
[[2000.0,200.0,200.0],0.003342603],
[[2000.0,250.0,250.0],0.00343544],
[[2000.0,300.0,300.0],0.003298582],
[[2000.0,350.0,350.0],0.003459735],
[[2000.0,400.0,400.0],0.003788055],
[[2000.0,450.0,450.0],0.003529618],
[[2000.0,500.0,500.0],0.003374501],
[[2000.0,550.0,550.0],0.003555783],
[[2000.0,600.0,600.0],0.003301174],
[[2000.0,650.0,650.0],0.003546555],
[[2000.0,700.0,700.0],0.003384941],
[[2000.0,750.0,750.0],0.00341647],
[[2000.0,800.0,800.0],0.002980427],
[[2000.0,850.0,850.0],0.003405841],
[[2000.0,900.0,900.0],0.003385753],
[[2000.0,950.0,950.0],0.003654498],
[[2250.0,1.0,1.0],0.003499102],
[[2250.0,75.0,75.0],0.003829695],
[[2250.0,150.0,150.0],0.003804583],
[[2250.0,300.0,300.0],0.003748048],
[[2250.0,500.0,500.0],0.003552974],
[[2250.0,750.0,750.0],0.003825083],
[[2250.0,1000.0,1000.0],0.003701526],
[[2500.0,1.0,1.0],0.004134635],
[[2500.0,75.0,75.0],0.003919212],
[[2500.0,150.0,150.0],0.003915161],
[[2500.0,300.0,300.0],0.004144906],
[[2500.0,500.0,500.0],0.003893136],
[[2500.0,750.0,750.0],0.003671658],
[[2500.0,1000.0,1000.0],0.003901831],
[[2500.0,1200.0,1200.0],0.003846892],
[[2750.0,1.0,1.0],0.004412568],
[[2750.0,75.0,75.0],0.004306123],
[[2750.0,150.0,150.0],0.004603313],
[[2750.0,300.0,300.0],0.00379371],
[[2750.0,500.0,500.0],0.004015623],
[[2750.0,750.0,750.0],0.004629046],
[[2750.0,1000.0,1000.0],0.00480594],
[[2750.0,1200.0,1200.0],0.004390684],
[[3000.0,1.0,1.0],0.004213004],
[[3000.0,75.0,75.0],0.004725938],
[[3000.0,150.0,150.0],0.004604472],
[[3000.0,300.0,300.0],0.004581122],
[[3000.0,500.0,500.0],0.004235646],
[[3000.0,750.0,750.0],0.004079179],
[[3000.0,1000.0,1000.0],0.004740871],
[[3000.0,1200.0,1200.0],0.004223884],
[[3000.0,1400.0,1400.0],0.004345745]]
