txName: TRS1
constraint: {(PV > H0(1)), (H0(1) > MET(2),MET(3))}
condition: None
conditionDescription: None
figureUrl: https://cms-results.web.cern.ch/cms-results/public-results/publications/EXO-20-004/CMS-EXO-20-004_Figure_009-a.png
source: https://doi.org/10.5281/zenodo.13324003
validated: True
axesMap: [{0: 'x', 1: '1.0', 2: '1.0'}, {0: 'x', 1: 'y', 2: 'y'}]
dataMap: {0: (1, 'mass', GeV), 1: (2, 'mass', GeV), 2: (3, 'mass', GeV)}
finalState: ['MET', 'MET']
intermediateState: None
efficiencyMap: [[[100.0,1.0,1.0],1.544321e-06],
[[100.0,10.0,10.0],1.663334e-06],
[[150.0,1.0,1.0],3.004183e-06],
[[150.0,50.0,50.0],3.359702e-06],
[[200.0,1.0,1.0],6.572699e-06],
[[200.0,50.0,50.0],5.148057e-06],
[[200.0,100.0,100.0],9.486357e-06],
[[250.0,1.0,1.0],9.288843e-06],
[[250.0,10.0,10.0],7.568563e-06],
[[250.0,50.0,50.0],8.550638e-06],
[[250.0,100.0,100.0],6.644938e-06],
[[300.0,1.0,1.0],9.005169e-06],
[[300.0,50.0,50.0],1.080304e-05],
[[300.0,100.0,100.0],1.085865e-05],
[[350.0,1.0,1.0],1.124137e-05],
[[350.0,50.0,50.0],1.253002e-05],
[[350.0,100.0,100.0],1.10528e-05],
[[350.0,150.0,150.0],1.240172e-05],
[[400.0,1.0,1.0],1.423838e-05],
[[400.0,50.0,50.0],1.281053e-05],
[[400.0,100.0,100.0],1.697264e-05],
[[400.0,150.0,150.0],2.017081e-05],
[[450.0,1.0,1.0],1.741552e-05],
[[450.0,50.0,50.0],2.124144e-05],
[[450.0,100.0,100.0],1.636871e-05],
[[450.0,150.0,150.0],1.827425e-05],
[[450.0,200.0,200.0],1.610233e-05],
[[500.0,1.0,1.0],2.931551e-05],
[[500.0,10.0,10.0],3.044629e-05],
[[500.0,50.0,50.0],2.624828e-05],
[[500.0,100.0,100.0],2.915991e-05],
[[500.0,150.0,150.0],3.127503e-05],
[[500.0,200.0,200.0],2.241169e-05],
[[550.0,1.0,1.0],4.431738e-05],
[[550.0,50.0,50.0],3.387936e-05],
[[550.0,100.0,100.0],3.095654e-05],
[[550.0,150.0,150.0],3.750627e-05],
[[550.0,200.0,200.0],4.325437e-05],
[[550.0,250.0,250.0],4.148752e-05],
[[600.0,1.0,1.0],4.682524e-05],
[[600.0,50.0,50.0],4.961815e-05],
[[600.0,100.0,100.0],4.466427e-05],
[[600.0,150.0,150.0],5.739551e-05],
[[600.0,200.0,200.0],5.850107e-05],
[[600.0,250.0,250.0],4.868295e-05],
[[650.0,1.0,1.0],5.59175e-05],
[[650.0,50.0,50.0],6.460281e-05],
[[650.0,100.0,100.0],6.425066e-05],
[[650.0,150.0,150.0],6.065046e-05],
[[650.0,200.0,200.0],6.70994e-05],
[[650.0,250.0,250.0],6.736086e-05],
[[650.0,300.0,300.0],7.481903e-05],
[[700.0,1.0,1.0],7.551672e-05],
[[700.0,50.0,50.0],7.799912e-05],
[[700.0,100.0,100.0],7.204953e-05],
[[700.0,150.0,150.0],8.40406e-05],
[[700.0,200.0,200.0],8.464086e-05],
[[700.0,250.0,250.0],8.230163e-05],
[[700.0,300.0,300.0],0.0001089409],
[[750.0,1.0,1.0],8.819785e-05],
[[750.0,10.0,10.0],9.5952e-05],
[[750.0,50.0,50.0],9.274439e-05],
[[750.0,100.0,100.0],9.795233e-05],
[[750.0,150.0,150.0],0.000116989],
[[750.0,200.0,200.0],0.0001189402],
[[750.0,250.0,250.0],0.0001192574],
[[750.0,300.0,300.0],0.0001151266],
[[750.0,350.0,350.0],0.0001286063],
[[800.0,1.0,1.0],0.0001135117],
[[800.0,150.0,150.0],0.0001252794],
[[800.0,200.0,200.0],0.0001291127],
[[800.0,250.0,250.0],0.0001192354],
[[800.0,300.0,300.0],0.0001280129],
[[800.0,350.0,350.0],0.0001439723],
[[850.0,1.0,1.0],0.0001418199],
[[850.0,150.0,150.0],0.0001293951],
[[850.0,200.0,200.0],0.0001495531],
[[850.0,250.0,250.0],0.000136669],
[[850.0,300.0,300.0],0.0001547652],
[[850.0,350.0,350.0],0.0001635093],
[[850.0,400.0,400.0],0.0001881058],
[[900.0,1.0,1.0],0.0001614946],
[[900.0,150.0,150.0],0.000154495],
[[900.0,200.0,200.0],0.0001598576],
[[900.0,250.0,250.0],0.0001778526],
[[900.0,300.0,300.0],0.0001517161],
[[900.0,350.0,350.0],0.0001675149],
[[900.0,400.0,400.0],0.0002575064],
[[950.0,1.0,1.0],0.0001643657],
[[950.0,150.0,150.0],0.0001909418],
[[950.0,200.0,200.0],0.000194553],
[[950.0,250.0,250.0],0.0002114881],
[[950.0,300.0,300.0],0.0001926047],
[[950.0,350.0,350.0],0.0002239494],
[[950.0,400.0,400.0],0.0002082881],
[[950.0,450.0,450.0],0.0002088171],
[[1000.0,1.0,1.0],0.0001814758],
[[1000.0,10.0,10.0],0.0001923392],
[[1000.0,50.0,50.0],0.0001789677],
[[1000.0,100.0,100.0],0.0002273738],
[[1000.0,150.0,150.0],0.000220946],
[[1000.0,200.0,200.0],0.0002109902],
[[1000.0,250.0,250.0],0.0006827866],
[[1000.0,300.0,300.0],0.0002390328],
[[1000.0,350.0,350.0],0.0002867973],
[[1000.0,400.0,400.0],0.0002409243],
[[1000.0,450.0,450.0],0.0002185906],
[[1050.0,1.0,1.0],0.0002144817],
[[1050.0,150.0,150.0],0.0002631826],
[[1050.0,200.0,200.0],0.0002548486],
[[1050.0,250.0,250.0],0.0002836826],
[[1050.0,300.0,300.0],0.0004442608],
[[1050.0,350.0,350.0],0.0003233568],
[[1050.0,400.0,400.0],0.0002683162],
[[1050.0,450.0,450.0],0.0003842374],
[[1050.0,500.0,500.0],0.0003351592],
[[1100.0,1.0,1.0],0.0002228919],
[[1100.0,150.0,150.0],0.0004203745],
[[1100.0,200.0,200.0],0.0003239843],
[[1100.0,250.0,250.0],0.0002376585],
[[1100.0,300.0,300.0],0.0002673645],
[[1100.0,350.0,350.0],0.0002752113],
[[1100.0,400.0,400.0],0.000711614],
[[1100.0,450.0,450.0],0.0003204093],
[[1100.0,500.0,500.0],0.000362918],
[[1150.0,1.0,1.0],0.0002273286],
[[1150.0,150.0,150.0],0.0002853685],
[[1150.0,200.0,200.0],0.0002693044],
[[1150.0,250.0,250.0],0.0003098005],
[[1150.0,300.0,300.0],0.0003138844],
[[1150.0,350.0,350.0],0.0003216349],
[[1150.0,400.0,400.0],0.00047904],
[[1150.0,450.0,450.0],0.0003347997],
[[1150.0,500.0,500.0],0.0003459603],
[[1150.0,550.0,550.0],0.0003954162],
[[1200.0,1.0,1.0],0.0003065476],
[[1200.0,150.0,150.0],0.0002899769],
[[1200.0,200.0,200.0],0.0008883312],
[[1200.0,250.0,250.0],0.0003664603],
[[1200.0,300.0,300.0],0.0002953663],
[[1200.0,350.0,350.0],0.0003936692],
[[1200.0,400.0,400.0],0.0003648296],
[[1200.0,450.0,450.0],0.0003894762],
[[1200.0,500.0,500.0],0.0004120822],
[[1200.0,550.0,550.0],0.0003894597],
[[1250.0,1.0,1.0],0.0003121117],
[[1250.0,10.0,10.0],0.0002990797],
[[1250.0,50.0,50.0],0.0003069768],
[[1250.0,100.0,100.0],0.0002656659],
[[1250.0,150.0,150.0],0.0003319009],
[[1250.0,200.0,200.0],0.0003242693],
[[1250.0,250.0,250.0],0.0003376046],
[[1250.0,300.0,300.0],0.0004086192],
[[1250.0,350.0,350.0],0.0003170574],
[[1250.0,400.0,400.0],0.0004121101],
[[1250.0,450.0,450.0],0.0004594986],
[[1250.0,500.0,500.0],0.0004382619],
[[1250.0,550.0,550.0],0.0004500422],
[[1250.0,600.0,600.0],0.0004597177],
[[1300.0,1.0,1.0],0.0003009344],
[[1300.0,150.0,150.0],0.0007454757],
[[1300.0,200.0,200.0],0.0004271367],
[[1300.0,250.0,250.0],0.0003794025],
[[1300.0,300.0,300.0],0.0003508924],
[[1300.0,350.0,350.0],0.0005450366],
[[1300.0,400.0,400.0],0.0004293381],
[[1300.0,450.0,450.0],0.0006036528],
[[1300.0,500.0,500.0],0.0004618112],
[[1300.0,550.0,550.0],0.0003843656],
[[1300.0,600.0,600.0],0.0004946363],
[[1350.0,1.0,1.0],0.0002750744],
[[1350.0,150.0,150.0],0.0003713575],
[[1350.0,200.0,200.0],0.0003789328],
[[1350.0,250.0,250.0],0.0003728987],
[[1350.0,300.0,300.0],0.0003967019],
[[1350.0,350.0,350.0],0.0004117464],
[[1350.0,400.0,400.0],0.0003995612],
[[1350.0,450.0,450.0],0.0004617249],
[[1350.0,500.0,500.0],0.0004839484],
[[1350.0,550.0,550.0],0.0004636217],
[[1350.0,600.0,600.0],0.0005008196],
[[1350.0,650.0,650.0],0.0005181063],
[[1400.0,1.0,1.0],0.0003366781],
[[1400.0,150.0,150.0],0.0004326476],
[[1400.0,200.0,200.0],0.0003362485],
[[1400.0,250.0,250.0],0.0003868538],
[[1400.0,300.0,300.0],0.0004435743],
[[1400.0,350.0,350.0],0.0004072584],
[[1400.0,400.0,400.0],0.0007277283],
[[1400.0,450.0,450.0],0.0005017776],
[[1400.0,500.0,500.0],0.0005118197],
[[1400.0,550.0,550.0],0.0005064216],
[[1400.0,600.0,600.0],0.0005082992],
[[1400.0,650.0,650.0],0.0004404348],
[[1450.0,1.0,1.0],0.0003586999],
[[1450.0,150.0,150.0],0.0004158766],
[[1450.0,200.0,200.0],0.0003955168],
[[1450.0,250.0,250.0],0.0004155004],
[[1450.0,300.0,300.0],0.0003850563],
[[1450.0,350.0,350.0],0.0004671739],
[[1450.0,400.0,400.0],0.0007808661],
[[1450.0,450.0,450.0],0.0004710449],
[[1450.0,500.0,500.0],0.0005212694],
[[1450.0,550.0,550.0],0.0005696682],
[[1450.0,600.0,600.0],0.000480455],
[[1450.0,650.0,650.0],0.0006144678],
[[1450.0,700.0,700.0],0.0005020487],
[[1500.0,1.0,1.0],0.0003143007],
[[1500.0,10.0,10.0],0.0003009503],
[[1500.0,50.0,50.0],0.0003248368],
[[1500.0,100.0,100.0],0.000386479],
[[1500.0,150.0,150.0],0.0003906103],
[[1500.0,200.0,200.0],0.000378824],
[[1500.0,250.0,250.0],0.0004443698],
[[1500.0,300.0,300.0],0.0004645903],
[[1500.0,350.0,350.0],0.0006742235],
[[1500.0,400.0,400.0],0.000651577],
[[1500.0,450.0,450.0],0.0005107746],
[[1500.0,500.0,500.0],0.0005306849],
[[1500.0,550.0,550.0],0.0005594091],
[[1500.0,600.0,600.0],0.0005596235],
[[1500.0,650.0,650.0],0.0006073139],
[[1500.0,700.0,700.0],0.0005472163],
[[1500.0,750.0,750.0],0.0007239609],
[[1550.0,1.0,1.0],0.0003638959],
[[1550.0,150.0,150.0],0.0004446103],
[[1550.0,200.0,200.0],0.0004973307],
[[1550.0,250.0,250.0],0.0005370457],
[[1550.0,300.0,300.0],0.0005801243],
[[1550.0,350.0,350.0],0.0004503772],
[[1550.0,400.0,400.0],0.0006166644],
[[1550.0,450.0,450.0],0.000520515],
[[1550.0,500.0,500.0],0.0005890223],
[[1550.0,550.0,550.0],0.0006925562],
[[1550.0,600.0,600.0],0.0006171684],
[[1550.0,650.0,650.0],0.000674948],
[[1550.0,700.0,700.0],0.0006576492],
[[1550.0,750.0,750.0],0.0006453033],
[[1600.0,1.0,1.0],0.0003903292],
[[1600.0,150.0,150.0],0.0004252976],
[[1600.0,200.0,200.0],0.0005895102],
[[1600.0,250.0,250.0],0.0005284699],
[[1600.0,300.0,300.0],0.0005876734],
[[1600.0,350.0,350.0],0.0005216171],
[[1600.0,400.0,400.0],0.0006064352],
[[1600.0,450.0,450.0],0.0006652124],
[[1600.0,500.0,500.0],0.0004937408],
[[1600.0,550.0,550.0],0.0005681886],
[[1600.0,600.0,600.0],0.0005886803],
[[1600.0,650.0,650.0],0.0005904882],
[[1600.0,700.0,700.0],0.0005244865],
[[1600.0,750.0,750.0],0.0006681842],
[[1650.0,1.0,1.0],0.00041579],
[[1650.0,150.0,150.0],0.0004585206],
[[1650.0,200.0,200.0],0.0005764257],
[[1650.0,250.0,250.0],0.0005494896],
[[1650.0,300.0,300.0],0.0006923026],
[[1650.0,350.0,350.0],0.0007485429],
[[1650.0,400.0,400.0],0.0006114351],
[[1650.0,450.0,450.0],0.0006536802],
[[1650.0,500.0,500.0],0.0006744567],
[[1650.0,550.0,550.0],0.0005571268],
[[1650.0,600.0,600.0],0.0005919245],
[[1650.0,650.0,650.0],0.0006192353],
[[1650.0,700.0,700.0],0.0005939737],
[[1650.0,750.0,750.0],0.0006843742],
[[1650.0,800.0,800.0],0.0007786623],
[[1700.0,1.0,1.0],0.0003519143],
[[1700.0,150.0,150.0],0.0004697589],
[[1700.0,200.0,200.0],0.0005279806],
[[1700.0,250.0,250.0],0.0005977093],
[[1700.0,300.0,300.0],0.0005793465],
[[1700.0,350.0,350.0],0.0006168079],
[[1700.0,400.0,400.0],0.0005074246],
[[1700.0,450.0,450.0],0.0006673099],
[[1700.0,500.0,500.0],0.0006548329],
[[1700.0,550.0,550.0],0.0006135654],
[[1700.0,600.0,600.0],0.000728584],
[[1700.0,650.0,650.0],0.0007033878],
[[1700.0,700.0,700.0],0.0006401966],
[[1700.0,750.0,750.0],0.000661866],
[[1700.0,800.0,800.0],0.0006497264],
[[1750.0,1.0,1.0],0.00030517],
[[1750.0,10.0,10.0],0.0003863478],
[[1750.0,50.0,50.0],0.0003765256],
[[1750.0,100.0,100.0],0.0004107719],
[[1750.0,150.0,150.0],0.0005309567],
[[1750.0,200.0,200.0],0.0005068457],
[[1750.0,250.0,250.0],0.0005412875],
[[1750.0,300.0,300.0],0.000680814],
[[1750.0,350.0,350.0],0.0006868243],
[[1750.0,400.0,400.0],0.0007935132],
[[1750.0,450.0,450.0],0.0006705711],
[[1750.0,500.0,500.0],0.000601364],
[[1750.0,550.0,550.0],0.0006356733],
[[1750.0,600.0,600.0],0.0007246106],
[[1750.0,650.0,650.0],0.0007035388],
[[1750.0,700.0,700.0],0.0007023209],
[[1750.0,750.0,750.0],0.0008027473],
[[1750.0,800.0,800.0],0.0007042117],
[[1750.0,850.0,850.0],0.0007702626],
[[1800.0,1.0,1.0],0.0004177566],
[[1800.0,150.0,150.0],0.0004937077],
[[1800.0,200.0,200.0],0.0007089035],
[[1800.0,250.0,250.0],0.0006694531],
[[1800.0,300.0,300.0],0.0005811253],
[[1800.0,350.0,350.0],0.000644923],
[[1800.0,400.0,400.0],0.0007223144],
[[1800.0,450.0,450.0],0.0006740651],
[[1800.0,500.0,500.0],0.0005958438],
[[1800.0,550.0,550.0],0.0007637701],
[[1800.0,600.0,600.0],0.0007289169],
[[1800.0,650.0,650.0],0.0006915003],
[[1800.0,700.0,700.0],0.0007770467],
[[1800.0,750.0,750.0],0.0007654228],
[[1800.0,800.0,800.0],0.001035307],
[[1800.0,850.0,850.0],0.0008463465],
[[1850.0,1.0,1.0],0.0003674819],
[[1850.0,150.0,150.0],0.0004563384],
[[1850.0,200.0,200.0],0.0005686705],
[[1850.0,250.0,250.0],0.0006457477],
[[1850.0,300.0,300.0],0.00067418],
[[1850.0,350.0,350.0],0.0007010906],
[[1850.0,400.0,400.0],0.0006639268],
[[1850.0,450.0,450.0],0.0006340272],
[[1850.0,500.0,500.0],0.0008045154],
[[1850.0,550.0,550.0],0.0006228985],
[[1850.0,600.0,600.0],0.0006060267],
[[1850.0,650.0,650.0],0.0008444115],
[[1850.0,700.0,700.0],0.0007416283],
[[1850.0,750.0,750.0],0.0007309945],
[[1850.0,800.0,800.0],0.0007736735],
[[1850.0,850.0,850.0],0.0008407709],
[[1850.0,900.0,900.0],0.001104459],
[[1900.0,1.0,1.0],0.0003834079],
[[1900.0,150.0,150.0],0.0005049632],
[[1900.0,200.0,200.0],0.0005381899],
[[1900.0,250.0,250.0],0.0005239159],
[[1900.0,300.0,300.0],0.0007171909],
[[1900.0,350.0,350.0],0.0008092256],
[[1900.0,400.0,400.0],0.0006644685],
[[1900.0,450.0,450.0],0.000731725],
[[1900.0,500.0,500.0],0.0008305587],
[[1900.0,550.0,550.0],0.000735706],
[[1900.0,600.0,600.0],0.0007082047],
[[1900.0,650.0,650.0],0.0009701957],
[[1900.0,700.0,700.0],0.0007728448],
[[1900.0,750.0,750.0],0.00110747],
[[1900.0,800.0,800.0],0.0007609744],
[[1900.0,850.0,850.0],0.0007224896],
[[1900.0,900.0,900.0],0.0009500588],
[[1950.0,1.0,1.0],0.0004244589],
[[1950.0,150.0,150.0],0.0006701785],
[[1950.0,200.0,200.0],0.0005145388],
[[1950.0,250.0,250.0],0.0006782284],
[[1950.0,300.0,300.0],0.0007102174],
[[1950.0,350.0,350.0],0.0007086026],
[[1950.0,400.0,400.0],0.00081654],
[[1950.0,450.0,450.0],0.0007145143],
[[1950.0,500.0,500.0],0.0007178777],
[[1950.0,550.0,550.0],0.0008162003],
[[1950.0,600.0,600.0],0.0009004571],
[[1950.0,650.0,650.0],0.0008652795],
[[1950.0,700.0,700.0],0.0009002361],
[[1950.0,750.0,750.0],0.0008489954],
[[1950.0,800.0,800.0],0.0008641147],
[[1950.0,850.0,850.0],0.0007713893],
[[1950.0,900.0,900.0],0.0007516367],
[[1950.0,950.0,950.0],0.001018839],
[[2000.0,1.0,1.0],0.0003816787],
[[2000.0,10.0,10.0],0.0003734207],
[[2000.0,50.0,50.0],0.0003797417],
[[2000.0,100.0,100.0],0.0004109022],
[[2000.0,150.0,150.0],0.0005061182],
[[2000.0,200.0,200.0],0.0006766219],
[[2000.0,250.0,250.0],0.0006292268],
[[2000.0,300.0,300.0],0.0006308966],
[[2000.0,350.0,350.0],0.0008231537],
[[2000.0,400.0,400.0],0.0008587595],
[[2000.0,450.0,450.0],0.0007137845],
[[2000.0,500.0,500.0],0.0006827539],
[[2000.0,550.0,550.0],0.0007460468],
[[2000.0,600.0,600.0],0.000925309],
[[2000.0,650.0,650.0],0.0008251074],
[[2000.0,700.0,700.0],0.0007724451],
[[2000.0,750.0,750.0],0.0008946692],
[[2000.0,800.0,800.0],0.0007349112],
[[2000.0,850.0,850.0],0.00110697],
[[2000.0,900.0,900.0],0.001047739],
[[2000.0,950.0,950.0],0.0008254587],
[[2250.0,1.0,1.0],0.0003392405],
[[2250.0,10.0,10.0],0.0003917328],
[[2250.0,50.0,50.0],0.000337208],
[[2250.0,100.0,100.0],0.0004850518],
[[2250.0,150.0,150.0],0.0004905783],
[[2250.0,300.0,300.0],0.0007262425],
[[2250.0,500.0,500.0],0.001008577],
[[2250.0,750.0,750.0],0.0008868202],
[[2250.0,1000.0,1000.0],0.0009465381],
[[2500.0,1.0,1.0],0.0002834594],
[[2500.0,10.0,10.0],0.0002821344],
[[2500.0,50.0,50.0],0.0003143624],
[[2500.0,100.0,100.0],0.000369969],
[[2500.0,150.0,150.0],0.0004859479],
[[2500.0,300.0,300.0],0.0007679776],
[[2500.0,500.0,500.0],0.0009373963],
[[2500.0,750.0,750.0],0.001082294],
[[2500.0,1000.0,1000.0],0.0009851756],
[[2500.0,1200.0,1200.0],0.001033783],
[[2750.0,1.0,1.0],0.000251261],
[[2750.0,10.0,10.0],0.0002348244],
[[2750.0,50.0,50.0],0.0002955492],
[[2750.0,100.0,100.0],0.0002987921],
[[2750.0,150.0,150.0],0.0003762135],
[[2750.0,300.0,300.0],0.0007442339],
[[2750.0,500.0,500.0],0.00102217],
[[2750.0,750.0,750.0],0.001089109],
[[2750.0,1000.0,1000.0],0.001205149],
[[2750.0,1200.0,1200.0],0.001159548],
[[3000.0,1.0,1.0],0.0002958606],
[[3000.0,10.0,10.0],0.0002199313],
[[3000.0,50.0,50.0],0.0002597268],
[[3000.0,100.0,100.0],0.0002788067],
[[3000.0,150.0,150.0],0.000329997],
[[3000.0,300.0,300.0],0.0006397089],
[[3000.0,500.0,500.0],0.001030181],
[[3000.0,750.0,750.0],0.001070276],
[[3000.0,1000.0,1000.0],0.001163289],
[[3000.0,1200.0,1200.0],0.001264519],
[[3000.0,1400.0,1400.0],0.001159471]]
