txName: TRV1
constraint: {(PV > Zprime(1)), (Zprime(1) > MET(2),MET(3))}
condition: None
conditionDescription: None
figureUrl: https://cms-results.web.cern.ch/cms-results/public-results/publications/EXO-20-004/CMS-EXO-20-004_Figure_007-b.png
source: https://doi.org/10.5281/zenodo.13324003
validated: True
axesMap: [{0: 'x', 1: 'y', 2: 'y'}]
dataMap: {0: (1, 'mass', GeV), 1: (2, 'mass', GeV), 2: (3, 'mass', GeV)}
finalState: ['MET', 'MET']
intermediateState: None
efficiencyMap: [[[50.0,1.0,1.0],1.786168e-08],
[[100.0,1.0,1.0],2.082223e-07],
[[100.0,10.0,10.0],4.112714e-07],
[[150.0,1.0,1.0],7.370077e-07],
[[150.0,75.0,75.0],1.286877e-06],
[[200.0,1.0,1.0],1.494819e-06],
[[200.0,75.0,75.0],2.069304e-06],
[[250.0,1.0,1.0],2.977854e-06],
[[250.0,10.0,10.0],3.320085e-06],
[[250.0,75.0,75.0],3.618361e-06],
[[300.0,1.0,1.0],5.45059e-06],
[[300.0,75.0,75.0],6.166108e-06],
[[350.0,1.0,1.0],8.717833e-06],
[[350.0,75.0,75.0],8.23999e-06],
[[350.0,150.0,150.0],9.318003e-06],
[[400.0,1.0,1.0],1.176474e-05],
[[400.0,75.0,75.0],1.354017e-05],
[[400.0,150.0,150.0],1.088211e-05],
[[450.0,1.0,1.0],1.825346e-05],
[[450.0,75.0,75.0],2.033193e-05],
[[450.0,150.0,150.0],1.922628e-05],
[[450.0,200.0,200.0],1.836318e-05],
[[500.0,1.0,1.0],2.47513e-05],
[[500.0,10.0,10.0],2.008783e-05],
[[500.0,75.0,75.0],2.362201e-05],
[[500.0,150.0,150.0],2.662808e-05],
[[500.0,200.0,200.0],2.453353e-05],
[[550.0,1.0,1.0],3.012653e-05],
[[550.0,75.0,75.0],2.734738e-05],
[[550.0,150.0,150.0],3.501969e-05],
[[550.0,200.0,200.0],2.797715e-05],
[[550.0,250.0,250.0],3.739396e-05],
[[600.0,1.0,1.0],3.251045e-05],
[[600.0,75.0,75.0],3.987104e-05],
[[600.0,150.0,150.0],3.739951e-05],
[[600.0,200.0,200.0],3.724483e-05],
[[600.0,250.0,250.0],4.211539e-05],
[[650.0,1.0,1.0],4.174599e-05],
[[650.0,75.0,75.0],3.878144e-05],
[[650.0,150.0,150.0],5.237871e-05],
[[650.0,200.0,200.0],4.433658e-05],
[[650.0,250.0,250.0],4.682271e-05],
[[650.0,300.0,300.0],5.412074e-05],
[[700.0,1.0,1.0],4.258475e-05],
[[700.0,75.0,75.0],4.838101e-05],
[[700.0,150.0,150.0],4.252563e-05],
[[700.0,200.0,200.0],5.523682e-05],
[[700.0,250.0,250.0],5.460226e-05],
[[700.0,300.0,300.0],5.430162e-05],
[[750.0,1.0,1.0],5.724075e-05],
[[750.0,10.0,10.0],5.443697e-05],
[[750.0,75.0,75.0],6.056513e-05],
[[750.0,150.0,150.0],5.873372e-05],
[[750.0,200.0,200.0],6.110423e-05],
[[750.0,250.0,250.0],6.164084e-05],
[[750.0,300.0,300.0],6.456312e-05],
[[750.0,350.0,350.0],5.831138e-05],
[[800.0,1.0,1.0],7.848381e-05],
[[800.0,75.0,75.0],6.261034e-05],
[[800.0,150.0,150.0],6.803895e-05],
[[800.0,200.0,200.0],7.822344e-05],
[[800.0,250.0,250.0],6.866285e-05],
[[800.0,300.0,300.0],6.298974e-05],
[[800.0,350.0,350.0],0.000102276],
[[850.0,1.0,1.0],7.334174e-05],
[[850.0,75.0,75.0],8.050109e-05],
[[850.0,150.0,150.0],8.308643e-05],
[[850.0,200.0,200.0],8.103647e-05],
[[850.0,250.0,250.0],7.540939e-05],
[[850.0,300.0,300.0],7.431436e-05],
[[850.0,350.0,350.0],7.879054e-05],
[[850.0,400.0,400.0],8.470269e-05],
[[900.0,1.0,1.0],7.775638e-05],
[[900.0,75.0,75.0],8.242911e-05],
[[900.0,150.0,150.0],8.671723e-05],
[[900.0,200.0,200.0],8.038242e-05],
[[900.0,250.0,250.0],8.750614e-05],
[[900.0,300.0,300.0],0.0001068459],
[[900.0,350.0,350.0],8.96011e-05],
[[900.0,400.0,400.0],9.785703e-05],
[[950.0,1.0,1.0],9.060122e-05],
[[950.0,75.0,75.0],0.0001007743],
[[950.0,150.0,150.0],8.59278e-05],
[[950.0,200.0,200.0],9.269515e-05],
[[950.0,250.0,250.0],8.576736e-05],
[[950.0,300.0,300.0],9.798261e-05],
[[950.0,350.0,350.0],0.0001089376],
[[950.0,400.0,400.0],9.446398e-05],
[[950.0,450.0,450.0],0.0001018749],
[[1000.0,1.0,1.0],9.433733e-05],
[[1000.0,10.0,10.0],9.714327e-05],
[[1000.0,75.0,75.0],9.367834e-05],
[[1000.0,150.0,150.0],9.564172e-05],
[[1000.0,200.0,200.0],0.0001093314],
[[1000.0,250.0,250.0],0.0001025323],
[[1000.0,300.0,300.0],0.0001032715],
[[1000.0,350.0,350.0],9.563694e-05],
[[1000.0,400.0,400.0],9.426498e-05],
[[1000.0,450.0,450.0],0.0001099993],
[[1050.0,1.0,1.0],0.0001141865],
[[1050.0,75.0,75.0],9.771805e-05],
[[1050.0,150.0,150.0],0.000124038],
[[1050.0,200.0,200.0],0.0001056696],
[[1050.0,250.0,250.0],0.0001061539],
[[1050.0,300.0,300.0],0.0001203229],
[[1050.0,350.0,350.0],0.0001125654],
[[1050.0,400.0,400.0],0.0001120029],
[[1050.0,450.0,450.0],0.0001267927],
[[1050.0,500.0,500.0],9.107171e-05],
[[1100.0,1.0,1.0],0.0001358074],
[[1100.0,75.0,75.0],0.0001231655],
[[1100.0,150.0,150.0],0.0001081886],
[[1100.0,200.0,200.0],0.0001232918],
[[1100.0,250.0,250.0],0.0001163874],
[[1100.0,300.0,300.0],0.0001224741],
[[1100.0,350.0,350.0],0.0001039702],
[[1100.0,400.0,400.0],0.0001237676],
[[1100.0,450.0,450.0],0.0001228087],
[[1100.0,500.0,500.0],0.0001155291],
[[1150.0,1.0,1.0],0.0001189751],
[[1150.0,75.0,75.0],0.0001299587],
[[1150.0,150.0,150.0],0.0001480663],
[[1150.0,200.0,200.0],0.0001230421],
[[1150.0,250.0,250.0],0.0001497776],
[[1150.0,300.0,300.0],0.0001350322],
[[1150.0,350.0,350.0],0.0001222144],
[[1150.0,400.0,400.0],0.0001409736],
[[1150.0,450.0,450.0],0.000124087],
[[1150.0,500.0,500.0],0.000148507],
[[1150.0,550.0,550.0],0.0001730925],
[[1200.0,1.0,1.0],0.0001199695],
[[1200.0,75.0,75.0],0.0001298132],
[[1200.0,150.0,150.0],0.0001684886],
[[1200.0,200.0,200.0],0.0001333513],
[[1200.0,250.0,250.0],0.0001797393],
[[1200.0,300.0,300.0],0.0001639235],
[[1200.0,350.0,350.0],0.0001826289],
[[1200.0,400.0,400.0],0.0001306375],
[[1200.0,450.0,450.0],0.000123219],
[[1200.0,500.0,500.0],0.0001536292],
[[1200.0,550.0,550.0],0.0001285673],
[[1250.0,1.0,1.0],0.0001306533],
[[1250.0,10.0,10.0],0.0001345899],
[[1250.0,75.0,75.0],0.0001558557],
[[1250.0,150.0,150.0],0.0001528178],
[[1250.0,200.0,200.0],0.0001399625],
[[1250.0,250.0,250.0],0.0001547509],
[[1250.0,300.0,300.0],0.0001579388],
[[1250.0,350.0,350.0],0.0001567112],
[[1250.0,400.0,400.0],0.0001461647],
[[1250.0,450.0,450.0],0.0001495217],
[[1250.0,500.0,500.0],0.0001548859],
[[1250.0,550.0,550.0],0.0001798677],
[[1250.0,600.0,600.0],0.0001604952],
[[1300.0,1.0,1.0],0.0001407291],
[[1300.0,75.0,75.0],0.0001536704],
[[1300.0,150.0,150.0],0.0001533353],
[[1300.0,200.0,200.0],0.0001531386],
[[1300.0,250.0,250.0],0.0001559466],
[[1300.0,300.0,300.0],0.0001472412],
[[1300.0,350.0,350.0],0.0001624747],
[[1300.0,400.0,400.0],0.0001507945],
[[1300.0,450.0,450.0],0.0001908462],
[[1300.0,500.0,500.0],0.000189369],
[[1300.0,550.0,550.0],0.0001441143],
[[1300.0,600.0,600.0],0.0001804067],
[[1350.0,1.0,1.0],0.0001571535],
[[1350.0,75.0,75.0],0.0001597627],
[[1350.0,150.0,150.0],0.0001802508],
[[1350.0,200.0,200.0],0.0001709679],
[[1350.0,250.0,250.0],0.000185667],
[[1350.0,300.0,300.0],0.0001562484],
[[1350.0,350.0,350.0],0.0001597222],
[[1350.0,400.0,400.0],0.0001764113],
[[1350.0,450.0,450.0],0.0001868343],
[[1350.0,500.0,500.0],0.0001931006],
[[1350.0,550.0,550.0],0.000171682],
[[1350.0,600.0,600.0],0.0001593453],
[[1350.0,650.0,650.0],0.0002119983],
[[1400.0,1.0,1.0],0.000169958],
[[1400.0,75.0,75.0],0.0001607662],
[[1400.0,150.0,150.0],0.0001802414],
[[1400.0,200.0,200.0],0.0001372345],
[[1400.0,250.0,250.0],0.0001861994],
[[1400.0,300.0,300.0],0.0001580573],
[[1400.0,350.0,350.0],0.0001733179],
[[1400.0,400.0,400.0],0.0001671067],
[[1400.0,450.0,450.0],0.0001682073],
[[1400.0,500.0,500.0],0.0001631174],
[[1400.0,550.0,550.0],0.000173955],
[[1400.0,600.0,600.0],0.0001650812],
[[1400.0,650.0,650.0],0.0002176006],
[[1450.0,1.0,1.0],0.000174716],
[[1450.0,75.0,75.0],0.000185411],
[[1450.0,150.0,150.0],0.0001582813],
[[1450.0,200.0,200.0],0.00016006],
[[1450.0,250.0,250.0],0.0002206778],
[[1450.0,300.0,300.0],0.0001696878],
[[1450.0,350.0,350.0],0.0002195024],
[[1450.0,400.0,400.0],0.0001594596],
[[1450.0,450.0,450.0],0.000174292],
[[1450.0,500.0,500.0],0.000234383],
[[1450.0,550.0,550.0],0.0001544326],
[[1450.0,600.0,600.0],0.0001928586],
[[1450.0,650.0,650.0],0.0001902237],
[[1450.0,700.0,700.0],0.0001971104],
[[1500.0,1.0,1.0],0.0001696118],
[[1500.0,10.0,10.0],0.0001687263],
[[1500.0,75.0,75.0],0.0001691626],
[[1500.0,150.0,150.0],0.0001791355],
[[1500.0,200.0,200.0],0.0001847095],
[[1500.0,250.0,250.0],0.0002052863],
[[1500.0,300.0,300.0],0.0001947104],
[[1500.0,350.0,350.0],0.0001934852],
[[1500.0,400.0,400.0],0.000235803],
[[1500.0,450.0,450.0],0.0001701942],
[[1500.0,500.0,500.0],0.0002051927],
[[1500.0,550.0,550.0],0.0002000821],
[[1500.0,600.0,600.0],0.0002062944],
[[1500.0,650.0,650.0],0.0002221354],
[[1500.0,700.0,700.0],0.0001934388],
[[1500.0,750.0,750.0],0.0002023577],
[[1550.0,1.0,1.0],0.0001809205],
[[1550.0,75.0,75.0],0.0001987944],
[[1550.0,150.0,150.0],0.0001943189],
[[1550.0,200.0,200.0],0.0002042671],
[[1550.0,250.0,250.0],0.0001646814],
[[1550.0,300.0,300.0],0.0001948665],
[[1550.0,350.0,350.0],0.0002221031],
[[1550.0,400.0,400.0],0.0002302127],
[[1550.0,450.0,450.0],0.0002145735],
[[1550.0,500.0,500.0],0.0002358827],
[[1550.0,550.0,550.0],0.000203204],
[[1550.0,600.0,600.0],0.000199584],
[[1550.0,650.0,650.0],0.0001925618],
[[1550.0,700.0,700.0],0.0001969594],
[[1550.0,750.0,750.0],0.0002104838],
[[1600.0,1.0,1.0],0.0001675326],
[[1600.0,75.0,75.0],0.0002039391],
[[1600.0,150.0,150.0],0.0002104543],
[[1600.0,200.0,200.0],0.0002167568],
[[1600.0,250.0,250.0],0.000213712],
[[1600.0,300.0,300.0],0.0002228081],
[[1600.0,350.0,350.0],0.0001797265],
[[1600.0,400.0,400.0],0.0001922359],
[[1600.0,450.0,450.0],0.0001969398],
[[1600.0,500.0,500.0],0.000197683],
[[1600.0,550.0,550.0],0.0001989706],
[[1600.0,600.0,600.0],0.0002115203],
[[1600.0,650.0,650.0],0.0002258017],
[[1600.0,700.0,700.0],0.0002126997],
[[1600.0,750.0,750.0],0.0002223346],
[[1650.0,1.0,1.0],0.0002002523],
[[1650.0,75.0,75.0],0.0001913886],
[[1650.0,150.0,150.0],0.0002237987],
[[1650.0,200.0,200.0],0.0001767354],
[[1650.0,250.0,250.0],0.0001794692],
[[1650.0,300.0,300.0],0.0002855063],
[[1650.0,350.0,350.0],0.0002211152],
[[1650.0,400.0,400.0],0.0001916334],
[[1650.0,450.0,450.0],0.0002255217],
[[1650.0,500.0,500.0],0.0002087512],
[[1650.0,550.0,550.0],0.0002113138],
[[1650.0,600.0,600.0],0.0002104582],
[[1650.0,650.0,650.0],0.0001960088],
[[1650.0,700.0,700.0],0.000203369],
[[1650.0,750.0,750.0],0.0002628158],
[[1650.0,800.0,800.0],0.0002123126],
[[1700.0,1.0,1.0],0.0002078676],
[[1700.0,75.0,75.0],0.0002027088],
[[1700.0,150.0,150.0],0.0002282701],
[[1700.0,200.0,200.0],0.0002030936],
[[1700.0,250.0,250.0],0.0002039424],
[[1700.0,300.0,300.0],0.0002374558],
[[1700.0,350.0,350.0],0.0002242482],
[[1700.0,400.0,400.0],0.0002145791],
[[1700.0,450.0,450.0],0.000222678],
[[1700.0,500.0,500.0],0.0002242756],
[[1700.0,550.0,550.0],0.000222815],
[[1700.0,600.0,600.0],0.0002214736],
[[1700.0,650.0,650.0],0.0002167821],
[[1700.0,700.0,700.0],0.0002076318],
[[1700.0,750.0,750.0],0.0002320331],
[[1700.0,800.0,800.0],0.000217803],
[[1750.0,1.0,1.0],0.0001797158],
[[1750.0,10.0,10.0],0.0001759843],
[[1750.0,75.0,75.0],0.0002031695],
[[1750.0,150.0,150.0],0.000208426],
[[1750.0,200.0,200.0],0.0002134244],
[[1750.0,250.0,250.0],0.0002122005],
[[1750.0,300.0,300.0],0.0002131585],
[[1750.0,350.0,350.0],0.0002188324],
[[1750.0,400.0,400.0],0.0001855526],
[[1750.0,450.0,450.0],0.0002462616],
[[1750.0,500.0,500.0],0.000239561],
[[1750.0,550.0,550.0],0.0002468614],
[[1750.0,600.0,600.0],0.0002209596],
[[1750.0,650.0,650.0],0.000226688],
[[1750.0,700.0,700.0],0.0002180378],
[[1750.0,750.0,750.0],0.0002686696],
[[1750.0,800.0,800.0],0.0002479369],
[[1750.0,850.0,850.0],0.0002364084],
[[1800.0,1.0,1.0],0.0002233339],
[[1800.0,75.0,75.0],0.0002396426],
[[1800.0,150.0,150.0],0.0002149364],
[[1800.0,200.0,200.0],0.0002356572],
[[1800.0,250.0,250.0],0.0002313556],
[[1800.0,300.0,300.0],0.0001991597],
[[1800.0,350.0,350.0],0.0002277855],
[[1800.0,400.0,400.0],0.0002266717],
[[1800.0,450.0,450.0],0.0002432596],
[[1800.0,500.0,500.0],0.0002350965],
[[1800.0,550.0,550.0],0.000233154],
[[1800.0,600.0,600.0],0.0002369526],
[[1800.0,650.0,650.0],0.0002162723],
[[1800.0,700.0,700.0],0.0002771099],
[[1800.0,750.0,750.0],0.0002508326],
[[1800.0,800.0,800.0],0.0002203758],
[[1800.0,850.0,850.0],0.0002234875],
[[1850.0,1.0,1.0],0.0002137104],
[[1850.0,75.0,75.0],0.0002158086],
[[1850.0,150.0,150.0],0.0002100549],
[[1850.0,200.0,200.0],0.0002504115],
[[1850.0,250.0,250.0],0.0002148876],
[[1850.0,300.0,300.0],0.0002319355],
[[1850.0,350.0,350.0],0.0001991696],
[[1850.0,400.0,400.0],0.0002413636],
[[1850.0,450.0,450.0],0.0002544943],
[[1850.0,500.0,500.0],0.0001943045],
[[1850.0,550.0,550.0],0.0002706828],
[[1850.0,600.0,600.0],0.0002089591],
[[1850.0,650.0,650.0],0.0002567925],
[[1850.0,700.0,700.0],0.0002382094],
[[1850.0,750.0,750.0],0.0002683905],
[[1850.0,800.0,800.0],0.0002558527],
[[1850.0,850.0,850.0],0.0003035521],
[[1850.0,900.0,900.0],0.0002293362],
[[1900.0,1.0,1.0],0.0002084546],
[[1900.0,75.0,75.0],0.0002278434],
[[1900.0,150.0,150.0],0.0002355166],
[[1900.0,200.0,200.0],0.0002297837],
[[1900.0,250.0,250.0],0.0002157067],
[[1900.0,300.0,300.0],0.0002562918],
[[1900.0,350.0,350.0],0.0002573782],
[[1900.0,400.0,400.0],0.0002421823],
[[1900.0,450.0,450.0],0.000216229],
[[1900.0,500.0,500.0],0.0002476623],
[[1900.0,550.0,550.0],0.0002583315],
[[1900.0,600.0,600.0],0.0002714539],
[[1900.0,650.0,650.0],0.0002426891],
[[1900.0,700.0,700.0],0.0002175918],
[[1900.0,750.0,750.0],0.0002726738],
[[1900.0,800.0,800.0],0.0002610008],
[[1900.0,850.0,850.0],0.0002515484],
[[1900.0,900.0,900.0],0.0002561928],
[[1950.0,1.0,1.0],0.0002299241],
[[1950.0,75.0,75.0],0.0002307777],
[[1950.0,150.0,150.0],0.0002281514],
[[1950.0,200.0,200.0],0.0002345365],
[[1950.0,250.0,250.0],0.0002490244],
[[1950.0,300.0,300.0],0.0002148119],
[[1950.0,350.0,350.0],0.0002024657],
[[1950.0,400.0,400.0],0.0002542833],
[[1950.0,450.0,450.0],0.0002716537],
[[1950.0,500.0,500.0],0.0002444659],
[[1950.0,550.0,550.0],0.0002174141],
[[1950.0,600.0,600.0],0.000267135],
[[1950.0,650.0,650.0],0.0002767242],
[[1950.0,700.0,700.0],0.0002490508],
[[1950.0,750.0,750.0],0.0002643048],
[[1950.0,800.0,800.0],0.0002450503],
[[1950.0,850.0,850.0],0.0002745828],
[[1950.0,900.0,900.0],0.0002452222],
[[1950.0,950.0,950.0],0.0002668949],
[[2000.0,1.0,1.0],0.0002406776],
[[2000.0,75.0,75.0],0.0002265781],
[[2000.0,150.0,150.0],0.0002626407],
[[2000.0,200.0,200.0],0.0002108491],
[[2000.0,250.0,250.0],0.00027349],
[[2000.0,300.0,300.0],0.0002302584],
[[2000.0,350.0,350.0],0.000259932],
[[2000.0,400.0,400.0],0.0002698413],
[[2000.0,450.0,450.0],0.0002692275],
[[2000.0,500.0,500.0],0.00026048],
[[2000.0,550.0,550.0],0.0002646547],
[[2000.0,600.0,600.0],0.000258315],
[[2000.0,650.0,650.0],0.0002402579],
[[2000.0,700.0,700.0],0.000207763],
[[2000.0,750.0,750.0],0.0002335527],
[[2000.0,800.0,800.0],0.0002780957],
[[2000.0,850.0,850.0],0.000256859],
[[2000.0,900.0,900.0],0.0002537315],
[[2000.0,950.0,950.0],0.000231705],
[[2250.0,1.0,1.0],0.0002650767],
[[2250.0,75.0,75.0],0.0002721686],
[[2250.0,150.0,150.0],0.000261473],
[[2250.0,300.0,300.0],0.0002290723],
[[2250.0,500.0,500.0],0.0002657675],
[[2250.0,750.0,750.0],0.0002788146],
[[2250.0,1000.0,1000.0],0.0003093559],
[[2500.0,1.0,1.0],0.0003047881],
[[2500.0,75.0,75.0],0.0002858492],
[[2500.0,150.0,150.0],0.0003159984],
[[2500.0,300.0,300.0],0.0002901182],
[[2500.0,500.0,500.0],0.0002634529],
[[2500.0,750.0,750.0],0.0002896443],
[[2500.0,1000.0,1000.0],0.0002741209],
[[2500.0,1200.0,1200.0],0.0003309088],
[[2750.0,1.0,1.0],0.0002779694],
[[2750.0,75.0,75.0],0.0003126392],
[[2750.0,150.0,150.0],0.000305334],
[[2750.0,300.0,300.0],0.0003294933],
[[2750.0,500.0,500.0],0.0002932801],
[[2750.0,750.0,750.0],0.0003196778],
[[2750.0,1000.0,1000.0],0.000317045],
[[2750.0,1200.0,1200.0],0.0002866756],
[[3000.0,1.0,1.0],0.0003237062],
[[3000.0,75.0,75.0],0.0003233079],
[[3000.0,150.0,150.0],0.0003072788],
[[3000.0,300.0,300.0],0.0002633772],
[[3000.0,500.0,500.0],0.0002672768],
[[3000.0,750.0,750.0],0.0003011255],
[[3000.0,1000.0,1000.0],0.0002674479],
[[3000.0,1200.0,1200.0],0.000321738],
[[3000.0,1400.0,1400.0],0.0002826362]]
