txName: TRV1
constraint: {(PV > Zprime(1)), (Zprime(1) > MET(2),MET(3))}
condition: None
conditionDescription: None
figureUrl: None
source: Recast by CM2
validated: True
axesMap: [{0: 'x', 1: 'y', 2: 'y'}]
dataMap: {0: (1, 'mass', GeV), 1: (2, 'mass', GeV), 2: (3, 'mass', GeV)}
finalState: ['MET', 'MET']
intermediateState: None
efficiencyMap: [[[50.0,0,0],0],
[[50.0,1.0,1.0],0],
[[50.0,10.0,10.0],0],
[[50.0,20.0,20.0],0],
[[100.0,0,0],0],
[[100.0,1.0,1.0],0],
[[100.0,10.0,10.0],0],
[[150.0,0,0],0],
[[150.0,1.0,1.0],0],
[[150.0,10.0,10.0],0],
[[150.0,50.0,50.0],0],
[[150.0,70.0,70.0],0],
[[200.0,0,0],0],
[[200.0,1.0,1.0],1.72461e-06],
[[200.0,10.0,10.0],2.000171e-06],
[[200.0,50.0,50.0],2.656879e-06],
[[200.0,75.0,75.0],1.840783e-06],
[[250.0,0,0],1.509735e-05],
[[250.0,1.0,1.0],3.731378e-06],
[[250.0,10.0,10.0],3.784979e-06],
[[250.0,50.0,50.0],2.726382e-06],
[[250.0,75.0,75.0],3.19518e-06],
[[250.0,100.0,100.0],4.361532e-06],
[[250.0,120.0,120.0],3.814895e-06],
[[300.0,0,0],4.47603e-06],
[[300.0,1.0,1.0],5.292886e-06],
[[300.0,10.0,10.0],5.777268e-06],
[[300.0,50.0,50.0],1.251982e-05],
[[300.0,75.0,75.0],5.619814e-06],
[[300.0,100.0,100.0],6.092491e-06],
[[350.0,0,0],9.845222e-06],
[[350.0,1.0,1.0],8.50475e-06],
[[350.0,10.0,10.0],9.339582e-06],
[[350.0,50.0,50.0],8.057883e-06],
[[350.0,75.0,75.0],1.109399e-05],
[[350.0,100.0,100.0],9.582737e-06],
[[350.0,150.0,150.0],1.075692e-05],
[[350.0,170.0,170.0],8.189123e-06],
[[400.0,0,0],1.046992e-05],
[[400.0,1.0,1.0],1.300313e-05],
[[400.0,10.0,10.0],9.953429e-06],
[[400.0,50.0,50.0],1.323413e-05],
[[400.0,75.0,75.0],1.361844e-05],
[[400.0,100.0,100.0],1.191666e-05],
[[400.0,150.0,150.0],1.250057e-05],
[[450.0,0,0],1.464662e-05],
[[450.0,1.0,1.0],1.322268e-05],
[[450.0,10.0,10.0],1.389326e-05],
[[450.0,50.0,50.0],1.542362e-05],
[[450.0,75.0,75.0],1.877815e-05],
[[450.0,100.0,100.0],1.739816e-05],
[[450.0,150.0,150.0],1.688447e-05],
[[450.0,200.0,200.0],1.743237e-05],
[[450.0,220.0,220.0],2.135458e-05],
[[500.0,0,0],2.007183e-05],
[[500.0,1.0,1.0],2.075142e-05],
[[500.0,10.0,10.0],2.241931e-05],
[[500.0,50.0,50.0],2.08026e-05],
[[500.0,75.0,75.0],2.31373e-05],
[[500.0,100.0,100.0],1.968167e-05],
[[500.0,150.0,150.0],1.968243e-05],
[[500.0,200.0,200.0],2.581585e-05],
[[550.0,1.0,1.0],2.636884e-05],
[[550.0,10.0,10.0],2.565123e-05],
[[550.0,75.0,75.0],2.709564e-05],
[[550.0,150.0,150.0],2.884093e-05],
[[550.0,200.0,200.0],2.805494e-05],
[[550.0,250.0,250.0],2.609746e-05],
[[550.0,270.0,270.0],2.789693e-05],
[[600.0,0,0],3.302288e-05],
[[600.0,1.0,1.0],2.921073e-05],
[[600.0,10.0,10.0],3.453204e-05],
[[600.0,50.0,50.0],3.1521e-05],
[[600.0,75.0,75.0],3.122132e-05],
[[600.0,100.0,100.0],3.143464e-05],
[[600.0,150.0,150.0],3.517302e-05],
[[600.0,200.0,200.0],2.883227e-05],
[[600.0,250.0,250.0],3.140674e-05],
[[600.0,295.0,295.0],3.439606e-05],
[[650.0,1.0,1.0],3.959953e-05],
[[650.0,10.0,10.0],3.165981e-05],
[[650.0,75.0,75.0],3.879703e-05],
[[650.0,150.0,150.0],4.818099e-05],
[[650.0,200.0,200.0],4.135561e-05],
[[650.0,250.0,250.0],4.322017e-05],
[[650.0,300.0,300.0],4.481965e-05],
[[650.0,320.0,320.0],4.664411e-05],
[[700.0,0,0],4.3051e-05],
[[700.0,1.0,1.0],4.1327e-05],
[[700.0,10.0,10.0],4.150204e-05],
[[700.0,50.0,50.0],4.178739e-05],
[[700.0,75.0,75.0],4.343084e-05],
[[700.0,100.0,100.0],1.980138e-05],
[[700.0,150.0,150.0],4.107425e-05],
[[700.0,200.0,200.0],4.578437e-05],
[[700.0,250.0,250.0],4.644431e-05],
[[700.0,300.0,300.0],4.045847e-05],
[[750.0,1.0,1.0],5.01649e-05],
[[750.0,10.0,10.0],4.759763e-05],
[[750.0,75.0,75.0],5.446834e-05],
[[750.0,150.0,150.0],4.293317e-05],
[[750.0,200.0,200.0],5.107893e-05],
[[750.0,250.0,250.0],5.371861e-05],
[[750.0,300.0,300.0],5.685289e-05],
[[750.0,350.0,350.0],4.768382e-05],
[[750.0,370.0,370.0],5.691507e-05],
[[800.0,0,0],5.494592e-05],
[[800.0,1.0,1.0],7.565755e-05],
[[800.0,10.0,10.0],5.8132e-05],
[[800.0,50.0,50.0],5.421741e-05],
[[800.0,75.0,75.0],5.983977e-05],
[[800.0,100.0,100.0],5.865175e-05],
[[800.0,150.0,150.0],4.721661e-05],
[[800.0,200.0,200.0],6.292716e-05],
[[800.0,250.0,250.0],6.115339e-05],
[[800.0,300.0,300.0],5.335363e-05],
[[800.0,350.0,350.0],5.566489e-05],
[[850.0,1.0,1.0],6.413614e-05],
[[850.0,10.0,10.0],6.514878e-05],
[[850.0,75.0,75.0],6.339603e-05],
[[850.0,150.0,150.0],6.113324e-05],
[[850.0,200.0,200.0],5.993546e-05],
[[850.0,250.0,250.0],6.532176e-05],
[[850.0,300.0,300.0],6.739454e-05],
[[850.0,350.0,350.0],7.059779e-05],
[[850.0,400.0,400.0],6.208135e-05],
[[850.0,420.0,420.0],7.238857e-05],
[[900.0,0,0],5.809123e-05],
[[900.0,1.0,1.0],6.533831e-05],
[[900.0,10.0,10.0],7.86624e-05],
[[900.0,50.0,50.0],6.933257e-05],
[[900.0,75.0,75.0],6.202717e-05],
[[900.0,100.0,100.0],6.489487e-05],
[[900.0,150.0,150.0],6.269807e-05],
[[900.0,200.0,200.0],7.831193e-05],
[[900.0,250.0,250.0],7.092327e-05],
[[900.0,300.0,300.0],7.22208e-05],
[[900.0,350.0,350.0],6.747778e-05],
[[900.0,400.0,400.0],7.601131e-05],
[[950.0,1.0,1.0],8.896473e-05],
[[950.0,10.0,10.0],6.991433e-05],
[[950.0,75.0,75.0],7.673117e-05],
[[950.0,150.0,150.0],7.037946e-05],
[[950.0,200.0,200.0],7.889401e-05],
[[950.0,250.0,250.0],7.616849e-05],
[[950.0,300.0,300.0],7.656289e-05],
[[950.0,350.0,350.0],7.562529e-05],
[[950.0,400.0,400.0],7.388454e-05],
[[950.0,450.0,450.0],8.322081e-05],
[[950.0,470.0,470.0],8.395928e-05],
[[1000.0,0,0],7.291997e-05],
[[1000.0,50.0,50.0],8.277552e-05],
[[1000.0,100.0,100.0],9.230993e-05],
[[1000.0,150.0,150.0],7.543482e-05],
[[1000.0,200.0,200.0],8.719457e-05],
[[1000.0,250.0,250.0],8.399408e-05],
[[1000.0,300.0,300.0],8.201774e-05],
[[1000.0,350.0,350.0],9.455068e-05],
[[1000.0,400.0,400.0],8.035974e-05],
[[1000.0,450.0,450.0],8.434111e-05],
[[1050.0,520.0,520.0],8.922314e-05],
[[1100.0,0,0],8.868832e-05],
[[1100.0,100.0,100.0],8.584163e-05],
[[1100.0,200.0,200.0],8.383205e-05],
[[1100.0,300.0,300.0],9.078693e-05],
[[1100.0,400.0,400.0],8.72081e-05],
[[1100.0,500.0,500.0],9.651036e-05],
[[1150.0,570.0,570.0],0.000100537],
[[1200.0,0,0],0.0001109791],
[[1200.0,100.0,100.0],9.704098e-05],
[[1200.0,200.0,200.0],9.52507e-05],
[[1200.0,300.0,300.0],9.54731e-05],
[[1200.0,400.0,400.0],0.0001118524],
[[1200.0,500.0,500.0],0.0001049247],
[[1250.0,620.0,620.0],0.0001017819],
[[1300.0,0,0],0.0001093339],
[[1300.0,100.0,100.0],0.000121872],
[[1300.0,200.0,200.0],9.855707e-05],
[[1300.0,300.0,300.0],0.0001250785],
[[1300.0,400.0,400.0],9.981299e-05],
[[1300.0,500.0,500.0],0.000101428],
[[1300.0,600.0,600.0],0.00010505],
[[1350.0,670.0,670.0],0.0001160053],
[[1400.0,0,0],9.864682e-05],
[[1400.0,100.0,100.0],0.0001064906],
[[1400.0,200.0,200.0],0.000125186],
[[1400.0,300.0,300.0],0.0001132636],
[[1400.0,400.0,400.0],0.0001171835],
[[1400.0,500.0,500.0],0.0001167233],
[[1400.0,600.0,600.0],0.0001190164],
[[1450.0,720.0,720.0],0.0001108782],
[[1500.0,0,0],0.000114974],
[[1500.0,100.0,100.0],0.0001301216],
[[1500.0,200.0,200.0],0.0001254602],
[[1500.0,300.0,300.0],0.0001051626],
[[1500.0,400.0,400.0],0.0001217378],
[[1500.0,500.0,500.0],0.000126822],
[[1500.0,600.0,600.0],0.0001372115],
[[1500.0,700.0,700.0],0.0001231623],
[[1550.0,770.0,770.0],0.0001251842],
[[1600.0,0,0],0.0001281128],
[[1600.0,100.0,100.0],0.000110332],
[[1600.0,200.0,200.0],0.0001226849],
[[1600.0,300.0,300.0],0.0001148255],
[[1600.0,400.0,400.0],0.0001262198],
[[1600.0,500.0,500.0],0.0001452951],
[[1600.0,600.0,600.0],0.0001352672],
[[1600.0,700.0,700.0],0.0001650409],
[[1650.0,820.0,820.0],0.0001374077],
[[1700.0,0,0],0.0001183056],
[[1700.0,100.0,100.0],0.0001086563],
[[1700.0,200.0,200.0],0.0001251537],
[[1700.0,300.0,300.0],0.0001215174],
[[1700.0,400.0,400.0],0.0001560983],
[[1700.0,500.0,500.0],0.0001168045],
[[1700.0,600.0,600.0],0.0001163301],
[[1700.0,700.0,700.0],0.0001315357],
[[1700.0,800.0,800.0],0.0001332039],
[[1750.0,870.0,870.0],0.0001548585],
[[1800.0,0,0],0.0001223264],
[[1800.0,100.0,100.0],0.0001149646],
[[1800.0,200.0,200.0],0.0001258737],
[[1800.0,300.0,300.0],0.0001248204],
[[1800.0,400.0,400.0],0.0001361135],
[[1800.0,500.0,500.0],0.0001314177],
[[1800.0,600.0,600.0],0.0001235828],
[[1800.0,700.0,700.0],0.0001407336],
[[1800.0,800.0,800.0],0.0001443121],
[[1850.0,920.0,920.0],0.0001224588],
[[1900.0,0,0],0.0001096619],
[[1900.0,100.0,100.0],0.0001313859],
[[1900.0,200.0,200.0],0.0001223343],
[[1900.0,300.0,300.0],0.000123533],
[[1900.0,400.0,400.0],0.0001359855],
[[1900.0,500.0,500.0],0.0001418147],
[[1900.0,600.0,600.0],0.0001335884],
[[1900.0,700.0,700.0],0.000149088],
[[1900.0,800.0,800.0],0.0001348605],
[[1900.0,900.0,900.0],0.0001399453],
[[1950.0,970.0,970.0],0.0001400732],
[[2000.0,0,0],0.0001282382],
[[2000.0,100.0,100.0],0.0001414582],
[[2000.0,200.0,200.0],0.0001269394],
[[2000.0,300.0,300.0],0.0001443596],
[[2000.0,400.0,400.0],0.0001338159],
[[2000.0,500.0,500.0],0.0001289967],
[[2000.0,600.0,600.0],0.0001322296],
[[2000.0,700.0,700.0],0.0001395802],
[[2000.0,800.0,800.0],0.0001358496],
[[2000.0,900.0,900.0],0.000119815],
[[2050.0,1020.0,1020.0],0.000139152],
[[2100.0,0,0],0.0001218234],
[[2100.0,100.0,100.0],0.0001259856],
[[2100.0,200.0,200.0],0.0001252907],
[[2100.0,300.0,300.0],0.0001273084],
[[2100.0,400.0,400.0],0.0001225521],
[[2100.0,500.0,500.0],0.0001389537],
[[2100.0,600.0,600.0],0.0001478815],
[[2100.0,700.0,700.0],0.0001230123],
[[2100.0,800.0,800.0],0.0001216014],
[[2100.0,900.0,900.0],0.0001275262],
[[2100.0,1000.0,1000.0],0.0001460207],
[[2150.0,1070.0,1070.0],0.0001505186],
[[2200.0,0,0],0.0001221787],
[[2200.0,100.0,100.0],0.0001396226],
[[2200.0,200.0,200.0],0.0001319047],
[[2200.0,300.0,300.0],0.0001469352],
[[2200.0,400.0,400.0],0.0001411265],
[[2200.0,500.0,500.0],0.0001573528],
[[2200.0,600.0,600.0],0.000156073],
[[2200.0,700.0,700.0],0.0001577903],
[[2200.0,800.0,800.0],0.0001312221],
[[2200.0,900.0,900.0],0.0001343489],
[[2200.0,1000.0,1000.0],0.0001385764],
[[2250.0,1120.0,1120.0],0.0001256338],
[[2300.0,0,0],0.0001326484],
[[2300.0,100.0,100.0],0.0001359446],
[[2300.0,200.0,200.0],0.0001363279],
[[2300.0,300.0,300.0],0.0001456785],
[[2300.0,400.0,400.0],0.0001603445],
[[2300.0,500.0,500.0],0.0001419419],
[[2300.0,600.0,600.0],0.0001452144],
[[2300.0,700.0,700.0],0.0001745443],
[[2300.0,800.0,800.0],0.0001451737],
[[2300.0,900.0,900.0],0.0001469091],
[[2300.0,1000.0,1000.0],0.0001520227],
[[2300.0,1100.0,1100.0],0.0001304678],
[[2350.0,1170.0,1170.0],0.0001474919],
[[2400.0,0,0],0.0001231243],
[[2400.0,100.0,100.0],0.0001211809],
[[2400.0,200.0,200.0],0.0001320158],
[[2400.0,300.0,300.0],0.0001468768],
[[2400.0,400.0,400.0],0.0001540725],
[[2400.0,500.0,500.0],0.0001530453],
[[2400.0,600.0,600.0],0.0001303734],
[[2400.0,700.0,700.0],0.0001347308],
[[2400.0,800.0,800.0],0.0001473415],
[[2400.0,900.0,900.0],0.0001435964],
[[2400.0,1000.0,1000.0],0.0001577731],
[[2400.0,1100.0,1100.0],0.0001484805],
[[2450.0,1220.0,1220.0],0.0001427526],
[[2500.0,0,0],0.0001160125],
[[2500.0,100.0,100.0],0.0001445759],
[[2500.0,200.0,200.0],0.0001518154],
[[2500.0,300.0,300.0],0.0001477845],
[[2500.0,400.0,400.0],0.0001216397],
[[2500.0,500.0,500.0],0.0001274265],
[[2500.0,600.0,600.0],0.0001445852],
[[2500.0,700.0,700.0],0.0001364544],
[[2500.0,800.0,800.0],0.0001571515],
[[2500.0,900.0,900.0],0.0001547072],
[[2500.0,1000.0,1000.0],0.0001578048],
[[2500.0,1100.0,1100.0],0.00015042],
[[2500.0,1200.0,1200.0],0.0001359843],
[[2550.0,1270.0,1270.0],0.0001492985],
[[2600.0,0,0],0.0001227554],
[[2600.0,100.0,100.0],0.0001432566],
[[2600.0,200.0,200.0],0.0001298709],
[[2600.0,300.0,300.0],0.0001400501],
[[2600.0,400.0,400.0],0.0001277339],
[[2600.0,500.0,500.0],0.0001537507],
[[2600.0,600.0,600.0],0.0001439779],
[[2600.0,700.0,700.0],0.0001691513],
[[2600.0,800.0,800.0],0.0001494957],
[[2600.0,900.0,900.0],0.0001508013],
[[2600.0,1000.0,1000.0],0.0001511088],
[[2600.0,1100.0,1100.0],0.0001587185],
[[2600.0,1200.0,1200.0],0.0001496253],
[[2650.0,1320.0,1320.0],0.000126262],
[[2700.0,0,0],0.0001123625],
[[2700.0,100.0,100.0],0.0001204512],
[[2700.0,200.0,200.0],0.000135213],
[[2700.0,300.0,300.0],0.0001426235],
[[2700.0,400.0,400.0],0.0001369223],
[[2700.0,500.0,500.0],0.0001428008],
[[2700.0,600.0,600.0],0.0001442487],
[[2700.0,700.0,700.0],0.0001474515],
[[2700.0,800.0,800.0],0.0001426135],
[[2700.0,900.0,900.0],0.000148185],
[[2700.0,1000.0,1000.0],0.0001507166],
[[2700.0,1100.0,1100.0],0.000153466],
[[2700.0,1200.0,1200.0],0.0001489809],
[[2700.0,1300.0,1300.0],0.0001424692],
[[2750.0,1370.0,1370.0],0.0001485173],
[[2800.0,0,0],0.0001470872],
[[2800.0,100.0,100.0],0.0001455552],
[[2800.0,200.0,200.0],0.0001425492],
[[2800.0,300.0,300.0],0.0001356362],
[[2800.0,400.0,400.0],0.0001467604],
[[2800.0,500.0,500.0],0.0001589097],
[[2800.0,600.0,600.0],0.0001438063],
[[2800.0,700.0,700.0],0.0001526013],
[[2800.0,800.0,800.0],0.0001389709],
[[2800.0,900.0,900.0],0.0001450119],
[[2800.0,1000.0,1000.0],0.0001476201],
[[2800.0,1100.0,1100.0],0.0001451815],
[[2800.0,1200.0,1200.0],0.0001367393],
[[2800.0,1300.0,1300.0],0.0001470975],
[[2850.0,1420.0,1420.0],0.0001496738],
[[2900.0,0,0],0.0001289637],
[[2900.0,100.0,100.0],0.0001448097],
[[2900.0,200.0,200.0],0.0001473642],
[[2900.0,300.0,300.0],0.000141971],
[[2900.0,400.0,400.0],0.0001355475],
[[2900.0,500.0,500.0],0.0002683712],
[[2900.0,600.0,600.0],0.0001568846],
[[2900.0,700.0,700.0],0.0001337751],
[[2900.0,800.0,800.0],0.0001519431],
[[2900.0,900.0,900.0],6.722766e-05],
[[2900.0,1000.0,1000.0],0.0001635134],
[[2900.0,1100.0,1100.0],0.0001334961],
[[2900.0,1200.0,1200.0],0.0001550225],
[[2900.0,1300.0,1300.0],0.0001642944],
[[2900.0,1400.0,1400.0],0.0001579104],
[[2950.0,1470.0,1470.0],0.0001366211],
[[3000.0,0,0],0.000131944],
[[3000.0,100.0,100.0],0.000135934],
[[3000.0,200.0,200.0],0.0001338638],
[[3000.0,300.0,300.0],0.0001394458],
[[3000.0,400.0,400.0],0.0001361791],
[[3000.0,500.0,500.0],0.0001457936],
[[3000.0,600.0,600.0],0.0001388639],
[[3000.0,700.0,700.0],0.0001478679],
[[3000.0,800.0,800.0],0.0001536915],
[[3000.0,900.0,900.0],0.0001448529],
[[3000.0,1000.0,1000.0],0.000142898],
[[3000.0,1100.0,1100.0],0.0001594647],
[[3000.0,1200.0,1200.0],0.0001531263],
[[3000.0,1300.0,1300.0],0.0001501512],
[[3000.0,1400.0,1400.0],0.0001400631]]
