txName: TRV1
constraint: {(PV > Zprime(1)), (Zprime(1) > MET(2),MET(3))}
condition: None
conditionDescription: None
figureUrl: None
source: Recast by CM2
validated: True
axesMap: [{0: 'x', 1: 'y', 2: 'y'}]
dataMap: {0: (1, 'mass', GeV), 1: (2, 'mass', GeV), 2: (3, 'mass', GeV)}
finalState: ['MET', 'MET']
intermediateState: None
efficiencyMap: [[[50.0,0,0],0.0],
[[50.0,1.0,1.0],0.0],
[[50.0,10.0,10.0],0.0],
[[50.0,20.0,20.0],0.0],
[[100.0,0,0],0.0],
[[100.0,1.0,1.0],0.0],
[[100.0,10.0,10.0],0.0],
[[150.0,0,0],0.0],
[[150.0,1.0,1.0],0.0],
[[150.0,10.0,10.0],0.0],
[[150.0,50.0,50.0],0],
[[150.0,70.0,70.0],0],
[[200.0,0,0],0],
[[200.0,1.0,1.0],0.0],
[[200.0,10.0,10.0],0],
[[200.0,50.0,50.0],0],
[[200.0,75.0,75.0],0.0],
[[250.0,0,0],0],
[[250.0,1.0,1.0],0.0],
[[250.0,10.0,10.0],0.0],
[[250.0,50.0,50.0],0],
[[250.0,75.0,75.0],0],
[[250.0,100.0,100.0],0.0],
[[250.0,120.0,120.0],0],
[[300.0,0,0],0],
[[300.0,1.0,1.0],0],
[[300.0,10.0,10.0],0],
[[300.0,50.0,50.0],0],
[[300.0,75.0,75.0],0],
[[300.0,100.0,100.0],0],
[[350.0,0,0],0],
[[350.0,1.0,1.0],0],
[[350.0,10.0,10.0],0],
[[350.0,50.0,50.0],0],
[[350.0,75.0,75.0],0],
[[350.0,100.0,100.0],0],
[[350.0,150.0,150.0],0],
[[350.0,170.0,170.0],0],
[[400.0,0,0],0],
[[400.0,1.0,1.0],0],
[[400.0,10.0,10.0],0],
[[400.0,50.0,50.0],0],
[[400.0,75.0,75.0],0],
[[400.0,100.0,100.0],0],
[[400.0,150.0,150.0],0],
[[450.0,0,0],0],
[[450.0,1.0,1.0],0],
[[450.0,10.0,10.0],0],
[[450.0,50.0,50.0],0],
[[450.0,75.0,75.0],0],
[[450.0,100.0,100.0],0],
[[450.0,150.0,150.0],0],
[[450.0,200.0,200.0],0],
[[450.0,220.0,220.0],0.0],
[[500.0,0,0],0],
[[500.0,1.0,1.0],0],
[[500.0,10.0,10.0],0],
[[500.0,50.0,50.0],0],
[[500.0,75.0,75.0],0],
[[500.0,100.0,100.0],0],
[[500.0,150.0,150.0],0],
[[500.0,200.0,200.0],0],
[[550.0,1.0,1.0],0],
[[550.0,10.0,10.0],0],
[[550.0,75.0,75.0],0],
[[550.0,150.0,150.0],0],
[[550.0,200.0,200.0],0],
[[550.0,250.0,250.0],0],
[[550.0,270.0,270.0],0],
[[600.0,0,0],0],
[[600.0,1.0,1.0],0],
[[600.0,10.0,10.0],0],
[[600.0,50.0,50.0],0],
[[600.0,75.0,75.0],2.357468e-06],
[[600.0,100.0,100.0],0],
[[600.0,150.0,150.0],0],
[[600.0,200.0,200.0],0],
[[600.0,250.0,250.0],0],
[[600.0,295.0,295.0],0],
[[650.0,1.0,1.0],0],
[[650.0,10.0,10.0],0],
[[650.0,75.0,75.0],1.910493e-06],
[[650.0,150.0,150.0],0],
[[650.0,200.0,200.0],0],
[[650.0,250.0,250.0],0],
[[650.0,300.0,300.0],0],
[[650.0,320.0,320.0],2.683131e-06],
[[700.0,0,0],0],
[[700.0,1.0,1.0],0],
[[700.0,10.0,10.0],0],
[[700.0,50.0,50.0],0],
[[700.0,75.0,75.0],0],
[[700.0,100.0,100.0],0],
[[700.0,150.0,150.0],0],
[[700.0,200.0,200.0],1.826948e-06],
[[700.0,250.0,250.0],0],
[[700.0,300.0,300.0],0],
[[750.0,1.0,1.0],0],
[[750.0,10.0,10.0],2.627111e-06],
[[750.0,75.0,75.0],2.350748e-06],
[[750.0,150.0,150.0],0],
[[750.0,200.0,200.0],1.833197e-06],
[[750.0,250.0,250.0],2.123215e-06],
[[750.0,300.0,300.0],0],
[[750.0,350.0,350.0],2.02032e-06],
[[750.0,370.0,370.0],1.686015e-06],
[[800.0,0,0],0],
[[800.0,1.0,1.0],0],
[[800.0,10.0,10.0],0],
[[800.0,50.0,50.0],2.410192e-06],
[[800.0,75.0,75.0],1.859939e-06],
[[800.0,100.0,100.0],0],
[[800.0,150.0,150.0],2.889003e-06],
[[800.0,200.0,200.0],1.740796e-06],
[[800.0,250.0,250.0],0],
[[800.0,300.0,300.0],0],
[[800.0,350.0,350.0],2.670778e-06],
[[850.0,1.0,1.0],0],
[[850.0,10.0,10.0],2.237368e-06],
[[850.0,75.0,75.0],1.801366e-06],
[[850.0,150.0,150.0],0],
[[850.0,200.0,200.0],3.119761e-06],
[[850.0,250.0,250.0],1.770238e-06],
[[850.0,300.0,300.0],2.448601e-06],
[[850.0,350.0,350.0],1.968994e-06],
[[850.0,400.0,400.0],3.687655e-06],
[[850.0,420.0,420.0],2.097099e-06],
[[900.0,0,0],2.960506e-06],
[[900.0,1.0,1.0],1.642942e-06],
[[900.0,10.0,10.0],1.967172e-06],
[[900.0,50.0,50.0],1.964503e-06],
[[900.0,75.0,75.0],2.716956e-06],
[[900.0,100.0,100.0],0],
[[900.0,150.0,150.0],3.157058e-06],
[[900.0,200.0,200.0],2.267927e-06],
[[900.0,250.0,250.0],2.368754e-06],
[[900.0,300.0,300.0],0],
[[900.0,350.0,350.0],0],
[[900.0,400.0,400.0],4.15695e-06],
[[950.0,1.0,1.0],2.047941e-06],
[[950.0,10.0,10.0],2.760517e-06],
[[950.0,75.0,75.0],3.176772e-06],
[[950.0,150.0,150.0],0],
[[950.0,200.0,200.0],2.773586e-06],
[[950.0,250.0,250.0],0],
[[950.0,300.0,300.0],3.056942e-06],
[[950.0,350.0,350.0],2.912421e-06],
[[950.0,400.0,400.0],0],
[[950.0,450.0,450.0],2.534152e-06],
[[950.0,470.0,470.0],2.531042e-06],
[[1000.0,0,0],2.371483e-06],
[[1000.0,50.0,50.0],4.494206e-06],
[[1000.0,100.0,100.0],2.562154e-06],
[[1000.0,150.0,150.0],2.561274e-06],
[[1000.0,200.0,200.0],1.979613e-06],
[[1000.0,250.0,250.0],3.225655e-06],
[[1000.0,300.0,300.0],3.377805e-06],
[[1000.0,350.0,350.0],2.808495e-06],
[[1000.0,400.0,400.0],0],
[[1000.0,450.0,450.0],0],
[[1050.0,520.0,520.0],3.922724e-06],
[[1100.0,0,0],1.763484e-06],
[[1100.0,100.0,100.0],3.675325e-06],
[[1100.0,200.0,200.0],3.205225e-06],
[[1100.0,300.0,300.0],3.608569e-06],
[[1100.0,400.0,400.0],2.104632e-06],
[[1100.0,500.0,500.0],4.014231e-06],
[[1150.0,570.0,570.0],5.539558e-06],
[[1200.0,0,0],4.454385e-06],
[[1200.0,100.0,100.0],4.642563e-06],
[[1200.0,200.0,200.0],3.007423e-06],
[[1200.0,300.0,300.0],3.62782e-06],
[[1200.0,400.0,400.0],4.11494e-06],
[[1200.0,500.0,500.0],3.362705e-06],
[[1250.0,620.0,620.0],3.998314e-06],
[[1300.0,0,0],4.374266e-06],
[[1300.0,100.0,100.0],6.502977e-06],
[[1300.0,200.0,200.0],7.072142e-06],
[[1300.0,300.0,300.0],3.610327e-06],
[[1300.0,400.0,400.0],2.400056e-06],
[[1300.0,500.0,500.0],6.85184e-06],
[[1300.0,600.0,600.0],4.316139e-06],
[[1350.0,670.0,670.0],6.307758e-06],
[[1400.0,0,0],5.706543e-06],
[[1400.0,100.0,100.0],5.344087e-06],
[[1400.0,200.0,200.0],5.5063e-06],
[[1400.0,300.0,300.0],4.976456e-06],
[[1400.0,400.0,400.0],5.029748e-06],
[[1400.0,500.0,500.0],4.215915e-06],
[[1400.0,600.0,600.0],4.555755e-06],
[[1450.0,720.0,720.0],4.107167e-06],
[[1500.0,0,0],7.284689e-06],
[[1500.0,100.0,100.0],4.132055e-06],
[[1500.0,200.0,200.0],4.882709e-06],
[[1500.0,300.0,300.0],4.038566e-06],
[[1500.0,400.0,400.0],5.208162e-06],
[[1500.0,500.0,500.0],3.406981e-06],
[[1500.0,600.0,600.0],5.204105e-06],
[[1500.0,700.0,700.0],5.600045e-06],
[[1550.0,770.0,770.0],5.288866e-06],
[[1600.0,0,0],3.707862e-06],
[[1600.0,100.0,100.0],2.754103e-06],
[[1600.0,200.0,200.0],6.091723e-06],
[[1600.0,300.0,300.0],4.452849e-06],
[[1600.0,400.0,400.0],6.49585e-06],
[[1600.0,500.0,500.0],4.894711e-06],
[[1600.0,600.0,600.0],5.410454e-06],
[[1600.0,700.0,700.0],3.458095e-06],
[[1650.0,820.0,820.0],3.734311e-06],
[[1700.0,0,0],7.828169e-06],
[[1700.0,100.0,100.0],4.068241e-06],
[[1700.0,200.0,200.0],5.554151e-06],
[[1700.0,300.0,300.0],6.744046e-06],
[[1700.0,400.0,400.0],3.053361e-06],
[[1700.0,500.0,500.0],7.396325e-06],
[[1700.0,600.0,600.0],7.499489e-06],
[[1700.0,700.0,700.0],1.354327e-05],
[[1700.0,800.0,800.0],4.05889e-06],
[[1750.0,870.0,870.0],9.416209e-06],
[[1800.0,0,0],4.279915e-06],
[[1800.0,100.0,100.0],7.60336e-06],
[[1800.0,200.0,200.0],8.705498e-06],
[[1800.0,300.0,300.0],1.227854e-05],
[[1800.0,400.0,400.0],9.732147e-06],
[[1800.0,500.0,500.0],7.567243e-06],
[[1800.0,600.0,600.0],5.977262e-06],
[[1800.0,700.0,700.0],1.177414e-05],
[[1800.0,800.0,800.0],4.378407e-06],
[[1850.0,920.0,920.0],4.577644e-06],
[[1900.0,0,0],8.536384e-06],
[[1900.0,100.0,100.0],4.652181e-06],
[[1900.0,200.0,200.0],6.032454e-06],
[[1900.0,300.0,300.0],6.011293e-06],
[[1900.0,400.0,400.0],6.834655e-06],
[[1900.0,500.0,500.0],4.699777e-06],
[[1900.0,600.0,600.0],1.103372e-05],
[[1900.0,700.0,700.0],1.289845e-05],
[[1900.0,800.0,800.0],1.314404e-05],
[[1900.0,900.0,900.0],5.243713e-06],
[[1950.0,970.0,970.0],1.674971e-05],
[[2000.0,0,0],7.868565e-06],
[[2000.0,100.0,100.0],5.541061e-06],
[[2000.0,200.0,200.0],3.588062e-06],
[[2000.0,300.0,300.0],7.411596e-06],
[[2000.0,400.0,400.0],4.410196e-06],
[[2000.0,500.0,500.0],9.394059e-06],
[[2000.0,600.0,600.0],8.979421e-06],
[[2000.0,700.0,700.0],8.93441e-06],
[[2000.0,800.0,800.0],5.946842e-06],
[[2000.0,900.0,900.0],7.557727e-06],
[[2050.0,1020.0,1020.0],5.715724e-06],
[[2100.0,0,0],7.131062e-06],
[[2100.0,100.0,100.0],6.77684e-06],
[[2100.0,200.0,200.0],8.124391e-06],
[[2100.0,300.0,300.0],4.991912e-06],
[[2100.0,400.0,400.0],9.806141e-06],
[[2100.0,500.0,500.0],8.878726e-06],
[[2100.0,600.0,600.0],3.881916e-06],
[[2100.0,700.0,700.0],4.162666e-06],
[[2100.0,800.0,800.0],6.784566e-06],
[[2100.0,900.0,900.0],9.885045e-06],
[[2100.0,1000.0,1000.0],6.541154e-06],
[[2150.0,1070.0,1070.0],5.910866e-06],
[[2200.0,0,0],8.216559e-06],
[[2200.0,100.0,100.0],9.546042e-06],
[[2200.0,200.0,200.0],7.452606e-06],
[[2200.0,300.0,300.0],6.372475e-06],
[[2200.0,400.0,400.0],4.004083e-06],
[[2200.0,500.0,500.0],4.914487e-06],
[[2200.0,600.0,600.0],6.333726e-06],
[[2200.0,700.0,700.0],8.045384e-06],
[[2200.0,800.0,800.0],6.233077e-06],
[[2200.0,900.0,900.0],7.812776e-06],
[[2200.0,1000.0,1000.0],6.836369e-06],
[[2250.0,1120.0,1120.0],4.323668e-06],
[[2300.0,0,0],1.045682e-05],
[[2300.0,100.0,100.0],5.634233e-06],
[[2300.0,200.0,200.0],5.357508e-06],
[[2300.0,300.0,300.0],9.273788e-06],
[[2300.0,400.0,400.0],3.647749e-06],
[[2300.0,500.0,500.0],1.018078e-05],
[[2300.0,600.0,600.0],4.788329e-06],
[[2300.0,700.0,700.0],1.135284e-05],
[[2300.0,800.0,800.0],9.382681e-06],
[[2300.0,900.0,900.0],6.213507e-06],
[[2300.0,1000.0,1000.0],6.21051e-06],
[[2300.0,1100.0,1100.0],1.030632e-05],
[[2350.0,1170.0,1170.0],1.12082e-05],
[[2400.0,0,0],8.113862e-06],
[[2400.0,100.0,100.0],9.63932e-06],
[[2400.0,200.0,200.0],6.058445e-06],
[[2400.0,300.0,300.0],6.863299e-06],
[[2400.0,400.0,400.0],7.849215e-06],
[[2400.0,500.0,500.0],4.159059e-06],
[[2400.0,600.0,600.0],7.462495e-06],
[[2400.0,700.0,700.0],8.313913e-06],
[[2400.0,800.0,800.0],6.154586e-06],
[[2400.0,900.0,900.0],9.617813e-06],
[[2400.0,1000.0,1000.0],3.943655e-06],
[[2400.0,1100.0,1100.0],8.883973e-06],
[[2450.0,1220.0,1220.0],1.004668e-05],
[[2500.0,0,0],6.160284e-06],
[[2500.0,100.0,100.0],5.313017e-06],
[[2500.0,200.0,200.0],9.228474e-06],
[[2500.0,300.0,300.0],3.961084e-06],
[[2500.0,400.0,400.0],6.168696e-06],
[[2500.0,500.0,500.0],6.552498e-06],
[[2500.0,600.0,600.0],6.428154e-06],
[[2500.0,700.0,700.0],1.76808e-05],
[[2500.0,800.0,800.0],6.811016e-06],
[[2500.0,900.0,900.0],1.184846e-05],
[[2500.0,1000.0,1000.0],8.745091e-06],
[[2500.0,1100.0,1100.0],7.611531e-06],
[[2500.0,1200.0,1200.0],5.722116e-06],
[[2550.0,1270.0,1270.0],1.621486e-05],
[[2600.0,0,0],4.328335e-06],
[[2600.0,100.0,100.0],1.125262e-05],
[[2600.0,200.0,200.0],7.034483e-06],
[[2600.0,300.0,300.0],7.244579e-06],
[[2600.0,400.0,400.0],4.827246e-06],
[[2600.0,500.0,500.0],8.077392e-06],
[[2600.0,600.0,600.0],5.825592e-06],
[[2600.0,700.0,700.0],1.011754e-05],
[[2600.0,800.0,800.0],7.388219e-06],
[[2600.0,900.0,900.0],7.078388e-06],
[[2600.0,1000.0,1000.0],8.522458e-06],
[[2600.0,1100.0,1100.0],6.51676e-06],
[[2600.0,1200.0,1200.0],2.712398e-06],
[[2650.0,1320.0,1320.0],8.505097e-06],
[[2700.0,0,0],8.381931e-06],
[[2700.0,100.0,100.0],8.943671e-06],
[[2700.0,200.0,200.0],5.381511e-06],
[[2700.0,300.0,300.0],3.355057e-06],
[[2700.0,400.0,400.0],8.151418e-06],
[[2700.0,500.0,500.0],7.068728e-06],
[[2700.0,600.0,600.0],5.538519e-06],
[[2700.0,700.0,700.0],7.98192e-06],
[[2700.0,800.0,800.0],7.407589e-06],
[[2700.0,900.0,900.0],7.850482e-06],
[[2700.0,1000.0,1000.0],8.308157e-06],
[[2700.0,1100.0,1100.0],8.136606e-06],
[[2700.0,1200.0,1200.0],5.311112e-06],
[[2700.0,1300.0,1300.0],5.663642e-06],
[[2750.0,1370.0,1370.0],7.624128e-06],
[[2800.0,0,0],1.112104e-05],
[[2800.0,100.0,100.0],1.332483e-05],
[[2800.0,200.0,200.0],6.846924e-06],
[[2800.0,300.0,300.0],3.114317e-06],
[[2800.0,400.0,400.0],6.871778e-06],
[[2800.0,500.0,500.0],8.662106e-06],
[[2800.0,600.0,600.0],8.730223e-06],
[[2800.0,700.0,700.0],8.282241e-06],
[[2800.0,800.0,800.0],8.027247e-06],
[[2800.0,900.0,900.0],6.695605e-06],
[[2800.0,1000.0,1000.0],1.000951e-05],
[[2800.0,1100.0,1100.0],5.299114e-06],
[[2800.0,1200.0,1200.0],7.260827e-06],
[[2800.0,1300.0,1300.0],8.021753e-06],
[[2850.0,1420.0,1420.0],5.504186e-06],
[[2900.0,0,0],2.9112e-06],
[[2900.0,100.0,100.0],5.241915e-06],
[[2900.0,200.0,200.0],6.979715e-06],
[[2900.0,300.0,300.0],3.374623e-06],
[[2900.0,400.0,400.0],3.334746e-06],
[[2900.0,500.0,500.0],2.106689e-05],
[[2900.0,600.0,600.0],9.17408e-06],
[[2900.0,700.0,700.0],3.934593e-06],
[[2900.0,800.0,800.0],5.800707e-06],
[[2900.0,900.0,900.0],2.978219e-06],
[[2900.0,1000.0,1000.0],1.01936e-05],
[[2900.0,1100.0,1100.0],4.984799e-06],
[[2900.0,1200.0,1200.0],8.539884e-06],
[[2900.0,1300.0,1300.0],6.994256e-06],
[[2900.0,1400.0,1400.0],8.151972e-06],
[[2950.0,1470.0,1470.0],8.544683e-06],
[[3000.0,0,0],4.885008e-06],
[[3000.0,100.0,100.0],8.454519e-06],
[[3000.0,200.0,200.0],5.09663e-06],
[[3000.0,300.0,300.0],8.697874e-06],
[[3000.0,400.0,400.0],9.531559e-06],
[[3000.0,500.0,500.0],7.790598e-06],
[[3000.0,600.0,600.0],7.640766e-06],
[[3000.0,700.0,700.0],5.410213e-06],
[[3000.0,800.0,800.0],9.717935e-06],
[[3000.0,900.0,900.0],1.267075e-05],
[[3000.0,1000.0,1000.0],8.086328e-06],
[[3000.0,1100.0,1100.0],1.018475e-05],
[[3000.0,1200.0,1200.0],7.383679e-06],
[[3000.0,1300.0,1300.0],6.084475e-06],
[[3000.0,1400.0,1400.0],4.732395e-06]]
