txName: TRV1
constraint: {(PV > Zprime(1)), (Zprime(1) > MET(2),MET(3))}
condition: None
conditionDescription: None
figureUrl: None
source: Recast by CM2
validated: True
axesMap: [{0: 'x', 1: 'y', 2: 'y'}]
dataMap: {0: (1, 'mass', GeV), 1: (2, 'mass', GeV), 2: (3, 'mass', GeV)}
finalState: ['MET', 'MET']
intermediateState: None
efficiencyMap: [[[50.0,0,0],0],
[[50.0,1.0,1.0],0],
[[50.0,10.0,10.0],0.0],
[[50.0,20.0,20.0],0],
[[100.0,0,0],0],
[[100.0,1.0,1.0],0],
[[100.0,10.0,10.0],0],
[[150.0,0,0],0],
[[150.0,1.0,1.0],0],
[[150.0,10.0,10.0],0],
[[150.0,50.0,50.0],0],
[[150.0,70.0,70.0],0],
[[200.0,0,0],0],
[[200.0,1.0,1.0],0],
[[200.0,10.0,10.0],0],
[[200.0,50.0,50.0],0],
[[200.0,75.0,75.0],0],
[[250.0,0,0],9.760713e-06],
[[250.0,1.0,1.0],2.131762e-06],
[[250.0,10.0,10.0],2.581053e-06],
[[250.0,50.0,50.0],0],
[[250.0,75.0,75.0],0],
[[250.0,100.0,100.0],2.896672e-06],
[[250.0,120.0,120.0],3.40918e-06],
[[300.0,0,0],4.264519e-06],
[[300.0,1.0,1.0],3.090953e-06],
[[300.0,10.0,10.0],4.990768e-06],
[[300.0,50.0,50.0],1.132998e-05],
[[300.0,75.0,75.0],2.39509e-06],
[[300.0,100.0,100.0],4.798301e-06],
[[350.0,0,0],6.791979e-06],
[[350.0,1.0,1.0],4.625331e-06],
[[350.0,10.0,10.0],6.059795e-06],
[[350.0,50.0,50.0],1.05248e-05],
[[350.0,75.0,75.0],8.004928e-06],
[[350.0,100.0,100.0],5.623069e-06],
[[350.0,150.0,150.0],8.589444e-06],
[[350.0,170.0,170.0],7.826155e-06],
[[400.0,0,0],7.070778e-06],
[[400.0,1.0,1.0],7.495692e-06],
[[400.0,10.0,10.0],7.64147e-06],
[[400.0,50.0,50.0],8.478581e-06],
[[400.0,75.0,75.0],6.14306e-06],
[[400.0,100.0,100.0],6.849638e-06],
[[400.0,150.0,150.0],7.975033e-06],
[[450.0,0,0],9.067448e-06],
[[450.0,1.0,1.0],9.327991e-06],
[[450.0,10.0,10.0],1.521834e-05],
[[450.0,50.0,50.0],1.333679e-05],
[[450.0,75.0,75.0],1.233341e-05],
[[450.0,100.0,100.0],1.178353e-05],
[[450.0,150.0,150.0],1.20706e-05],
[[450.0,200.0,200.0],1.666437e-05],
[[450.0,220.0,220.0],1.18165e-05],
[[500.0,0,0],1.391713e-05],
[[500.0,1.0,1.0],3.18708e-05],
[[500.0,10.0,10.0],1.321901e-05],
[[500.0,50.0,50.0],1.418471e-05],
[[500.0,75.0,75.0],1.570605e-05],
[[500.0,100.0,100.0],1.521948e-05],
[[500.0,150.0,150.0],1.64461e-05],
[[500.0,200.0,200.0],1.703645e-05],
[[550.0,1.0,1.0],1.998541e-05],
[[550.0,10.0,10.0],1.329625e-05],
[[550.0,75.0,75.0],1.578508e-05],
[[550.0,150.0,150.0],1.804178e-05],
[[550.0,200.0,200.0],1.568457e-05],
[[550.0,250.0,250.0],2.107508e-05],
[[550.0,270.0,270.0],2.51327e-05],
[[600.0,0,0],2.116097e-05],
[[600.0,1.0,1.0],2.015733e-05],
[[600.0,10.0,10.0],2.589483e-05],
[[600.0,50.0,50.0],2.25348e-05],
[[600.0,75.0,75.0],2.705692e-05],
[[600.0,100.0,100.0],2.485733e-05],
[[600.0,150.0,150.0],1.959853e-05],
[[600.0,200.0,200.0],2.733143e-05],
[[600.0,250.0,250.0],3.2102e-05],
[[600.0,295.0,295.0],3.293783e-05],
[[650.0,1.0,1.0],2.285974e-05],
[[650.0,10.0,10.0],3.178975e-05],
[[650.0,75.0,75.0],4.363784e-05],
[[650.0,150.0,150.0],3.902326e-05],
[[650.0,200.0,200.0],2.723435e-05],
[[650.0,250.0,250.0],4.272056e-05],
[[650.0,300.0,300.0],2.779529e-05],
[[650.0,320.0,320.0],3.330142e-05],
[[700.0,0,0],3.343015e-05],
[[700.0,1.0,1.0],3.582487e-05],
[[700.0,10.0,10.0],3.341765e-05],
[[700.0,50.0,50.0],3.000387e-05],
[[700.0,75.0,75.0],3.180588e-05],
[[700.0,100.0,100.0],1.765094e-05],
[[700.0,150.0,150.0],3.438792e-05],
[[700.0,200.0,200.0],6.046936e-05],
[[700.0,250.0,250.0],3.473851e-05],
[[700.0,300.0,300.0],3.118828e-05],
[[750.0,1.0,1.0],3.258271e-05],
[[750.0,10.0,10.0],3.966591e-05],
[[750.0,75.0,75.0],4.247717e-05],
[[750.0,150.0,150.0],4.368055e-05],
[[750.0,200.0,200.0],3.401191e-05],
[[750.0,250.0,250.0],3.376896e-05],
[[750.0,300.0,300.0],4.730556e-05],
[[750.0,350.0,350.0],4.17456e-05],
[[750.0,370.0,370.0],3.379603e-05],
[[800.0,0,0],5.346476e-05],
[[800.0,1.0,1.0],4.408167e-05],
[[800.0,10.0,10.0],5.188313e-05],
[[800.0,50.0,50.0],4.217669e-05],
[[800.0,75.0,75.0],4.579851e-05],
[[800.0,100.0,100.0],4.173804e-05],
[[800.0,150.0,150.0],4.447115e-05],
[[800.0,200.0,200.0],5.522731e-05],
[[800.0,250.0,250.0],4.571602e-05],
[[800.0,300.0,300.0],6.9664e-05],
[[800.0,350.0,350.0],4.867029e-05],
[[850.0,1.0,1.0],5.250746e-05],
[[850.0,10.0,10.0],4.841142e-05],
[[850.0,75.0,75.0],5.463956e-05],
[[850.0,150.0,150.0],5.728277e-05],
[[850.0,200.0,200.0],7.328354e-05],
[[850.0,250.0,250.0],5.707376e-05],
[[850.0,300.0,300.0],5.454526e-05],
[[850.0,350.0,350.0],5.970722e-05],
[[850.0,400.0,400.0],7.72339e-05],
[[850.0,420.0,420.0],8.99178e-05],
[[900.0,0,0],4.825172e-05],
[[900.0,1.0,1.0],5.376274e-05],
[[900.0,10.0,10.0],5.61843e-05],
[[900.0,50.0,50.0],4.735533e-05],
[[900.0,75.0,75.0],6.18839e-05],
[[900.0,100.0,100.0],5.742835e-05],
[[900.0,150.0,150.0],7.50321e-05],
[[900.0,200.0,200.0],5.538053e-05],
[[900.0,250.0,250.0],5.984489e-05],
[[900.0,300.0,300.0],6.532513e-05],
[[900.0,350.0,350.0],5.2168e-05],
[[900.0,400.0,400.0],7.461605e-05],
[[950.0,1.0,1.0],6.604527e-05],
[[950.0,10.0,10.0],6.062491e-05],
[[950.0,75.0,75.0],6.069489e-05],
[[950.0,150.0,150.0],6.951905e-05],
[[950.0,200.0,200.0],6.086142e-05],
[[950.0,250.0,250.0],5.653067e-05],
[[950.0,300.0,300.0],6.426401e-05],
[[950.0,350.0,350.0],9.15e-05],
[[950.0,400.0,400.0],6.50023e-05],
[[950.0,450.0,450.0],6.755858e-05],
[[950.0,470.0,470.0],8.030154e-05],
[[1000.0,0,0],6.134676e-05],
[[1000.0,50.0,50.0],6.941543e-05],
[[1000.0,100.0,100.0],6.101066e-05],
[[1000.0,150.0,150.0],5.557227e-05],
[[1000.0,200.0,200.0],7.004612e-05],
[[1000.0,250.0,250.0],6.41367e-05],
[[1000.0,300.0,300.0],7.962755e-05],
[[1000.0,350.0,350.0],8.34886e-05],
[[1000.0,400.0,400.0],6.317595e-05],
[[1000.0,450.0,450.0],6.686123e-05],
[[1050.0,520.0,520.0],8.509695e-05],
[[1100.0,0,0],9.335941e-05],
[[1100.0,100.0,100.0],8.639125e-05],
[[1100.0,200.0,200.0],8.087235e-05],
[[1100.0,300.0,300.0],9.171156e-05],
[[1100.0,400.0,400.0],8.247169e-05],
[[1100.0,500.0,500.0],7.916505e-05],
[[1150.0,570.0,570.0],0.000101125],
[[1200.0,0,0],9.066126e-05],
[[1200.0,100.0,100.0],0.0001104234],
[[1200.0,200.0,200.0],7.72395e-05],
[[1200.0,300.0,300.0],0.0001227656],
[[1200.0,400.0,400.0],0.0001069282],
[[1200.0,500.0,500.0],0.0001094123],
[[1250.0,620.0,620.0],0.0001245265],
[[1300.0,0,0],0.0001264635],
[[1300.0,100.0,100.0],9.470719e-05],
[[1300.0,200.0,200.0],0.000106602],
[[1300.0,300.0,300.0],9.509969e-05],
[[1300.0,400.0,400.0],0.0001162846],
[[1300.0,500.0,500.0],0.0001163638],
[[1300.0,600.0,600.0],0.000100355],
[[1350.0,670.0,670.0],0.0001385174],
[[1400.0,0,0],0.0001099764],
[[1400.0,100.0,100.0],0.0001182481],
[[1400.0,200.0,200.0],0.0001201331],
[[1400.0,300.0,300.0],0.0001089635],
[[1400.0,400.0,400.0],0.0001135131],
[[1400.0,500.0,500.0],0.0001322382],
[[1400.0,600.0,600.0],0.0001474895],
[[1450.0,720.0,720.0],0.0001123255],
[[1500.0,0,0],0.0001303363],
[[1500.0,100.0,100.0],0.0001177746],
[[1500.0,200.0,200.0],0.0001259451],
[[1500.0,300.0,300.0],0.000155211],
[[1500.0,400.0,400.0],0.0001341653],
[[1500.0,500.0,500.0],0.0001310394],
[[1500.0,600.0,600.0],0.0001426192],
[[1500.0,700.0,700.0],0.0001583952],
[[1550.0,770.0,770.0],0.0001594106],
[[1600.0,0,0],0.0001588558],
[[1600.0,100.0,100.0],0.0001385043],
[[1600.0,200.0,200.0],0.0001395162],
[[1600.0,300.0,300.0],0.0001291675],
[[1600.0,400.0,400.0],0.0001459254],
[[1600.0,500.0,500.0],0.0001617186],
[[1600.0,600.0,600.0],0.0001554396],
[[1600.0,700.0,700.0],0.0001474716],
[[1650.0,820.0,820.0],0.0001996818],
[[1700.0,0,0],0.0001736261],
[[1700.0,100.0,100.0],0.00014519],
[[1700.0,200.0,200.0],0.0001164711],
[[1700.0,300.0,300.0],0.0001532767],
[[1700.0,400.0,400.0],0.000191104],
[[1700.0,500.0,500.0],0.0001620413],
[[1700.0,600.0,600.0],0.0001668438],
[[1700.0,700.0,700.0],0.0002105097],
[[1700.0,800.0,800.0],0.0001613228],
[[1750.0,870.0,870.0],0.0001906457],
[[1800.0,0,0],0.0001819605],
[[1800.0,100.0,100.0],0.0001846955],
[[1800.0,200.0,200.0],0.0001663792],
[[1800.0,300.0,300.0],0.0001881595],
[[1800.0,400.0,400.0],0.0001599253],
[[1800.0,500.0,500.0],0.0001651224],
[[1800.0,600.0,600.0],0.0001924017],
[[1800.0,700.0,700.0],0.0002364815],
[[1800.0,800.0,800.0],0.0001862225],
[[1850.0,920.0,920.0],0.0001714078],
[[1900.0,0,0],0.0001683315],
[[1900.0,100.0,100.0],0.0001715461],
[[1900.0,200.0,200.0],0.0002003937],
[[1900.0,300.0,300.0],0.0001835637],
[[1900.0,400.0,400.0],0.0002011917],
[[1900.0,500.0,500.0],0.0002123033],
[[1900.0,600.0,600.0],0.000167337],
[[1900.0,700.0,700.0],0.0002304512],
[[1900.0,800.0,800.0],0.0001989515],
[[1900.0,900.0,900.0],0.000185333],
[[1950.0,970.0,970.0],0.0002101137],
[[2000.0,0,0],0.00017137],
[[2000.0,100.0,100.0],0.0001916447],
[[2000.0,200.0,200.0],0.0001883462],
[[2000.0,300.0,300.0],0.0001869047],
[[2000.0,400.0,400.0],0.0001959261],
[[2000.0,500.0,500.0],0.0001753585],
[[2000.0,600.0,600.0],0.0001787998],
[[2000.0,700.0,700.0],0.0002011906],
[[2000.0,800.0,800.0],0.000204634],
[[2000.0,900.0,900.0],0.0001985369],
[[2050.0,1020.0,1020.0],0.0002331529],
[[2100.0,0,0],0.0001825774],
[[2100.0,100.0,100.0],0.0001994898],
[[2100.0,200.0,200.0],0.0002085023],
[[2100.0,300.0,300.0],0.0001861862],
[[2100.0,400.0,400.0],0.0002249617],
[[2100.0,500.0,500.0],0.0001786964],
[[2100.0,600.0,600.0],0.0001994881],
[[2100.0,700.0,700.0],0.0002470363],
[[2100.0,800.0,800.0],0.000217193],
[[2100.0,900.0,900.0],0.0001815556],
[[2100.0,1000.0,1000.0],0.0002359665],
[[2150.0,1070.0,1070.0],0.0002098619],
[[2200.0,0,0],0.0002109921],
[[2200.0,100.0,100.0],0.0002105633],
[[2200.0,200.0,200.0],0.000186826],
[[2200.0,300.0,300.0],0.00021745],
[[2200.0,400.0,400.0],0.000210704],
[[2200.0,500.0,500.0],0.0002278699],
[[2200.0,600.0,600.0],0.0002002107],
[[2200.0,700.0,700.0],0.0002063513],
[[2200.0,800.0,800.0],0.0001899075],
[[2200.0,900.0,900.0],0.0002106538],
[[2200.0,1000.0,1000.0],0.0002263871],
[[2250.0,1120.0,1120.0],0.0002628836],
[[2300.0,0,0],0.0002124807],
[[2300.0,100.0,100.0],0.0002142842],
[[2300.0,200.0,200.0],0.0002408905],
[[2300.0,300.0,300.0],0.0002477912],
[[2300.0,400.0,400.0],0.0002501471],
[[2300.0,500.0,500.0],0.0002302641],
[[2300.0,600.0,600.0],0.0002174982],
[[2300.0,700.0,700.0],0.0001936414],
[[2300.0,800.0,800.0],0.0002175777],
[[2300.0,900.0,900.0],0.0002250747],
[[2300.0,1000.0,1000.0],0.0002607124],
[[2300.0,1100.0,1100.0],0.0002436143],
[[2350.0,1170.0,1170.0],0.0002886965],
[[2400.0,0,0],0.0002162373],
[[2400.0,100.0,100.0],0.0002382795],
[[2400.0,200.0,200.0],0.0002019068],
[[2400.0,300.0,300.0],0.0002251681],
[[2400.0,400.0,400.0],0.0002504875],
[[2400.0,500.0,500.0],0.0002109637],
[[2400.0,600.0,600.0],0.00020569],
[[2400.0,700.0,700.0],0.0002202559],
[[2400.0,800.0,800.0],0.0002673074],
[[2400.0,900.0,900.0],0.0002386842],
[[2400.0,1000.0,1000.0],0.0002465455],
[[2400.0,1100.0,1100.0],0.0002380914],
[[2450.0,1220.0,1220.0],0.0002922079],
[[2500.0,0,0],0.0002193903],
[[2500.0,100.0,100.0],0.0002363788],
[[2500.0,200.0,200.0],0.0002689125],
[[2500.0,300.0,300.0],0.0002230087],
[[2500.0,400.0,400.0],0.0002332081],
[[2500.0,500.0,500.0],0.0002184463],
[[2500.0,600.0,600.0],0.0002631393],
[[2500.0,700.0,700.0],0.0002774327],
[[2500.0,800.0,800.0],0.000214222],
[[2500.0,900.0,900.0],0.00025775],
[[2500.0,1000.0,1000.0],0.0002387515],
[[2500.0,1100.0,1100.0],0.0002582661],
[[2500.0,1200.0,1200.0],0.0002429317],
[[2550.0,1270.0,1270.0],0.0003062609],
[[2600.0,0,0],0.0002257705],
[[2600.0,100.0,100.0],0.0002159632],
[[2600.0,200.0,200.0],0.0002348684],
[[2600.0,300.0,300.0],0.0001982161],
[[2600.0,400.0,400.0],0.0002758864],
[[2600.0,500.0,500.0],0.0002383675],
[[2600.0,600.0,600.0],0.0002273294],
[[2600.0,700.0,700.0],0.0002458192],
[[2600.0,800.0,800.0],0.0002573819],
[[2600.0,900.0,900.0],0.000234921],
[[2600.0,1000.0,1000.0],0.0002564797],
[[2600.0,1100.0,1100.0],0.0002518367],
[[2600.0,1200.0,1200.0],0.0002337581],
[[2650.0,1320.0,1320.0],0.000242351],
[[2700.0,0,0],0.0002216338],
[[2700.0,100.0,100.0],0.0002233572],
[[2700.0,200.0,200.0],0.0002211855],
[[2700.0,300.0,300.0],0.0002430061],
[[2700.0,400.0,400.0],0.0002341679],
[[2700.0,500.0,500.0],0.0002350974],
[[2700.0,600.0,600.0],0.000216056],
[[2700.0,700.0,700.0],0.0002217554],
[[2700.0,800.0,800.0],0.0002537853],
[[2700.0,900.0,900.0],0.0002330364],
[[2700.0,1000.0,1000.0],0.0002634198],
[[2700.0,1100.0,1100.0],0.0002370287],
[[2700.0,1200.0,1200.0],0.0002304148],
[[2700.0,1300.0,1300.0],0.0002420062],
[[2750.0,1370.0,1370.0],0.0002877994],
[[2800.0,0,0],0.0002063673],
[[2800.0,100.0,100.0],0.0002260072],
[[2800.0,200.0,200.0],0.0002348163],
[[2800.0,300.0,300.0],0.0001918125],
[[2800.0,400.0,400.0],0.0002511901],
[[2800.0,500.0,500.0],0.0002500092],
[[2800.0,600.0,600.0],0.0002775715],
[[2800.0,700.0,700.0],0.0002721784],
[[2800.0,800.0,800.0],0.0002648263],
[[2800.0,900.0,900.0],0.0002682338],
[[2800.0,1000.0,1000.0],0.000269199],
[[2800.0,1100.0,1100.0],0.0002330188],
[[2800.0,1200.0,1200.0],0.00027366],
[[2800.0,1300.0,1300.0],0.0002453723],
[[2850.0,1420.0,1420.0],0.0003091013],
[[2900.0,0,0],0.0001976524],
[[2900.0,100.0,100.0],0.0002071469],
[[2900.0,200.0,200.0],0.0002346599],
[[2900.0,300.0,300.0],0.0002329632],
[[2900.0,400.0,400.0],0.0002645471],
[[2900.0,500.0,500.0],0.0004614538],
[[2900.0,600.0,600.0],0.0002305521],
[[2900.0,700.0,700.0],0.0002684246],
[[2900.0,800.0,800.0],0.0003374955],
[[2900.0,900.0,900.0],0.0001307215],
[[2900.0,1000.0,1000.0],0.0003131071],
[[2900.0,1100.0,1100.0],0.0002681709],
[[2900.0,1200.0,1200.0],0.0002859191],
[[2900.0,1300.0,1300.0],0.0002415817],
[[2900.0,1400.0,1400.0],0.0002600751],
[[2950.0,1470.0,1470.0],0.0002589666],
[[3000.0,0,0],0.0001824369],
[[3000.0,100.0,100.0],0.0002140542],
[[3000.0,200.0,200.0],0.0002449598],
[[3000.0,300.0,300.0],0.000231628],
[[3000.0,400.0,400.0],0.0002542642],
[[3000.0,500.0,500.0],0.0002620121],
[[3000.0,600.0,600.0],0.0002575708],
[[3000.0,700.0,700.0],0.0002699352],
[[3000.0,800.0,800.0],0.0002572317],
[[3000.0,900.0,900.0],0.0002492635],
[[3000.0,1000.0,1000.0],0.000227908],
[[3000.0,1100.0,1100.0],0.0002820313],
[[3000.0,1200.0,1200.0],0.0002308583],
[[3000.0,1300.0,1300.0],0.0002617022],
[[3000.0,1400.0,1400.0],0.0002695763]]
