txName: TRV1
constraint: {(PV > Zprime(1)), (Zprime(1) > MET(2),MET(3))}
condition: None
conditionDescription: None
figureUrl: None
source: Recast by CM2
validated: True
axesMap: [{0: 'x', 1: 'y', 2: 'y'}]
dataMap: {0: (1, 'mass', GeV), 1: (2, 'mass', GeV), 2: (3, 'mass', GeV)}
finalState: ['MET', 'MET']
intermediateState: None
efficiencyMap: [[[50.0,0,0],0.0],
[[50.0,1.0,1.0],0.0],
[[50.0,10.0,10.0],0],
[[50.0,20.0,20.0],0],
[[100.0,0,0],0.0],
[[100.0,1.0,1.0],0.0],
[[100.0,10.0,10.0],0.0],
[[150.0,0,0],0],
[[150.0,1.0,1.0],0],
[[150.0,10.0,10.0],0],
[[150.0,50.0,50.0],0.0],
[[150.0,70.0,70.0],0.0],
[[200.0,0,0],0],
[[200.0,1.0,1.0],0],
[[200.0,10.0,10.0],0],
[[200.0,50.0,50.0],0.0],
[[200.0,75.0,75.0],0],
[[250.0,0,0],0],
[[250.0,1.0,1.0],0],
[[250.0,10.0,10.0],0],
[[250.0,50.0,50.0],0],
[[250.0,75.0,75.0],0],
[[250.0,100.0,100.0],0],
[[250.0,120.0,120.0],0],
[[300.0,0,0],0],
[[300.0,1.0,1.0],0],
[[300.0,10.0,10.0],0],
[[300.0,50.0,50.0],3.000955e-06],
[[300.0,75.0,75.0],0],
[[300.0,100.0,100.0],0],
[[350.0,0,0],0],
[[350.0,1.0,1.0],0],
[[350.0,10.0,10.0],0],
[[350.0,50.0,50.0],0],
[[350.0,75.0,75.0],2.346207e-06],
[[350.0,100.0,100.0],0],
[[350.0,150.0,150.0],0],
[[350.0,170.0,170.0],0],
[[400.0,0,0],0],
[[400.0,1.0,1.0],0],
[[400.0,10.0,10.0],0],
[[400.0,50.0,50.0],2.585445e-06],
[[400.0,75.0,75.0],0],
[[400.0,100.0,100.0],0],
[[400.0,150.0,150.0],0],
[[450.0,0,0],0],
[[450.0,1.0,1.0],0],
[[450.0,10.0,10.0],0],
[[450.0,50.0,50.0],0],
[[450.0,75.0,75.0],0],
[[450.0,100.0,100.0],4.213546e-06],
[[450.0,150.0,150.0],2.168815e-06],
[[450.0,200.0,200.0],2.13199e-06],
[[450.0,220.0,220.0],0],
[[500.0,0,0],1.839946e-06],
[[500.0,1.0,1.0],0],
[[500.0,10.0,10.0],0],
[[500.0,50.0,50.0],0],
[[500.0,75.0,75.0],4.219565e-06],
[[500.0,100.0,100.0],4.442152e-06],
[[500.0,150.0,150.0],3.930423e-06],
[[500.0,200.0,200.0],0],
[[550.0,1.0,1.0],2.05842e-06],
[[550.0,10.0,10.0],5.114955e-06],
[[550.0,75.0,75.0],2.834827e-06],
[[550.0,150.0,150.0],0],
[[550.0,200.0,200.0],5.298891e-06],
[[550.0,250.0,250.0],4.011568e-06],
[[550.0,270.0,270.0],3.0784e-06],
[[600.0,0,0],5.807233e-06],
[[600.0,1.0,1.0],3.247574e-06],
[[600.0,10.0,10.0],5.581686e-06],
[[600.0,50.0,50.0],5.945584e-06],
[[600.0,75.0,75.0],4.314431e-06],
[[600.0,100.0,100.0],3.341752e-06],
[[600.0,150.0,150.0],2.749126e-06],
[[600.0,200.0,200.0],2.101997e-06],
[[600.0,250.0,250.0],4.903427e-06],
[[600.0,295.0,295.0],3.902147e-06],
[[650.0,1.0,1.0],2.478496e-06],
[[650.0,10.0,10.0],5.232236e-06],
[[650.0,75.0,75.0],4.289282e-06],
[[650.0,150.0,150.0],4.873717e-06],
[[650.0,200.0,200.0],3.730699e-06],
[[650.0,250.0,250.0],5.473794e-06],
[[650.0,300.0,300.0],6.335998e-06],
[[650.0,320.0,320.0],7.104986e-06],
[[700.0,0,0],5.801199e-06],
[[700.0,1.0,1.0],8.185209e-06],
[[700.0,10.0,10.0],1.314211e-05],
[[700.0,50.0,50.0],3.645247e-06],
[[700.0,75.0,75.0],4.03783e-06],
[[700.0,100.0,100.0],0],
[[700.0,150.0,150.0],6.336235e-06],
[[700.0,200.0,200.0],5.520006e-06],
[[700.0,250.0,250.0],6.807595e-06],
[[700.0,300.0,300.0],4.77213e-06],
[[750.0,1.0,1.0],5.401943e-06],
[[750.0,10.0,10.0],7.241527e-06],
[[750.0,75.0,75.0],5.100448e-06],
[[750.0,150.0,150.0],3.683668e-06],
[[750.0,200.0,200.0],4.713693e-06],
[[750.0,250.0,250.0],5.679586e-06],
[[750.0,300.0,300.0],1.856e-05],
[[750.0,350.0,350.0],2.746649e-06],
[[750.0,370.0,370.0],5.776062e-06],
[[800.0,0,0],6.593993e-06],
[[800.0,1.0,1.0],7.293445e-06],
[[800.0,10.0,10.0],5.700463e-06],
[[800.0,50.0,50.0],5.915143e-06],
[[800.0,75.0,75.0],5.486817e-06],
[[800.0,100.0,100.0],8.022552e-06],
[[800.0,150.0,150.0],1.263116e-05],
[[800.0,200.0,200.0],5.158036e-06],
[[800.0,250.0,250.0],4.578953e-06],
[[800.0,300.0,300.0],1.008105e-05],
[[800.0,350.0,350.0],7.196966e-06],
[[850.0,1.0,1.0],3.146487e-06],
[[850.0,10.0,10.0],5.094084e-06],
[[850.0,75.0,75.0],7.309789e-06],
[[850.0,150.0,150.0],6.680587e-06],
[[850.0,200.0,200.0],9.437078e-06],
[[850.0,250.0,250.0],4.040114e-06],
[[850.0,300.0,300.0],8.92525e-06],
[[850.0,350.0,350.0],8.862193e-06],
[[850.0,400.0,400.0],4.755631e-06],
[[850.0,420.0,420.0],1.793884e-05],
[[900.0,0,0],6.073592e-06],
[[900.0,1.0,1.0],7.14291e-06],
[[900.0,10.0,10.0],7.854064e-06],
[[900.0,50.0,50.0],8.480271e-06],
[[900.0,75.0,75.0],1.062904e-05],
[[900.0,100.0,100.0],6.846423e-06],
[[900.0,150.0,150.0],6.909672e-06],
[[900.0,200.0,200.0],1.067124e-05],
[[900.0,250.0,250.0],1.046228e-05],
[[900.0,300.0,300.0],8.630392e-06],
[[900.0,350.0,350.0],7.226889e-06],
[[900.0,400.0,400.0],5.64319e-06],
[[950.0,1.0,1.0],5.763953e-06],
[[950.0,10.0,10.0],5.942441e-06],
[[950.0,75.0,75.0],9.989541e-06],
[[950.0,150.0,150.0],7.214278e-06],
[[950.0,200.0,200.0],1.045713e-05],
[[950.0,250.0,250.0],8.576222e-06],
[[950.0,300.0,300.0],7.393527e-06],
[[950.0,350.0,350.0],6.40824e-06],
[[950.0,400.0,400.0],6.844629e-06],
[[950.0,450.0,450.0],8.454574e-06],
[[950.0,470.0,470.0],1.723154e-05],
[[1000.0,0,0],6.543953e-06],
[[1000.0,50.0,50.0],6.644723e-06],
[[1000.0,100.0,100.0],6.735035e-06],
[[1000.0,150.0,150.0],8.219983e-06],
[[1000.0,200.0,200.0],1.30722e-05],
[[1000.0,250.0,250.0],9.876964e-06],
[[1000.0,300.0,300.0],3.934209e-06],
[[1000.0,350.0,350.0],9.491476e-06],
[[1000.0,400.0,400.0],9.369581e-06],
[[1000.0,450.0,450.0],8.837432e-06],
[[1050.0,520.0,520.0],7.577081e-06],
[[1100.0,0,0],9.333839e-06],
[[1100.0,100.0,100.0],1.198579e-05],
[[1100.0,200.0,200.0],1.753139e-05],
[[1100.0,300.0,300.0],9.983627e-06],
[[1100.0,400.0,400.0],2.110455e-05],
[[1100.0,500.0,500.0],7.490332e-06],
[[1150.0,570.0,570.0],2.003803e-05],
[[1200.0,0,0],1.014308e-05],
[[1200.0,100.0,100.0],1.332465e-05],
[[1200.0,200.0,200.0],1.013813e-05],
[[1200.0,300.0,300.0],8.686775e-06],
[[1200.0,400.0,400.0],1.599464e-05],
[[1200.0,500.0,500.0],1.895837e-05],
[[1250.0,620.0,620.0],8.189429e-06],
[[1300.0,0,0],1.609846e-05],
[[1300.0,100.0,100.0],9.276074e-06],
[[1300.0,200.0,200.0],1.483547e-05],
[[1300.0,300.0,300.0],7.041998e-06],
[[1300.0,400.0,400.0],1.207249e-05],
[[1300.0,500.0,500.0],1.309269e-05],
[[1300.0,600.0,600.0],1.150849e-05],
[[1350.0,670.0,670.0],1.099582e-05],
[[1400.0,0,0],1.371615e-05],
[[1400.0,100.0,100.0],1.085554e-05],
[[1400.0,200.0,200.0],9.751506e-06],
[[1400.0,300.0,300.0],1.691236e-05],
[[1400.0,400.0,400.0],9.969041e-06],
[[1400.0,500.0,500.0],1.158288e-05],
[[1400.0,600.0,600.0],5.934347e-06],
[[1450.0,720.0,720.0],1.307256e-05],
[[1500.0,0,0],6.013983e-06],
[[1500.0,100.0,100.0],1.077411e-05],
[[1500.0,200.0,200.0],9.052938e-06],
[[1500.0,300.0,300.0],4.780009e-06],
[[1500.0,400.0,400.0],9.30083e-06],
[[1500.0,500.0,500.0],1.869957e-05],
[[1500.0,600.0,600.0],1.018228e-05],
[[1500.0,700.0,700.0],1.137999e-05],
[[1550.0,770.0,770.0],1.259105e-05],
[[1600.0,0,0],8.46842e-06],
[[1600.0,100.0,100.0],9.643776e-06],
[[1600.0,200.0,200.0],1.766344e-05],
[[1600.0,300.0,300.0],1.580495e-05],
[[1600.0,400.0,400.0],1.121483e-05],
[[1600.0,500.0,500.0],1.115213e-05],
[[1600.0,600.0,600.0],1.150554e-05],
[[1600.0,700.0,700.0],1.916223e-05],
[[1650.0,820.0,820.0],1.912986e-05],
[[1700.0,0,0],1.056969e-05],
[[1700.0,100.0,100.0],1.11098e-05],
[[1700.0,200.0,200.0],1.211884e-05],
[[1700.0,300.0,300.0],1.446364e-05],
[[1700.0,400.0,400.0],1.300983e-05],
[[1700.0,500.0,500.0],1.314304e-05],
[[1700.0,600.0,600.0],6.661147e-06],
[[1700.0,700.0,700.0],2.368856e-05],
[[1700.0,800.0,800.0],8.338616e-06],
[[1750.0,870.0,870.0],1.361257e-05],
[[1800.0,0,0],1.503696e-05],
[[1800.0,100.0,100.0],2.251544e-05],
[[1800.0,200.0,200.0],9.704273e-06],
[[1800.0,300.0,300.0],1.300449e-05],
[[1800.0,400.0,400.0],1.677263e-05],
[[1800.0,500.0,500.0],1.321208e-05],
[[1800.0,600.0,600.0],1.368053e-05],
[[1800.0,700.0,700.0],1.514664e-05],
[[1800.0,800.0,800.0],6.921496e-06],
[[1850.0,920.0,920.0],9.903242e-06],
[[1900.0,0,0],1.550849e-05],
[[1900.0,100.0,100.0],1.68242e-05],
[[1900.0,200.0,200.0],1.024296e-05],
[[1900.0,300.0,300.0],6.417775e-06],
[[1900.0,400.0,400.0],1.347811e-05],
[[1900.0,500.0,500.0],1.073406e-05],
[[1900.0,600.0,600.0],2.334087e-05],
[[1900.0,700.0,700.0],1.66712e-05],
[[1900.0,800.0,800.0],2.15936e-05],
[[1900.0,900.0,900.0],1.06147e-05],
[[1950.0,970.0,970.0],1.053259e-05],
[[2000.0,0,0],1.548827e-05],
[[2000.0,100.0,100.0],1.550605e-05],
[[2000.0,200.0,200.0],1.420399e-05],
[[2000.0,300.0,300.0],1.849197e-05],
[[2000.0,400.0,400.0],1.581626e-05],
[[2000.0,500.0,500.0],1.307887e-05],
[[2000.0,600.0,600.0],1.515252e-05],
[[2000.0,700.0,700.0],1.253434e-05],
[[2000.0,800.0,800.0],9.052194e-06],
[[2000.0,900.0,900.0],9.631006e-06],
[[2050.0,1020.0,1020.0],8.116572e-06],
[[2100.0,0,0],7.075992e-06],
[[2100.0,100.0,100.0],9.165244e-06],
[[2100.0,200.0,200.0],2.13675e-05],
[[2100.0,300.0,300.0],1.493951e-05],
[[2100.0,400.0,400.0],1.330457e-05],
[[2100.0,500.0,500.0],9.032028e-06],
[[2100.0,600.0,600.0],1.614931e-05],
[[2100.0,700.0,700.0],8.649175e-06],
[[2100.0,800.0,800.0],1.48749e-05],
[[2100.0,900.0,900.0],8.625378e-06],
[[2100.0,1000.0,1000.0],1.033666e-05],
[[2150.0,1070.0,1070.0],6.91462e-06],
[[2200.0,0,0],5.979966e-06],
[[2200.0,100.0,100.0],1.963672e-05],
[[2200.0,200.0,200.0],2.46285e-06],
[[2200.0,300.0,300.0],1.040446e-05],
[[2200.0,400.0,400.0],9.185235e-06],
[[2200.0,500.0,500.0],1.617145e-05],
[[2200.0,600.0,600.0],1.161229e-05],
[[2200.0,700.0,700.0],1.18345e-05],
[[2200.0,800.0,800.0],1.194076e-05],
[[2200.0,900.0,900.0],1.44071e-05],
[[2200.0,1000.0,1000.0],1.101268e-05],
[[2250.0,1120.0,1120.0],1.965346e-05],
[[2300.0,0,0],1.661163e-05],
[[2300.0,100.0,100.0],1.496318e-05],
[[2300.0,200.0,200.0],1.260932e-05],
[[2300.0,300.0,300.0],1.386463e-05],
[[2300.0,400.0,400.0],1.672155e-05],
[[2300.0,500.0,500.0],1.703689e-05],
[[2300.0,600.0,600.0],2.184844e-05],
[[2300.0,700.0,700.0],1.24741e-05],
[[2300.0,800.0,800.0],1.562717e-05],
[[2300.0,900.0,900.0],9.652549e-06],
[[2300.0,1000.0,1000.0],1.012109e-05],
[[2300.0,1100.0,1100.0],1.51822e-05],
[[2350.0,1170.0,1170.0],1.143463e-05],
[[2400.0,0,0],1.424018e-05],
[[2400.0,100.0,100.0],1.605518e-05],
[[2400.0,200.0,200.0],1.755783e-05],
[[2400.0,300.0,300.0],9.948157e-06],
[[2400.0,400.0,400.0],1.772402e-05],
[[2400.0,500.0,500.0],1.048413e-05],
[[2400.0,600.0,600.0],1.308332e-05],
[[2400.0,700.0,700.0],2.300652e-05],
[[2400.0,800.0,800.0],2.413084e-05],
[[2400.0,900.0,900.0],1.605429e-05],
[[2400.0,1000.0,1000.0],1.838435e-05],
[[2400.0,1100.0,1100.0],7.030787e-06],
[[2450.0,1220.0,1220.0],1.028895e-05],
[[2500.0,0,0],1.174975e-05],
[[2500.0,100.0,100.0],1.141046e-05],
[[2500.0,200.0,200.0],2.200172e-05],
[[2500.0,300.0,300.0],1.442007e-05],
[[2500.0,400.0,400.0],1.633917e-05],
[[2500.0,500.0,500.0],1.369135e-05],
[[2500.0,600.0,600.0],1.584254e-05],
[[2500.0,700.0,700.0],1.643041e-05],
[[2500.0,800.0,800.0],1.336166e-05],
[[2500.0,900.0,900.0],2.382244e-05],
[[2500.0,1000.0,1000.0],1.946717e-05],
[[2500.0,1100.0,1100.0],1.320333e-05],
[[2500.0,1200.0,1200.0],5.204812e-06],
[[2550.0,1270.0,1270.0],1.456904e-05],
[[2600.0,0,0],2.133375e-05],
[[2600.0,100.0,100.0],1.627895e-05],
[[2600.0,200.0,200.0],1.060499e-05],
[[2600.0,300.0,300.0],1.161293e-05],
[[2600.0,400.0,400.0],1.029364e-05],
[[2600.0,500.0,500.0],1.791441e-05],
[[2600.0,600.0,600.0],1.654648e-05],
[[2600.0,700.0,700.0],1.634352e-05],
[[2600.0,800.0,800.0],2.293477e-05],
[[2600.0,900.0,900.0],1.095914e-05],
[[2600.0,1000.0,1000.0],1.506354e-05],
[[2600.0,1100.0,1100.0],1.622987e-05],
[[2600.0,1200.0,1200.0],8.367432e-06],
[[2650.0,1320.0,1320.0],1.479942e-05],
[[2700.0,0,0],2.085435e-05],
[[2700.0,100.0,100.0],1.266918e-05],
[[2700.0,200.0,200.0],2.126271e-05],
[[2700.0,300.0,300.0],1.256226e-05],
[[2700.0,400.0,400.0],2.343496e-05],
[[2700.0,500.0,500.0],1.301571e-05],
[[2700.0,600.0,600.0],1.604847e-05],
[[2700.0,700.0,700.0],1.674221e-05],
[[2700.0,800.0,800.0],1.646122e-05],
[[2700.0,900.0,900.0],1.67408e-05],
[[2700.0,1000.0,1000.0],1.609046e-05],
[[2700.0,1100.0,1100.0],1.739457e-05],
[[2700.0,1200.0,1200.0],1.445039e-05],
[[2700.0,1300.0,1300.0],1.402596e-05],
[[2750.0,1370.0,1370.0],9.844094e-06],
[[2800.0,0,0],1.496689e-05],
[[2800.0,100.0,100.0],1.734957e-05],
[[2800.0,200.0,200.0],1.179238e-05],
[[2800.0,300.0,300.0],2.333865e-05],
[[2800.0,400.0,400.0],1.209238e-05],
[[2800.0,500.0,500.0],1.08224e-05],
[[2800.0,600.0,600.0],1.45188e-05],
[[2800.0,700.0,700.0],1.702518e-05],
[[2800.0,800.0,800.0],1.276498e-05],
[[2800.0,900.0,900.0],1.206441e-05],
[[2800.0,1000.0,1000.0],2.289528e-05],
[[2800.0,1100.0,1100.0],1.88092e-05],
[[2800.0,1200.0,1200.0],8.818704e-06],
[[2800.0,1300.0,1300.0],2.736385e-05],
[[2850.0,1420.0,1420.0],1.630197e-05],
[[2900.0,0,0],1.810281e-05],
[[2900.0,100.0,100.0],1.821582e-05],
[[2900.0,200.0,200.0],1.219316e-05],
[[2900.0,300.0,300.0],2.029729e-05],
[[2900.0,400.0,400.0],1.494192e-05],
[[2900.0,500.0,500.0],2.450695e-05],
[[2900.0,600.0,600.0],1.62474e-05],
[[2900.0,700.0,700.0],1.493157e-05],
[[2900.0,800.0,800.0],1.763376e-05],
[[2900.0,900.0,900.0],2.762861e-06],
[[2900.0,1000.0,1000.0],1.403584e-05],
[[2900.0,1100.0,1100.0],1.22004e-05],
[[2900.0,1200.0,1200.0],1.77376e-05],
[[2900.0,1300.0,1300.0],1.7739e-05],
[[2900.0,1400.0,1400.0],1.959046e-05],
[[2950.0,1470.0,1470.0],1.203214e-05],
[[3000.0,0,0],1.644144e-05],
[[3000.0,100.0,100.0],1.153391e-05],
[[3000.0,200.0,200.0],1.548346e-05],
[[3000.0,300.0,300.0],1.250699e-05],
[[3000.0,400.0,400.0],1.544266e-05],
[[3000.0,500.0,500.0],1.973285e-05],
[[3000.0,600.0,600.0],1.393601e-05],
[[3000.0,700.0,700.0],1.907642e-05],
[[3000.0,800.0,800.0],5.653993e-06],
[[3000.0,900.0,900.0],1.896139e-05],
[[3000.0,1000.0,1000.0],2.572465e-05],
[[3000.0,1100.0,1100.0],2.512877e-05],
[[3000.0,1200.0,1200.0],1.703169e-05],
[[3000.0,1300.0,1300.0],1.304116e-05],
[[3000.0,1400.0,1400.0],6.402169e-06]]
