txName: TRV1
constraint: {(PV > Zprime(1)), (Zprime(1) > MET(2),MET(3))}
condition: None
conditionDescription: None
figureUrl: None
source: Recast by CM2
validated: True
axesMap: [{0: 'x', 1: 'y', 2: 'y'}]
dataMap: {0: (1, 'mass', GeV), 1: (2, 'mass', GeV), 2: (3, 'mass', GeV)}
finalState: ['MET', 'MET']
intermediateState: None
efficiencyMap: [[[50.0,0,0],0],
[[50.0,1.0,1.0],0.0],
[[50.0,10.0,10.0],0.0],
[[50.0,20.0,20.0],0],
[[100.0,0,0],0.0],
[[100.0,1.0,1.0],0],
[[100.0,10.0,10.0],0.0],
[[150.0,0,0],0],
[[150.0,1.0,1.0],0],
[[150.0,10.0,10.0],0],
[[150.0,50.0,50.0],0],
[[150.0,70.0,70.0],0],
[[200.0,0,0],0],
[[200.0,1.0,1.0],0],
[[200.0,10.0,10.0],0],
[[200.0,50.0,50.0],0],
[[200.0,75.0,75.0],0],
[[250.0,0,0],0],
[[250.0,1.0,1.0],0],
[[250.0,10.0,10.0],0],
[[250.0,50.0,50.0],0],
[[250.0,75.0,75.0],0],
[[250.0,100.0,100.0],0],
[[250.0,120.0,120.0],0],
[[300.0,0,0],0],
[[300.0,1.0,1.0],0],
[[300.0,10.0,10.0],0],
[[300.0,50.0,50.0],0],
[[300.0,75.0,75.0],0],
[[300.0,100.0,100.0],0],
[[350.0,0,0],0],
[[350.0,1.0,1.0],0],
[[350.0,10.0,10.0],0],
[[350.0,50.0,50.0],0],
[[350.0,75.0,75.0],0],
[[350.0,100.0,100.0],0],
[[350.0,150.0,150.0],0],
[[350.0,170.0,170.0],0],
[[400.0,0,0],0],
[[400.0,1.0,1.0],0],
[[400.0,10.0,10.0],0],
[[400.0,50.0,50.0],1.64846e-06],
[[400.0,75.0,75.0],0],
[[400.0,100.0,100.0],0],
[[400.0,150.0,150.0],1.921982e-06],
[[450.0,0,0],1.871282e-06],
[[450.0,1.0,1.0],1.938771e-06],
[[450.0,10.0,10.0],0],
[[450.0,50.0,50.0],2.255138e-06],
[[450.0,75.0,75.0],2.273148e-06],
[[450.0,100.0,100.0],1.949974e-06],
[[450.0,150.0,150.0],2.150248e-06],
[[450.0,200.0,200.0],0],
[[450.0,220.0,220.0],2.561583e-06],
[[500.0,0,0],2.020882e-06],
[[500.0,1.0,1.0],3.242174e-06],
[[500.0,10.0,10.0],3.493958e-06],
[[500.0,50.0,50.0],3.079302e-06],
[[500.0,75.0,75.0],2.608652e-06],
[[500.0,100.0,100.0],3.123635e-06],
[[500.0,150.0,150.0],3.50007e-06],
[[500.0,200.0,200.0],2.843891e-06],
[[550.0,1.0,1.0],3.344206e-06],
[[550.0,10.0,10.0],4.105654e-06],
[[550.0,75.0,75.0],3.839483e-06],
[[550.0,150.0,150.0],3.187678e-06],
[[550.0,200.0,200.0],4.303719e-06],
[[550.0,250.0,250.0],2.596205e-06],
[[550.0,270.0,270.0],4.35136e-06],
[[600.0,0,0],3.756265e-06],
[[600.0,1.0,1.0],4.07186e-06],
[[600.0,10.0,10.0],3.257187e-06],
[[600.0,50.0,50.0],3.027073e-06],
[[600.0,75.0,75.0],4.220374e-06],
[[600.0,100.0,100.0],5.059819e-06],
[[600.0,150.0,150.0],4.311102e-06],
[[600.0,200.0,200.0],4.576977e-06],
[[600.0,250.0,250.0],4.528865e-06],
[[600.0,295.0,295.0],5.350599e-06],
[[650.0,1.0,1.0],4.289071e-06],
[[650.0,10.0,10.0],4.875957e-06],
[[650.0,75.0,75.0],5.533603e-06],
[[650.0,150.0,150.0],5.99642e-06],
[[650.0,200.0,200.0],6.119868e-06],
[[650.0,250.0,250.0],5.631951e-06],
[[650.0,300.0,300.0],5.095113e-06],
[[650.0,320.0,320.0],5.458946e-06],
[[700.0,0,0],6.866962e-06],
[[700.0,1.0,1.0],5.735297e-06],
[[700.0,10.0,10.0],6.840921e-06],
[[700.0,50.0,50.0],5.091386e-06],
[[700.0,75.0,75.0],5.741167e-06],
[[700.0,100.0,100.0],3.817703e-06],
[[700.0,150.0,150.0],6.059009e-06],
[[700.0,200.0,200.0],6.979894e-06],
[[700.0,250.0,250.0],7.188187e-06],
[[700.0,300.0,300.0],8.294454e-06],
[[750.0,1.0,1.0],7.970885e-06],
[[750.0,10.0,10.0],6.84066e-06],
[[750.0,75.0,75.0],8.436731e-06],
[[750.0,150.0,150.0],9.217722e-06],
[[750.0,200.0,200.0],8.07063e-06],
[[750.0,250.0,250.0],9.327039e-06],
[[750.0,300.0,300.0],8.430358e-06],
[[750.0,350.0,350.0],6.602316e-06],
[[750.0,370.0,370.0],8.017827e-06],
[[800.0,0,0],6.288423e-06],
[[800.0,1.0,1.0],1.090064e-05],
[[800.0,10.0,10.0],4.792343e-06],
[[800.0,50.0,50.0],7.889789e-06],
[[800.0,75.0,75.0],9.130198e-06],
[[800.0,100.0,100.0],8.476663e-06],
[[800.0,150.0,150.0],8.551871e-06],
[[800.0,200.0,200.0],8.566317e-06],
[[800.0,250.0,250.0],9.333155e-06],
[[800.0,300.0,300.0],8.376075e-06],
[[800.0,350.0,350.0],1.11417e-05],
[[850.0,1.0,1.0],6.309366e-06],
[[850.0,10.0,10.0],9.474148e-06],
[[850.0,75.0,75.0],7.973341e-06],
[[850.0,150.0,150.0],7.774388e-06],
[[850.0,200.0,200.0],1.138908e-05],
[[850.0,250.0,250.0],9.741457e-06],
[[850.0,300.0,300.0],8.054032e-06],
[[850.0,350.0,350.0],1.101726e-05],
[[850.0,400.0,400.0],9.759563e-06],
[[850.0,420.0,420.0],8.883991e-06],
[[900.0,0,0],8.69495e-06],
[[900.0,1.0,1.0],9.065953e-06],
[[900.0,10.0,10.0],7.398684e-06],
[[900.0,50.0,50.0],8.093957e-06],
[[900.0,75.0,75.0],8.698914e-06],
[[900.0,100.0,100.0],1.099219e-05],
[[900.0,150.0,150.0],5.421108e-06],
[[900.0,200.0,200.0],1.014002e-05],
[[900.0,250.0,250.0],1.233586e-05],
[[900.0,300.0,300.0],1.075738e-05],
[[900.0,350.0,350.0],1.285789e-05],
[[900.0,400.0,400.0],1.429319e-05],
[[950.0,1.0,1.0],1.199938e-05],
[[950.0,10.0,10.0],1.107394e-05],
[[950.0,75.0,75.0],1.032877e-05],
[[950.0,150.0,150.0],1.370544e-05],
[[950.0,200.0,200.0],1.161867e-05],
[[950.0,250.0,250.0],1.550236e-05],
[[950.0,300.0,300.0],1.089512e-05],
[[950.0,350.0,350.0],8.691782e-06],
[[950.0,400.0,400.0],1.115897e-05],
[[950.0,450.0,450.0],1.255917e-05],
[[950.0,470.0,470.0],1.305264e-05],
[[1000.0,0,0],1.344332e-05],
[[1000.0,50.0,50.0],1.276677e-05],
[[1000.0,100.0,100.0],1.260044e-05],
[[1000.0,150.0,150.0],1.340628e-05],
[[1000.0,200.0,200.0],1.172503e-05],
[[1000.0,250.0,250.0],1.545159e-05],
[[1000.0,300.0,300.0],1.314268e-05],
[[1000.0,350.0,350.0],9.773078e-06],
[[1000.0,400.0,400.0],1.131037e-05],
[[1000.0,450.0,450.0],1.379969e-05],
[[1050.0,520.0,520.0],1.62295e-05],
[[1100.0,0,0],1.367837e-05],
[[1100.0,100.0,100.0],1.518411e-05],
[[1100.0,200.0,200.0],1.363585e-05],
[[1100.0,300.0,300.0],1.415162e-05],
[[1100.0,400.0,400.0],1.442865e-05],
[[1100.0,500.0,500.0],1.368931e-05],
[[1150.0,570.0,570.0],1.708885e-05],
[[1200.0,0,0],1.967866e-05],
[[1200.0,100.0,100.0],1.645804e-05],
[[1200.0,200.0,200.0],1.369071e-05],
[[1200.0,300.0,300.0],1.430636e-05],
[[1200.0,400.0,400.0],1.719055e-05],
[[1200.0,500.0,500.0],1.407196e-05],
[[1250.0,620.0,620.0],1.528624e-05],
[[1300.0,0,0],2.031692e-05],
[[1300.0,100.0,100.0],1.539439e-05],
[[1300.0,200.0,200.0],1.821378e-05],
[[1300.0,300.0,300.0],1.465703e-05],
[[1300.0,400.0,400.0],1.707689e-05],
[[1300.0,500.0,500.0],2.0838e-05],
[[1300.0,600.0,600.0],1.715488e-05],
[[1350.0,670.0,670.0],2.132197e-05],
[[1400.0,0,0],1.389438e-05],
[[1400.0,100.0,100.0],1.92138e-05],
[[1400.0,200.0,200.0],1.873599e-05],
[[1400.0,300.0,300.0],2.274501e-05],
[[1400.0,400.0,400.0],1.647231e-05],
[[1400.0,500.0,500.0],2.147512e-05],
[[1400.0,600.0,600.0],2.333757e-05],
[[1450.0,720.0,720.0],2.919692e-05],
[[1500.0,0,0],1.688657e-05],
[[1500.0,100.0,100.0],1.621142e-05],
[[1500.0,200.0,200.0],1.918017e-05],
[[1500.0,300.0,300.0],2.118211e-05],
[[1500.0,400.0,400.0],2.044468e-05],
[[1500.0,500.0,500.0],2.438209e-05],
[[1500.0,600.0,600.0],2.587522e-05],
[[1500.0,700.0,700.0],2.726332e-05],
[[1550.0,770.0,770.0],2.745831e-05],
[[1600.0,0,0],1.827015e-05],
[[1600.0,100.0,100.0],2.086876e-05],
[[1600.0,200.0,200.0],2.169994e-05],
[[1600.0,300.0,300.0],2.095198e-05],
[[1600.0,400.0,400.0],2.767777e-05],
[[1600.0,500.0,500.0],2.29348e-05],
[[1600.0,600.0,600.0],1.623313e-05],
[[1600.0,700.0,700.0],2.23869e-05],
[[1650.0,820.0,820.0],2.306999e-05],
[[1700.0,0,0],1.956903e-05],
[[1700.0,100.0,100.0],1.865475e-05],
[[1700.0,200.0,200.0],2.122178e-05],
[[1700.0,300.0,300.0],2.90997e-05],
[[1700.0,400.0,400.0],2.640915e-05],
[[1700.0,500.0,500.0],2.513574e-05],
[[1700.0,600.0,600.0],2.282743e-05],
[[1700.0,700.0,700.0],2.62219e-05],
[[1700.0,800.0,800.0],2.292893e-05],
[[1750.0,870.0,870.0],2.836362e-05],
[[1800.0,0,0],2.237217e-05],
[[1800.0,100.0,100.0],1.499161e-05],
[[1800.0,200.0,200.0],2.47184e-05],
[[1800.0,300.0,300.0],2.316761e-05],
[[1800.0,400.0,400.0],2.431795e-05],
[[1800.0,500.0,500.0],2.833899e-05],
[[1800.0,600.0,600.0],2.393612e-05],
[[1800.0,700.0,700.0],2.331935e-05],
[[1800.0,800.0,800.0],2.336646e-05],
[[1850.0,920.0,920.0],2.957114e-05],
[[1900.0,0,0],2.460978e-05],
[[1900.0,100.0,100.0],2.502727e-05],
[[1900.0,200.0,200.0],2.567496e-05],
[[1900.0,300.0,300.0],2.264182e-05],
[[1900.0,400.0,400.0],2.063386e-05],
[[1900.0,500.0,500.0],2.388274e-05],
[[1900.0,600.0,600.0],2.612758e-05],
[[1900.0,700.0,700.0],2.193237e-05],
[[1900.0,800.0,800.0],2.317408e-05],
[[1900.0,900.0,900.0],2.51842e-05],
[[1950.0,970.0,970.0],3.139499e-05],
[[2000.0,0,0],2.44802e-05],
[[2000.0,100.0,100.0],2.108198e-05],
[[2000.0,200.0,200.0],2.390485e-05],
[[2000.0,300.0,300.0],2.020917e-05],
[[2000.0,400.0,400.0],2.566147e-05],
[[2000.0,500.0,500.0],2.769936e-05],
[[2000.0,600.0,600.0],2.522274e-05],
[[2000.0,700.0,700.0],2.461634e-05],
[[2000.0,800.0,800.0],2.715939e-05],
[[2000.0,900.0,900.0],2.669952e-05],
[[2050.0,1020.0,1020.0],3.354171e-05],
[[2100.0,0,0],2.26658e-05],
[[2100.0,100.0,100.0],2.797743e-05],
[[2100.0,200.0,200.0],2.518428e-05],
[[2100.0,300.0,300.0],3.000773e-05],
[[2100.0,400.0,400.0],2.64909e-05],
[[2100.0,500.0,500.0],2.530607e-05],
[[2100.0,600.0,600.0],3.170598e-05],
[[2100.0,700.0,700.0],2.234143e-05],
[[2100.0,800.0,800.0],2.275591e-05],
[[2100.0,900.0,900.0],2.975364e-05],
[[2100.0,1000.0,1000.0],2.052269e-05],
[[2150.0,1070.0,1070.0],2.798986e-05],
[[2200.0,0,0],2.065688e-05],
[[2200.0,100.0,100.0],2.806458e-05],
[[2200.0,200.0,200.0],2.73485e-05],
[[2200.0,300.0,300.0],2.61629e-05],
[[2200.0,400.0,400.0],2.453856e-05],
[[2200.0,500.0,500.0],2.298604e-05],
[[2200.0,600.0,600.0],2.53173e-05],
[[2200.0,700.0,700.0],3.553099e-05],
[[2200.0,800.0,800.0],2.479233e-05],
[[2200.0,900.0,900.0],2.498377e-05],
[[2200.0,1000.0,1000.0],2.696539e-05],
[[2250.0,1120.0,1120.0],2.173426e-05],
[[2300.0,0,0],2.993006e-05],
[[2300.0,100.0,100.0],2.173195e-05],
[[2300.0,200.0,200.0],2.370429e-05],
[[2300.0,300.0,300.0],2.721121e-05],
[[2300.0,400.0,400.0],3.043643e-05],
[[2300.0,500.0,500.0],2.209911e-05],
[[2300.0,600.0,600.0],2.417262e-05],
[[2300.0,700.0,700.0],2.363995e-05],
[[2300.0,800.0,800.0],2.706173e-05],
[[2300.0,900.0,900.0],2.863239e-05],
[[2300.0,1000.0,1000.0],1.932467e-05],
[[2300.0,1100.0,1100.0],2.433513e-05],
[[2350.0,1170.0,1170.0],2.019695e-05],
[[2400.0,0,0],2.301772e-05],
[[2400.0,100.0,100.0],2.625067e-05],
[[2400.0,200.0,200.0],1.994498e-05],
[[2400.0,300.0,300.0],2.245308e-05],
[[2400.0,400.0,400.0],2.572412e-05],
[[2400.0,500.0,500.0],2.679484e-05],
[[2400.0,600.0,600.0],2.805264e-05],
[[2400.0,700.0,700.0],2.975293e-05],
[[2400.0,800.0,800.0],2.426405e-05],
[[2400.0,900.0,900.0],2.984388e-05],
[[2400.0,1000.0,1000.0],3.159882e-05],
[[2400.0,1100.0,1100.0],2.392917e-05],
[[2450.0,1220.0,1220.0],2.282156e-05],
[[2500.0,0,0],1.846953e-05],
[[2500.0,100.0,100.0],2.699664e-05],
[[2500.0,200.0,200.0],2.155744e-05],
[[2500.0,300.0,300.0],2.231682e-05],
[[2500.0,400.0,400.0],2.073726e-05],
[[2500.0,500.0,500.0],2.978032e-05],
[[2500.0,600.0,600.0],2.65101e-05],
[[2500.0,700.0,700.0],2.580063e-05],
[[2500.0,800.0,800.0],2.884832e-05],
[[2500.0,900.0,900.0],2.94571e-05],
[[2500.0,1000.0,1000.0],2.516362e-05],
[[2500.0,1100.0,1100.0],2.15522e-05],
[[2500.0,1200.0,1200.0],2.512135e-05],
[[2550.0,1270.0,1270.0],2.466408e-05],
[[2600.0,0,0],2.003436e-05],
[[2600.0,100.0,100.0],2.810643e-05],
[[2600.0,200.0,200.0],1.929022e-05],
[[2600.0,300.0,300.0],2.211241e-05],
[[2600.0,400.0,400.0],2.734107e-05],
[[2600.0,500.0,500.0],2.547181e-05],
[[2600.0,600.0,600.0],2.698479e-05],
[[2600.0,700.0,700.0],2.791029e-05],
[[2600.0,800.0,800.0],3.162156e-05],
[[2600.0,900.0,900.0],3.369014e-05],
[[2600.0,1000.0,1000.0],2.457075e-05],
[[2600.0,1100.0,1100.0],1.960134e-05],
[[2600.0,1200.0,1200.0],2.449515e-05],
[[2650.0,1320.0,1320.0],2.441053e-05],
[[2700.0,0,0],2.350578e-05],
[[2700.0,100.0,100.0],2.116304e-05],
[[2700.0,200.0,200.0],2.284752e-05],
[[2700.0,300.0,300.0],1.996241e-05],
[[2700.0,400.0,400.0],3.011972e-05],
[[2700.0,500.0,500.0],2.763047e-05],
[[2700.0,600.0,600.0],3.323193e-05],
[[2700.0,700.0,700.0],2.638005e-05],
[[2700.0,800.0,800.0],2.895784e-05],
[[2700.0,900.0,900.0],3.174993e-05],
[[2700.0,1000.0,1000.0],2.372095e-05],
[[2700.0,1100.0,1100.0],2.476512e-05],
[[2700.0,1200.0,1200.0],2.503585e-05],
[[2700.0,1300.0,1300.0],2.106999e-05],
[[2750.0,1370.0,1370.0],2.752797e-05],
[[2800.0,0,0],2.20079e-05],
[[2800.0,100.0,100.0],1.881549e-05],
[[2800.0,200.0,200.0],2.550956e-05],
[[2800.0,300.0,300.0],2.361692e-05],
[[2800.0,400.0,400.0],2.395283e-05],
[[2800.0,500.0,500.0],2.461747e-05],
[[2800.0,600.0,600.0],2.462434e-05],
[[2800.0,700.0,700.0],2.243638e-05],
[[2800.0,800.0,800.0],2.935861e-05],
[[2800.0,900.0,900.0],2.500956e-05],
[[2800.0,1000.0,1000.0],2.627129e-05],
[[2800.0,1100.0,1100.0],2.236124e-05],
[[2800.0,1200.0,1200.0],2.73633e-05],
[[2800.0,1300.0,1300.0],3.332201e-05],
[[2850.0,1420.0,1420.0],2.814076e-05],
[[2900.0,0,0],1.750728e-05],
[[2900.0,100.0,100.0],2.408873e-05],
[[2900.0,200.0,200.0],2.548896e-05],
[[2900.0,300.0,300.0],1.516315e-05],
[[2900.0,400.0,400.0],2.591482e-05],
[[2900.0,500.0,500.0],5.027727e-05],
[[2900.0,600.0,600.0],2.864498e-05],
[[2900.0,700.0,700.0],2.461781e-05],
[[2900.0,800.0,800.0],2.994325e-05],
[[2900.0,900.0,900.0],6.724239e-06],
[[2900.0,1000.0,1000.0],2.851372e-05],
[[2900.0,1100.0,1100.0],2.869485e-05],
[[2900.0,1200.0,1200.0],2.897936e-05],
[[2900.0,1300.0,1300.0],3.111265e-05],
[[2900.0,1400.0,1400.0],3.019119e-05],
[[2950.0,1470.0,1470.0],2.731539e-05],
[[3000.0,0,0],2.378438e-05],
[[3000.0,100.0,100.0],2.327665e-05],
[[3000.0,200.0,200.0],1.977948e-05],
[[3000.0,300.0,300.0],2.318213e-05],
[[3000.0,400.0,400.0],2.853916e-05],
[[3000.0,500.0,500.0],2.955926e-05],
[[3000.0,600.0,600.0],1.417907e-05],
[[3000.0,700.0,700.0],2.157415e-05],
[[3000.0,800.0,800.0],3.075917e-05],
[[3000.0,900.0,900.0],2.48241e-05],
[[3000.0,1000.0,1000.0],2.106818e-05],
[[3000.0,1100.0,1100.0],3.057408e-05],
[[3000.0,1200.0,1200.0],2.48003e-05],
[[3000.0,1300.0,1300.0],2.6769e-05],
[[3000.0,1400.0,1400.0],2.495803e-05]]
