txName: TRV1
constraint: {(PV > Zprime(1)), (Zprime(1) > MET(2),MET(3))}
condition: None
conditionDescription: None
figureUrl: None
source: Recast by CM2
validated: True
axesMap: [{0: 'x', 1: 'y', 2: 'y'}]
dataMap: {0: (1, 'mass', GeV), 1: (2, 'mass', GeV), 2: (3, 'mass', GeV)}
finalState: ['MET', 'MET']
intermediateState: None
efficiencyMap: [[[50.0,0,0],0.0],
[[50.0,1.0,1.0],0.0],
[[50.0,10.0,10.0],0.0],
[[50.0,20.0,20.0],0.0],
[[100.0,0,0],0.0],
[[100.0,1.0,1.0],0.0],
[[100.0,10.0,10.0],0.0],
[[150.0,0,0],0.0],
[[150.0,1.0,1.0],0.0],
[[150.0,10.0,10.0],0.0],
[[150.0,50.0,50.0],0],
[[150.0,70.0,70.0],0.0],
[[200.0,0,0],0],
[[200.0,1.0,1.0],0],
[[200.0,10.0,10.0],0],
[[200.0,50.0,50.0],0.0],
[[200.0,75.0,75.0],0.0],
[[250.0,0,0],0.0],
[[250.0,1.0,1.0],0.0],
[[250.0,10.0,10.0],0],
[[250.0,50.0,50.0],0.0],
[[250.0,75.0,75.0],0],
[[250.0,100.0,100.0],0.0],
[[250.0,120.0,120.0],0.0],
[[300.0,0,0],0.0],
[[300.0,1.0,1.0],0.0],
[[300.0,10.0,10.0],0],
[[300.0,50.0,50.0],0.0],
[[300.0,75.0,75.0],0],
[[300.0,100.0,100.0],0],
[[350.0,0,0],0.0],
[[350.0,1.0,1.0],0.0],
[[350.0,10.0,10.0],0],
[[350.0,50.0,50.0],0.0],
[[350.0,75.0,75.0],0.0],
[[350.0,100.0,100.0],0.0],
[[350.0,150.0,150.0],0],
[[350.0,170.0,170.0],0],
[[400.0,0,0],0],
[[400.0,1.0,1.0],0],
[[400.0,10.0,10.0],0],
[[400.0,50.0,50.0],0],
[[400.0,75.0,75.0],0],
[[400.0,100.0,100.0],0],
[[400.0,150.0,150.0],0.0],
[[450.0,0,0],0],
[[450.0,1.0,1.0],0.0],
[[450.0,10.0,10.0],0],
[[450.0,50.0,50.0],0.0],
[[450.0,75.0,75.0],0],
[[450.0,100.0,100.0],0],
[[450.0,150.0,150.0],0],
[[450.0,200.0,200.0],0],
[[450.0,220.0,220.0],0],
[[500.0,0,0],0],
[[500.0,1.0,1.0],0],
[[500.0,10.0,10.0],0],
[[500.0,50.0,50.0],0],
[[500.0,75.0,75.0],0],
[[500.0,100.0,100.0],0],
[[500.0,150.0,150.0],0.0],
[[500.0,200.0,200.0],0],
[[550.0,1.0,1.0],0.0],
[[550.0,10.0,10.0],0],
[[550.0,75.0,75.0],0],
[[550.0,150.0,150.0],0],
[[550.0,200.0,200.0],0],
[[550.0,250.0,250.0],0],
[[550.0,270.0,270.0],0],
[[600.0,0,0],0],
[[600.0,1.0,1.0],0],
[[600.0,10.0,10.0],0],
[[600.0,50.0,50.0],0],
[[600.0,75.0,75.0],0],
[[600.0,100.0,100.0],0],
[[600.0,150.0,150.0],0],
[[600.0,200.0,200.0],0],
[[600.0,250.0,250.0],0],
[[600.0,295.0,295.0],0],
[[650.0,1.0,1.0],0],
[[650.0,10.0,10.0],0],
[[650.0,75.0,75.0],0],
[[650.0,150.0,150.0],0],
[[650.0,200.0,200.0],0],
[[650.0,250.0,250.0],0],
[[650.0,300.0,300.0],0],
[[650.0,320.0,320.0],0],
[[700.0,0,0],0],
[[700.0,1.0,1.0],0],
[[700.0,10.0,10.0],0],
[[700.0,50.0,50.0],0],
[[700.0,75.0,75.0],0],
[[700.0,100.0,100.0],0],
[[700.0,150.0,150.0],0],
[[700.0,200.0,200.0],0],
[[700.0,250.0,250.0],0],
[[700.0,300.0,300.0],0],
[[750.0,1.0,1.0],0],
[[750.0,10.0,10.0],0],
[[750.0,75.0,75.0],0],
[[750.0,150.0,150.0],0],
[[750.0,200.0,200.0],3.962408e-06],
[[750.0,250.0,250.0],1.877038e-06],
[[750.0,300.0,300.0],0],
[[750.0,350.0,350.0],0],
[[750.0,370.0,370.0],0],
[[800.0,0,0],0],
[[800.0,1.0,1.0],0],
[[800.0,10.0,10.0],0],
[[800.0,50.0,50.0],0],
[[800.0,75.0,75.0],0],
[[800.0,100.0,100.0],0],
[[800.0,150.0,150.0],0],
[[800.0,200.0,200.0],0],
[[800.0,250.0,250.0],0],
[[800.0,300.0,300.0],0],
[[800.0,350.0,350.0],0],
[[850.0,1.0,1.0],0],
[[850.0,10.0,10.0],0],
[[850.0,75.0,75.0],0],
[[850.0,150.0,150.0],0],
[[850.0,200.0,200.0],1.827515e-06],
[[850.0,250.0,250.0],2.065877e-06],
[[850.0,300.0,300.0],2.002263e-06],
[[850.0,350.0,350.0],0],
[[850.0,400.0,400.0],0],
[[850.0,420.0,420.0],0],
[[900.0,0,0],0],
[[900.0,1.0,1.0],0],
[[900.0,10.0,10.0],0],
[[900.0,50.0,50.0],0],
[[900.0,75.0,75.0],0],
[[900.0,100.0,100.0],0],
[[900.0,150.0,150.0],0],
[[900.0,200.0,200.0],0],
[[900.0,250.0,250.0],0],
[[900.0,300.0,300.0],0],
[[900.0,350.0,350.0],0],
[[900.0,400.0,400.0],0],
[[950.0,1.0,1.0],0],
[[950.0,10.0,10.0],0],
[[950.0,75.0,75.0],0],
[[950.0,150.0,150.0],0],
[[950.0,200.0,200.0],0],
[[950.0,250.0,250.0],0],
[[950.0,300.0,300.0],0],
[[950.0,350.0,350.0],0],
[[950.0,400.0,400.0],0],
[[950.0,450.0,450.0],0],
[[950.0,470.0,470.0],0],
[[1000.0,0,0],1.723316e-06],
[[1000.0,50.0,50.0],0],
[[1000.0,100.0,100.0],0],
[[1000.0,150.0,150.0],0],
[[1000.0,200.0,200.0],0],
[[1000.0,250.0,250.0],0],
[[1000.0,300.0,300.0],0],
[[1000.0,350.0,350.0],0],
[[1000.0,400.0,400.0],0],
[[1000.0,450.0,450.0],0],
[[1050.0,520.0,520.0],0],
[[1100.0,0,0],0],
[[1100.0,100.0,100.0],0],
[[1100.0,200.0,200.0],0],
[[1100.0,300.0,300.0],0],
[[1100.0,400.0,400.0],0],
[[1100.0,500.0,500.0],2.196889e-06],
[[1150.0,570.0,570.0],3.13768e-06],
[[1200.0,0,0],0],
[[1200.0,100.0,100.0],0],
[[1200.0,200.0,200.0],0],
[[1200.0,300.0,300.0],3.544409e-06],
[[1200.0,400.0,400.0],0],
[[1200.0,500.0,500.0],2.43009e-06],
[[1250.0,620.0,620.0],3.985362e-06],
[[1300.0,0,0],2.030813e-06],
[[1300.0,100.0,100.0],0],
[[1300.0,200.0,200.0],1.908116e-06],
[[1300.0,300.0,300.0],2.962204e-06],
[[1300.0,400.0,400.0],3.271373e-06],
[[1300.0,500.0,500.0],0],
[[1300.0,600.0,600.0],0],
[[1350.0,670.0,670.0],3.034512e-06],
[[1400.0,0,0],2.305152e-06],
[[1400.0,100.0,100.0],3.647873e-06],
[[1400.0,200.0,200.0],4.519307e-06],
[[1400.0,300.0,300.0],2.020064e-06],
[[1400.0,400.0,400.0],3.110843e-06],
[[1400.0,500.0,500.0],1.942705e-06],
[[1400.0,600.0,600.0],2.298555e-06],
[[1450.0,720.0,720.0],2.834175e-06],
[[1500.0,0,0],2.225685e-06],
[[1500.0,100.0,100.0],3.861716e-06],
[[1500.0,200.0,200.0],2.618225e-06],
[[1500.0,300.0,300.0],3.820711e-06],
[[1500.0,400.0,400.0],0],
[[1500.0,500.0,500.0],2.980989e-06],
[[1500.0,600.0,600.0],3.102027e-06],
[[1500.0,700.0,700.0],0],
[[1550.0,770.0,770.0],2.693771e-06],
[[1600.0,0,0],2.527511e-06],
[[1600.0,100.0,100.0],2.378869e-06],
[[1600.0,200.0,200.0],3.009463e-06],
[[1600.0,300.0,300.0],3.30396e-06],
[[1600.0,400.0,400.0],4.367664e-06],
[[1600.0,500.0,500.0],2.642375e-06],
[[1600.0,600.0,600.0],2.543665e-06],
[[1600.0,700.0,700.0],4.515544e-06],
[[1650.0,820.0,820.0],2.813149e-06],
[[1700.0,0,0],2.461673e-06],
[[1700.0,100.0,100.0],2.613456e-06],
[[1700.0,200.0,200.0],3.324419e-06],
[[1700.0,300.0,300.0],5.397245e-06],
[[1700.0,400.0,400.0],6.608856e-06],
[[1700.0,500.0,500.0],4.037741e-06],
[[1700.0,600.0,600.0],0],
[[1700.0,700.0,700.0],3.711605e-06],
[[1700.0,800.0,800.0],3.306449e-06],
[[1750.0,870.0,870.0],0],
[[1800.0,0,0],3.847677e-06],
[[1800.0,100.0,100.0],6.071587e-06],
[[1800.0,200.0,200.0],2.536575e-06],
[[1800.0,300.0,300.0],5.903259e-06],
[[1800.0,400.0,400.0],3.394853e-06],
[[1800.0,500.0,500.0],0],
[[1800.0,600.0,600.0],4.682465e-06],
[[1800.0,700.0,700.0],4.124195e-06],
[[1800.0,800.0,800.0],6.373063e-06],
[[1850.0,920.0,920.0],4.10034e-06],
[[1900.0,0,0],1.958272e-06],
[[1900.0,100.0,100.0],5.276658e-06],
[[1900.0,200.0,200.0],1.108818e-05],
[[1900.0,300.0,300.0],1.994277e-06],
[[1900.0,400.0,400.0],3.694863e-06],
[[1900.0,500.0,500.0],7.437623e-06],
[[1900.0,600.0,600.0],6.123948e-06],
[[1900.0,700.0,700.0],3.642149e-06],
[[1900.0,800.0,800.0],3.932498e-06],
[[1900.0,900.0,900.0],3.744707e-06],
[[1950.0,970.0,970.0],3.089008e-06],
[[2000.0,0,0],2.974043e-06],
[[2000.0,100.0,100.0],3.369692e-06],
[[2000.0,200.0,200.0],4.550435e-06],
[[2000.0,300.0,300.0],6.900406e-06],
[[2000.0,400.0,400.0],6.342866e-06],
[[2000.0,500.0,500.0],4.699957e-06],
[[2000.0,600.0,600.0],4.678536e-06],
[[2000.0,700.0,700.0],5.482284e-06],
[[2000.0,800.0,800.0],3.136359e-06],
[[2000.0,900.0,900.0],3.062754e-06],
[[2050.0,1020.0,1020.0],5.57846e-06],
[[2100.0,0,0],3.520883e-06],
[[2100.0,100.0,100.0],4.900794e-06],
[[2100.0,200.0,200.0],1.657801e-05],
[[2100.0,300.0,300.0],4.055049e-06],
[[2100.0,400.0,400.0],8.485786e-06],
[[2100.0,500.0,500.0],5.32406e-06],
[[2100.0,600.0,600.0],3.090059e-06],
[[2100.0,700.0,700.0],4.062953e-06],
[[2100.0,800.0,800.0],4.985451e-06],
[[2100.0,900.0,900.0],4.979163e-06],
[[2100.0,1000.0,1000.0],8.772968e-06],
[[2150.0,1070.0,1070.0],4.364291e-06],
[[2200.0,0,0],4.977735e-06],
[[2200.0,100.0,100.0],7.488526e-06],
[[2200.0,200.0,200.0],6.616918e-06],
[[2200.0,300.0,300.0],8.468512e-06],
[[2200.0,400.0,400.0],5.406479e-06],
[[2200.0,500.0,500.0],5.33062e-06],
[[2200.0,600.0,600.0],5.233439e-06],
[[2200.0,700.0,700.0],9.57487e-06],
[[2200.0,800.0,800.0],6.929749e-06],
[[2200.0,900.0,900.0],4.295567e-06],
[[2200.0,1000.0,1000.0],6.31687e-06],
[[2250.0,1120.0,1120.0],5.664887e-06],
[[2300.0,0,0],5.000664e-06],
[[2300.0,100.0,100.0],4.691727e-06],
[[2300.0,200.0,200.0],4.364697e-06],
[[2300.0,300.0,300.0],5.740811e-06],
[[2300.0,400.0,400.0],4.336384e-06],
[[2300.0,500.0,500.0],5.427182e-06],
[[2300.0,600.0,600.0],1.074485e-05],
[[2300.0,700.0,700.0],6.98749e-06],
[[2300.0,800.0,800.0],3.816581e-06],
[[2300.0,900.0,900.0],2.865664e-06],
[[2300.0,1000.0,1000.0],4.37619e-06],
[[2300.0,1100.0,1100.0],5.195229e-06],
[[2350.0,1170.0,1170.0],5.992661e-06],
[[2400.0,0,0],4.521106e-06],
[[2400.0,100.0,100.0],5.582993e-06],
[[2400.0,200.0,200.0],7.223664e-06],
[[2400.0,300.0,300.0],6.045531e-06],
[[2400.0,400.0,400.0],5.086395e-06],
[[2400.0,500.0,500.0],4.719072e-06],
[[2400.0,600.0,600.0],4.868027e-06],
[[2400.0,700.0,700.0],4.73571e-06],
[[2400.0,800.0,800.0],4.49594e-06],
[[2400.0,900.0,900.0],4.291546e-06],
[[2400.0,1000.0,1000.0],5.19315e-06],
[[2400.0,1100.0,1100.0],8.202532e-06],
[[2450.0,1220.0,1220.0],8.982462e-06],
[[2500.0,0,0],4.248232e-06],
[[2500.0,100.0,100.0],7.009355e-06],
[[2500.0,200.0,200.0],9.429627e-06],
[[2500.0,300.0,300.0],6.522018e-06],
[[2500.0,400.0,400.0],6.437731e-06],
[[2500.0,500.0,500.0],2.548637e-06],
[[2500.0,600.0,600.0],8.236354e-06],
[[2500.0,700.0,700.0],4.712998e-06],
[[2500.0,800.0,800.0],3.384369e-06],
[[2500.0,900.0,900.0],7.400825e-06],
[[2500.0,1000.0,1000.0],3.216714e-06],
[[2500.0,1100.0,1100.0],5.194584e-06],
[[2500.0,1200.0,1200.0],5.633907e-06],
[[2550.0,1270.0,1270.0],1.03932e-05],
[[2600.0,0,0],1.403919e-05],
[[2600.0,100.0,100.0],5.550124e-06],
[[2600.0,200.0,200.0],3.479328e-06],
[[2600.0,300.0,300.0],6.124288e-06],
[[2600.0,400.0,400.0],5.081282e-06],
[[2600.0,500.0,500.0],5.344682e-06],
[[2600.0,600.0,600.0],4.768669e-06],
[[2600.0,700.0,700.0],5.724697e-06],
[[2600.0,800.0,800.0],4.593364e-06],
[[2600.0,900.0,900.0],8.4144e-06],
[[2600.0,1000.0,1000.0],5.396305e-06],
[[2600.0,1100.0,1100.0],6.919973e-06],
[[2600.0,1200.0,1200.0],3.991342e-06],
[[2650.0,1320.0,1320.0],6.434958e-06],
[[2700.0,0,0],1.314242e-05],
[[2700.0,100.0,100.0],4.929803e-06],
[[2700.0,200.0,200.0],3.502163e-06],
[[2700.0,300.0,300.0],5.813558e-06],
[[2700.0,400.0,400.0],5.732453e-06],
[[2700.0,500.0,500.0],8.879602e-06],
[[2700.0,600.0,600.0],5.778176e-06],
[[2700.0,700.0,700.0],3.396574e-06],
[[2700.0,800.0,800.0],6.275137e-06],
[[2700.0,900.0,900.0],1.363444e-05],
[[2700.0,1000.0,1000.0],4.073311e-06],
[[2700.0,1100.0,1100.0],3.921524e-06],
[[2700.0,1200.0,1200.0],3.942402e-06],
[[2700.0,1300.0,1300.0],9.166997e-06],
[[2750.0,1370.0,1370.0],7.506415e-06],
[[2800.0,0,0],4.007726e-06],
[[2800.0,100.0,100.0],3.905962e-06],
[[2800.0,200.0,200.0],6.396539e-06],
[[2800.0,300.0,300.0],8.986609e-06],
[[2800.0,400.0,400.0],4.837283e-06],
[[2800.0,500.0,500.0],8.238585e-06],
[[2800.0,600.0,600.0],8.803876e-06],
[[2800.0,700.0,700.0],6.084714e-06],
[[2800.0,800.0,800.0],7.150364e-06],
[[2800.0,900.0,900.0],5.727014e-06],
[[2800.0,1000.0,1000.0],4.878655e-06],
[[2800.0,1100.0,1100.0],7.070876e-06],
[[2800.0,1200.0,1200.0],1.022463e-05],
[[2800.0,1300.0,1300.0],5.389577e-06],
[[2850.0,1420.0,1420.0],8.368739e-06],
[[2900.0,0,0],5.506358e-06],
[[2900.0,100.0,100.0],7.316213e-06],
[[2900.0,200.0,200.0],5.398686e-06],
[[2900.0,300.0,300.0],5.497756e-06],
[[2900.0,400.0,400.0],9.294408e-06],
[[2900.0,500.0,500.0],6.549806e-06],
[[2900.0,600.0,600.0],1.06142e-05],
[[2900.0,700.0,700.0],4.937161e-06],
[[2900.0,800.0,800.0],8.516548e-06],
[[2900.0,900.0,900.0],3.785002e-06],
[[2900.0,1000.0,1000.0],8.873943e-06],
[[2900.0,1100.0,1100.0],8.467376e-06],
[[2900.0,1200.0,1200.0],6.429952e-06],
[[2900.0,1300.0,1300.0],4.014903e-06],
[[2900.0,1400.0,1400.0],9.4217e-06],
[[2950.0,1470.0,1470.0],6.233314e-06],
[[3000.0,0,0],5.306221e-06],
[[3000.0,100.0,100.0],6.132874e-06],
[[3000.0,200.0,200.0],5.343332e-06],
[[3000.0,300.0,300.0],9.346126e-06],
[[3000.0,400.0,400.0],4.669735e-06],
[[3000.0,500.0,500.0],6.650774e-06],
[[3000.0,600.0,600.0],5.800311e-06],
[[3000.0,700.0,700.0],1.248438e-05],
[[3000.0,800.0,800.0],7.384487e-06],
[[3000.0,900.0,900.0],7.241698e-06],
[[3000.0,1000.0,1000.0],6.079233e-06],
[[3000.0,1100.0,1100.0],6.067326e-06],
[[3000.0,1200.0,1200.0],4.899921e-06],
[[3000.0,1300.0,1300.0],6.261009e-06],
[[3000.0,1400.0,1400.0],8.755395e-06]]
