txName: TRS1
constraint: {(PV > H0(1)), (H0(1) > MET(2),MET(3))}
condition: None
conditionDescription: None
figureUrl: https://cms-results.web.cern.ch/cms-results/public-results/publications/EXO-20-004/CMS-EXO-20-004_Figure_009-a.png
source: https://doi.org/10.5281/zenodo.13324003
validated: True
axesMap: [{0: 'x', 1: '1.0', 2: '1.0'}, {0: 'x', 1: 'y', 2: 'y'}]
dataMap: {0: (1, 'mass', GeV), 1: (2, 'mass', GeV), 2: (3, 'mass', GeV)}
finalState: ['MET', 'MET']
intermediateState: None
efficiencyMap: [[[100.0,1.0,1.0],5.400972e-06],
[[100.0,10.0,10.0],5.541015e-06],
[[150.0,1.0,1.0],9.83731e-06],
[[150.0,50.0,50.0],1.023916e-05],
[[200.0,1.0,1.0],1.62633e-05],
[[200.0,50.0,50.0],1.678803e-05],
[[200.0,100.0,100.0],3.139287e-05],
[[250.0,1.0,1.0],2.444878e-05],
[[250.0,10.0,10.0],2.305146e-05],
[[250.0,50.0,50.0],1.966761e-05],
[[250.0,100.0,100.0],2.437142e-05],
[[300.0,1.0,1.0],3.127486e-05],
[[300.0,50.0,50.0],3.036104e-05],
[[300.0,100.0,100.0],2.875944e-05],
[[350.0,1.0,1.0],3.261971e-05],
[[350.0,50.0,50.0],3.744303e-05],
[[350.0,100.0,100.0],3.308086e-05],
[[350.0,150.0,150.0],3.865254e-05],
[[400.0,1.0,1.0],4.800917e-05],
[[400.0,50.0,50.0],4.360229e-05],
[[400.0,100.0,100.0],4.310058e-05],
[[400.0,150.0,150.0],4.120009e-05],
[[450.0,1.0,1.0],5.999168e-05],
[[450.0,50.0,50.0],5.86909e-05],
[[450.0,100.0,100.0],6.135261e-05],
[[450.0,150.0,150.0],6.278928e-05],
[[450.0,200.0,200.0],6.559023e-05],
[[500.0,1.0,1.0],7.492647e-05],
[[500.0,10.0,10.0],8.068773e-05],
[[500.0,50.0,50.0],8.320008e-05],
[[500.0,100.0,100.0],8.21896e-05],
[[500.0,150.0,150.0],8.443191e-05],
[[500.0,200.0,200.0],8.871076e-05],
[[550.0,1.0,1.0],0.0001108826],
[[550.0,50.0,50.0],0.0001058542],
[[550.0,100.0,100.0],0.0001096736],
[[550.0,150.0,150.0],0.0001039582],
[[550.0,200.0,200.0],0.0001149844],
[[550.0,250.0,250.0],0.0001270928],
[[600.0,1.0,1.0],0.000136758],
[[600.0,50.0,50.0],0.0001525772],
[[600.0,100.0,100.0],0.0001458599],
[[600.0,150.0,150.0],0.0001453682],
[[600.0,200.0,200.0],0.0001462231],
[[600.0,250.0,250.0],0.0001334362],
[[650.0,1.0,1.0],0.0001547629],
[[650.0,50.0,50.0],0.0001631114],
[[650.0,100.0,100.0],0.0001665888],
[[650.0,150.0,150.0],0.0001819038],
[[650.0,200.0,200.0],0.0001845243],
[[650.0,250.0,250.0],0.0001763123],
[[650.0,300.0,300.0],0.0002053026],
[[700.0,1.0,1.0],0.0001885114],
[[700.0,50.0,50.0],0.0001960096],
[[700.0,100.0,100.0],0.0002116193],
[[700.0,150.0,150.0],0.0002084318],
[[700.0,200.0,200.0],0.0002234588],
[[700.0,250.0,250.0],0.0002318086],
[[700.0,300.0,300.0],0.0002171517],
[[750.0,1.0,1.0],0.0002114452],
[[750.0,10.0,10.0],0.0002544891],
[[750.0,50.0,50.0],0.0002418724],
[[750.0,100.0,100.0],0.0002622168],
[[750.0,150.0,150.0],0.000263058],
[[750.0,200.0,200.0],0.0003084088],
[[750.0,250.0,250.0],0.0002550851],
[[750.0,300.0,300.0],0.0002846627],
[[750.0,350.0,350.0],0.0003110633],
[[800.0,1.0,1.0],0.0002938664],
[[800.0,150.0,150.0],0.0002757424],
[[800.0,200.0,200.0],0.0003942466],
[[800.0,250.0,250.0],0.0003095615],
[[800.0,300.0,300.0],0.0003073814],
[[800.0,350.0,350.0],0.0003772192],
[[850.0,1.0,1.0],0.0003309419],
[[850.0,150.0,150.0],0.0004198397],
[[850.0,200.0,200.0],0.000387618],
[[850.0,250.0,250.0],0.0003777131],
[[850.0,300.0,300.0],0.0003770902],
[[850.0,350.0,350.0],0.0004104714],
[[850.0,400.0,400.0],0.0004544316],
[[900.0,1.0,1.0],0.0003327429],
[[900.0,150.0,150.0],0.0004498931],
[[900.0,200.0,200.0],0.0004193744],
[[900.0,250.0,250.0],0.0004338727],
[[900.0,300.0,300.0],0.0005676096],
[[900.0,350.0,350.0],0.0004508124],
[[900.0,400.0,400.0],0.0004827226],
[[950.0,1.0,1.0],0.0004489577],
[[950.0,150.0,150.0],0.0005120845],
[[950.0,200.0,200.0],0.0005238811],
[[950.0,250.0,250.0],0.0005135771],
[[950.0,300.0,300.0],0.0005091221],
[[950.0,350.0,350.0],0.0004628575],
[[950.0,400.0,400.0],0.0006024844],
[[950.0,450.0,450.0],0.0006132263],
[[1000.0,1.0,1.0],0.0004132849],
[[1000.0,10.0,10.0],0.0004301517],
[[1000.0,50.0,50.0],0.0004476145],
[[1000.0,100.0,100.0],0.000504984],
[[1000.0,150.0,150.0],0.0006055927],
[[1000.0,200.0,200.0],0.0005613254],
[[1000.0,250.0,250.0],0.0006735365],
[[1000.0,300.0,300.0],0.0005367122],
[[1000.0,350.0,350.0],0.0005172776],
[[1000.0,400.0,400.0],0.0004726852],
[[1000.0,450.0,450.0],0.0006016104],
[[1050.0,1.0,1.0],0.0005462121],
[[1050.0,150.0,150.0],0.0008439816],
[[1050.0,200.0,200.0],0.0006478994],
[[1050.0,250.0,250.0],0.0005456134],
[[1050.0,300.0,300.0],0.0005690343],
[[1050.0,350.0,350.0],0.0005476468],
[[1050.0,400.0,400.0],0.0005599888],
[[1050.0,450.0,450.0],0.000600489],
[[1050.0,500.0,500.0],0.0007182918],
[[1100.0,1.0,1.0],0.0005516996],
[[1100.0,150.0,150.0],0.0008312891],
[[1100.0,200.0,200.0],0.0006255941],
[[1100.0,250.0,250.0],0.0006704693],
[[1100.0,300.0,300.0],0.0006495948],
[[1100.0,350.0,350.0],0.0008032191],
[[1100.0,400.0,400.0],0.000595195],
[[1100.0,450.0,450.0],0.0007224093],
[[1100.0,500.0,500.0],0.0007573043],
[[1150.0,1.0,1.0],0.0005651399],
[[1150.0,150.0,150.0],0.0006422196],
[[1150.0,200.0,200.0],0.0007434573],
[[1150.0,250.0,250.0],0.0009844996],
[[1150.0,300.0,300.0],0.0009617221],
[[1150.0,350.0,350.0],0.0006791517],
[[1150.0,400.0,400.0],0.0008584805],
[[1150.0,450.0,450.0],0.0006518067],
[[1150.0,500.0,500.0],0.001000721],
[[1150.0,550.0,550.0],0.001164922],
[[1200.0,1.0,1.0],0.0006133971],
[[1200.0,150.0,150.0],0.0007956396],
[[1200.0,200.0,200.0],0.000821897],
[[1200.0,250.0,250.0],0.0007254951],
[[1200.0,300.0,300.0],0.0007262158],
[[1200.0,350.0,350.0],0.0008569963],
[[1200.0,400.0,400.0],0.0008840126],
[[1200.0,450.0,450.0],0.000757614],
[[1200.0,500.0,500.0],0.0007598604],
[[1200.0,550.0,550.0],0.0007649821],
[[1250.0,1.0,1.0],0.0006301149],
[[1250.0,10.0,10.0],0.000585202],
[[1250.0,50.0,50.0],0.0006594231],
[[1250.0,100.0,100.0],0.0007045933],
[[1250.0,150.0,150.0],0.0006990967],
[[1250.0,200.0,200.0],0.000826491],
[[1250.0,250.0,250.0],0.0008111094],
[[1250.0,300.0,300.0],0.0007599664],
[[1250.0,350.0,350.0],0.0007761754],
[[1250.0,400.0,400.0],0.0009219053],
[[1250.0,450.0,450.0],0.0008409051],
[[1250.0,500.0,500.0],0.0008195752],
[[1250.0,550.0,550.0],0.000924974],
[[1250.0,600.0,600.0],0.0009547959],
[[1300.0,1.0,1.0],0.0007326541],
[[1300.0,150.0,150.0],0.0007801864],
[[1300.0,200.0,200.0],0.0008009635],
[[1300.0,250.0,250.0],0.0009210184],
[[1300.0,300.0,300.0],0.0009371973],
[[1300.0,350.0,350.0],0.0009423766],
[[1300.0,400.0,400.0],0.0008481187],
[[1300.0,450.0,450.0],0.001140841],
[[1300.0,500.0,500.0],0.00134979],
[[1300.0,550.0,550.0],0.0008853588],
[[1300.0,600.0,600.0],0.0009221609],
[[1350.0,1.0,1.0],0.0008327187],
[[1350.0,150.0,150.0],0.0007799858],
[[1350.0,200.0,200.0],0.0009658347],
[[1350.0,250.0,250.0],0.0008488786],
[[1350.0,300.0,300.0],0.0008815671],
[[1350.0,350.0,350.0],0.0009958674],
[[1350.0,400.0,400.0],0.0008465975],
[[1350.0,450.0,450.0],0.0009105448],
[[1350.0,500.0,500.0],0.0009791128],
[[1350.0,550.0,550.0],0.001022656],
[[1350.0,600.0,600.0],0.0008720477],
[[1350.0,650.0,650.0],0.001143176],
[[1400.0,1.0,1.0],0.0007672278],
[[1400.0,150.0,150.0],0.000860322],
[[1400.0,200.0,200.0],0.001030139],
[[1400.0,250.0,250.0],0.0008758735],
[[1400.0,300.0,300.0],0.0008415697],
[[1400.0,350.0,350.0],0.0012608],
[[1400.0,400.0,400.0],0.0008673348],
[[1400.0,450.0,450.0],0.001376097],
[[1400.0,500.0,500.0],0.0009018397],
[[1400.0,550.0,550.0],0.0009529536],
[[1400.0,600.0,600.0],0.001109081],
[[1400.0,650.0,650.0],0.001202473],
[[1450.0,1.0,1.0],0.000673222],
[[1450.0,150.0,150.0],0.0009330038],
[[1450.0,200.0,200.0],0.00106869],
[[1450.0,250.0,250.0],0.0008483268],
[[1450.0,300.0,300.0],0.001078387],
[[1450.0,350.0,350.0],0.000989538],
[[1450.0,400.0,400.0],0.001146281],
[[1450.0,450.0,450.0],0.001040553],
[[1450.0,500.0,500.0],0.001114292],
[[1450.0,550.0,550.0],0.001607992],
[[1450.0,600.0,600.0],0.001019282],
[[1450.0,650.0,650.0],0.001163834],
[[1450.0,700.0,700.0],0.001446278],
[[1500.0,1.0,1.0],0.0007952337],
[[1500.0,10.0,10.0],0.0007274274],
[[1500.0,50.0,50.0],0.0007440128],
[[1500.0,100.0,100.0],0.0007824959],
[[1500.0,150.0,150.0],0.0008490412],
[[1500.0,200.0,200.0],0.0009382427],
[[1500.0,250.0,250.0],0.0009407159],
[[1500.0,300.0,300.0],0.00115171],
[[1500.0,350.0,350.0],0.001076453],
[[1500.0,400.0,400.0],0.001059028],
[[1500.0,450.0,450.0],0.001315988],
[[1500.0,500.0,500.0],0.001200625],
[[1500.0,550.0,550.0],0.001383849],
[[1500.0,600.0,600.0],0.001211275],
[[1500.0,650.0,650.0],0.001115172],
[[1500.0,700.0,700.0],0.001577048],
[[1500.0,750.0,750.0],0.001340876],
[[1550.0,1.0,1.0],0.0007576945],
[[1550.0,150.0,150.0],0.0008162844],
[[1550.0,200.0,200.0],0.001005927],
[[1550.0,250.0,250.0],0.001047878],
[[1550.0,300.0,300.0],0.001104395],
[[1550.0,350.0,350.0],0.001509398],
[[1550.0,400.0,400.0],0.001261768],
[[1550.0,450.0,450.0],0.001108596],
[[1550.0,500.0,500.0],0.001264679],
[[1550.0,550.0,550.0],0.001233604],
[[1550.0,600.0,600.0],0.001242107],
[[1550.0,650.0,650.0],0.001725021],
[[1550.0,700.0,700.0],0.001710675],
[[1550.0,750.0,750.0],0.001361072],
[[1600.0,1.0,1.0],0.0008240869],
[[1600.0,150.0,150.0],0.0009342365],
[[1600.0,200.0,200.0],0.001500272],
[[1600.0,250.0,250.0],0.0009988595],
[[1600.0,300.0,300.0],0.0009858911],
[[1600.0,350.0,350.0],0.001145811],
[[1600.0,400.0,400.0],0.001097975],
[[1600.0,450.0,450.0],0.001144836],
[[1600.0,500.0,500.0],0.001079192],
[[1600.0,550.0,550.0],0.001347003],
[[1600.0,600.0,600.0],0.001062269],
[[1600.0,650.0,650.0],0.001257408],
[[1600.0,700.0,700.0],0.001368141],
[[1600.0,750.0,750.0],0.001348789],
[[1650.0,1.0,1.0],0.0007608718],
[[1650.0,150.0,150.0],0.0008251224],
[[1650.0,200.0,200.0],0.0009911141],
[[1650.0,250.0,250.0],0.001094845],
[[1650.0,300.0,300.0],0.001114421],
[[1650.0,350.0,350.0],0.001248168],
[[1650.0,400.0,400.0],0.001171437],
[[1650.0,450.0,450.0],0.001160967],
[[1650.0,500.0,500.0],0.001237832],
[[1650.0,550.0,550.0],0.001157208],
[[1650.0,600.0,600.0],0.001288092],
[[1650.0,650.0,650.0],0.001526536],
[[1650.0,700.0,700.0],0.001078335],
[[1650.0,750.0,750.0],0.001556483],
[[1650.0,800.0,800.0],0.001409925],
[[1700.0,1.0,1.0],0.0007156203],
[[1700.0,150.0,150.0],0.0008639234],
[[1700.0,200.0,200.0],0.001107196],
[[1700.0,250.0,250.0],0.001258433],
[[1700.0,300.0,300.0],0.001259425],
[[1700.0,350.0,350.0],0.001110129],
[[1700.0,400.0,400.0],0.00130213],
[[1700.0,450.0,450.0],0.001242355],
[[1700.0,500.0,500.0],0.001192526],
[[1700.0,550.0,550.0],0.001356665],
[[1700.0,600.0,600.0],0.001514347],
[[1700.0,650.0,650.0],0.001424692],
[[1700.0,700.0,700.0],0.001680639],
[[1700.0,750.0,750.0],0.001249967],
[[1700.0,800.0,800.0],0.001555712],
[[1750.0,1.0,1.0],0.0008523513],
[[1750.0,10.0,10.0],0.0007682936],
[[1750.0,50.0,50.0],0.0009398995],
[[1750.0,100.0,100.0],0.0009468545],
[[1750.0,150.0,150.0],0.0009314549],
[[1750.0,200.0,200.0],0.001041357],
[[1750.0,250.0,250.0],0.001087326],
[[1750.0,300.0,300.0],0.001147219],
[[1750.0,350.0,350.0],0.001596449],
[[1750.0,400.0,400.0],0.001487735],
[[1750.0,450.0,450.0],0.001175176],
[[1750.0,500.0,500.0],0.00133369],
[[1750.0,550.0,550.0],0.001211695],
[[1750.0,600.0,600.0],0.001645461],
[[1750.0,650.0,650.0],0.001444994],
[[1750.0,700.0,700.0],0.001485999],
[[1750.0,750.0,750.0],0.001303462],
[[1750.0,800.0,800.0],0.001281733],
[[1750.0,850.0,850.0],0.001549627],
[[1800.0,1.0,1.0],0.000777506],
[[1800.0,150.0,150.0],0.0009093424],
[[1800.0,200.0,200.0],0.001000522],
[[1800.0,250.0,250.0],0.001463476],
[[1800.0,300.0,300.0],0.001367264],
[[1800.0,350.0,350.0],0.001310286],
[[1800.0,400.0,400.0],0.001424798],
[[1800.0,450.0,450.0],0.001727307],
[[1800.0,500.0,500.0],0.001301371],
[[1800.0,550.0,550.0],0.001692103],
[[1800.0,600.0,600.0],0.001429913],
[[1800.0,650.0,650.0],0.001462877],
[[1800.0,700.0,700.0],0.001455796],
[[1800.0,750.0,750.0],0.00161446],
[[1800.0,800.0,800.0],0.001746861],
[[1800.0,850.0,850.0],0.001440886],
[[1850.0,1.0,1.0],0.0008611454],
[[1850.0,150.0,150.0],0.000982994],
[[1850.0,200.0,200.0],0.001096766],
[[1850.0,250.0,250.0],0.001078113],
[[1850.0,300.0,300.0],0.001223248],
[[1850.0,350.0,350.0],0.00138637],
[[1850.0,400.0,400.0],0.001849094],
[[1850.0,450.0,450.0],0.00138889],
[[1850.0,500.0,500.0],0.001423369],
[[1850.0,550.0,550.0],0.001571638],
[[1850.0,600.0,600.0],0.001383347],
[[1850.0,650.0,650.0],0.001741685],
[[1850.0,700.0,700.0],0.001449325],
[[1850.0,750.0,750.0],0.00161797],
[[1850.0,800.0,800.0],0.001490613],
[[1850.0,850.0,850.0],0.001674745],
[[1850.0,900.0,900.0],0.001677508],
[[1900.0,1.0,1.0],0.0007704215],
[[1900.0,150.0,150.0],0.0008329615],
[[1900.0,200.0,200.0],0.001039846],
[[1900.0,250.0,250.0],0.00120962],
[[1900.0,300.0,300.0],0.00112916],
[[1900.0,350.0,350.0],0.001189373],
[[1900.0,400.0,400.0],0.001271109],
[[1900.0,450.0,450.0],0.001444095],
[[1900.0,500.0,500.0],0.001371323],
[[1900.0,550.0,550.0],0.001634992],
[[1900.0,600.0,600.0],0.001408647],
[[1900.0,650.0,650.0],0.001570509],
[[1900.0,700.0,700.0],0.001457333],
[[1900.0,750.0,750.0],0.001647931],
[[1900.0,800.0,800.0],0.001628238],
[[1900.0,850.0,850.0],0.0014319],
[[1900.0,900.0,900.0],0.001816324],
[[1950.0,1.0,1.0],0.0007678536],
[[1950.0,150.0,150.0],0.0009674725],
[[1950.0,200.0,200.0],0.001042197],
[[1950.0,250.0,250.0],0.001200396],
[[1950.0,300.0,300.0],0.001237517],
[[1950.0,350.0,350.0],0.001325676],
[[1950.0,400.0,400.0],0.001453731],
[[1950.0,450.0,450.0],0.00174898],
[[1950.0,500.0,500.0],0.001286673],
[[1950.0,550.0,550.0],0.001539994],
[[1950.0,600.0,600.0],0.001752273],
[[1950.0,650.0,650.0],0.001810928],
[[1950.0,700.0,700.0],0.00161691],
[[1950.0,750.0,750.0],0.001670466],
[[1950.0,800.0,800.0],0.001413058],
[[1950.0,850.0,850.0],0.001776628],
[[1950.0,900.0,900.0],0.001750952],
[[1950.0,950.0,950.0],0.001752179],
[[2000.0,1.0,1.0],0.0008225995],
[[2000.0,10.0,10.0],0.0008053561],
[[2000.0,50.0,50.0],0.0008183815],
[[2000.0,100.0,100.0],0.0008292693],
[[2000.0,150.0,150.0],0.0009123961],
[[2000.0,200.0,200.0],0.001266526],
[[2000.0,250.0,250.0],0.001239817],
[[2000.0,300.0,300.0],0.00129214],
[[2000.0,350.0,350.0],0.00142178],
[[2000.0,400.0,400.0],0.001455828],
[[2000.0,450.0,450.0],0.001397229],
[[2000.0,500.0,500.0],0.001599617],
[[2000.0,550.0,550.0],0.001561447],
[[2000.0,600.0,600.0],0.00154416],
[[2000.0,650.0,650.0],0.001680621],
[[2000.0,700.0,700.0],0.001712573],
[[2000.0,750.0,750.0],0.001481919],
[[2000.0,800.0,800.0],0.001561516],
[[2000.0,850.0,850.0],0.001855546],
[[2000.0,900.0,900.0],0.001667394],
[[2000.0,950.0,950.0],0.001722628],
[[2250.0,1.0,1.0],0.0006742669],
[[2250.0,10.0,10.0],0.0006456029],
[[2250.0,50.0,50.0],0.0006987317],
[[2250.0,100.0,100.0],0.0007299731],
[[2250.0,150.0,150.0],0.0009232118],
[[2250.0,300.0,300.0],0.001373997],
[[2250.0,500.0,500.0],0.001472716],
[[2250.0,750.0,750.0],0.001824207],
[[2250.0,1000.0,1000.0],0.002144423],
[[2500.0,1.0,1.0],0.0006087629],
[[2500.0,10.0,10.0],0.000576807],
[[2500.0,50.0,50.0],0.0006691785],
[[2500.0,100.0,100.0],0.0006483618],
[[2500.0,150.0,150.0],0.0009137416],
[[2500.0,300.0,300.0],0.00125891],
[[2500.0,500.0,500.0],0.001810112],
[[2500.0,750.0,750.0],0.001837568],
[[2500.0,1000.0,1000.0],0.001954111],
[[2500.0,1200.0,1200.0],0.002053552],
[[2750.0,1.0,1.0],0.000543331],
[[2750.0,10.0,10.0],0.0005107708],
[[2750.0,50.0,50.0],0.0005007648],
[[2750.0,100.0,100.0],0.0006091494],
[[2750.0,150.0,150.0],0.0007587403],
[[2750.0,300.0,300.0],0.001351213],
[[2750.0,500.0,500.0],0.001854704],
[[2750.0,750.0,750.0],0.002109857],
[[2750.0,1000.0,1000.0],0.002000011],
[[2750.0,1200.0,1200.0],0.002083982],
[[3000.0,1.0,1.0],0.0004164269],
[[3000.0,10.0,10.0],0.0004540111],
[[3000.0,50.0,50.0],0.0004888161],
[[3000.0,100.0,100.0],0.0005614086],
[[3000.0,150.0,150.0],0.0007000051],
[[3000.0,300.0,300.0],0.001244345],
[[3000.0,500.0,500.0],0.001643998],
[[3000.0,750.0,750.0],0.002005606],
[[3000.0,1000.0,1000.0],0.002203565],
[[3000.0,1200.0,1200.0],0.002212897],
[[3000.0,1400.0,1400.0],0.002475414]]
