txName: TRV1
constraint: {(PV > Zprime(1)), (Zprime(1) > MET(2),MET(3))}
condition: None
conditionDescription: None
figureUrl: https://cms-results.web.cern.ch/cms-results/public-results/publications/EXO-20-004/CMS-EXO-20-004_Figure_007-b.png
source: https://doi.org/10.5281/zenodo.13324003
validated: True
axesMap: [{0: 'x', 1: 'y', 2: 'y'}]
dataMap: {0: (1, 'mass', GeV), 1: (2, 'mass', GeV), 2: (3, 'mass', GeV)}
finalState: ['MET', 'MET']
intermediateState: None
efficiencyMap: [[[50.0,1.0,1.0],2.029638e-08],
[[100.0,1.0,1.0],6.232912e-07],
[[100.0,10.0,10.0],5.2153e-07],
[[150.0,1.0,1.0],2.085738e-06],
[[150.0,75.0,75.0],2.880926e-06],
[[200.0,1.0,1.0],5.018522e-06],
[[200.0,75.0,75.0],5.971449e-06],
[[250.0,1.0,1.0],1.027421e-05],
[[250.0,10.0,10.0],9.215122e-06],
[[250.0,75.0,75.0],9.020765e-06],
[[300.0,1.0,1.0],1.441953e-05],
[[300.0,75.0,75.0],1.653307e-05],
[[350.0,1.0,1.0],2.620671e-05],
[[350.0,75.0,75.0],2.540899e-05],
[[350.0,150.0,150.0],2.576759e-05],
[[400.0,1.0,1.0],3.483136e-05],
[[400.0,75.0,75.0],3.034763e-05],
[[400.0,150.0,150.0],3.373542e-05],
[[450.0,1.0,1.0],4.353535e-05],
[[450.0,75.0,75.0],4.105622e-05],
[[450.0,150.0,150.0],4.367637e-05],
[[450.0,200.0,200.0],5.687325e-05],
[[500.0,1.0,1.0],5.434706e-05],
[[500.0,10.0,10.0],6.015912e-05],
[[500.0,75.0,75.0],6.039412e-05],
[[500.0,150.0,150.0],5.8863e-05],
[[500.0,200.0,200.0],6.370438e-05],
[[550.0,1.0,1.0],7.721156e-05],
[[550.0,75.0,75.0],6.700204e-05],
[[550.0,150.0,150.0],6.702961e-05],
[[550.0,200.0,200.0],7.517482e-05],
[[550.0,250.0,250.0],7.472092e-05],
[[600.0,1.0,1.0],8.851775e-05],
[[600.0,75.0,75.0],8.717806e-05],
[[600.0,150.0,150.0],8.982741e-05],
[[600.0,200.0,200.0],9.364844e-05],
[[600.0,250.0,250.0],7.708202e-05],
[[650.0,1.0,1.0],9.786171e-05],
[[650.0,75.0,75.0],0.0001131636],
[[650.0,150.0,150.0],9.442743e-05],
[[650.0,200.0,200.0],0.0001060466],
[[650.0,250.0,250.0],0.0001157262],
[[650.0,300.0,300.0],0.0001096681],
[[700.0,1.0,1.0],0.0001177735],
[[700.0,75.0,75.0],0.0001107721],
[[700.0,150.0,150.0],0.0001207177],
[[700.0,200.0,200.0],0.0001190277],
[[700.0,250.0,250.0],0.0001085302],
[[700.0,300.0,300.0],0.0001242262],
[[750.0,1.0,1.0],0.0001332114],
[[750.0,10.0,10.0],0.0001306352],
[[750.0,75.0,75.0],0.0001305402],
[[750.0,150.0,150.0],0.0001337306],
[[750.0,200.0,200.0],0.0001514952],
[[750.0,250.0,250.0],0.0001540029],
[[750.0,300.0,300.0],0.0001887129],
[[750.0,350.0,350.0],0.0001586757],
[[800.0,1.0,1.0],0.00014199],
[[800.0,75.0,75.0],0.0001450107],
[[800.0,150.0,150.0],0.0001728132],
[[800.0,200.0,200.0],0.0001671962],
[[800.0,250.0,250.0],0.0001445731],
[[800.0,300.0,300.0],0.0001628219],
[[800.0,350.0,350.0],0.0001619058],
[[850.0,1.0,1.0],0.0001610901],
[[850.0,75.0,75.0],0.0001747901],
[[850.0,150.0,150.0],0.0001754796],
[[850.0,200.0,200.0],0.0001661708],
[[850.0,250.0,250.0],0.000177804],
[[850.0,300.0,300.0],0.0001736315],
[[850.0,350.0,350.0],0.0002130055],
[[850.0,400.0,400.0],0.0001724305],
[[900.0,1.0,1.0],0.0001748876],
[[900.0,75.0,75.0],0.0001755064],
[[900.0,150.0,150.0],0.0001761768],
[[900.0,200.0,200.0],0.0001986382],
[[900.0,250.0,250.0],0.0002051327],
[[900.0,300.0,300.0],0.0002131864],
[[900.0,350.0,350.0],0.0002031493],
[[900.0,400.0,400.0],0.0002387056],
[[950.0,1.0,1.0],0.0001934696],
[[950.0,75.0,75.0],0.0002174092],
[[950.0,150.0,150.0],0.0001909335],
[[950.0,200.0,200.0],0.0002352551],
[[950.0,250.0,250.0],0.0002122184],
[[950.0,300.0,300.0],0.0002427335],
[[950.0,350.0,350.0],0.0002218927],
[[950.0,400.0,400.0],0.0002140959],
[[950.0,450.0,450.0],0.0002330939],
[[1000.0,1.0,1.0],0.0002020149],
[[1000.0,10.0,10.0],0.000190278],
[[1000.0,75.0,75.0],0.000194146],
[[1000.0,150.0,150.0],0.0002296813],
[[1000.0,200.0,200.0],0.000243698],
[[1000.0,250.0,250.0],0.0002284133],
[[1000.0,300.0,300.0],0.0002312152],
[[1000.0,350.0,350.0],0.0002355446],
[[1000.0,400.0,400.0],0.0002331403],
[[1000.0,450.0,450.0],0.0002315124],
[[1050.0,1.0,1.0],0.000230825],
[[1050.0,75.0,75.0],0.0002527686],
[[1050.0,150.0,150.0],0.0002555308],
[[1050.0,200.0,200.0],0.000221345],
[[1050.0,250.0,250.0],0.0002235019],
[[1050.0,300.0,300.0],0.0002602117],
[[1050.0,350.0,350.0],0.0002519364],
[[1050.0,400.0,400.0],0.0002383094],
[[1050.0,450.0,450.0],0.0002703781],
[[1050.0,500.0,500.0],0.0002696551],
[[1100.0,1.0,1.0],0.0002468094],
[[1100.0,75.0,75.0],0.0002567296],
[[1100.0,150.0,150.0],0.0002940835],
[[1100.0,200.0,200.0],0.0002567923],
[[1100.0,250.0,250.0],0.0002743124],
[[1100.0,300.0,300.0],0.0002530348],
[[1100.0,350.0,350.0],0.0002647536],
[[1100.0,400.0,400.0],0.0002664648],
[[1100.0,450.0,450.0],0.0002880087],
[[1100.0,500.0,500.0],0.0003361188],
[[1150.0,1.0,1.0],0.000281616],
[[1150.0,75.0,75.0],0.0002510935],
[[1150.0,150.0,150.0],0.0002957978],
[[1150.0,200.0,200.0],0.000335705],
[[1150.0,250.0,250.0],0.0003069731],
[[1150.0,300.0,300.0],0.0002943708],
[[1150.0,350.0,350.0],0.0002907203],
[[1150.0,400.0,400.0],0.0003278638],
[[1150.0,450.0,450.0],0.0002881699],
[[1150.0,500.0,500.0],0.0002950781],
[[1150.0,550.0,550.0],0.000395752],
[[1200.0,1.0,1.0],0.0002792301],
[[1200.0,75.0,75.0],0.0002982743],
[[1200.0,150.0,150.0],0.0003113794],
[[1200.0,200.0,200.0],0.0003097735],
[[1200.0,250.0,250.0],0.0003414727],
[[1200.0,300.0,300.0],0.0002770634],
[[1200.0,350.0,350.0],0.0002927856],
[[1200.0,400.0,400.0],0.0002773391],
[[1200.0,450.0,450.0],0.0003100717],
[[1200.0,500.0,500.0],0.000303066],
[[1200.0,550.0,550.0],0.000341392],
[[1250.0,1.0,1.0],0.0002915334],
[[1250.0,10.0,10.0],0.0002813068],
[[1250.0,75.0,75.0],0.0002940909],
[[1250.0,150.0,150.0],0.000300441],
[[1250.0,200.0,200.0],0.0003647978],
[[1250.0,250.0,250.0],0.0003371644],
[[1250.0,300.0,300.0],0.000333653],
[[1250.0,350.0,350.0],0.0003061516],
[[1250.0,400.0,400.0],0.0003335579],
[[1250.0,450.0,450.0],0.000302681],
[[1250.0,500.0,500.0],0.000335814],
[[1250.0,550.0,550.0],0.0003547838],
[[1250.0,600.0,600.0],0.0003115483],
[[1300.0,1.0,1.0],0.0003100193],
[[1300.0,75.0,75.0],0.0002899237],
[[1300.0,150.0,150.0],0.0003289263],
[[1300.0,200.0,200.0],0.0002900677],
[[1300.0,250.0,250.0],0.0003502158],
[[1300.0,300.0,300.0],0.0003482537],
[[1300.0,350.0,350.0],0.000331849],
[[1300.0,400.0,400.0],0.0003263456],
[[1300.0,450.0,450.0],0.0003191415],
[[1300.0,500.0,500.0],0.0003288614],
[[1300.0,550.0,550.0],0.0002806338],
[[1300.0,600.0,600.0],0.0003567436],
[[1350.0,1.0,1.0],0.0003295087],
[[1350.0,75.0,75.0],0.000366123],
[[1350.0,150.0,150.0],0.0003102153],
[[1350.0,200.0,200.0],0.0003077572],
[[1350.0,250.0,250.0],0.0003999758],
[[1350.0,300.0,300.0],0.0003286492],
[[1350.0,350.0,350.0],0.0003654221],
[[1350.0,400.0,400.0],0.0003207218],
[[1350.0,450.0,450.0],0.0003274515],
[[1350.0,500.0,500.0],0.0003565334],
[[1350.0,550.0,550.0],0.0003407497],
[[1350.0,600.0,600.0],0.0003478566],
[[1350.0,650.0,650.0],0.0003335437],
[[1400.0,1.0,1.0],0.0003391167],
[[1400.0,75.0,75.0],0.0003230842],
[[1400.0,150.0,150.0],0.0003278155],
[[1400.0,200.0,200.0],0.0003825022],
[[1400.0,250.0,250.0],0.0003496545],
[[1400.0,300.0,300.0],0.0003536022],
[[1400.0,350.0,350.0],0.0003988519],
[[1400.0,400.0,400.0],0.0003313694],
[[1400.0,450.0,450.0],0.0003400238],
[[1400.0,500.0,500.0],0.0004086365],
[[1400.0,550.0,550.0],0.0003517025],
[[1400.0,600.0,600.0],0.0003443724],
[[1400.0,650.0,650.0],0.0003676887],
[[1450.0,1.0,1.0],0.0003336575],
[[1450.0,75.0,75.0],0.0003650432],
[[1450.0,150.0,150.0],0.0003323646],
[[1450.0,200.0,200.0],0.0003375487],
[[1450.0,250.0,250.0],0.0003115826],
[[1450.0,300.0,300.0],0.0003492794],
[[1450.0,350.0,350.0],0.0004139438],
[[1450.0,400.0,400.0],0.0003272657],
[[1450.0,450.0,450.0],0.0003698965],
[[1450.0,500.0,500.0],0.0004103953],
[[1450.0,550.0,550.0],0.0003890726],
[[1450.0,600.0,600.0],0.000377256],
[[1450.0,650.0,650.0],0.0003686837],
[[1450.0,700.0,700.0],0.0003916258],
[[1500.0,1.0,1.0],0.0003660917],
[[1500.0,10.0,10.0],0.0003335259],
[[1500.0,75.0,75.0],0.000352127],
[[1500.0,150.0,150.0],0.0003787575],
[[1500.0,200.0,200.0],0.0003570856],
[[1500.0,250.0,250.0],0.0003577557],
[[1500.0,300.0,300.0],0.0003944007],
[[1500.0,350.0,350.0],0.0004023051],
[[1500.0,400.0,400.0],0.0004000576],
[[1500.0,450.0,450.0],0.000395479],
[[1500.0,500.0,500.0],0.0003973274],
[[1500.0,550.0,550.0],0.0004646025],
[[1500.0,600.0,600.0],0.0003944534],
[[1500.0,650.0,650.0],0.0004147742],
[[1500.0,700.0,700.0],0.0003782705],
[[1500.0,750.0,750.0],0.000419142],
[[1550.0,1.0,1.0],0.0003653528],
[[1550.0,75.0,75.0],0.0003834961],
[[1550.0,150.0,150.0],0.0003881531],
[[1550.0,200.0,200.0],0.0003631193],
[[1550.0,250.0,250.0],0.0003982254],
[[1550.0,300.0,300.0],0.0004071274],
[[1550.0,350.0,350.0],0.0003810995],
[[1550.0,400.0,400.0],0.0003727353],
[[1550.0,450.0,450.0],0.0004172006],
[[1550.0,500.0,500.0],0.0003971909],
[[1550.0,550.0,550.0],0.0003938529],
[[1550.0,600.0,600.0],0.0004132282],
[[1550.0,650.0,650.0],0.0004037595],
[[1550.0,700.0,700.0],0.0004306614],
[[1550.0,750.0,750.0],0.0004772867],
[[1600.0,1.0,1.0],0.0003851448],
[[1600.0,75.0,75.0],0.0004196925],
[[1600.0,150.0,150.0],0.0003798552],
[[1600.0,200.0,200.0],0.0004323364],
[[1600.0,250.0,250.0],0.0003548889],
[[1600.0,300.0,300.0],0.0004113086],
[[1600.0,350.0,350.0],0.0003908267],
[[1600.0,400.0,400.0],0.0003739706],
[[1600.0,450.0,450.0],0.0004176787],
[[1600.0,500.0,500.0],0.0004211758],
[[1600.0,550.0,550.0],0.0004084315],
[[1600.0,600.0,600.0],0.0004245385],
[[1600.0,650.0,650.0],0.0003674761],
[[1600.0,700.0,700.0],0.0004411268],
[[1600.0,750.0,750.0],0.0004097176],
[[1650.0,1.0,1.0],0.0003986242],
[[1650.0,75.0,75.0],0.00038112],
[[1650.0,150.0,150.0],0.0003801405],
[[1650.0,200.0,200.0],0.0004037939],
[[1650.0,250.0,250.0],0.0003858975],
[[1650.0,300.0,300.0],0.0004044292],
[[1650.0,350.0,350.0],0.0004130161],
[[1650.0,400.0,400.0],0.0004425965],
[[1650.0,450.0,450.0],0.0003946628],
[[1650.0,500.0,500.0],0.0003916747],
[[1650.0,550.0,550.0],0.0004309921],
[[1650.0,600.0,600.0],0.0004855681],
[[1650.0,650.0,650.0],0.0003976587],
[[1650.0,700.0,700.0],0.0004292051],
[[1650.0,750.0,750.0],0.0003849775],
[[1650.0,800.0,800.0],0.000457778],
[[1700.0,1.0,1.0],0.0003636386],
[[1700.0,75.0,75.0],0.0003726992],
[[1700.0,150.0,150.0],0.0004012266],
[[1700.0,200.0,200.0],0.0004292324],
[[1700.0,250.0,250.0],0.0004342338],
[[1700.0,300.0,300.0],0.0004844831],
[[1700.0,350.0,350.0],0.0004440627],
[[1700.0,400.0,400.0],0.0004478713],
[[1700.0,450.0,450.0],0.0004633806],
[[1700.0,500.0,500.0],0.0004529223],
[[1700.0,550.0,550.0],0.0004442551],
[[1700.0,600.0,600.0],0.0004305721],
[[1700.0,650.0,650.0],0.0004691507],
[[1700.0,700.0,700.0],0.0004509599],
[[1700.0,750.0,750.0],0.0004221768],
[[1700.0,800.0,800.0],0.000486448],
[[1750.0,1.0,1.0],0.0004259332],
[[1750.0,10.0,10.0],0.0003920701],
[[1750.0,75.0,75.0],0.0003857741],
[[1750.0,150.0,150.0],0.0004049999],
[[1750.0,200.0,200.0],0.0004339331],
[[1750.0,250.0,250.0],0.0003912685],
[[1750.0,300.0,300.0],0.000408343],
[[1750.0,350.0,350.0],0.000491914],
[[1750.0,400.0,400.0],0.0004375582],
[[1750.0,450.0,450.0],0.0004806784],
[[1750.0,500.0,500.0],0.0004445864],
[[1750.0,550.0,550.0],0.000427634],
[[1750.0,600.0,600.0],0.0004688264],
[[1750.0,650.0,650.0],0.0004736222],
[[1750.0,700.0,700.0],0.0004078525],
[[1750.0,750.0,750.0],0.0004301101],
[[1750.0,800.0,800.0],0.0004920702],
[[1750.0,850.0,850.0],0.0004383611],
[[1800.0,1.0,1.0],0.0004396123],
[[1800.0,75.0,75.0],0.0003970727],
[[1800.0,150.0,150.0],0.0004433131],
[[1800.0,200.0,200.0],0.0003955065],
[[1800.0,250.0,250.0],0.0004213342],
[[1800.0,300.0,300.0],0.0004736351],
[[1800.0,350.0,350.0],0.0004812245],
[[1800.0,400.0,400.0],0.0004682156],
[[1800.0,450.0,450.0],0.0004647262],
[[1800.0,500.0,500.0],0.0003979028],
[[1800.0,550.0,550.0],0.0004490471],
[[1800.0,600.0,600.0],0.0004687395],
[[1800.0,650.0,650.0],0.0004551434],
[[1800.0,700.0,700.0],0.0004232457],
[[1800.0,750.0,750.0],0.0004456922],
[[1800.0,800.0,800.0],0.0004741636],
[[1800.0,850.0,850.0],0.0004197213],
[[1850.0,1.0,1.0],0.0003980598],
[[1850.0,75.0,75.0],0.0004321023],
[[1850.0,150.0,150.0],0.0004200753],
[[1850.0,200.0,200.0],0.0004179415],
[[1850.0,250.0,250.0],0.0004182152],
[[1850.0,300.0,300.0],0.000465996],
[[1850.0,350.0,350.0],0.0004326463],
[[1850.0,400.0,400.0],0.0004580529],
[[1850.0,450.0,450.0],0.0004351841],
[[1850.0,500.0,500.0],0.000451002],
[[1850.0,550.0,550.0],0.000423062],
[[1850.0,600.0,600.0],0.0004828515],
[[1850.0,650.0,650.0],0.0004830695],
[[1850.0,700.0,700.0],0.0005240975],
[[1850.0,750.0,750.0],0.000492834],
[[1850.0,800.0,800.0],0.0004358744],
[[1850.0,850.0,850.0],0.0005585162],
[[1850.0,900.0,900.0],0.0004689155],
[[1900.0,1.0,1.0],0.0004223629],
[[1900.0,75.0,75.0],0.0004074861],
[[1900.0,150.0,150.0],0.0004294238],
[[1900.0,200.0,200.0],0.0004466307],
[[1900.0,250.0,250.0],0.0004656993],
[[1900.0,300.0,300.0],0.0004748111],
[[1900.0,350.0,350.0],0.0004552655],
[[1900.0,400.0,400.0],0.0004381436],
[[1900.0,450.0,450.0],0.0004552801],
[[1900.0,500.0,500.0],0.0004925974],
[[1900.0,550.0,550.0],0.0004590605],
[[1900.0,600.0,600.0],0.0004516238],
[[1900.0,650.0,650.0],0.0004877878],
[[1900.0,700.0,700.0],0.0004663704],
[[1900.0,750.0,750.0],0.000527164],
[[1900.0,800.0,800.0],0.000441762],
[[1900.0,850.0,850.0],0.0004613251],
[[1900.0,900.0,900.0],0.0004988851],
[[1950.0,1.0,1.0],0.0004486471],
[[1950.0,75.0,75.0],0.0004472538],
[[1950.0,150.0,150.0],0.0005041376],
[[1950.0,200.0,200.0],0.0005088373],
[[1950.0,250.0,250.0],0.0004465647],
[[1950.0,300.0,300.0],0.0004641591],
[[1950.0,350.0,350.0],0.0004303923],
[[1950.0,400.0,400.0],0.0004407831],
[[1950.0,450.0,450.0],0.0004507263],
[[1950.0,500.0,500.0],0.0004509679],
[[1950.0,550.0,550.0],0.0004504454],
[[1950.0,600.0,600.0],0.0004931743],
[[1950.0,650.0,650.0],0.0004935357],
[[1950.0,700.0,700.0],0.0005114246],
[[1950.0,750.0,750.0],0.0005052549],
[[1950.0,800.0,800.0],0.0004773139],
[[1950.0,850.0,850.0],0.0005441056],
[[1950.0,900.0,900.0],0.0004597645],
[[1950.0,950.0,950.0],0.0005387307],
[[2000.0,1.0,1.0],0.0004757431],
[[2000.0,75.0,75.0],0.0004777263],
[[2000.0,150.0,150.0],0.000500255],
[[2000.0,200.0,200.0],0.0004900155],
[[2000.0,250.0,250.0],0.0004231334],
[[2000.0,300.0,300.0],0.0004737648],
[[2000.0,350.0,350.0],0.000483312],
[[2000.0,400.0,400.0],0.00048141],
[[2000.0,450.0,450.0],0.0004735247],
[[2000.0,500.0,500.0],0.0004983467],
[[2000.0,550.0,550.0],0.0005378339],
[[2000.0,600.0,600.0],0.0004736368],
[[2000.0,650.0,650.0],0.0004762434],
[[2000.0,700.0,700.0],0.0005368945],
[[2000.0,750.0,750.0],0.0005112801],
[[2000.0,800.0,800.0],0.000506513],
[[2000.0,850.0,850.0],0.0004876736],
[[2000.0,900.0,900.0],0.000522294],
[[2000.0,950.0,950.0],0.0005459601],
[[2250.0,1.0,1.0],0.00050224],
[[2250.0,75.0,75.0],0.0005183726],
[[2250.0,150.0,150.0],0.0005507176],
[[2250.0,300.0,300.0],0.000473819],
[[2250.0,500.0,500.0],0.000532719],
[[2250.0,750.0,750.0],0.0005852331],
[[2250.0,1000.0,1000.0],0.0005445199],
[[2500.0,1.0,1.0],0.0005376307],
[[2500.0,75.0,75.0],0.0005412364],
[[2500.0,150.0,150.0],0.0005528155],
[[2500.0,300.0,300.0],0.0005089608],
[[2500.0,500.0,500.0],0.0005372787],
[[2500.0,750.0,750.0],0.000570628],
[[2500.0,1000.0,1000.0],0.0005192563],
[[2500.0,1200.0,1200.0],0.0005600861],
[[2750.0,1.0,1.0],0.0005628424],
[[2750.0,75.0,75.0],0.0005635998],
[[2750.0,150.0,150.0],0.0006079478],
[[2750.0,300.0,300.0],0.0005479494],
[[2750.0,500.0,500.0],0.0005601589],
[[2750.0,750.0,750.0],0.0005474472],
[[2750.0,1000.0,1000.0],0.0005527407],
[[2750.0,1200.0,1200.0],0.0005365717],
[[3000.0,1.0,1.0],0.0005750969],
[[3000.0,75.0,75.0],0.0005872146],
[[3000.0,150.0,150.0],0.0005956888],
[[3000.0,300.0,300.0],0.0005440386],
[[3000.0,500.0,500.0],0.0005600711],
[[3000.0,750.0,750.0],0.0005998397],
[[3000.0,1000.0,1000.0],0.000554175],
[[3000.0,1200.0,1200.0],0.0006166001],
[[3000.0,1400.0,1400.0],0.000610653]]
