txName: TRS1
constraint: {(PV > H0(1)), (H0(1) > MET(2),MET(3))}
condition: None
conditionDescription: None
figureUrl: https://cms-results.web.cern.ch/cms-results/public-results/publications/EXO-20-004/CMS-EXO-20-004_Figure_009-a.png
source: CMS
validated: True
axesMap: [{0: 'x', 1: '1.0', 2: '1.0'}, {0: 'x', 1: 'y', 2: 'y'}]
dataMap: {0: (1, 'mass', GeV), 1: (2, 'mass', GeV), 2: (3, 'mass', GeV)}
finalState: ['MET', 'MET']
intermediateState: None
efficiencyMap: [[[100.0,10.0,10.0],3.97538e-05],
[[150.0,1.0,1.0],8.215139e-05],
[[150.0,50.0,50.0],8.243746e-05],
[[200.0,1.0,1.0],0.0001405417],
[[200.0,50.0,50.0],0.0001274593],
[[200.0,100.0,100.0],0.0002244924],
[[250.0,1.0,1.0],0.0001745175],
[[250.0,10.0,10.0],0.0001688737],
[[250.0,50.0,50.0],0.0001748692],
[[250.0,100.0,100.0],0.0001913507],
[[300.0,1.0,1.0],0.0002346848],
[[300.0,50.0,50.0],0.0002257247],
[[300.0,100.0,100.0],0.0002434203],
[[350.0,1.0,1.0],0.0002489494],
[[350.0,50.0,50.0],0.0002494632],
[[350.0,100.0,100.0],0.0002889575],
[[350.0,150.0,150.0],0.0002512426],
[[400.0,1.0,1.0],0.000332341],
[[400.0,50.0,50.0],0.0003157141],
[[400.0,100.0,100.0],0.0003165537],
[[400.0,150.0,150.0],0.0002837853],
[[450.0,1.0,1.0],0.0003986211],
[[450.0,50.0,50.0],0.0004094861],
[[450.0,100.0,100.0],0.0004002043],
[[450.0,150.0,150.0],0.0004829526],
[[450.0,200.0,200.0],0.00041473],
[[500.0,1.0,1.0],0.0005343349],
[[500.0,10.0,10.0],0.0005277662],
[[500.0,50.0,50.0],0.0004836237],
[[500.0,100.0,100.0],0.0005146034],
[[500.0,150.0,150.0],0.0005058782],
[[500.0,200.0,200.0],0.0005432183],
[[550.0,1.0,1.0],0.0006949526],
[[550.0,50.0,50.0],0.0005989078],
[[550.0,100.0,100.0],0.0006215007],
[[550.0,150.0,150.0],0.0006863146],
[[550.0,200.0,200.0],0.0006683943],
[[550.0,250.0,250.0],0.0007880334],
[[600.0,1.0,1.0],0.0009869644],
[[600.0,50.0,50.0],0.0007928054],
[[600.0,100.0,100.0],0.000816099],
[[600.0,150.0,150.0],0.0007463732],
[[600.0,200.0,200.0],0.0008711097],
[[600.0,250.0,250.0],0.0008129815],
[[650.0,1.0,1.0],0.0009670159],
[[650.0,50.0,50.0],0.0008815797],
[[650.0,100.0,100.0],0.000923486],
[[650.0,150.0,150.0],0.0009263591],
[[650.0,200.0,200.0],0.001147321],
[[650.0,250.0,250.0],0.001095956],
[[650.0,300.0,300.0],0.001140084],
[[700.0,1.0,1.0],0.001177956],
[[700.0,50.0,50.0],0.001015823],
[[700.0,100.0,100.0],0.001080533],
[[700.0,150.0,150.0],0.001113499],
[[700.0,200.0,200.0],0.001082679],
[[700.0,250.0,250.0],0.001282676],
[[700.0,300.0,300.0],0.001106004],
[[750.0,1.0,1.0],0.001199722],
[[750.0,10.0,10.0],0.001093579],
[[750.0,50.0,50.0],0.001243607],
[[750.0,100.0,100.0],0.00132503],
[[750.0,150.0,150.0],0.001219348],
[[750.0,200.0,200.0],0.001259358],
[[750.0,250.0,250.0],0.001310018],
[[750.0,300.0,300.0],0.001439327],
[[750.0,350.0,350.0],0.001427241],
[[800.0,1.0,1.0],0.00184148],
[[800.0,150.0,150.0],0.001738756],
[[800.0,200.0,200.0],0.001349738],
[[800.0,250.0,250.0],0.001575441],
[[800.0,300.0,300.0],0.001712474],
[[800.0,350.0,350.0],0.001547013],
[[850.0,1.0,1.0],0.001270513],
[[850.0,150.0,150.0],0.001458661],
[[850.0,200.0,200.0],0.001802147],
[[850.0,250.0,250.0],0.0016578],
[[850.0,300.0,300.0],0.002042193],
[[850.0,350.0,350.0],0.002087379],
[[850.0,400.0,400.0],0.001862779],
[[900.0,1.0,1.0],0.001651077],
[[900.0,150.0,150.0],0.0017978],
[[900.0,200.0,200.0],0.002030243],
[[900.0,250.0,250.0],0.001793745],
[[900.0,300.0,300.0],0.002127192],
[[900.0,350.0,350.0],0.001928903],
[[900.0,400.0,400.0],0.002448833],
[[950.0,1.0,1.0],0.001753024],
[[950.0,150.0,150.0],0.001882357],
[[950.0,200.0,200.0],0.00236742],
[[950.0,250.0,250.0],0.002068014],
[[950.0,300.0,300.0],0.002242071],
[[950.0,350.0,350.0],0.002080591],
[[950.0,400.0,400.0],0.00193394],
[[950.0,450.0,450.0],0.002567017],
[[1000.0,1.0,1.0],0.002004767],
[[1000.0,10.0,10.0],0.001844803],
[[1000.0,50.0,50.0],0.002108772],
[[1000.0,100.0,100.0],0.001896841],
[[1000.0,150.0,150.0],0.001921882],
[[1000.0,200.0,200.0],0.001973367],
[[1000.0,250.0,250.0],0.002067982],
[[1000.0,300.0,300.0],0.002131694],
[[1000.0,350.0,350.0],0.002140146],
[[1000.0,400.0,400.0],0.002207853],
[[1000.0,450.0,450.0],0.002134379],
[[1050.0,1.0,1.0],0.001986074],
[[1050.0,150.0,150.0],0.002087299],
[[1050.0,200.0,200.0],0.00196797],
[[1050.0,250.0,250.0],0.002384686],
[[1050.0,300.0,300.0],0.002197853],
[[1050.0,350.0,350.0],0.002133253],
[[1050.0,400.0,400.0],0.002254748],
[[1050.0,450.0,450.0],0.002516525],
[[1050.0,500.0,500.0],0.002563946],
[[1100.0,1.0,1.0],0.002151486],
[[1100.0,150.0,150.0],0.002246008],
[[1100.0,200.0,200.0],0.002209882],
[[1100.0,250.0,250.0],0.002828562],
[[1100.0,300.0,300.0],0.002293765],
[[1100.0,350.0,350.0],0.002172325],
[[1100.0,400.0,400.0],0.002649137],
[[1100.0,450.0,450.0],0.002467278],
[[1100.0,500.0,500.0],0.002886146],
[[1150.0,1.0,1.0],0.002237308],
[[1150.0,150.0,150.0],0.002448152],
[[1150.0,200.0,200.0],0.002294179],
[[1150.0,250.0,250.0],0.002347233],
[[1150.0,300.0,300.0],0.003192874],
[[1150.0,350.0,350.0],0.002626043],
[[1150.0,400.0,400.0],0.003283322],
[[1150.0,450.0,450.0],0.002988911],
[[1150.0,500.0,500.0],0.002765464],
[[1150.0,550.0,550.0],0.003078197],
[[1200.0,1.0,1.0],0.002470394],
[[1200.0,150.0,150.0],0.002549615],
[[1200.0,200.0,200.0],0.002372806],
[[1200.0,250.0,250.0],0.002388148],
[[1200.0,300.0,300.0],0.002621171],
[[1200.0,350.0,350.0],0.002794795],
[[1200.0,400.0,400.0],0.002595709],
[[1200.0,450.0,450.0],0.003569416],
[[1200.0,500.0,500.0],0.003096895],
[[1200.0,550.0,550.0],0.002958105],
[[1250.0,1.0,1.0],0.002203709],
[[1250.0,10.0,10.0],0.002373111],
[[1250.0,50.0,50.0],0.002394308],
[[1250.0,100.0,100.0],0.002513158],
[[1250.0,150.0,150.0],0.002578164],
[[1250.0,200.0,200.0],0.002714172],
[[1250.0,250.0,250.0],0.00247549],
[[1250.0,300.0,300.0],0.003091607],
[[1250.0,350.0,350.0],0.002853369],
[[1250.0,400.0,400.0],0.002758618],
[[1250.0,450.0,450.0],0.002934198],
[[1250.0,500.0,500.0],0.00272712],
[[1250.0,550.0,550.0],0.002895926],
[[1250.0,600.0,600.0],0.003240305],
[[1300.0,1.0,1.0],0.002315624],
[[1300.0,150.0,150.0],0.002692231],
[[1300.0,200.0,200.0],0.003079249],
[[1300.0,250.0,250.0],0.003141384],
[[1300.0,300.0,300.0],0.002830671],
[[1300.0,350.0,350.0],0.003135366],
[[1300.0,400.0,400.0],0.003431966],
[[1300.0,450.0,450.0],0.002707768],
[[1300.0,500.0,500.0],0.003253864],
[[1300.0,550.0,550.0],0.003581343],
[[1300.0,600.0,600.0],0.002909471],
[[1350.0,1.0,1.0],0.002320232],
[[1350.0,150.0,150.0],0.003286207],
[[1350.0,200.0,200.0],0.003102925],
[[1350.0,250.0,250.0],0.002927382],
[[1350.0,300.0,300.0],0.003111159],
[[1350.0,350.0,350.0],0.003065482],
[[1350.0,400.0,400.0],0.003047773],
[[1350.0,450.0,450.0],0.003394819],
[[1350.0,500.0,500.0],0.003263655],
[[1350.0,550.0,550.0],0.003242427],
[[1350.0,600.0,600.0],0.002988027],
[[1350.0,650.0,650.0],0.002945375],
[[1400.0,1.0,1.0],0.002267368],
[[1400.0,150.0,150.0],0.003120221],
[[1400.0,200.0,200.0],0.0026564],
[[1400.0,250.0,250.0],0.003269586],
[[1400.0,300.0,300.0],0.003106345],
[[1400.0,350.0,350.0],0.00342396],
[[1400.0,400.0,400.0],0.003313928],
[[1400.0,450.0,450.0],0.003375559],
[[1400.0,500.0,500.0],0.003052423],
[[1400.0,550.0,550.0],0.003706593],
[[1400.0,600.0,600.0],0.003560935],
[[1400.0,650.0,650.0],0.003390406],
[[1450.0,1.0,1.0],0.002312737],
[[1450.0,150.0,150.0],0.002586772],
[[1450.0,200.0,200.0],0.003163918],
[[1450.0,250.0,250.0],0.002810005],
[[1450.0,300.0,300.0],0.003153801],
[[1450.0,350.0,350.0],0.003565625],
[[1450.0,400.0,400.0],0.00326702],
[[1450.0,450.0,450.0],0.003648127],
[[1450.0,500.0,500.0],0.003856748],
[[1450.0,550.0,550.0],0.003560833],
[[1450.0,600.0,600.0],0.003653039],
[[1450.0,650.0,650.0],0.003540959],
[[1450.0,700.0,700.0],0.004134605],
[[1500.0,1.0,1.0],0.002234788],
[[1500.0,10.0,10.0],0.002416835],
[[1500.0,50.0,50.0],0.002548248],
[[1500.0,100.0,100.0],0.002637463],
[[1500.0,150.0,150.0],0.002736329],
[[1500.0,200.0,200.0],0.003307491],
[[1500.0,250.0,250.0],0.003303134],
[[1500.0,300.0,300.0],0.003567512],
[[1500.0,350.0,350.0],0.003212851],
[[1500.0,400.0,400.0],0.003537688],
[[1500.0,450.0,450.0],0.003738458],
[[1500.0,500.0,500.0],0.003424117],
[[1500.0,550.0,550.0],0.003452628],
[[1500.0,600.0,600.0],0.003641552],
[[1500.0,650.0,650.0],0.003776797],
[[1500.0,700.0,700.0],0.00348039],
[[1500.0,750.0,750.0],0.004261262],
[[1550.0,1.0,1.0],0.002722311],
[[1550.0,150.0,150.0],0.003384543],
[[1550.0,200.0,200.0],0.003052937],
[[1550.0,250.0,250.0],0.003536251],
[[1550.0,300.0,300.0],0.003080973],
[[1550.0,350.0,350.0],0.003410636],
[[1550.0,400.0,400.0],0.003490982],
[[1550.0,450.0,450.0],0.003279322],
[[1550.0,500.0,500.0],0.003592146],
[[1550.0,550.0,550.0],0.003764877],
[[1550.0,600.0,600.0],0.003365263],
[[1550.0,650.0,650.0],0.003871523],
[[1550.0,700.0,700.0],0.003956516],
[[1550.0,750.0,750.0],0.003652822],
[[1600.0,1.0,1.0],0.002642115],
[[1600.0,150.0,150.0],0.003270988],
[[1600.0,200.0,200.0],0.003210996],
[[1600.0,250.0,250.0],0.003726667],
[[1600.0,300.0,300.0],0.00328063],
[[1600.0,350.0,350.0],0.003122558],
[[1600.0,400.0,400.0],0.003478108],
[[1600.0,450.0,450.0],0.003776346],
[[1600.0,500.0,500.0],0.003360083],
[[1600.0,550.0,550.0],0.003721907],
[[1600.0,600.0,600.0],0.003693679],
[[1600.0,650.0,650.0],0.003948317],
[[1600.0,700.0,700.0],0.003511129],
[[1600.0,750.0,750.0],0.003738188],
[[1650.0,1.0,1.0],0.002444471],
[[1650.0,150.0,150.0],0.002866395],
[[1650.0,200.0,200.0],0.003312326],
[[1650.0,250.0,250.0],0.003599497],
[[1650.0,300.0,300.0],0.003540168],
[[1650.0,350.0,350.0],0.003865235],
[[1650.0,400.0,400.0],0.003724183],
[[1650.0,450.0,450.0],0.003842615],
[[1650.0,500.0,500.0],0.004527168],
[[1650.0,550.0,550.0],0.004004209],
[[1650.0,600.0,600.0],0.003966202],
[[1650.0,650.0,650.0],0.003672655],
[[1650.0,700.0,700.0],0.003762857],
[[1650.0,750.0,750.0],0.004296953],
[[1650.0,800.0,800.0],0.003767711],
[[1700.0,1.0,1.0],0.002638203],
[[1700.0,150.0,150.0],0.00320785],
[[1700.0,200.0,200.0],0.003321414],
[[1700.0,250.0,250.0],0.003445409],
[[1700.0,300.0,300.0],0.003573828],
[[1700.0,350.0,350.0],0.003706952],
[[1700.0,400.0,400.0],0.004271586],
[[1700.0,450.0,450.0],0.003709101],
[[1700.0,500.0,500.0],0.003812198],
[[1700.0,550.0,550.0],0.004627954],
[[1700.0,600.0,600.0],0.003667147],
[[1700.0,650.0,650.0],0.003919644],
[[1700.0,700.0,700.0],0.003903567],
[[1700.0,750.0,750.0],0.004342415],
[[1700.0,800.0,800.0],0.004504463],
[[1750.0,1.0,1.0],0.002411332],
[[1750.0,10.0,10.0],0.002609404],
[[1750.0,50.0,50.0],0.002476108],
[[1750.0,100.0,100.0],0.002690843],
[[1750.0,150.0,150.0],0.003019073],
[[1750.0,200.0,200.0],0.00347185],
[[1750.0,250.0,250.0],0.003865492],
[[1750.0,300.0,300.0],0.003920887],
[[1750.0,350.0,350.0],0.003408881],
[[1750.0,400.0,400.0],0.003762329],
[[1750.0,450.0,450.0],0.003969492],
[[1750.0,500.0,500.0],0.004085997],
[[1750.0,550.0,550.0],0.004310831],
[[1750.0,600.0,600.0],0.004099224],
[[1750.0,650.0,650.0],0.003792309],
[[1750.0,700.0,700.0],0.003829463],
[[1750.0,750.0,750.0],0.004166178],
[[1750.0,800.0,800.0],0.004466187],
[[1750.0,850.0,850.0],0.00453452],
[[1800.0,1.0,1.0],0.002324249],
[[1800.0,150.0,150.0],0.002584638],
[[1800.0,200.0,200.0],0.003432771],
[[1800.0,250.0,250.0],0.003215502],
[[1800.0,300.0,300.0],0.003536855],
[[1800.0,350.0,350.0],0.004358741],
[[1800.0,400.0,400.0],0.003768319],
[[1800.0,450.0,450.0],0.003995407],
[[1800.0,500.0,500.0],0.003834094],
[[1800.0,550.0,550.0],0.00356524],
[[1800.0,600.0,600.0],0.004215764],
[[1800.0,650.0,650.0],0.003983502],
[[1800.0,700.0,700.0],0.003995541],
[[1800.0,750.0,750.0],0.004070578],
[[1800.0,800.0,800.0],0.003975771],
[[1800.0,850.0,850.0],0.004356945],
[[1850.0,1.0,1.0],0.002111809],
[[1850.0,150.0,150.0],0.003136671],
[[1850.0,200.0,200.0],0.002953602],
[[1850.0,250.0,250.0],0.003337057],
[[1850.0,300.0,300.0],0.003398223],
[[1850.0,350.0,350.0],0.00391069],
[[1850.0,400.0,400.0],0.003742955],
[[1850.0,450.0,450.0],0.004426435],
[[1850.0,500.0,500.0],0.004027243],
[[1850.0,550.0,550.0],0.003756158],
[[1850.0,600.0,600.0],0.003973622],
[[1850.0,650.0,650.0],0.004095024],
[[1850.0,700.0,700.0],0.004326216],
[[1850.0,750.0,750.0],0.004266385],
[[1850.0,800.0,800.0],0.003997639],
[[1850.0,850.0,850.0],0.004001161],
[[1850.0,900.0,900.0],0.00474819],
[[1900.0,1.0,1.0],0.002351891],
[[1900.0,150.0,150.0],0.00301466],
[[1900.0,200.0,200.0],0.003275437],
[[1900.0,250.0,250.0],0.003160408],
[[1900.0,300.0,300.0],0.003987371],
[[1900.0,350.0,350.0],0.003452924],
[[1900.0,400.0,400.0],0.003465103],
[[1900.0,450.0,450.0],0.004480326],
[[1900.0,500.0,500.0],0.003960084],
[[1900.0,550.0,550.0],0.003830392],
[[1900.0,600.0,600.0],0.00422528],
[[1900.0,650.0,650.0],0.004124952],
[[1900.0,700.0,700.0],0.004988314],
[[1900.0,750.0,750.0],0.004511742],
[[1900.0,800.0,800.0],0.004263218],
[[1900.0,850.0,850.0],0.004650305],
[[1900.0,900.0,900.0],0.004573321],
[[1950.0,1.0,1.0],0.002109757],
[[1950.0,150.0,150.0],0.002693604],
[[1950.0,200.0,200.0],0.003045378],
[[1950.0,250.0,250.0],0.003580189],
[[1950.0,300.0,300.0],0.003845475],
[[1950.0,350.0,350.0],0.003684703],
[[1950.0,400.0,400.0],0.004270701],
[[1950.0,450.0,450.0],0.00417769],
[[1950.0,500.0,500.0],0.004419215],
[[1950.0,550.0,550.0],0.004342313],
[[1950.0,600.0,600.0],0.004285119],
[[1950.0,650.0,650.0],0.004540173],
[[1950.0,700.0,700.0],0.004178715],
[[1950.0,750.0,750.0],0.004432439],
[[1950.0,800.0,800.0],0.004634227],
[[1950.0,850.0,850.0],0.004187513],
[[1950.0,900.0,900.0],0.003812949],
[[1950.0,950.0,950.0],0.005116491],
[[2000.0,1.0,1.0],0.002350576],
[[2000.0,10.0,10.0],0.002378561],
[[2000.0,50.0,50.0],0.002375575],
[[2000.0,100.0,100.0],0.002546513],
[[2000.0,150.0,150.0],0.002806217],
[[2000.0,200.0,200.0],0.00305103],
[[2000.0,250.0,250.0],0.003653108],
[[2000.0,300.0,300.0],0.003630189],
[[2000.0,350.0,350.0],0.003552992],
[[2000.0,400.0,400.0],0.003960106],
[[2000.0,450.0,450.0],0.004037657],
[[2000.0,500.0,500.0],0.003921753],
[[2000.0,550.0,550.0],0.00410168],
[[2000.0,600.0,600.0],0.00438055],
[[2000.0,650.0,650.0],0.004208387],
[[2000.0,700.0,700.0],0.004341057],
[[2000.0,750.0,750.0],0.004064482],
[[2000.0,800.0,800.0],0.004291967],
[[2000.0,850.0,850.0],0.004713057],
[[2000.0,900.0,900.0],0.004302641],
[[2000.0,950.0,950.0],0.00509427],
[[2250.0,1.0,1.0],0.002391909],
[[2250.0,10.0,10.0],0.002109783],
[[2250.0,50.0,50.0],0.002216575],
[[2250.0,100.0,100.0],0.00217767],
[[2250.0,150.0,150.0],0.002587098],
[[2250.0,300.0,300.0],0.003614718],
[[2250.0,500.0,500.0],0.004455558],
[[2250.0,750.0,750.0],0.004637506],
[[2250.0,1000.0,1000.0],0.004952662],
[[2500.0,1.0,1.0],0.001823005],
[[2500.0,10.0,10.0],0.001882415],
[[2500.0,50.0,50.0],0.001963943],
[[2500.0,100.0,100.0],0.00199468],
[[2500.0,150.0,150.0],0.002535721],
[[2500.0,300.0,300.0],0.003957926],
[[2500.0,500.0,500.0],0.004405975],
[[2500.0,750.0,750.0],0.004521309],
[[2500.0,1000.0,1000.0],0.005235194],
[[2500.0,1200.0,1200.0],0.004674188],
[[2750.0,1.0,1.0],0.001766471],
[[2750.0,10.0,10.0],0.001629642],
[[2750.0,50.0,50.0],0.00195018],
[[2750.0,100.0,100.0],0.002074343],
[[2750.0,150.0,150.0],0.002376031],
[[2750.0,300.0,300.0],0.003451876],
[[2750.0,500.0,500.0],0.004458901],
[[2750.0,750.0,750.0],0.005242376],
[[2750.0,1000.0,1000.0],0.0050346],
[[2750.0,1200.0,1200.0],0.005643697],
[[3000.0,1.0,1.0],0.001476422],
[[3000.0,10.0,10.0],0.001468177],
[[3000.0,50.0,50.0],0.001895443],
[[3000.0,100.0,100.0],0.001964858],
[[3000.0,150.0,150.0],0.002105158],
[[3000.0,300.0,300.0],0.003320932],
[[3000.0,500.0,500.0],0.004652742],
[[3000.0,750.0,750.0],0.005120428],
[[3000.0,1000.0,1000.0],0.005285685],
[[3000.0,1200.0,1200.0],0.005397629],
[[3000.0,1400.0,1400.0],0.005446045]]
