txName: TRV1
constraint: {(PV > Zprime(1)), (Zprime(1) > MET(2),MET(3))}
condition: None
conditionDescription: None
figureUrl: https://cms-results.web.cern.ch/cms-results/public-results/publications/EXO-20-004/CMS-EXO-20-004_Figure_007-b.png
source: https://doi.org/10.5281/zenodo.13324003
validated: True
axesMap: [{0: 'x', 1: 'y', 2: 'y'}]
dataMap: {0: (1, 'mass', GeV), 1: (2, 'mass', GeV), 2: (3, 'mass', GeV)}
finalState: ['MET', 'MET']
intermediateState: None
efficiencyMap: [[[50.0,1.0,1.0],7.393844e-07],
[[100.0,1.0,1.0],4.648242e-06],
[[100.0,10.0,10.0],5.064857e-06],
[[150.0,1.0,1.0],1.195591e-05],
[[150.0,75.0,75.0],1.837456e-05],
[[200.0,1.0,1.0],3.096837e-05],
[[200.0,75.0,75.0],3.166378e-05],
[[250.0,1.0,1.0],5.545022e-05],
[[250.0,10.0,10.0],5.712534e-05],
[[250.0,75.0,75.0],6.037856e-05],
[[300.0,1.0,1.0],8.548174e-05],
[[300.0,75.0,75.0],8.73366e-05],
[[350.0,1.0,1.0],0.0001314149],
[[350.0,75.0,75.0],0.0001378544],
[[350.0,150.0,150.0],0.0001458769],
[[400.0,1.0,1.0],0.0001694959],
[[400.0,75.0,75.0],0.0001986],
[[400.0,150.0,150.0],0.0002169225],
[[450.0,1.0,1.0],0.0002248957],
[[450.0,75.0,75.0],0.0002445969],
[[450.0,150.0,150.0],0.0002536201],
[[450.0,200.0,200.0],0.0002401919],
[[500.0,1.0,1.0],0.000291829],
[[500.0,10.0,10.0],0.000293321],
[[500.0,75.0,75.0],0.0002894456],
[[500.0,150.0,150.0],0.0002912019],
[[500.0,200.0,200.0],0.0003145256],
[[550.0,1.0,1.0],0.0003363544],
[[550.0,75.0,75.0],0.0003311151],
[[550.0,150.0,150.0],0.0003238329],
[[550.0,200.0,200.0],0.0003538588],
[[550.0,250.0,250.0],0.0003527053],
[[600.0,1.0,1.0],0.0003736464],
[[600.0,75.0,75.0],0.0003941103],
[[600.0,150.0,150.0],0.0003971665],
[[600.0,200.0,200.0],0.0004591052],
[[600.0,250.0,250.0],0.0003941432],
[[650.0,1.0,1.0],0.0004419333],
[[650.0,75.0,75.0],0.0004598656],
[[650.0,150.0,150.0],0.0004229395],
[[650.0,200.0,200.0],0.0004527824],
[[650.0,250.0,250.0],0.0004726536],
[[650.0,300.0,300.0],0.0005071462],
[[700.0,1.0,1.0],0.0005218586],
[[700.0,75.0,75.0],0.0004957854],
[[700.0,150.0,150.0],0.0005276506],
[[700.0,200.0,200.0],0.0004920443],
[[700.0,250.0,250.0],0.0005222968],
[[700.0,300.0,300.0],0.0005952851],
[[750.0,1.0,1.0],0.0005617711],
[[750.0,10.0,10.0],0.0006033706],
[[750.0,75.0,75.0],0.0005848746],
[[750.0,150.0,150.0],0.0005802946],
[[750.0,200.0,200.0],0.0005443963],
[[750.0,250.0,250.0],0.0006549807],
[[750.0,300.0,300.0],0.0006009261],
[[750.0,350.0,350.0],0.0006737497],
[[800.0,1.0,1.0],0.0005813995],
[[800.0,75.0,75.0],0.0005960747],
[[800.0,150.0,150.0],0.0005906984],
[[800.0,200.0,200.0],0.0007041066],
[[800.0,250.0,250.0],0.0006883634],
[[800.0,300.0,300.0],0.000669741],
[[800.0,350.0,350.0],0.0007353459],
[[850.0,1.0,1.0],0.0006502825],
[[850.0,75.0,75.0],0.0006944909],
[[850.0,150.0,150.0],0.0007835231],
[[850.0,200.0,200.0],0.0007646345],
[[850.0,250.0,250.0],0.0006733537],
[[850.0,300.0,300.0],0.0007396342],
[[850.0,350.0,350.0],0.0006836076],
[[850.0,400.0,400.0],0.0007253391],
[[900.0,1.0,1.0],0.0006925766],
[[900.0,75.0,75.0],0.0007413618],
[[900.0,150.0,150.0],0.0007934018],
[[900.0,200.0,200.0],0.0007818309],
[[900.0,250.0,250.0],0.0007794981],
[[900.0,300.0,300.0],0.0008075878],
[[900.0,350.0,350.0],0.0009571677],
[[900.0,400.0,400.0],0.0007987296],
[[950.0,1.0,1.0],0.0007983063],
[[950.0,75.0,75.0],0.0007902395],
[[950.0,150.0,150.0],0.0007341417],
[[950.0,200.0,200.0],0.0007371896],
[[950.0,250.0,250.0],0.0008403266],
[[950.0,300.0,300.0],0.0008049906],
[[950.0,350.0,350.0],0.0007838662],
[[950.0,400.0,400.0],0.0007897961],
[[950.0,450.0,450.0],0.00081026],
[[1000.0,1.0,1.0],0.0008810684],
[[1000.0,10.0,10.0],0.000833062],
[[1000.0,75.0,75.0],0.0007786026],
[[1000.0,150.0,150.0],0.0008581134],
[[1000.0,200.0,200.0],0.0008370125],
[[1000.0,250.0,250.0],0.0009183195],
[[1000.0,300.0,300.0],0.0008532919],
[[1000.0,350.0,350.0],0.000974468],
[[1000.0,400.0,400.0],0.0009433649],
[[1000.0,450.0,450.0],0.0009659093],
[[1050.0,1.0,1.0],0.0007654378],
[[1050.0,75.0,75.0],0.0008339392],
[[1050.0,150.0,150.0],0.0009480049],
[[1050.0,200.0,200.0],0.0008965099],
[[1050.0,250.0,250.0],0.0009719632],
[[1050.0,300.0,300.0],0.0009509787],
[[1050.0,350.0,350.0],0.0009419178],
[[1050.0,400.0,400.0],0.0008356901],
[[1050.0,450.0,450.0],0.0009682439],
[[1050.0,500.0,500.0],0.0009143877],
[[1100.0,1.0,1.0],0.0009319425],
[[1100.0,75.0,75.0],0.000872066],
[[1100.0,150.0,150.0],0.0009948665],
[[1100.0,200.0,200.0],0.0009484972],
[[1100.0,250.0,250.0],0.0009213616],
[[1100.0,300.0,300.0],0.0008484349],
[[1100.0,350.0,350.0],0.0009315481],
[[1100.0,400.0,400.0],0.0009532077],
[[1100.0,450.0,450.0],0.0009662345],
[[1100.0,500.0,500.0],0.001020267],
[[1150.0,1.0,1.0],0.000932417],
[[1150.0,75.0,75.0],0.0009295533],
[[1150.0,150.0,150.0],0.0009894687],
[[1150.0,200.0,200.0],0.001005163],
[[1150.0,250.0,250.0],0.0009892092],
[[1150.0,300.0,300.0],0.0009189981],
[[1150.0,350.0,350.0],0.0009590661],
[[1150.0,400.0,400.0],0.0009225195],
[[1150.0,450.0,450.0],0.0009881596],
[[1150.0,500.0,500.0],0.001081306],
[[1150.0,550.0,550.0],0.001070192],
[[1200.0,1.0,1.0],0.0009625668],
[[1200.0,75.0,75.0],0.0009493336],
[[1200.0,150.0,150.0],0.000940092],
[[1200.0,200.0,200.0],0.0009314066],
[[1200.0,250.0,250.0],0.00102685],
[[1200.0,300.0,300.0],0.001034783],
[[1200.0,350.0,350.0],0.001013486],
[[1200.0,400.0,400.0],0.001078958],
[[1200.0,450.0,450.0],0.0009684987],
[[1200.0,500.0,500.0],0.001102599],
[[1200.0,550.0,550.0],0.001063884],
[[1250.0,1.0,1.0],0.0009591343],
[[1250.0,10.0,10.0],0.0009588424],
[[1250.0,75.0,75.0],0.00100731],
[[1250.0,150.0,150.0],0.0009829975],
[[1250.0,200.0,200.0],0.0009742672],
[[1250.0,250.0,250.0],0.001066052],
[[1250.0,300.0,300.0],0.0009340948],
[[1250.0,350.0,350.0],0.001095121],
[[1250.0,400.0,400.0],0.001126091],
[[1250.0,450.0,450.0],0.0009948803],
[[1250.0,500.0,500.0],0.001057092],
[[1250.0,550.0,550.0],0.001057733],
[[1250.0,600.0,600.0],0.001132018],
[[1300.0,1.0,1.0],0.00106041],
[[1300.0,75.0,75.0],0.00106694],
[[1300.0,150.0,150.0],0.001026437],
[[1300.0,200.0,200.0],0.001179533],
[[1300.0,250.0,250.0],0.001072096],
[[1300.0,300.0,300.0],0.001099167],
[[1300.0,350.0,350.0],0.001144614],
[[1300.0,400.0,400.0],0.001143754],
[[1300.0,450.0,450.0],0.001096748],
[[1300.0,500.0,500.0],0.00105988],
[[1300.0,550.0,550.0],0.00113223],
[[1300.0,600.0,600.0],0.001175606],
[[1350.0,1.0,1.0],0.001059008],
[[1350.0,75.0,75.0],0.001116059],
[[1350.0,150.0,150.0],0.001176527],
[[1350.0,200.0,200.0],0.00110101],
[[1350.0,250.0,250.0],0.001172113],
[[1350.0,300.0,300.0],0.00118677],
[[1350.0,350.0,350.0],0.001175042],
[[1350.0,400.0,400.0],0.001148476],
[[1350.0,450.0,450.0],0.001166986],
[[1350.0,500.0,500.0],0.001137056],
[[1350.0,550.0,550.0],0.001238505],
[[1350.0,600.0,600.0],0.001249912],
[[1350.0,650.0,650.0],0.001201123],
[[1400.0,1.0,1.0],0.001099934],
[[1400.0,75.0,75.0],0.001163513],
[[1400.0,150.0,150.0],0.0009966051],
[[1400.0,200.0,200.0],0.001160299],
[[1400.0,250.0,250.0],0.001174496],
[[1400.0,300.0,300.0],0.001113643],
[[1400.0,350.0,350.0],0.001129176],
[[1400.0,400.0,400.0],0.00116585],
[[1400.0,450.0,450.0],0.001162684],
[[1400.0,500.0,500.0],0.001197563],
[[1400.0,550.0,550.0],0.001188991],
[[1400.0,600.0,600.0],0.001283073],
[[1400.0,650.0,650.0],0.001248586],
[[1450.0,1.0,1.0],0.001155117],
[[1450.0,75.0,75.0],0.001163282],
[[1450.0,150.0,150.0],0.001114934],
[[1450.0,200.0,200.0],0.001213979],
[[1450.0,250.0,250.0],0.001103887],
[[1450.0,300.0,300.0],0.001142584],
[[1450.0,350.0,350.0],0.001221048],
[[1450.0,400.0,400.0],0.001263339],
[[1450.0,450.0,450.0],0.001290544],
[[1450.0,500.0,500.0],0.001194325],
[[1450.0,550.0,550.0],0.001211909],
[[1450.0,600.0,600.0],0.001204468],
[[1450.0,650.0,650.0],0.001187868],
[[1450.0,700.0,700.0],0.001331167],
[[1500.0,1.0,1.0],0.001100561],
[[1500.0,10.0,10.0],0.001105075],
[[1500.0,75.0,75.0],0.001123298],
[[1500.0,150.0,150.0],0.001187646],
[[1500.0,200.0,200.0],0.001193126],
[[1500.0,250.0,250.0],0.00124411],
[[1500.0,300.0,300.0],0.001187148],
[[1500.0,350.0,350.0],0.001288665],
[[1500.0,400.0,400.0],0.001150978],
[[1500.0,450.0,450.0],0.001300998],
[[1500.0,500.0,500.0],0.00131454],
[[1500.0,550.0,550.0],0.001182796],
[[1500.0,600.0,600.0],0.001256492],
[[1500.0,650.0,650.0],0.001266712],
[[1500.0,700.0,700.0],0.001240528],
[[1500.0,750.0,750.0],0.001273601],
[[1550.0,1.0,1.0],0.001113656],
[[1550.0,75.0,75.0],0.001259312],
[[1550.0,150.0,150.0],0.00119664],
[[1550.0,200.0,200.0],0.001244128],
[[1550.0,250.0,250.0],0.001287225],
[[1550.0,300.0,300.0],0.001304535],
[[1550.0,350.0,350.0],0.001283133],
[[1550.0,400.0,400.0],0.001183951],
[[1550.0,450.0,450.0],0.001300929],
[[1550.0,500.0,500.0],0.001259328],
[[1550.0,550.0,550.0],0.00125944],
[[1550.0,600.0,600.0],0.001317436],
[[1550.0,650.0,650.0],0.00123048],
[[1550.0,700.0,700.0],0.001288347],
[[1550.0,750.0,750.0],0.001380408],
[[1600.0,1.0,1.0],0.001192953],
[[1600.0,75.0,75.0],0.001185514],
[[1600.0,150.0,150.0],0.001288724],
[[1600.0,200.0,200.0],0.001303777],
[[1600.0,250.0,250.0],0.001299097],
[[1600.0,300.0,300.0],0.001243788],
[[1600.0,350.0,350.0],0.001270762],
[[1600.0,400.0,400.0],0.001389786],
[[1600.0,450.0,450.0],0.001275789],
[[1600.0,500.0,500.0],0.0012503],
[[1600.0,550.0,550.0],0.001168823],
[[1600.0,600.0,600.0],0.0012484],
[[1600.0,650.0,650.0],0.001143057],
[[1600.0,700.0,700.0],0.001375992],
[[1600.0,750.0,750.0],0.001404293],
[[1650.0,1.0,1.0],0.001297898],
[[1650.0,75.0,75.0],0.001153924],
[[1650.0,150.0,150.0],0.00111151],
[[1650.0,200.0,200.0],0.0012571],
[[1650.0,250.0,250.0],0.001319657],
[[1650.0,300.0,300.0],0.001411662],
[[1650.0,350.0,350.0],0.00124906],
[[1650.0,400.0,400.0],0.001274783],
[[1650.0,450.0,450.0],0.001299627],
[[1650.0,500.0,500.0],0.001404601],
[[1650.0,550.0,550.0],0.001362385],
[[1650.0,600.0,600.0],0.001368651],
[[1650.0,650.0,650.0],0.001362347],
[[1650.0,700.0,700.0],0.001405289],
[[1650.0,750.0,750.0],0.001368611],
[[1650.0,800.0,800.0],0.001301418],
[[1700.0,1.0,1.0],0.001165397],
[[1700.0,75.0,75.0],0.001230295],
[[1700.0,150.0,150.0],0.001324473],
[[1700.0,200.0,200.0],0.001342461],
[[1700.0,250.0,250.0],0.001296741],
[[1700.0,300.0,300.0],0.001324081],
[[1700.0,350.0,350.0],0.001375602],
[[1700.0,400.0,400.0],0.001376152],
[[1700.0,450.0,450.0],0.001428576],
[[1700.0,500.0,500.0],0.001341892],
[[1700.0,550.0,550.0],0.001305144],
[[1700.0,600.0,600.0],0.001415139],
[[1700.0,650.0,650.0],0.001403697],
[[1700.0,700.0,700.0],0.001512862],
[[1700.0,750.0,750.0],0.001355509],
[[1700.0,800.0,800.0],0.001331598],
[[1750.0,1.0,1.0],0.001326062],
[[1750.0,10.0,10.0],0.001175486],
[[1750.0,75.0,75.0],0.001256985],
[[1750.0,150.0,150.0],0.001267458],
[[1750.0,200.0,200.0],0.001318705],
[[1750.0,250.0,250.0],0.001358632],
[[1750.0,300.0,300.0],0.001381365],
[[1750.0,350.0,350.0],0.001463243],
[[1750.0,400.0,400.0],0.001418903],
[[1750.0,450.0,450.0],0.00138481],
[[1750.0,500.0,500.0],0.00130923],
[[1750.0,550.0,550.0],0.001448993],
[[1750.0,600.0,600.0],0.001419287],
[[1750.0,650.0,650.0],0.00137128],
[[1750.0,700.0,700.0],0.001430698],
[[1750.0,750.0,750.0],0.001300424],
[[1750.0,800.0,800.0],0.001330713],
[[1750.0,850.0,850.0],0.001424217],
[[1800.0,1.0,1.0],0.00126628],
[[1800.0,75.0,75.0],0.001357462],
[[1800.0,150.0,150.0],0.001307783],
[[1800.0,200.0,200.0],0.00130204],
[[1800.0,250.0,250.0],0.001425775],
[[1800.0,300.0,300.0],0.001302348],
[[1800.0,350.0,350.0],0.001324134],
[[1800.0,400.0,400.0],0.001381995],
[[1800.0,450.0,450.0],0.001391937],
[[1800.0,500.0,500.0],0.001395239],
[[1800.0,550.0,550.0],0.001425792],
[[1800.0,600.0,600.0],0.0013855],
[[1800.0,650.0,650.0],0.001379542],
[[1800.0,700.0,700.0],0.001337354],
[[1800.0,750.0,750.0],0.001421488],
[[1800.0,800.0,800.0],0.001305419],
[[1800.0,850.0,850.0],0.001431748],
[[1850.0,1.0,1.0],0.001272396],
[[1850.0,75.0,75.0],0.001227305],
[[1850.0,150.0,150.0],0.00131135],
[[1850.0,200.0,200.0],0.001313805],
[[1850.0,250.0,250.0],0.001445953],
[[1850.0,300.0,300.0],0.001309294],
[[1850.0,350.0,350.0],0.001430808],
[[1850.0,400.0,400.0],0.001470823],
[[1850.0,450.0,450.0],0.001277001],
[[1850.0,500.0,500.0],0.001296103],
[[1850.0,550.0,550.0],0.001303607],
[[1850.0,600.0,600.0],0.001331465],
[[1850.0,650.0,650.0],0.001346056],
[[1850.0,700.0,700.0],0.001483056],
[[1850.0,750.0,750.0],0.001503443],
[[1850.0,800.0,800.0],0.00136569],
[[1850.0,850.0,850.0],0.001404311],
[[1850.0,900.0,900.0],0.001566503],
[[1900.0,1.0,1.0],0.0012926],
[[1900.0,75.0,75.0],0.001390634],
[[1900.0,150.0,150.0],0.001336241],
[[1900.0,200.0,200.0],0.001419599],
[[1900.0,250.0,250.0],0.001416323],
[[1900.0,300.0,300.0],0.001366898],
[[1900.0,350.0,350.0],0.001395055],
[[1900.0,400.0,400.0],0.001506286],
[[1900.0,450.0,450.0],0.001420348],
[[1900.0,500.0,500.0],0.001447414],
[[1900.0,550.0,550.0],0.00136799],
[[1900.0,600.0,600.0],0.00139819],
[[1900.0,650.0,650.0],0.001311978],
[[1900.0,700.0,700.0],0.001426684],
[[1900.0,750.0,750.0],0.001473357],
[[1900.0,800.0,800.0],0.00150449],
[[1900.0,850.0,850.0],0.001433435],
[[1900.0,900.0,900.0],0.001393335],
[[1950.0,1.0,1.0],0.001243626],
[[1950.0,75.0,75.0],0.001283728],
[[1950.0,150.0,150.0],0.001341734],
[[1950.0,200.0,200.0],0.001442188],
[[1950.0,250.0,250.0],0.001424853],
[[1950.0,300.0,300.0],0.001509272],
[[1950.0,350.0,350.0],0.001388245],
[[1950.0,400.0,400.0],0.001448894],
[[1950.0,450.0,450.0],0.001441288],
[[1950.0,500.0,500.0],0.001411147],
[[1950.0,550.0,550.0],0.001492862],
[[1950.0,600.0,600.0],0.001526661],
[[1950.0,650.0,650.0],0.001481344],
[[1950.0,700.0,700.0],0.001426501],
[[1950.0,750.0,750.0],0.00152527],
[[1950.0,800.0,800.0],0.00148864],
[[1950.0,850.0,850.0],0.001361434],
[[1950.0,900.0,900.0],0.001439113],
[[1950.0,950.0,950.0],0.00137637],
[[2000.0,1.0,1.0],0.001423189],
[[2000.0,75.0,75.0],0.001455233],
[[2000.0,150.0,150.0],0.001504976],
[[2000.0,200.0,200.0],0.001374428],
[[2000.0,250.0,250.0],0.001497682],
[[2000.0,300.0,300.0],0.001441895],
[[2000.0,350.0,350.0],0.001276039],
[[2000.0,400.0,400.0],0.001406564],
[[2000.0,450.0,450.0],0.001422188],
[[2000.0,500.0,500.0],0.001475322],
[[2000.0,550.0,550.0],0.001355346],
[[2000.0,600.0,600.0],0.00151853],
[[2000.0,650.0,650.0],0.001430681],
[[2000.0,700.0,700.0],0.001388954],
[[2000.0,750.0,750.0],0.001532623],
[[2000.0,800.0,800.0],0.001422592],
[[2000.0,850.0,850.0],0.001554992],
[[2000.0,900.0,900.0],0.0015079],
[[2000.0,950.0,950.0],0.001486322],
[[2250.0,1.0,1.0],0.001570762],
[[2250.0,75.0,75.0],0.001593058],
[[2250.0,150.0,150.0],0.001500673],
[[2250.0,300.0,300.0],0.001496774],
[[2250.0,500.0,500.0],0.001566826],
[[2250.0,750.0,750.0],0.001521014],
[[2250.0,1000.0,1000.0],0.001666447],
[[2500.0,1.0,1.0],0.001538215],
[[2500.0,75.0,75.0],0.001622805],
[[2500.0,150.0,150.0],0.001618288],
[[2500.0,300.0,300.0],0.001570779],
[[2500.0,500.0,500.0],0.001648782],
[[2500.0,750.0,750.0],0.001529147],
[[2500.0,1000.0,1000.0],0.001713],
[[2500.0,1200.0,1200.0],0.001736342],
[[2750.0,1.0,1.0],0.001616497],
[[2750.0,75.0,75.0],0.001706954],
[[2750.0,150.0,150.0],0.001590825],
[[2750.0,300.0,300.0],0.001507373],
[[2750.0,500.0,500.0],0.001562806],
[[2750.0,750.0,750.0],0.001713464],
[[2750.0,1000.0,1000.0],0.00165098],
[[2750.0,1200.0,1200.0],0.001655183],
[[3000.0,1.0,1.0],0.001426804],
[[3000.0,75.0,75.0],0.001661421],
[[3000.0,150.0,150.0],0.001528083],
[[3000.0,300.0,300.0],0.001615201],
[[3000.0,500.0,500.0],0.001661069],
[[3000.0,750.0,750.0],0.001505133],
[[3000.0,1000.0,1000.0],0.001663039],
[[3000.0,1200.0,1200.0],0.001659778],
[[3000.0,1400.0,1400.0],0.001643128]]
