txName: TRV1
constraint: {(PV > Zprime(1)), (Zprime(1) > MET(2),MET(3))}
condition: None
conditionDescription: None
figureUrl: None
source: Recast by CM2
validated: True
axesMap: [{0: 'x', 1: 'y', 2: 'y'}]
dataMap: {0: (1, 'mass', GeV), 1: (2, 'mass', GeV), 2: (3, 'mass', GeV)}
finalState: ['MET', 'MET']
intermediateState: None
efficiencyMap: [[[50.0,0,0],0],
[[50.0,1.0,1.0],0],
[[50.0,10.0,10.0],0],
[[50.0,20.0,20.0],0],
[[100.0,0,0],0],
[[100.0,1.0,1.0],0],
[[100.0,10.0,10.0],0],
[[150.0,0,0],1.789193e-06],
[[150.0,1.0,1.0],1.891986e-06],
[[150.0,10.0,10.0],0],
[[150.0,50.0,50.0],2.031333e-06],
[[150.0,70.0,70.0],2.1492e-06],
[[200.0,0,0],5.219183e-06],
[[200.0,1.0,1.0],3.667514e-06],
[[200.0,10.0,10.0],3.833305e-06],
[[200.0,50.0,50.0],3.945276e-06],
[[200.0,75.0,75.0],3.831189e-06],
[[250.0,0,0],3.977865e-05],
[[250.0,1.0,1.0],6.194593e-06],
[[250.0,10.0,10.0],7.012728e-06],
[[250.0,50.0,50.0],9.579753e-06],
[[250.0,75.0,75.0],8.795114e-06],
[[250.0,100.0,100.0],8.048871e-06],
[[250.0,120.0,120.0],8.660239e-06],
[[300.0,0,0],1.500947e-05],
[[300.0,1.0,1.0],1.453847e-05],
[[300.0,10.0,10.0],1.384727e-05],
[[300.0,50.0,50.0],2.798159e-05],
[[300.0,75.0,75.0],1.397158e-05],
[[300.0,100.0,100.0],1.637496e-05],
[[350.0,0,0],2.418746e-05],
[[350.0,1.0,1.0],2.310267e-05],
[[350.0,10.0,10.0],2.221934e-05],
[[350.0,50.0,50.0],1.985698e-05],
[[350.0,75.0,75.0],2.016624e-05],
[[350.0,100.0,100.0],2.358707e-05],
[[350.0,150.0,150.0],2.162607e-05],
[[350.0,170.0,170.0],2.371875e-05],
[[400.0,0,0],2.979753e-05],
[[400.0,1.0,1.0],2.603849e-05],
[[400.0,10.0,10.0],3.289193e-05],
[[400.0,50.0,50.0],2.907487e-05],
[[400.0,75.0,75.0],3.186729e-05],
[[400.0,100.0,100.0],3.484387e-05],
[[400.0,150.0,150.0],3.043067e-05],
[[450.0,0,0],3.532335e-05],
[[450.0,1.0,1.0],4.760754e-05],
[[450.0,10.0,10.0],4.577564e-05],
[[450.0,50.0,50.0],4.928336e-05],
[[450.0,75.0,75.0],4.894251e-05],
[[450.0,100.0,100.0],4.398221e-05],
[[450.0,150.0,150.0],3.99833e-05],
[[450.0,200.0,200.0],4.499508e-05],
[[450.0,220.0,220.0],5.063885e-05],
[[500.0,0,0],4.912348e-05],
[[500.0,1.0,1.0],5.683356e-05],
[[500.0,10.0,10.0],6.155433e-05],
[[500.0,50.0,50.0],5.648024e-05],
[[500.0,75.0,75.0],5.663388e-05],
[[500.0,100.0,100.0],4.833578e-05],
[[500.0,150.0,150.0],6.555354e-05],
[[500.0,200.0,200.0],6.303391e-05],
[[550.0,1.0,1.0],7.48223e-05],
[[550.0,10.0,10.0],7.672939e-05],
[[550.0,75.0,75.0],7.306886e-05],
[[550.0,150.0,150.0],6.461762e-05],
[[550.0,200.0,200.0],8.016103e-05],
[[550.0,250.0,250.0],7.691212e-05],
[[550.0,270.0,270.0],8.337201e-05],
[[600.0,0,0],0.0001032339],
[[600.0,1.0,1.0],8.39612e-05],
[[600.0,10.0,10.0],8.742713e-05],
[[600.0,50.0,50.0],8.244232e-05],
[[600.0,75.0,75.0],9.392557e-05],
[[600.0,100.0,100.0],8.353902e-05],
[[600.0,150.0,150.0],9.773763e-05],
[[600.0,200.0,200.0],9.307377e-05],
[[600.0,250.0,250.0],8.74022e-05],
[[600.0,295.0,295.0],9.585293e-05],
[[650.0,1.0,1.0],0.0001088059],
[[650.0,10.0,10.0],0.0001158305],
[[650.0,75.0,75.0],0.0001067729],
[[650.0,150.0,150.0],0.0001386245],
[[650.0,200.0,200.0],0.0001094979],
[[650.0,250.0,250.0],0.0001055417],
[[650.0,300.0,300.0],0.0001002374],
[[650.0,320.0,320.0],0.0001083318],
[[700.0,0,0],0.0001241838],
[[700.0,1.0,1.0],0.0001157492],
[[700.0,10.0,10.0],0.0001176453],
[[700.0,50.0,50.0],0.0001198925],
[[700.0,75.0,75.0],0.0001238029],
[[700.0,100.0,100.0],5.898508e-05],
[[700.0,150.0,150.0],0.0001182931],
[[700.0,200.0,200.0],0.0001192113],
[[700.0,250.0,250.0],0.0001446195],
[[700.0,300.0,300.0],0.0001201406],
[[750.0,1.0,1.0],0.0001400372],
[[750.0,10.0,10.0],0.0001345578],
[[750.0,75.0,75.0],0.0001539023],
[[750.0,150.0,150.0],0.0001428047],
[[750.0,200.0,200.0],0.0001417567],
[[750.0,250.0,250.0],0.0001494139],
[[750.0,300.0,300.0],0.0001631574],
[[750.0,350.0,350.0],0.0001434928],
[[750.0,370.0,370.0],0.0001723289],
[[800.0,0,0],0.0001566416],
[[800.0,1.0,1.0],0.0001706127],
[[800.0,10.0,10.0],0.0001687208],
[[800.0,50.0,50.0],0.0001655948],
[[800.0,75.0,75.0],0.0001709434],
[[800.0,100.0,100.0],0.0001622972],
[[800.0,150.0,150.0],0.0001705181],
[[800.0,200.0,200.0],0.0001793188],
[[800.0,250.0,250.0],0.00017945],
[[800.0,300.0,300.0],0.0001690521],
[[800.0,350.0,350.0],0.0001723262],
[[850.0,1.0,1.0],0.0001697717],
[[850.0,10.0,10.0],0.0001835165],
[[850.0,75.0,75.0],0.0001886247],
[[850.0,150.0,150.0],0.0001727078],
[[850.0,200.0,200.0],0.0001830117],
[[850.0,250.0,250.0],0.0001903827],
[[850.0,300.0,300.0],0.0002041265],
[[850.0,350.0,350.0],0.0001939903],
[[850.0,400.0,400.0],0.0002090206],
[[850.0,420.0,420.0],0.0002091582],
[[900.0,0,0],0.0002225351],
[[900.0,1.0,1.0],0.0001928075],
[[900.0,10.0,10.0],0.0002207839],
[[900.0,50.0,50.0],0.0002162667],
[[900.0,75.0,75.0],0.0002255754],
[[900.0,100.0,100.0],0.0002036375],
[[900.0,150.0,150.0],0.000246531],
[[900.0,200.0,200.0],0.0002229639],
[[900.0,250.0,250.0],0.0002082331],
[[900.0,300.0,300.0],0.0002435423],
[[900.0,350.0,350.0],0.0001999214],
[[900.0,400.0,400.0],0.0002319386],
[[950.0,1.0,1.0],0.0002252156],
[[950.0,10.0,10.0],0.0002209333],
[[950.0,75.0,75.0],0.0002240178],
[[950.0,150.0,150.0],0.0002298892],
[[950.0,200.0,200.0],0.0002285318],
[[950.0,250.0,250.0],0.0002376062],
[[950.0,300.0,300.0],0.0002314098],
[[950.0,350.0,350.0],0.0002573847],
[[950.0,400.0,400.0],0.0002715714],
[[950.0,450.0,450.0],0.0002587569],
[[950.0,470.0,470.0],0.0002934125],
[[1000.0,0,0],0.0002522008],
[[1000.0,50.0,50.0],0.0002289728],
[[1000.0,100.0,100.0],0.0002513046],
[[1000.0,150.0,150.0],0.0002685305],
[[1000.0,200.0,200.0],0.0002507983],
[[1000.0,250.0,250.0],0.0002460607],
[[1000.0,300.0,300.0],0.0002748976],
[[1000.0,350.0,350.0],0.0002394528],
[[1000.0,400.0,400.0],0.0002740381],
[[1000.0,450.0,450.0],0.0002774294],
[[1050.0,520.0,520.0],0.0003081425],
[[1100.0,0,0],0.0002743724],
[[1100.0,100.0,100.0],0.0002908299],
[[1100.0,200.0,200.0],0.000300895],
[[1100.0,300.0,300.0],0.0002809177],
[[1100.0,400.0,400.0],0.0003467556],
[[1100.0,500.0,500.0],0.0003168291],
[[1150.0,570.0,570.0],0.000371834],
[[1200.0,0,0],0.0003192116],
[[1200.0,100.0,100.0],0.00034366],
[[1200.0,200.0,200.0],0.0003159573],
[[1200.0,300.0,300.0],0.000350893],
[[1200.0,400.0,400.0],0.0003612137],
[[1200.0,500.0,500.0],0.0003450971],
[[1250.0,620.0,620.0],0.0004182164],
[[1300.0,0,0],0.0003706199],
[[1300.0,100.0,100.0],0.0003978408],
[[1300.0,200.0,200.0],0.0003762854],
[[1300.0,300.0,300.0],0.0003808288],
[[1300.0,400.0,400.0],0.0004015664],
[[1300.0,500.0,500.0],0.0004527422],
[[1300.0,600.0,600.0],0.000429116],
[[1350.0,670.0,670.0],0.0004280376],
[[1400.0,0,0],0.0004134833],
[[1400.0,100.0,100.0],0.000436659],
[[1400.0,200.0,200.0],0.0003976982],
[[1400.0,300.0,300.0],0.0004332027],
[[1400.0,400.0,400.0],0.00045032],
[[1400.0,500.0,500.0],0.0004361058],
[[1400.0,600.0,600.0],0.0004296635],
[[1450.0,720.0,720.0],0.0004728662],
[[1500.0,0,0],0.0004396362],
[[1500.0,100.0,100.0],0.0004547914],
[[1500.0,200.0,200.0],0.0004696325],
[[1500.0,300.0,300.0],0.0004802569],
[[1500.0,400.0,400.0],0.0004593843],
[[1500.0,500.0,500.0],0.0004501654],
[[1500.0,600.0,600.0],0.0004858223],
[[1500.0,700.0,700.0],0.0005192129],
[[1550.0,770.0,770.0],0.00058257],
[[1600.0,0,0],0.0004824985],
[[1600.0,100.0,100.0],0.0004997948],
[[1600.0,200.0,200.0],0.0005232211],
[[1600.0,300.0,300.0],0.0005416457],
[[1600.0,400.0,400.0],0.000511575],
[[1600.0,500.0,500.0],0.0005418396],
[[1600.0,600.0,600.0],0.0005129053],
[[1600.0,700.0,700.0],0.0005312986],
[[1650.0,820.0,820.0],0.0005541408],
[[1700.0,0,0],0.0005164457],
[[1700.0,100.0,100.0],0.0005018662],
[[1700.0,200.0,200.0],0.0005516584],
[[1700.0,300.0,300.0],0.0004839431],
[[1700.0,400.0,400.0],0.0005190202],
[[1700.0,500.0,500.0],0.0005559542],
[[1700.0,600.0,600.0],0.0006086085],
[[1700.0,700.0,700.0],0.0005227019],
[[1700.0,800.0,800.0],0.0005748864],
[[1750.0,870.0,870.0],0.0006212405],
[[1800.0,0,0],0.0005700688],
[[1800.0,100.0,100.0],0.0005175256],
[[1800.0,200.0,200.0],0.0005023416],
[[1800.0,300.0,300.0],0.000610514],
[[1800.0,400.0,400.0],0.0005977621],
[[1800.0,500.0,500.0],0.000584433],
[[1800.0,600.0,600.0],0.0006077113],
[[1800.0,700.0,700.0],0.0005808911],
[[1800.0,800.0,800.0],0.000611931],
[[1850.0,920.0,920.0],0.0006526925],
[[1900.0,0,0],0.0006324033],
[[1900.0,100.0,100.0],0.0006000368],
[[1900.0,200.0,200.0],0.0005806797],
[[1900.0,300.0,300.0],0.0006398352],
[[1900.0,400.0,400.0],0.0005700375],
[[1900.0,500.0,500.0],0.0006903916],
[[1900.0,600.0,600.0],0.0006495186],
[[1900.0,700.0,700.0],0.0006806926],
[[1900.0,800.0,800.0],0.0007207905],
[[1900.0,900.0,900.0],0.0006856502],
[[1950.0,970.0,970.0],0.0007303435],
[[2000.0,0,0],0.0006656789],
[[2000.0,100.0,100.0],0.0005852771],
[[2000.0,200.0,200.0],0.0006424915],
[[2000.0,300.0,300.0],0.0007170076],
[[2000.0,400.0,400.0],0.0006348671],
[[2000.0,500.0,500.0],0.0006921112],
[[2000.0,600.0,600.0],0.0006279003],
[[2000.0,700.0,700.0],0.000668852],
[[2000.0,800.0,800.0],0.0007351736],
[[2000.0,900.0,900.0],0.000718846],
[[2050.0,1020.0,1020.0],0.0007177436],
[[2100.0,0,0],0.0006631217],
[[2100.0,100.0,100.0],0.0006130327],
[[2100.0,200.0,200.0],0.0006598191],
[[2100.0,300.0,300.0],0.0007087683],
[[2100.0,400.0,400.0],0.000680121],
[[2100.0,500.0,500.0],0.0006385433],
[[2100.0,600.0,600.0],0.0007356201],
[[2100.0,700.0,700.0],0.0006746361],
[[2100.0,800.0,800.0],0.0007824765],
[[2100.0,900.0,900.0],0.0007626347],
[[2100.0,1000.0,1000.0],0.0007420218],
[[2150.0,1070.0,1070.0],0.0008431699],
[[2200.0,0,0],0.0006846886],
[[2200.0,100.0,100.0],0.0007141625],
[[2200.0,200.0,200.0],0.0007163718],
[[2200.0,300.0,300.0],0.0007511349],
[[2200.0,400.0,400.0],0.0007532329],
[[2200.0,500.0,500.0],0.0007893202],
[[2200.0,600.0,600.0],0.0007211424],
[[2200.0,700.0,700.0],0.0007273294],
[[2200.0,800.0,800.0],0.0008025369],
[[2200.0,900.0,900.0],0.0006966201],
[[2200.0,1000.0,1000.0],0.0007739243],
[[2250.0,1120.0,1120.0],0.0008883397],
[[2300.0,0,0],0.0006538461],
[[2300.0,100.0,100.0],0.0006782779],
[[2300.0,200.0,200.0],0.0007305718],
[[2300.0,300.0,300.0],0.0007735651],
[[2300.0,400.0,400.0],0.0007343402],
[[2300.0,500.0,500.0],0.0007985337],
[[2300.0,600.0,600.0],0.0007364589],
[[2300.0,700.0,700.0],0.0007841481],
[[2300.0,800.0,800.0],0.0007880258],
[[2300.0,900.0,900.0],0.0008010825],
[[2300.0,1000.0,1000.0],0.0008307095],
[[2300.0,1100.0,1100.0],0.0008142239],
[[2350.0,1170.0,1170.0],0.0008089105],
[[2400.0,0,0],0.0006669286],
[[2400.0,100.0,100.0],0.0007246877],
[[2400.0,200.0,200.0],0.000747325],
[[2400.0,300.0,300.0],0.000763216],
[[2400.0,400.0,400.0],0.0007238273],
[[2400.0,500.0,500.0],0.0007785566],
[[2400.0,600.0,600.0],0.0007881182],
[[2400.0,700.0,700.0],0.0008338793],
[[2400.0,800.0,800.0],0.0008797299],
[[2400.0,900.0,900.0],0.0008146849],
[[2400.0,1000.0,1000.0],0.0007898436],
[[2400.0,1100.0,1100.0],0.000802963],
[[2450.0,1220.0,1220.0],0.0008978558],
[[2500.0,0,0],0.000734265],
[[2500.0,100.0,100.0],0.0006849147],
[[2500.0,200.0,200.0],0.000733645],
[[2500.0,300.0,300.0],0.0007636748],
[[2500.0,400.0,400.0],0.00080145],
[[2500.0,500.0,500.0],0.0008434266],
[[2500.0,600.0,600.0],0.0008403158],
[[2500.0,700.0,700.0],0.0008450882],
[[2500.0,800.0,800.0],0.0008533255],
[[2500.0,900.0,900.0],0.0008701317],
[[2500.0,1000.0,1000.0],0.0008018799],
[[2500.0,1100.0,1100.0],0.0008509788],
[[2500.0,1200.0,1200.0],0.000828327],
[[2550.0,1270.0,1270.0],0.0008802253],
[[2600.0,0,0],0.0007369019],
[[2600.0,100.0,100.0],0.0007832069],
[[2600.0,200.0,200.0],0.0007185251],
[[2600.0,300.0,300.0],0.0007972711],
[[2600.0,400.0,400.0],0.0007655122],
[[2600.0,500.0,500.0],0.0008210226],
[[2600.0,600.0,600.0],0.0008456214],
[[2600.0,700.0,700.0],0.0008364889],
[[2600.0,800.0,800.0],0.0008497709],
[[2600.0,900.0,900.0],0.0009183923],
[[2600.0,1000.0,1000.0],0.0009201402],
[[2600.0,1100.0,1100.0],0.0009042257],
[[2600.0,1200.0,1200.0],0.0008436991],
[[2650.0,1320.0,1320.0],0.0009458552],
[[2700.0,0,0],0.0006974265],
[[2700.0,100.0,100.0],0.0007569664],
[[2700.0,200.0,200.0],0.0007949576],
[[2700.0,300.0,300.0],0.0007953632],
[[2700.0,400.0,400.0],0.0007876915],
[[2700.0,500.0,500.0],0.0008251703],
[[2700.0,600.0,600.0],0.0009147312],
[[2700.0,700.0,700.0],0.0008423202],
[[2700.0,800.0,800.0],0.0008634605],
[[2700.0,900.0,900.0],0.0009061822],
[[2700.0,1000.0,1000.0],0.0009286468],
[[2700.0,1100.0,1100.0],0.0008529443],
[[2700.0,1200.0,1200.0],0.0009115887],
[[2700.0,1300.0,1300.0],0.0008850785],
[[2750.0,1370.0,1370.0],0.00100761],
[[2800.0,0,0],0.0007126961],
[[2800.0,100.0,100.0],0.0007621227],
[[2800.0,200.0,200.0],0.0008056435],
[[2800.0,300.0,300.0],0.0008492397],
[[2800.0,400.0,400.0],0.0008861402],
[[2800.0,500.0,500.0],0.0008056444],
[[2800.0,600.0,600.0],0.0007789382],
[[2800.0,700.0,700.0],0.0009139925],
[[2800.0,800.0,800.0],0.0008968194],
[[2800.0,900.0,900.0],0.0009122249],
[[2800.0,1000.0,1000.0],0.0008949931],
[[2800.0,1100.0,1100.0],0.0009157378],
[[2800.0,1200.0,1200.0],0.0008733734],
[[2800.0,1300.0,1300.0],0.000964884],
[[2850.0,1420.0,1420.0],0.00108558],
[[2900.0,0,0],0.0006675826],
[[2900.0,100.0,100.0],0.0008150617],
[[2900.0,200.0,200.0],0.0008401809],
[[2900.0,300.0,300.0],0.0008915847],
[[2900.0,400.0,400.0],0.0008301434],
[[2900.0,500.0,500.0],0.00154781],
[[2900.0,600.0,600.0],0.0009162066],
[[2900.0,700.0,700.0],0.0009135404],
[[2900.0,800.0,800.0],0.000910166],
[[2900.0,900.0,900.0],0.0004383689],
[[2900.0,1000.0,1000.0],0.0009673261],
[[2900.0,1100.0,1100.0],0.0009376744],
[[2900.0,1200.0,1200.0],0.0009137625],
[[2900.0,1300.0,1300.0],0.0008645556],
[[2900.0,1400.0,1400.0],0.0009782662],
[[2950.0,1470.0,1470.0],0.0009908169],
[[3000.0,0,0],0.0007035927],
[[3000.0,100.0,100.0],0.0008299239],
[[3000.0,200.0,200.0],0.0008242398],
[[3000.0,300.0,300.0],0.0008332389],
[[3000.0,400.0,400.0],0.0009196264],
[[3000.0,500.0,500.0],0.0009112976],
[[3000.0,600.0,600.0],0.0009213132],
[[3000.0,700.0,700.0],0.0009424798],
[[3000.0,800.0,800.0],0.0008473771],
[[3000.0,900.0,900.0],0.000922811],
[[3000.0,1000.0,1000.0],0.0009296357],
[[3000.0,1100.0,1100.0],0.0009375803],
[[3000.0,1200.0,1200.0],0.0009864072],
[[3000.0,1300.0,1300.0],0.0009462565],
[[3000.0,1400.0,1400.0],0.0009344949]]
