txName: TRV1
constraint: {(PV > Zprime(1)), (Zprime(1) > MET(2),MET(3))}
condition: None
conditionDescription: None
figureUrl: None
source: Recast by CM2
validated: True
axesMap: [{0: 'x', 1: 'y', 2: 'y'}]
dataMap: {0: (1, 'mass', GeV), 1: (2, 'mass', GeV), 2: (3, 'mass', GeV)}
finalState: ['MET', 'MET']
intermediateState: None
efficiencyMap: [[[50.0,0,0],0.0],
[[50.0,1.0,1.0],0.0],
[[50.0,10.0,10.0],0.0],
[[50.0,20.0,20.0],0.0],
[[100.0,0,0],0.0],
[[100.0,1.0,1.0],0.0],
[[100.0,10.0,10.0],0.0],
[[150.0,0,0],0],
[[150.0,1.0,1.0],0.0],
[[150.0,10.0,10.0],0],
[[150.0,50.0,50.0],0],
[[150.0,70.0,70.0],0.0],
[[200.0,0,0],0],
[[200.0,1.0,1.0],0.0],
[[200.0,10.0,10.0],0.0],
[[200.0,50.0,50.0],0.0],
[[200.0,75.0,75.0],0.0],
[[250.0,0,0],0.0],
[[250.0,1.0,1.0],0.0],
[[250.0,10.0,10.0],0.0],
[[250.0,50.0,50.0],0],
[[250.0,75.0,75.0],0],
[[250.0,100.0,100.0],0.0],
[[250.0,120.0,120.0],0],
[[300.0,0,0],0],
[[300.0,1.0,1.0],0],
[[300.0,10.0,10.0],0],
[[300.0,50.0,50.0],0],
[[300.0,75.0,75.0],0],
[[300.0,100.0,100.0],0],
[[350.0,0,0],0.0],
[[350.0,1.0,1.0],0.0],
[[350.0,10.0,10.0],0.0],
[[350.0,50.0,50.0],0.0],
[[350.0,75.0,75.0],0.0],
[[350.0,100.0,100.0],0.0],
[[350.0,150.0,150.0],0],
[[350.0,170.0,170.0],0],
[[400.0,0,0],0],
[[400.0,1.0,1.0],0.0],
[[400.0,10.0,10.0],0],
[[400.0,50.0,50.0],0],
[[400.0,75.0,75.0],0.0],
[[400.0,100.0,100.0],0],
[[400.0,150.0,150.0],0],
[[450.0,0,0],0.0],
[[450.0,1.0,1.0],0],
[[450.0,10.0,10.0],0],
[[450.0,50.0,50.0],0.0],
[[450.0,75.0,75.0],0],
[[450.0,100.0,100.0],0],
[[450.0,150.0,150.0],0],
[[450.0,200.0,200.0],0],
[[450.0,220.0,220.0],0],
[[500.0,0,0],0],
[[500.0,1.0,1.0],0],
[[500.0,10.0,10.0],0.0],
[[500.0,50.0,50.0],0.0],
[[500.0,75.0,75.0],0],
[[500.0,100.0,100.0],0],
[[500.0,150.0,150.0],0],
[[500.0,200.0,200.0],0],
[[550.0,1.0,1.0],0],
[[550.0,10.0,10.0],0],
[[550.0,75.0,75.0],0],
[[550.0,150.0,150.0],0],
[[550.0,200.0,200.0],0],
[[550.0,250.0,250.0],0],
[[550.0,270.0,270.0],0],
[[600.0,0,0],0],
[[600.0,1.0,1.0],0],
[[600.0,10.0,10.0],0.0],
[[600.0,50.0,50.0],0.0],
[[600.0,75.0,75.0],0],
[[600.0,100.0,100.0],0],
[[600.0,150.0,150.0],0],
[[600.0,200.0,200.0],0],
[[600.0,250.0,250.0],0],
[[600.0,295.0,295.0],0],
[[650.0,1.0,1.0],0],
[[650.0,10.0,10.0],0],
[[650.0,75.0,75.0],0],
[[650.0,150.0,150.0],0],
[[650.0,200.0,200.0],0],
[[650.0,250.0,250.0],0],
[[650.0,300.0,300.0],0],
[[650.0,320.0,320.0],0],
[[700.0,0,0],0],
[[700.0,1.0,1.0],0],
[[700.0,10.0,10.0],0],
[[700.0,50.0,50.0],0],
[[700.0,75.0,75.0],0],
[[700.0,100.0,100.0],0],
[[700.0,150.0,150.0],0],
[[700.0,200.0,200.0],0],
[[700.0,250.0,250.0],0],
[[700.0,300.0,300.0],2.436839e-06],
[[750.0,1.0,1.0],0],
[[750.0,10.0,10.0],0],
[[750.0,75.0,75.0],0],
[[750.0,150.0,150.0],0],
[[750.0,200.0,200.0],0],
[[750.0,250.0,250.0],0],
[[750.0,300.0,300.0],0],
[[750.0,350.0,350.0],0],
[[750.0,370.0,370.0],0],
[[800.0,0,0],0],
[[800.0,1.0,1.0],0],
[[800.0,10.0,10.0],0],
[[800.0,50.0,50.0],0],
[[800.0,75.0,75.0],0],
[[800.0,100.0,100.0],0],
[[800.0,150.0,150.0],0],
[[800.0,200.0,200.0],0],
[[800.0,250.0,250.0],0],
[[800.0,300.0,300.0],0],
[[800.0,350.0,350.0],0],
[[850.0,1.0,1.0],0],
[[850.0,10.0,10.0],0],
[[850.0,75.0,75.0],0],
[[850.0,150.0,150.0],0],
[[850.0,200.0,200.0],0],
[[850.0,250.0,250.0],0],
[[850.0,300.0,300.0],0],
[[850.0,350.0,350.0],1.868576e-06],
[[850.0,400.0,400.0],0],
[[850.0,420.0,420.0],0],
[[900.0,0,0],0],
[[900.0,1.0,1.0],0],
[[900.0,10.0,10.0],0],
[[900.0,50.0,50.0],0],
[[900.0,75.0,75.0],0],
[[900.0,100.0,100.0],0],
[[900.0,150.0,150.0],0],
[[900.0,200.0,200.0],0],
[[900.0,250.0,250.0],0],
[[900.0,300.0,300.0],0],
[[900.0,350.0,350.0],0],
[[900.0,400.0,400.0],1.724003e-06],
[[950.0,1.0,1.0],0],
[[950.0,10.0,10.0],1.786414e-06],
[[950.0,75.0,75.0],0],
[[950.0,150.0,150.0],0],
[[950.0,200.0,200.0],2.064041e-06],
[[950.0,250.0,250.0],0],
[[950.0,300.0,300.0],0],
[[950.0,350.0,350.0],0],
[[950.0,400.0,400.0],0],
[[950.0,450.0,450.0],0],
[[950.0,470.0,470.0],0],
[[1000.0,0,0],1.761164e-06],
[[1000.0,50.0,50.0],1.666632e-06],
[[1000.0,100.0,100.0],0],
[[1000.0,150.0,150.0],1.669344e-06],
[[1000.0,200.0,200.0],0],
[[1000.0,250.0,250.0],0],
[[1000.0,300.0,300.0],0],
[[1000.0,350.0,350.0],0],
[[1000.0,400.0,400.0],0],
[[1000.0,450.0,450.0],0],
[[1050.0,520.0,520.0],0],
[[1100.0,0,0],0],
[[1100.0,100.0,100.0],0],
[[1100.0,200.0,200.0],0],
[[1100.0,300.0,300.0],0],
[[1100.0,400.0,400.0],1.761628e-06],
[[1100.0,500.0,500.0],0],
[[1150.0,570.0,570.0],2.577963e-06],
[[1200.0,0,0],0],
[[1200.0,100.0,100.0],0],
[[1200.0,200.0,200.0],1.835603e-06],
[[1200.0,300.0,300.0],1.88974e-06],
[[1200.0,400.0,400.0],1.679168e-06],
[[1200.0,500.0,500.0],2.391235e-06],
[[1250.0,620.0,620.0],0],
[[1300.0,0,0],2.42578e-06],
[[1300.0,100.0,100.0],0],
[[1300.0,200.0,200.0],2.30077e-06],
[[1300.0,300.0,300.0],0],
[[1300.0,400.0,400.0],0],
[[1300.0,500.0,500.0],0],
[[1300.0,600.0,600.0],0],
[[1350.0,670.0,670.0],0],
[[1400.0,0,0],2.420478e-06],
[[1400.0,100.0,100.0],2.542302e-06],
[[1400.0,200.0,200.0],2.447099e-06],
[[1400.0,300.0,300.0],2.65431e-06],
[[1400.0,400.0,400.0],3.838844e-06],
[[1400.0,500.0,500.0],2.257812e-06],
[[1400.0,600.0,600.0],0],
[[1450.0,720.0,720.0],2.115816e-06],
[[1500.0,0,0],1.872069e-06],
[[1500.0,100.0,100.0],2.036274e-06],
[[1500.0,200.0,200.0],1.762243e-06],
[[1500.0,300.0,300.0],1.838494e-06],
[[1500.0,400.0,400.0],3.257632e-06],
[[1500.0,500.0,500.0],1.736999e-06],
[[1500.0,600.0,600.0],1.986369e-06],
[[1500.0,700.0,700.0],3.249044e-06],
[[1550.0,770.0,770.0],1.964968e-06],
[[1600.0,0,0],2.695726e-06],
[[1600.0,100.0,100.0],2.96915e-06],
[[1600.0,200.0,200.0],0],
[[1600.0,300.0,300.0],3.898504e-06],
[[1600.0,400.0,400.0],2.112478e-06],
[[1600.0,500.0,500.0],5.671069e-06],
[[1600.0,600.0,600.0],2.861625e-06],
[[1600.0,700.0,700.0],4.538951e-06],
[[1650.0,820.0,820.0],4.417819e-06],
[[1700.0,0,0],3.63389e-06],
[[1700.0,100.0,100.0],2.651652e-06],
[[1700.0,200.0,200.0],2.237119e-06],
[[1700.0,300.0,300.0],2.249724e-06],
[[1700.0,400.0,400.0],2.211747e-06],
[[1700.0,500.0,500.0],2.268975e-06],
[[1700.0,600.0,600.0],3.26948e-06],
[[1700.0,700.0,700.0],1.969756e-06],
[[1700.0,800.0,800.0],2.864312e-06],
[[1750.0,870.0,870.0],4.147649e-06],
[[1800.0,0,0],3.861762e-06],
[[1800.0,100.0,100.0],3.112942e-06],
[[1800.0,200.0,200.0],0],
[[1800.0,300.0,300.0],3.330973e-06],
[[1800.0,400.0,400.0],6.343223e-06],
[[1800.0,500.0,500.0],0],
[[1800.0,600.0,600.0],2.728077e-06],
[[1800.0,700.0,700.0],3.809002e-06],
[[1800.0,800.0,800.0],3.291092e-06],
[[1850.0,920.0,920.0],2.52361e-06],
[[1900.0,0,0],0],
[[1900.0,100.0,100.0],2.315516e-06],
[[1900.0,200.0,200.0],8.532064e-06],
[[1900.0,300.0,300.0],3.754232e-06],
[[1900.0,400.0,400.0],3.585035e-06],
[[1900.0,500.0,500.0],0],
[[1900.0,600.0,600.0],5.935288e-06],
[[1900.0,700.0,700.0],3.304102e-06],
[[1900.0,800.0,800.0],3.817681e-06],
[[1900.0,900.0,900.0],3.205809e-06],
[[1950.0,970.0,970.0],4.377031e-06],
[[2000.0,0,0],3.781064e-06],
[[2000.0,100.0,100.0],2.873535e-06],
[[2000.0,200.0,200.0],2.28036e-06],
[[2000.0,300.0,300.0],4.41097e-06],
[[2000.0,400.0,400.0],3.755012e-06],
[[2000.0,500.0,500.0],3.314324e-06],
[[2000.0,600.0,600.0],3.093204e-06],
[[2000.0,700.0,700.0],4.345607e-06],
[[2000.0,800.0,800.0],4.327099e-06],
[[2000.0,900.0,900.0],4.09158e-06],
[[2050.0,1020.0,1020.0],0],
[[2100.0,0,0],4.462483e-06],
[[2100.0,100.0,100.0],2.921278e-06],
[[2100.0,200.0,200.0],2.220567e-06],
[[2100.0,300.0,300.0],3.903647e-06],
[[2100.0,400.0,400.0],2.147409e-06],
[[2100.0,500.0,500.0],2.535865e-06],
[[2100.0,600.0,600.0],1.977788e-06],
[[2100.0,700.0,700.0],3.938631e-06],
[[2100.0,800.0,800.0],9.545251e-06],
[[2100.0,900.0,900.0],5.877628e-06],
[[2100.0,1000.0,1000.0],2.540064e-06],
[[2150.0,1070.0,1070.0],4.726991e-06],
[[2200.0,0,0],2.361471e-06],
[[2200.0,100.0,100.0],3.540867e-06],
[[2200.0,200.0,200.0],3.613138e-06],
[[2200.0,300.0,300.0],2.031461e-06],
[[2200.0,400.0,400.0],4.214897e-06],
[[2200.0,500.0,500.0],4.193274e-06],
[[2200.0,600.0,600.0],4.939104e-06],
[[2200.0,700.0,700.0],3.0312e-06],
[[2200.0,800.0,800.0],0],
[[2200.0,900.0,900.0],2.201452e-06],
[[2200.0,1000.0,1000.0],0],
[[2250.0,1120.0,1120.0],1.990775e-06],
[[2300.0,0,0],1.82922e-06],
[[2300.0,100.0,100.0],2.291501e-06],
[[2300.0,200.0,200.0],2.312655e-06],
[[2300.0,300.0,300.0],4.260272e-06],
[[2300.0,400.0,400.0],0],
[[2300.0,500.0,500.0],2.488992e-06],
[[2300.0,600.0,600.0],1.998355e-06],
[[2300.0,700.0,700.0],1.72725e-06],
[[2300.0,800.0,800.0],3.639178e-06],
[[2300.0,900.0,900.0],2.93841e-06],
[[2300.0,1000.0,1000.0],3.041913e-06],
[[2300.0,1100.0,1100.0],2.69863e-06],
[[2350.0,1170.0,1170.0],2.509866e-06],
[[2400.0,0,0],3.236989e-06],
[[2400.0,100.0,100.0],4.577251e-06],
[[2400.0,200.0,200.0],2.235035e-06],
[[2400.0,300.0,300.0],2.836449e-06],
[[2400.0,400.0,400.0],3.569318e-06],
[[2400.0,500.0,500.0],2.785771e-06],
[[2400.0,600.0,600.0],4.668671e-06],
[[2400.0,700.0,700.0],2.578316e-06],
[[2400.0,800.0,800.0],1.983544e-06],
[[2400.0,900.0,900.0],3.065199e-06],
[[2400.0,1000.0,1000.0],3.517872e-06],
[[2400.0,1100.0,1100.0],5.758773e-06],
[[2450.0,1220.0,1220.0],3.851865e-06],
[[2500.0,0,0],2.82582e-06],
[[2500.0,100.0,100.0],4.760585e-06],
[[2500.0,200.0,200.0],8.040817e-06],
[[2500.0,300.0,300.0],4.417377e-06],
[[2500.0,400.0,400.0],0],
[[2500.0,500.0,500.0],3.701825e-06],
[[2500.0,600.0,600.0],0],
[[2500.0,700.0,700.0],4.535055e-06],
[[2500.0,800.0,800.0],2.645466e-06],
[[2500.0,900.0,900.0],6.201061e-06],
[[2500.0,1000.0,1000.0],3.721502e-06],
[[2500.0,1100.0,1100.0],2.324626e-06],
[[2500.0,1200.0,1200.0],0],
[[2550.0,1270.0,1270.0],3.414244e-06],
[[2600.0,0,0],2.190046e-06],
[[2600.0,100.0,100.0],3.003e-06],
[[2600.0,200.0,200.0],3.84977e-06],
[[2600.0,300.0,300.0],4.507351e-06],
[[2600.0,400.0,400.0],3.262712e-06],
[[2600.0,500.0,500.0],6.290409e-06],
[[2600.0,600.0,600.0],2.322322e-06],
[[2600.0,700.0,700.0],5.55155e-06],
[[2600.0,800.0,800.0],3.801855e-06],
[[2600.0,900.0,900.0],3.108426e-06],
[[2600.0,1000.0,1000.0],2.641003e-06],
[[2600.0,1100.0,1100.0],5.785921e-06],
[[2600.0,1200.0,1200.0],2.00637e-06],
[[2650.0,1320.0,1320.0],2.016197e-06],
[[2700.0,0,0],3.476791e-06],
[[2700.0,100.0,100.0],2.749626e-06],
[[2700.0,200.0,200.0],2.624117e-06],
[[2700.0,300.0,300.0],5.027221e-06],
[[2700.0,400.0,400.0],2.259372e-06],
[[2700.0,500.0,500.0],5.451635e-06],
[[2700.0,600.0,600.0],3.832403e-06],
[[2700.0,700.0,700.0],2.804121e-06],
[[2700.0,800.0,800.0],3.346206e-06],
[[2700.0,900.0,900.0],1.057281e-05],
[[2700.0,1000.0,1000.0],5.27539e-06],
[[2700.0,1100.0,1100.0],3.156686e-06],
[[2700.0,1200.0,1200.0],3.331108e-06],
[[2700.0,1300.0,1300.0],9.560044e-06],
[[2750.0,1370.0,1370.0],9.682999e-06],
[[2800.0,0,0],2.670715e-06],
[[2800.0,100.0,100.0],2.45526e-06],
[[2800.0,200.0,200.0],3.522688e-06],
[[2800.0,300.0,300.0],2.029784e-06],
[[2800.0,400.0,400.0],0],
[[2800.0,500.0,500.0],3.326643e-06],
[[2800.0,600.0,600.0],2.799471e-06],
[[2800.0,700.0,700.0],1.941572e-06],
[[2800.0,800.0,800.0],3.468615e-06],
[[2800.0,900.0,900.0],3.663883e-06],
[[2800.0,1000.0,1000.0],3.612424e-06],
[[2800.0,1100.0,1100.0],4.452966e-06],
[[2800.0,1200.0,1200.0],2.22447e-06],
[[2800.0,1300.0,1300.0],2.904872e-06],
[[2850.0,1420.0,1420.0],3.92412e-06],
[[2900.0,0,0],8.076068e-06],
[[2900.0,100.0,100.0],3.084948e-06],
[[2900.0,200.0,200.0],2.722436e-06],
[[2900.0,300.0,300.0],3.085827e-06],
[[2900.0,400.0,400.0],4.106797e-06],
[[2900.0,500.0,500.0],4.935872e-06],
[[2900.0,600.0,600.0],3.689567e-06],
[[2900.0,700.0,700.0],2.785874e-06],
[[2900.0,800.0,800.0],2.603888e-06],
[[2900.0,900.0,900.0],0],
[[2900.0,1000.0,1000.0],4.554972e-06],
[[2900.0,1100.0,1100.0],5.319011e-06],
[[2900.0,1200.0,1200.0],3.240442e-06],
[[2900.0,1300.0,1300.0],0],
[[2900.0,1400.0,1400.0],5.522253e-06],
[[2950.0,1470.0,1470.0],2.094216e-06],
[[3000.0,0,0],3.405982e-06],
[[3000.0,100.0,100.0],4.090854e-06],
[[3000.0,200.0,200.0],3.205399e-06],
[[3000.0,300.0,300.0],5.950208e-06],
[[3000.0,400.0,400.0],4.857438e-06],
[[3000.0,500.0,500.0],3.482194e-06],
[[3000.0,600.0,600.0],3.58524e-06],
[[3000.0,700.0,700.0],1.187979e-05],
[[3000.0,800.0,800.0],2.623669e-06],
[[3000.0,900.0,900.0],4.677141e-06],
[[3000.0,1000.0,1000.0],3.562684e-06],
[[3000.0,1100.0,1100.0],1.807973e-06],
[[3000.0,1200.0,1200.0],4.27417e-06],
[[3000.0,1300.0,1300.0],3.099008e-06],
[[3000.0,1400.0,1400.0],2.587505e-06]]
