txName: TRV1
constraint: {(PV > Zprime(1)), (Zprime(1) > MET(2),MET(3))}
condition: None
conditionDescription: None
figureUrl: None
source: Recast by CM2
validated: True
axesMap: [{0: 'x', 1: 'y', 2: 'y'}]
dataMap: {0: (1, 'mass', GeV), 1: (2, 'mass', GeV), 2: (3, 'mass', GeV)}
finalState: ['MET', 'MET']
intermediateState: None
efficiencyMap: [[[50.0,0,0],0],
[[50.0,1.0,1.0],0],
[[50.0,10.0,10.0],0.0],
[[50.0,20.0,20.0],0.0],
[[100.0,0,0],0],
[[100.0,1.0,1.0],0],
[[100.0,10.0,10.0],0.0],
[[150.0,0,0],0],
[[150.0,1.0,1.0],0],
[[150.0,10.0,10.0],0],
[[150.0,50.0,50.0],0],
[[150.0,70.0,70.0],0],
[[200.0,0,0],0],
[[200.0,1.0,1.0],0],
[[200.0,10.0,10.0],0],
[[200.0,50.0,50.0],0],
[[200.0,75.0,75.0],0],
[[250.0,0,0],0],
[[250.0,1.0,1.0],0],
[[250.0,10.0,10.0],0],
[[250.0,50.0,50.0],0],
[[250.0,75.0,75.0],0],
[[250.0,100.0,100.0],0],
[[250.0,120.0,120.0],0],
[[300.0,0,0],1.674222e-06],
[[300.0,1.0,1.0],0],
[[300.0,10.0,10.0],0],
[[300.0,50.0,50.0],1.972379e-06],
[[300.0,75.0,75.0],0],
[[300.0,100.0,100.0],1.703008e-06],
[[350.0,0,0],0],
[[350.0,1.0,1.0],1.980085e-06],
[[350.0,10.0,10.0],0],
[[350.0,50.0,50.0],2.39417e-06],
[[350.0,75.0,75.0],1.967796e-06],
[[350.0,100.0,100.0],2.058467e-06],
[[350.0,150.0,150.0],2.126102e-06],
[[350.0,170.0,170.0],2.472384e-06],
[[400.0,0,0],1.905405e-06],
[[400.0,1.0,1.0],2.750359e-06],
[[400.0,10.0,10.0],1.75767e-06],
[[400.0,50.0,50.0],3.520495e-06],
[[400.0,75.0,75.0],0],
[[400.0,100.0,100.0],0],
[[400.0,150.0,150.0],2.415728e-06],
[[450.0,0,0],3.377842e-06],
[[450.0,1.0,1.0],3.93572e-06],
[[450.0,10.0,10.0],5.177889e-06],
[[450.0,50.0,50.0],3.047764e-06],
[[450.0,75.0,75.0],4.479581e-06],
[[450.0,100.0,100.0],3.865546e-06],
[[450.0,150.0,150.0],4.53682e-06],
[[450.0,200.0,200.0],6.173798e-06],
[[450.0,220.0,220.0],4.604116e-06],
[[500.0,0,0],4.973204e-06],
[[500.0,1.0,1.0],3.603116e-06],
[[500.0,10.0,10.0],6.012255e-06],
[[500.0,50.0,50.0],4.216704e-06],
[[500.0,75.0,75.0],4.145962e-06],
[[500.0,100.0,100.0],4.561694e-06],
[[500.0,150.0,150.0],4.776726e-06],
[[500.0,200.0,200.0],5.98856e-06],
[[550.0,1.0,1.0],7.155586e-06],
[[550.0,10.0,10.0],6.818714e-06],
[[550.0,75.0,75.0],3.762333e-06],
[[550.0,150.0,150.0],4.455415e-06],
[[550.0,200.0,200.0],7.065585e-06],
[[550.0,250.0,250.0],5.536718e-06],
[[550.0,270.0,270.0],7.404973e-06],
[[600.0,0,0],5.722625e-06],
[[600.0,1.0,1.0],4.285489e-06],
[[600.0,10.0,10.0],5.595645e-06],
[[600.0,50.0,50.0],7.885887e-06],
[[600.0,75.0,75.0],7.689674e-06],
[[600.0,100.0,100.0],9.743009e-06],
[[600.0,150.0,150.0],6.317053e-06],
[[600.0,200.0,200.0],7.57588e-06],
[[600.0,250.0,250.0],1.135814e-05],
[[600.0,295.0,295.0],9.287768e-06],
[[650.0,1.0,1.0],5.088054e-06],
[[650.0,10.0,10.0],1.06394e-05],
[[650.0,75.0,75.0],1.055217e-05],
[[650.0,150.0,150.0],1.356876e-05],
[[650.0,200.0,200.0],8.085376e-06],
[[650.0,250.0,250.0],1.264427e-05],
[[650.0,300.0,300.0],6.658656e-06],
[[650.0,320.0,320.0],9.235697e-06],
[[700.0,0,0],1.480531e-05],
[[700.0,1.0,1.0],1.382991e-05],
[[700.0,10.0,10.0],1.471204e-05],
[[700.0,50.0,50.0],5.628626e-06],
[[700.0,75.0,75.0],9.147043e-06],
[[700.0,100.0,100.0],2.815075e-06],
[[700.0,150.0,150.0],7.857507e-06],
[[700.0,200.0,200.0],1.025394e-05],
[[700.0,250.0,250.0],9.976458e-06],
[[700.0,300.0,300.0],8.340072e-06],
[[750.0,1.0,1.0],8.304335e-06],
[[750.0,10.0,10.0],1.088026e-05],
[[750.0,75.0,75.0],9.704556e-06],
[[750.0,150.0,150.0],1.535249e-05],
[[750.0,200.0,200.0],1.081109e-05],
[[750.0,250.0,250.0],9.618839e-06],
[[750.0,300.0,300.0],1.345722e-05],
[[750.0,350.0,350.0],1.158548e-05],
[[750.0,370.0,370.0],1.218562e-05],
[[800.0,0,0],1.298951e-05],
[[800.0,1.0,1.0],1.189185e-05],
[[800.0,10.0,10.0],1.035886e-05],
[[800.0,50.0,50.0],2.289341e-05],
[[800.0,75.0,75.0],1.166907e-05],
[[800.0,100.0,100.0],1.129852e-05],
[[800.0,150.0,150.0],1.225715e-05],
[[800.0,200.0,200.0],1.482607e-05],
[[800.0,250.0,250.0],1.322282e-05],
[[800.0,300.0,300.0],9.736861e-06],
[[800.0,350.0,350.0],1.307513e-05],
[[850.0,1.0,1.0],1.730325e-05],
[[850.0,10.0,10.0],7.921517e-06],
[[850.0,75.0,75.0],1.778709e-05],
[[850.0,150.0,150.0],1.355932e-05],
[[850.0,200.0,200.0],1.486144e-05],
[[850.0,250.0,250.0],1.923383e-05],
[[850.0,300.0,300.0],1.578463e-05],
[[850.0,350.0,350.0],1.377727e-05],
[[850.0,400.0,400.0],2.501573e-05],
[[850.0,420.0,420.0],1.835856e-05],
[[900.0,0,0],1.686768e-05],
[[900.0,1.0,1.0],1.124128e-05],
[[900.0,10.0,10.0],1.401763e-05],
[[900.0,50.0,50.0],1.025547e-05],
[[900.0,75.0,75.0],1.757096e-05],
[[900.0,100.0,100.0],1.731488e-05],
[[900.0,150.0,150.0],1.39503e-05],
[[900.0,200.0,200.0],1.199868e-05],
[[900.0,250.0,250.0],1.809986e-05],
[[900.0,300.0,300.0],1.618137e-05],
[[900.0,350.0,350.0],1.247082e-05],
[[900.0,400.0,400.0],2.131637e-05],
[[950.0,1.0,1.0],1.625176e-05],
[[950.0,10.0,10.0],1.261331e-05],
[[950.0,75.0,75.0],1.383926e-05],
[[950.0,150.0,150.0],2.500334e-05],
[[950.0,200.0,200.0],2.103144e-05],
[[950.0,250.0,250.0],2.240885e-05],
[[950.0,300.0,300.0],1.73073e-05],
[[950.0,350.0,350.0],4.879614e-05],
[[950.0,400.0,400.0],1.451225e-05],
[[950.0,450.0,450.0],2.246861e-05],
[[950.0,470.0,470.0],1.616509e-05],
[[1000.0,0,0],1.861854e-05],
[[1000.0,50.0,50.0],1.639999e-05],
[[1000.0,100.0,100.0],2.41074e-05],
[[1000.0,150.0,150.0],1.641591e-05],
[[1000.0,200.0,200.0],2.540575e-05],
[[1000.0,250.0,250.0],2.065957e-05],
[[1000.0,300.0,300.0],2.653455e-05],
[[1000.0,350.0,350.0],2.372509e-05],
[[1000.0,400.0,400.0],1.762445e-05],
[[1000.0,450.0,450.0],1.467888e-05],
[[1050.0,520.0,520.0],2.777891e-05],
[[1100.0,0,0],1.900242e-05],
[[1100.0,100.0,100.0],2.116986e-05],
[[1100.0,200.0,200.0],2.491835e-05],
[[1100.0,300.0,300.0],1.816724e-05],
[[1100.0,400.0,400.0],2.444259e-05],
[[1100.0,500.0,500.0],1.716545e-05],
[[1150.0,570.0,570.0],1.845453e-05],
[[1200.0,0,0],1.907219e-05],
[[1200.0,100.0,100.0],2.300518e-05],
[[1200.0,200.0,200.0],1.946206e-05],
[[1200.0,300.0,300.0],2.826591e-05],
[[1200.0,400.0,400.0],2.263604e-05],
[[1200.0,500.0,500.0],4.169632e-05],
[[1250.0,620.0,620.0],2.466072e-05],
[[1300.0,0,0],2.848455e-05],
[[1300.0,100.0,100.0],1.943187e-05],
[[1300.0,200.0,200.0],3.26553e-05],
[[1300.0,300.0,300.0],2.347453e-05],
[[1300.0,400.0,400.0],2.998587e-05],
[[1300.0,500.0,500.0],2.71139e-05],
[[1300.0,600.0,600.0],2.655077e-05],
[[1350.0,670.0,670.0],3.940899e-05],
[[1400.0,0,0],2.618701e-05],
[[1400.0,100.0,100.0],3.358654e-05],
[[1400.0,200.0,200.0],2.865709e-05],
[[1400.0,300.0,300.0],3.216512e-05],
[[1400.0,400.0,400.0],2.223682e-05],
[[1400.0,500.0,500.0],2.361261e-05],
[[1400.0,600.0,600.0],2.729145e-05],
[[1450.0,720.0,720.0],3.310994e-05],
[[1500.0,0,0],2.80423e-05],
[[1500.0,100.0,100.0],3.290927e-05],
[[1500.0,200.0,200.0],3.910948e-05],
[[1500.0,300.0,300.0],4.000498e-05],
[[1500.0,400.0,400.0],2.865681e-05],
[[1500.0,500.0,500.0],5.43649e-05],
[[1500.0,600.0,600.0],2.543132e-05],
[[1500.0,700.0,700.0],3.008878e-05],
[[1550.0,770.0,770.0],2.88998e-05],
[[1600.0,0,0],3.416006e-05],
[[1600.0,100.0,100.0],3.109656e-05],
[[1600.0,200.0,200.0],2.824935e-05],
[[1600.0,300.0,300.0],2.826334e-05],
[[1600.0,400.0,400.0],3.446333e-05],
[[1600.0,500.0,500.0],3.866961e-05],
[[1600.0,600.0,600.0],4.459455e-05],
[[1600.0,700.0,700.0],3.145421e-05],
[[1650.0,820.0,820.0],3.979497e-05],
[[1700.0,0,0],3.706947e-05],
[[1700.0,100.0,100.0],3.387277e-05],
[[1700.0,200.0,200.0],3.637759e-05],
[[1700.0,300.0,300.0],3.589171e-05],
[[1700.0,400.0,400.0],3.538167e-05],
[[1700.0,500.0,500.0],3.220819e-05],
[[1700.0,600.0,600.0],3.686043e-05],
[[1700.0,700.0,700.0],4.543396e-05],
[[1700.0,800.0,800.0],3.756887e-05],
[[1750.0,870.0,870.0],3.627252e-05],
[[1800.0,0,0],3.798361e-05],
[[1800.0,100.0,100.0],4.493743e-05],
[[1800.0,200.0,200.0],2.466256e-05],
[[1800.0,300.0,300.0],3.693905e-05],
[[1800.0,400.0,400.0],2.459503e-05],
[[1800.0,500.0,500.0],4.436161e-05],
[[1800.0,600.0,600.0],4.823661e-05],
[[1800.0,700.0,700.0],5.772182e-05],
[[1800.0,800.0,800.0],3.781229e-05],
[[1850.0,920.0,920.0],4.880794e-05],
[[1900.0,0,0],4.17386e-05],
[[1900.0,100.0,100.0],4.482342e-05],
[[1900.0,200.0,200.0],3.764117e-05],
[[1900.0,300.0,300.0],4.881861e-05],
[[1900.0,400.0,400.0],4.892286e-05],
[[1900.0,500.0,500.0],3.661782e-05],
[[1900.0,600.0,600.0],4.852341e-05],
[[1900.0,700.0,700.0],5.478112e-05],
[[1900.0,800.0,800.0],5.103494e-05],
[[1900.0,900.0,900.0],4.791498e-05],
[[1950.0,970.0,970.0],5.647879e-05],
[[2000.0,0,0],5.328372e-05],
[[2000.0,100.0,100.0],5.251775e-05],
[[2000.0,200.0,200.0],4.735304e-05],
[[2000.0,300.0,300.0],3.738502e-05],
[[2000.0,400.0,400.0],6.081619e-05],
[[2000.0,500.0,500.0],3.811258e-05],
[[2000.0,600.0,600.0],3.423623e-05],
[[2000.0,700.0,700.0],5.880481e-05],
[[2000.0,800.0,800.0],3.94019e-05],
[[2000.0,900.0,900.0],4.923351e-05],
[[2050.0,1020.0,1020.0],4.582485e-05],
[[2100.0,0,0],3.233462e-05],
[[2100.0,100.0,100.0],3.291355e-05],
[[2100.0,200.0,200.0],3.466816e-05],
[[2100.0,300.0,300.0],4.681111e-05],
[[2100.0,400.0,400.0],3.809815e-05],
[[2100.0,500.0,500.0],2.603672e-05],
[[2100.0,600.0,600.0],4.290338e-05],
[[2100.0,700.0,700.0],4.451355e-05],
[[2100.0,800.0,800.0],2.73907e-05],
[[2100.0,900.0,900.0],4.017503e-05],
[[2100.0,1000.0,1000.0],3.945736e-05],
[[2150.0,1070.0,1070.0],6.084234e-05],
[[2200.0,0,0],4.891971e-05],
[[2200.0,100.0,100.0],4.73504e-05],
[[2200.0,200.0,200.0],4.420272e-05],
[[2200.0,300.0,300.0],3.568519e-05],
[[2200.0,400.0,400.0],5.232094e-05],
[[2200.0,500.0,500.0],4.597997e-05],
[[2200.0,600.0,600.0],4.147238e-05],
[[2200.0,700.0,700.0],4.10972e-05],
[[2200.0,800.0,800.0],4.52874e-05],
[[2200.0,900.0,900.0],5.02685e-05],
[[2200.0,1000.0,1000.0],5.337283e-05],
[[2250.0,1120.0,1120.0],6.547794e-05],
[[2300.0,0,0],4.124389e-05],
[[2300.0,100.0,100.0],4.112234e-05],
[[2300.0,200.0,200.0],4.222458e-05],
[[2300.0,300.0,300.0],5.252689e-05],
[[2300.0,400.0,400.0],4.661637e-05],
[[2300.0,500.0,500.0],4.688398e-05],
[[2300.0,600.0,600.0],4.149826e-05],
[[2300.0,700.0,700.0],4.766172e-05],
[[2300.0,800.0,800.0],4.354081e-05],
[[2300.0,900.0,900.0],4.888843e-05],
[[2300.0,1000.0,1000.0],4.933657e-05],
[[2300.0,1100.0,1100.0],7.041035e-05],
[[2350.0,1170.0,1170.0],6.349823e-05],
[[2400.0,0,0],4.475365e-05],
[[2400.0,100.0,100.0],5.876902e-05],
[[2400.0,200.0,200.0],4.427663e-05],
[[2400.0,300.0,300.0],5.224331e-05],
[[2400.0,400.0,400.0],4.699736e-05],
[[2400.0,500.0,500.0],3.986797e-05],
[[2400.0,600.0,600.0],3.667382e-05],
[[2400.0,700.0,700.0],4.846685e-05],
[[2400.0,800.0,800.0],4.121282e-05],
[[2400.0,900.0,900.0],5.62729e-05],
[[2400.0,1000.0,1000.0],4.85779e-05],
[[2400.0,1100.0,1100.0],5.053139e-05],
[[2450.0,1220.0,1220.0],4.786248e-05],
[[2500.0,0,0],4.791661e-05],
[[2500.0,100.0,100.0],3.762941e-05],
[[2500.0,200.0,200.0],4.323749e-05],
[[2500.0,300.0,300.0],4.557947e-05],
[[2500.0,400.0,400.0],4.605807e-05],
[[2500.0,500.0,500.0],4.235248e-05],
[[2500.0,600.0,600.0],6.664905e-05],
[[2500.0,700.0,700.0],4.635716e-05],
[[2500.0,800.0,800.0],4.39352e-05],
[[2500.0,900.0,900.0],6.877352e-05],
[[2500.0,1000.0,1000.0],5.729234e-05],
[[2500.0,1100.0,1100.0],5.575346e-05],
[[2500.0,1200.0,1200.0],4.447374e-05],
[[2550.0,1270.0,1270.0],5.493819e-05],
[[2600.0,0,0],4.17672e-05],
[[2600.0,100.0,100.0],4.317699e-05],
[[2600.0,200.0,200.0],5.926829e-05],
[[2600.0,300.0,300.0],4.648695e-05],
[[2600.0,400.0,400.0],3.699606e-05],
[[2600.0,500.0,500.0],4.441324e-05],
[[2600.0,600.0,600.0],4.954907e-05],
[[2600.0,700.0,700.0],4.302329e-05],
[[2600.0,800.0,800.0],5.655143e-05],
[[2600.0,900.0,900.0],4.915243e-05],
[[2600.0,1000.0,1000.0],4.867265e-05],
[[2600.0,1100.0,1100.0],4.619241e-05],
[[2600.0,1200.0,1200.0],4.498747e-05],
[[2650.0,1320.0,1320.0],4.731991e-05],
[[2700.0,0,0],4.586733e-05],
[[2700.0,100.0,100.0],5.392558e-05],
[[2700.0,200.0,200.0],5.065966e-05],
[[2700.0,300.0,300.0],5.899274e-05],
[[2700.0,400.0,400.0],3.563275e-05],
[[2700.0,500.0,500.0],4.779298e-05],
[[2700.0,600.0,600.0],4.998613e-05],
[[2700.0,700.0,700.0],5.157989e-05],
[[2700.0,800.0,800.0],4.827772e-05],
[[2700.0,900.0,900.0],3.739966e-05],
[[2700.0,1000.0,1000.0],6.480456e-05],
[[2700.0,1100.0,1100.0],5.82567e-05],
[[2700.0,1200.0,1200.0],5.773669e-05],
[[2700.0,1300.0,1300.0],4.830832e-05],
[[2750.0,1370.0,1370.0],4.968195e-05],
[[2800.0,0,0],3.909867e-05],
[[2800.0,100.0,100.0],6.051214e-05],
[[2800.0,200.0,200.0],3.341836e-05],
[[2800.0,300.0,300.0],3.84356e-05],
[[2800.0,400.0,400.0],4.340567e-05],
[[2800.0,500.0,500.0],4.734199e-05],
[[2800.0,600.0,600.0],4.240493e-05],
[[2800.0,700.0,700.0],4.974826e-05],
[[2800.0,800.0,800.0],4.350691e-05],
[[2800.0,900.0,900.0],5.062755e-05],
[[2800.0,1000.0,1000.0],5.428267e-05],
[[2800.0,1100.0,1100.0],4.248943e-05],
[[2800.0,1200.0,1200.0],4.629e-05],
[[2800.0,1300.0,1300.0],6.474802e-05],
[[2850.0,1420.0,1420.0],5.733658e-05],
[[2900.0,0,0],4.026321e-05],
[[2900.0,100.0,100.0],5.458739e-05],
[[2900.0,200.0,200.0],4.923035e-05],
[[2900.0,300.0,300.0],4.654112e-05],
[[2900.0,400.0,400.0],5.247215e-05],
[[2900.0,500.0,500.0],7.831661e-05],
[[2900.0,600.0,600.0],5.130554e-05],
[[2900.0,700.0,700.0],5.188999e-05],
[[2900.0,800.0,800.0],7.733148e-05],
[[2900.0,900.0,900.0],1.723573e-05],
[[2900.0,1000.0,1000.0],5.076749e-05],
[[2900.0,1100.0,1100.0],8.204338e-05],
[[2900.0,1200.0,1200.0],4.931185e-05],
[[2900.0,1300.0,1300.0],6.648975e-05],
[[2900.0,1400.0,1400.0],4.991989e-05],
[[2950.0,1470.0,1470.0],4.762374e-05],
[[3000.0,0,0],4.060455e-05],
[[3000.0,100.0,100.0],4.833643e-05],
[[3000.0,200.0,200.0],5.229386e-05],
[[3000.0,300.0,300.0],5.597462e-05],
[[3000.0,400.0,400.0],3.555101e-05],
[[3000.0,500.0,500.0],5.469335e-05],
[[3000.0,600.0,600.0],4.662759e-05],
[[3000.0,700.0,700.0],5.86047e-05],
[[3000.0,800.0,800.0],5.496829e-05],
[[3000.0,900.0,900.0],5.813177e-05],
[[3000.0,1000.0,1000.0],4.31057e-05],
[[3000.0,1100.0,1100.0],6.15863e-05],
[[3000.0,1200.0,1200.0],4.48492e-05],
[[3000.0,1300.0,1300.0],4.344581e-05],
[[3000.0,1400.0,1400.0],5.273784e-05]]
