txName: TRV1
constraint: {(PV > Zprime(1)), (Zprime(1) > MET(2),MET(3))}
condition: None
conditionDescription: None
figureUrl: None
source: Recast by CM2
validated: True
axesMap: [{0: 'x', 1: 'y', 2: 'y'}]
dataMap: {0: (1, 'mass', GeV), 1: (2, 'mass', GeV), 2: (3, 'mass', GeV)}
finalState: ['MET', 'MET']
intermediateState: None
efficiencyMap: [[[50.0,0,0],0],
[[50.0,1.0,1.0],0.0],
[[50.0,10.0,10.0],0.0],
[[50.0,20.0,20.0],0],
[[100.0,0,0],0],
[[100.0,1.0,1.0],0],
[[100.0,10.0,10.0],0],
[[150.0,0,0],0],
[[150.0,1.0,1.0],0],
[[150.0,10.0,10.0],0],
[[150.0,50.0,50.0],0],
[[150.0,70.0,70.0],0],
[[200.0,0,0],2.743809e-06],
[[200.0,1.0,1.0],0],
[[200.0,10.0,10.0],0],
[[200.0,50.0,50.0],2.593277e-06],
[[200.0,75.0,75.0],0],
[[250.0,0,0],1.651191e-05],
[[250.0,1.0,1.0],2.013016e-06],
[[250.0,10.0,10.0],0],
[[250.0,50.0,50.0],0],
[[250.0,75.0,75.0],2.291354e-06],
[[250.0,100.0,100.0],2.792545e-06],
[[250.0,120.0,120.0],0],
[[300.0,0,0],2.630225e-06],
[[300.0,1.0,1.0],0],
[[300.0,10.0,10.0],4.736043e-06],
[[300.0,50.0,50.0],1.324517e-05],
[[300.0,75.0,75.0],2.50267e-06],
[[300.0,100.0,100.0],1.693604e-06],
[[350.0,0,0],5.72646e-06],
[[350.0,1.0,1.0],5.435483e-06],
[[350.0,10.0,10.0],6.28171e-06],
[[350.0,50.0,50.0],7.213449e-06],
[[350.0,75.0,75.0],5.924158e-06],
[[350.0,100.0,100.0],4.956707e-06],
[[350.0,150.0,150.0],1.094844e-05],
[[350.0,170.0,170.0],3.704082e-06],
[[400.0,0,0],6.473598e-06],
[[400.0,1.0,1.0],4.319744e-06],
[[400.0,10.0,10.0],5.965219e-06],
[[400.0,50.0,50.0],1.175655e-05],
[[400.0,75.0,75.0],3.696222e-06],
[[400.0,100.0,100.0],6.773392e-06],
[[400.0,150.0,150.0],2.636902e-06],
[[450.0,0,0],6.534653e-06],
[[450.0,1.0,1.0],8.151732e-06],
[[450.0,10.0,10.0],1.083739e-05],
[[450.0,50.0,50.0],9.896918e-06],
[[450.0,75.0,75.0],6.831166e-06],
[[450.0,100.0,100.0],6.84805e-06],
[[450.0,150.0,150.0],5.393177e-06],
[[450.0,200.0,200.0],6.126434e-06],
[[450.0,220.0,220.0],5.780928e-06],
[[500.0,0,0],9.974037e-06],
[[500.0,1.0,1.0],5.678529e-06],
[[500.0,10.0,10.0],7.489728e-06],
[[500.0,50.0,50.0],1.521684e-05],
[[500.0,75.0,75.0],8.257396e-06],
[[500.0,100.0,100.0],2.375796e-05],
[[500.0,150.0,150.0],1.004483e-05],
[[500.0,200.0,200.0],1.641755e-05],
[[550.0,1.0,1.0],9.912342e-06],
[[550.0,10.0,10.0],1.133421e-05],
[[550.0,75.0,75.0],1.386211e-05],
[[550.0,150.0,150.0],7.288535e-06],
[[550.0,200.0,200.0],1.237301e-05],
[[550.0,250.0,250.0],8.974263e-06],
[[550.0,270.0,270.0],1.981497e-05],
[[600.0,0,0],1.307361e-05],
[[600.0,1.0,1.0],1.144879e-05],
[[600.0,10.0,10.0],1.692296e-05],
[[600.0,50.0,50.0],9.01335e-06],
[[600.0,75.0,75.0],1.460387e-05],
[[600.0,100.0,100.0],1.09505e-05],
[[600.0,150.0,150.0],1.263327e-05],
[[600.0,200.0,200.0],1.317214e-05],
[[600.0,250.0,250.0],1.300929e-05],
[[600.0,295.0,295.0],1.169417e-05],
[[650.0,1.0,1.0],8.83172e-06],
[[650.0,10.0,10.0],1.435554e-05],
[[650.0,75.0,75.0],2.427231e-05],
[[650.0,150.0,150.0],2.317155e-05],
[[650.0,200.0,200.0],1.365268e-05],
[[650.0,250.0,250.0],1.989299e-05],
[[650.0,300.0,300.0],1.299576e-05],
[[650.0,320.0,320.0],1.278702e-05],
[[700.0,0,0],2.097472e-05],
[[700.0,1.0,1.0],2.882743e-05],
[[700.0,10.0,10.0],1.523283e-05],
[[700.0,50.0,50.0],1.233538e-05],
[[700.0,75.0,75.0],2.28558e-05],
[[700.0,100.0,100.0],4.979879e-06],
[[700.0,150.0,150.0],1.927676e-05],
[[700.0,200.0,200.0],2.893615e-05],
[[700.0,250.0,250.0],1.421629e-05],
[[700.0,300.0,300.0],1.72739e-05],
[[750.0,1.0,1.0],2.163193e-05],
[[750.0,10.0,10.0],1.640186e-05],
[[750.0,75.0,75.0],1.970068e-05],
[[750.0,150.0,150.0],2.322232e-05],
[[750.0,200.0,200.0],1.560973e-05],
[[750.0,250.0,250.0],3.134433e-05],
[[750.0,300.0,300.0],2.346502e-05],
[[750.0,350.0,350.0],2.412235e-05],
[[750.0,370.0,370.0],1.936962e-05],
[[800.0,0,0],2.036449e-05],
[[800.0,1.0,1.0],6.989447e-06],
[[800.0,10.0,10.0],1.908222e-05],
[[800.0,50.0,50.0],3.156961e-05],
[[800.0,75.0,75.0],2.368385e-05],
[[800.0,100.0,100.0],2.338082e-05],
[[800.0,150.0,150.0],2.97137e-05],
[[800.0,200.0,200.0],4.481492e-05],
[[800.0,250.0,250.0],2.52443e-05],
[[800.0,300.0,300.0],2.101395e-05],
[[800.0,350.0,350.0],2.26256e-05],
[[850.0,1.0,1.0],1.87835e-05],
[[850.0,10.0,10.0],2.543221e-05],
[[850.0,75.0,75.0],3.486888e-05],
[[850.0,150.0,150.0],1.743793e-05],
[[850.0,200.0,200.0],3.254651e-05],
[[850.0,250.0,250.0],3.136451e-05],
[[850.0,300.0,300.0],2.704986e-05],
[[850.0,350.0,350.0],1.619509e-05],
[[850.0,400.0,400.0],2.729443e-05],
[[850.0,420.0,420.0],5.742241e-05],
[[900.0,0,0],2.892848e-05],
[[900.0,1.0,1.0],2.498231e-05],
[[900.0,10.0,10.0],2.07933e-05],
[[900.0,50.0,50.0],3.188563e-05],
[[900.0,75.0,75.0],2.122845e-05],
[[900.0,100.0,100.0],2.076795e-05],
[[900.0,150.0,150.0],2.222257e-05],
[[900.0,200.0,200.0],3.718447e-05],
[[900.0,250.0,250.0],2.636687e-05],
[[900.0,300.0,300.0],1.401691e-05],
[[900.0,350.0,350.0],2.854388e-05],
[[900.0,400.0,400.0],4.678096e-05],
[[950.0,1.0,1.0],3.438698e-05],
[[950.0,10.0,10.0],2.827725e-05],
[[950.0,75.0,75.0],3.227624e-05],
[[950.0,150.0,150.0],4.334464e-05],
[[950.0,200.0,200.0],2.251075e-05],
[[950.0,250.0,250.0],2.531508e-05],
[[950.0,300.0,300.0],2.087946e-05],
[[950.0,350.0,350.0],4.235461e-05],
[[950.0,400.0,400.0],3.953944e-05],
[[950.0,450.0,450.0],2.397419e-05],
[[950.0,470.0,470.0],3.681326e-05],
[[1000.0,0,0],1.823309e-05],
[[1000.0,50.0,50.0],3.951393e-05],
[[1000.0,100.0,100.0],2.543394e-05],
[[1000.0,150.0,150.0],1.955932e-05],
[[1000.0,200.0,200.0],1.745748e-05],
[[1000.0,250.0,250.0],3.142006e-05],
[[1000.0,300.0,300.0],1.269411e-05],
[[1000.0,350.0,350.0],2.980987e-05],
[[1000.0,400.0,400.0],2.445951e-05],
[[1000.0,450.0,450.0],3.788903e-05],
[[1050.0,520.0,520.0],1.897511e-05],
[[1100.0,0,0],2.243728e-05],
[[1100.0,100.0,100.0],4.214634e-05],
[[1100.0,200.0,200.0],2.339598e-05],
[[1100.0,300.0,300.0],4.423968e-05],
[[1100.0,400.0,400.0],2.949537e-05],
[[1100.0,500.0,500.0],2.680662e-05],
[[1150.0,570.0,570.0],4.304971e-05],
[[1200.0,0,0],1.136456e-05],
[[1200.0,100.0,100.0],4.333297e-05],
[[1200.0,200.0,200.0],3.185061e-05],
[[1200.0,300.0,300.0],3.251565e-05],
[[1200.0,400.0,400.0],4.22484e-05],
[[1200.0,500.0,500.0],2.369825e-05],
[[1250.0,620.0,620.0],3.923981e-05],
[[1300.0,0,0],3.956082e-05],
[[1300.0,100.0,100.0],3.910721e-05],
[[1300.0,200.0,200.0],3.647854e-05],
[[1300.0,300.0,300.0],3.148778e-05],
[[1300.0,400.0,400.0],3.116768e-05],
[[1300.0,500.0,500.0],2.990013e-05],
[[1300.0,600.0,600.0],3.679224e-05],
[[1350.0,670.0,670.0],4.607495e-05],
[[1400.0,0,0],4.29185e-05],
[[1400.0,100.0,100.0],2.717854e-05],
[[1400.0,200.0,200.0],3.59841e-05],
[[1400.0,300.0,300.0],6.329976e-05],
[[1400.0,400.0,400.0],3.184597e-05],
[[1400.0,500.0,500.0],3.767893e-05],
[[1400.0,600.0,600.0],5.881635e-05],
[[1450.0,720.0,720.0],3.120313e-05],
[[1500.0,0,0],4.038939e-05],
[[1500.0,100.0,100.0],2.910376e-05],
[[1500.0,200.0,200.0],5.428917e-05],
[[1500.0,300.0,300.0],3.424582e-05],
[[1500.0,400.0,400.0],5.838445e-05],
[[1500.0,500.0,500.0],3.420966e-05],
[[1500.0,600.0,600.0],5.011424e-05],
[[1500.0,700.0,700.0],3.73847e-05],
[[1550.0,770.0,770.0],4.172667e-05],
[[1600.0,0,0],5.381665e-05],
[[1600.0,100.0,100.0],3.598851e-05],
[[1600.0,200.0,200.0],3.953796e-05],
[[1600.0,300.0,300.0],3.716156e-05],
[[1600.0,400.0,400.0],6.547142e-05],
[[1600.0,500.0,500.0],6.555468e-05],
[[1600.0,600.0,600.0],3.31955e-05],
[[1600.0,700.0,700.0],2.335312e-05],
[[1650.0,820.0,820.0],4.206816e-05],
[[1700.0,0,0],3.538377e-05],
[[1700.0,100.0,100.0],6.341875e-05],
[[1700.0,200.0,200.0],4.232807e-05],
[[1700.0,300.0,300.0],5.30342e-05],
[[1700.0,400.0,400.0],3.571795e-05],
[[1700.0,500.0,500.0],3.741471e-05],
[[1700.0,600.0,600.0],5.200698e-05],
[[1700.0,700.0,700.0],3.721172e-05],
[[1700.0,800.0,800.0],2.664977e-05],
[[1750.0,870.0,870.0],4.393499e-05],
[[1800.0,0,0],3.461167e-05],
[[1800.0,100.0,100.0],2.875283e-05],
[[1800.0,200.0,200.0],5.254774e-05],
[[1800.0,300.0,300.0],4.963192e-05],
[[1800.0,400.0,400.0],5.908491e-05],
[[1800.0,500.0,500.0],4.026623e-05],
[[1800.0,600.0,600.0],4.152442e-05],
[[1800.0,700.0,700.0],3.348275e-05],
[[1800.0,800.0,800.0],5.020516e-05],
[[1850.0,920.0,920.0],4.118254e-05],
[[1900.0,0,0],4.806229e-05],
[[1900.0,100.0,100.0],2.080933e-05],
[[1900.0,200.0,200.0],2.780931e-05],
[[1900.0,300.0,300.0],5.128878e-05],
[[1900.0,400.0,400.0],2.919921e-05],
[[1900.0,500.0,500.0],3.059846e-05],
[[1900.0,600.0,600.0],4.120503e-05],
[[1900.0,700.0,700.0],4.444211e-05],
[[1900.0,800.0,800.0],3.436679e-05],
[[1900.0,900.0,900.0],3.93354e-05],
[[1950.0,970.0,970.0],6.526523e-05],
[[2000.0,0,0],5.045663e-05],
[[2000.0,100.0,100.0],4.397686e-05],
[[2000.0,200.0,200.0],5.054543e-05],
[[2000.0,300.0,300.0],3.057673e-05],
[[2000.0,400.0,400.0],5.732465e-05],
[[2000.0,500.0,500.0],4.963411e-05],
[[2000.0,600.0,600.0],4.860062e-05],
[[2000.0,700.0,700.0],4.801671e-05],
[[2000.0,800.0,800.0],4.174734e-05],
[[2000.0,900.0,900.0],5.429252e-05],
[[2050.0,1020.0,1020.0],5.529382e-05],
[[2100.0,0,0],6.077665e-05],
[[2100.0,100.0,100.0],4.577488e-05],
[[2100.0,200.0,200.0],4.532168e-05],
[[2100.0,300.0,300.0],1.838867e-05],
[[2100.0,400.0,400.0],4.892882e-05],
[[2100.0,500.0,500.0],4.674656e-05],
[[2100.0,600.0,600.0],3.626787e-05],
[[2100.0,700.0,700.0],3.817502e-05],
[[2100.0,800.0,800.0],4.586342e-05],
[[2100.0,900.0,900.0],5.590401e-05],
[[2100.0,1000.0,1000.0],4.314649e-05],
[[2150.0,1070.0,1070.0],4.747905e-05],
[[2200.0,0,0],2.866783e-05],
[[2200.0,100.0,100.0],5.492744e-05],
[[2200.0,200.0,200.0],5.390813e-05],
[[2200.0,300.0,300.0],4.306113e-05],
[[2200.0,400.0,400.0],3.75154e-05],
[[2200.0,500.0,500.0],4.136366e-05],
[[2200.0,600.0,600.0],3.724767e-05],
[[2200.0,700.0,700.0],4.948633e-05],
[[2200.0,800.0,800.0],4.217012e-05],
[[2200.0,900.0,900.0],3.436615e-05],
[[2200.0,1000.0,1000.0],6.880227e-05],
[[2250.0,1120.0,1120.0],5.631363e-05],
[[2300.0,0,0],3.632312e-05],
[[2300.0,100.0,100.0],3.451527e-05],
[[2300.0,200.0,200.0],3.957584e-05],
[[2300.0,300.0,300.0],5.204417e-05],
[[2300.0,400.0,400.0],5.247076e-05],
[[2300.0,500.0,500.0],4.270662e-05],
[[2300.0,600.0,600.0],4.182221e-05],
[[2300.0,700.0,700.0],3.656185e-05],
[[2300.0,800.0,800.0],4.344344e-05],
[[2300.0,900.0,900.0],6.704397e-05],
[[2300.0,1000.0,1000.0],3.346228e-05],
[[2300.0,1100.0,1100.0],4.954937e-05],
[[2350.0,1170.0,1170.0],3.908015e-05],
[[2400.0,0,0],6.06414e-05],
[[2400.0,100.0,100.0],3.268277e-05],
[[2400.0,200.0,200.0],5.084496e-05],
[[2400.0,300.0,300.0],4.800927e-05],
[[2400.0,400.0,400.0],4.494688e-05],
[[2400.0,500.0,500.0],5.537193e-05],
[[2400.0,600.0,600.0],5.104547e-05],
[[2400.0,700.0,700.0],3.329562e-05],
[[2400.0,800.0,800.0],7.335614e-05],
[[2400.0,900.0,900.0],4.262454e-05],
[[2400.0,1000.0,1000.0],5.699263e-05],
[[2400.0,1100.0,1100.0],5.94352e-05],
[[2450.0,1220.0,1220.0],4.589463e-05],
[[2500.0,0,0],3.765826e-05],
[[2500.0,100.0,100.0],5.833795e-05],
[[2500.0,200.0,200.0],3.966638e-05],
[[2500.0,300.0,300.0],5.862499e-05],
[[2500.0,400.0,400.0],5.132326e-05],
[[2500.0,500.0,500.0],2.660759e-05],
[[2500.0,600.0,600.0],5.105255e-05],
[[2500.0,700.0,700.0],6.724443e-05],
[[2500.0,800.0,800.0],4.991805e-05],
[[2500.0,900.0,900.0],2.717994e-05],
[[2500.0,1000.0,1000.0],4.009991e-05],
[[2500.0,1100.0,1100.0],3.663441e-05],
[[2500.0,1200.0,1200.0],5.145422e-05],
[[2550.0,1270.0,1270.0],5.7094e-05],
[[2600.0,0,0],4.467436e-05],
[[2600.0,100.0,100.0],4.034067e-05],
[[2600.0,200.0,200.0],3.154134e-05],
[[2600.0,300.0,300.0],4.389382e-05],
[[2600.0,400.0,400.0],5.796355e-05],
[[2600.0,500.0,500.0],3.274456e-05],
[[2600.0,600.0,600.0],3.8573e-05],
[[2600.0,700.0,700.0],3.970643e-05],
[[2600.0,800.0,800.0],5.288642e-05],
[[2600.0,900.0,900.0],2.61598e-05],
[[2600.0,1000.0,1000.0],4.246735e-05],
[[2600.0,1100.0,1100.0],6.699936e-05],
[[2600.0,1200.0,1200.0],5.214133e-05],
[[2650.0,1320.0,1320.0],3.701124e-05],
[[2700.0,0,0],4.66139e-05],
[[2700.0,100.0,100.0],4.584477e-05],
[[2700.0,200.0,200.0],4.2118e-05],
[[2700.0,300.0,300.0],4.226386e-05],
[[2700.0,400.0,400.0],4.701219e-05],
[[2700.0,500.0,500.0],4.632113e-05],
[[2700.0,600.0,600.0],3.676866e-05],
[[2700.0,700.0,700.0],2.945881e-05],
[[2700.0,800.0,800.0],4.497228e-05],
[[2700.0,900.0,900.0],6.147006e-05],
[[2700.0,1000.0,1000.0],5.874168e-05],
[[2700.0,1100.0,1100.0],5.747791e-05],
[[2700.0,1200.0,1200.0],4.56602e-05],
[[2700.0,1300.0,1300.0],3.633312e-05],
[[2750.0,1370.0,1370.0],3.599789e-05],
[[2800.0,0,0],3.97714e-05],
[[2800.0,100.0,100.0],4.893835e-05],
[[2800.0,200.0,200.0],2.56092e-05],
[[2800.0,300.0,300.0],4.802566e-05],
[[2800.0,400.0,400.0],3.497802e-05],
[[2800.0,500.0,500.0],4.836408e-05],
[[2800.0,600.0,600.0],5.454814e-05],
[[2800.0,700.0,700.0],4.591558e-05],
[[2800.0,800.0,800.0],5.385414e-05],
[[2800.0,900.0,900.0],4.5356e-05],
[[2800.0,1000.0,1000.0],4.712945e-05],
[[2800.0,1100.0,1100.0],3.671835e-05],
[[2800.0,1200.0,1200.0],4.693966e-05],
[[2800.0,1300.0,1300.0],3.871796e-05],
[[2850.0,1420.0,1420.0],3.667657e-05],
[[2900.0,0,0],2.321302e-05],
[[2900.0,100.0,100.0],5.194068e-05],
[[2900.0,200.0,200.0],5.428292e-05],
[[2900.0,300.0,300.0],4.014658e-05],
[[2900.0,400.0,400.0],3.758765e-05],
[[2900.0,500.0,500.0],6.813679e-05],
[[2900.0,600.0,600.0],2.496985e-05],
[[2900.0,700.0,700.0],6.42484e-05],
[[2900.0,800.0,800.0],4.961964e-05],
[[2900.0,900.0,900.0],1.94075e-05],
[[2900.0,1000.0,1000.0],5.323212e-05],
[[2900.0,1100.0,1100.0],3.409898e-05],
[[2900.0,1200.0,1200.0],5.019066e-05],
[[2900.0,1300.0,1300.0],5.350533e-05],
[[2900.0,1400.0,1400.0],3.369184e-05],
[[2950.0,1470.0,1470.0],5.680768e-05],
[[3000.0,0,0],3.171279e-05],
[[3000.0,100.0,100.0],5.217193e-05],
[[3000.0,200.0,200.0],3.661646e-05],
[[3000.0,300.0,300.0],5.635048e-05],
[[3000.0,400.0,400.0],4.253751e-05],
[[3000.0,500.0,500.0],3.875499e-05],
[[3000.0,600.0,600.0],5.034933e-05],
[[3000.0,700.0,700.0],3.020692e-05],
[[3000.0,800.0,800.0],4.143093e-05],
[[3000.0,900.0,900.0],4.704974e-05],
[[3000.0,1000.0,1000.0],5.298369e-05],
[[3000.0,1100.0,1100.0],5.385323e-05],
[[3000.0,1200.0,1200.0],3.920804e-05],
[[3000.0,1300.0,1300.0],5.657161e-05],
[[3000.0,1400.0,1400.0],7.365399e-05]]
