txName: TRV1
constraint: {(PV > Zprime(1)), (Zprime(1) > MET(2),MET(3))}
condition: None
conditionDescription: None
figureUrl: None
source: Recast by CM2
validated: True
axesMap: [{0: 'x', 1: 'y', 2: 'y'}]
dataMap: {0: (1, 'mass', GeV), 1: (2, 'mass', GeV), 2: (3, 'mass', GeV)}
finalState: ['MET', 'MET']
intermediateState: None
efficiencyMap: [[[50.0,0,0],0.0],
[[50.0,1.0,1.0],0.0],
[[50.0,10.0,10.0],0.0],
[[50.0,20.0,20.0],0.0],
[[100.0,0,0],0.0],
[[100.0,1.0,1.0],0.0],
[[100.0,10.0,10.0],0.0],
[[150.0,0,0],0.0],
[[150.0,1.0,1.0],0.0],
[[150.0,10.0,10.0],0.0],
[[150.0,50.0,50.0],0.0],
[[150.0,70.0,70.0],0.0],
[[200.0,0,0],0],
[[200.0,1.0,1.0],0],
[[200.0,10.0,10.0],0.0],
[[200.0,50.0,50.0],0],
[[200.0,75.0,75.0],0.0],
[[250.0,0,0],0.0],
[[250.0,1.0,1.0],0],
[[250.0,10.0,10.0],0],
[[250.0,50.0,50.0],0.0],
[[250.0,75.0,75.0],0],
[[250.0,100.0,100.0],0],
[[250.0,120.0,120.0],0],
[[300.0,0,0],0.0],
[[300.0,1.0,1.0],0.0],
[[300.0,10.0,10.0],0.0],
[[300.0,50.0,50.0],0.0],
[[300.0,75.0,75.0],0],
[[300.0,100.0,100.0],0.0],
[[350.0,0,0],0.0],
[[350.0,1.0,1.0],0],
[[350.0,10.0,10.0],0],
[[350.0,50.0,50.0],0],
[[350.0,75.0,75.0],0.0],
[[350.0,100.0,100.0],0.0],
[[350.0,150.0,150.0],0],
[[350.0,170.0,170.0],0.0],
[[400.0,0,0],0],
[[400.0,1.0,1.0],0.0],
[[400.0,10.0,10.0],0.0],
[[400.0,50.0,50.0],0],
[[400.0,75.0,75.0],0.0],
[[400.0,100.0,100.0],0.0],
[[400.0,150.0,150.0],0.0],
[[450.0,0,0],0],
[[450.0,1.0,1.0],0],
[[450.0,10.0,10.0],0],
[[450.0,50.0,50.0],0],
[[450.0,75.0,75.0],0],
[[450.0,100.0,100.0],0.0],
[[450.0,150.0,150.0],0.0],
[[450.0,200.0,200.0],0],
[[450.0,220.0,220.0],0.0],
[[500.0,0,0],0],
[[500.0,1.0,1.0],0.0],
[[500.0,10.0,10.0],0],
[[500.0,50.0,50.0],0],
[[500.0,75.0,75.0],0.0],
[[500.0,100.0,100.0],0.0],
[[500.0,150.0,150.0],0.0],
[[500.0,200.0,200.0],0],
[[550.0,1.0,1.0],0],
[[550.0,10.0,10.0],0],
[[550.0,75.0,75.0],0],
[[550.0,150.0,150.0],0],
[[550.0,200.0,200.0],0],
[[550.0,250.0,250.0],0],
[[550.0,270.0,270.0],0],
[[600.0,0,0],0],
[[600.0,1.0,1.0],0],
[[600.0,10.0,10.0],0.0],
[[600.0,50.0,50.0],0],
[[600.0,75.0,75.0],0],
[[600.0,100.0,100.0],0],
[[600.0,150.0,150.0],0],
[[600.0,200.0,200.0],0],
[[600.0,250.0,250.0],0],
[[600.0,295.0,295.0],0],
[[650.0,1.0,1.0],0],
[[650.0,10.0,10.0],0],
[[650.0,75.0,75.0],0],
[[650.0,150.0,150.0],1.75085e-06],
[[650.0,200.0,200.0],0],
[[650.0,250.0,250.0],0],
[[650.0,300.0,300.0],0],
[[650.0,320.0,320.0],0],
[[700.0,0,0],0.0],
[[700.0,1.0,1.0],0],
[[700.0,10.0,10.0],0],
[[700.0,50.0,50.0],0],
[[700.0,75.0,75.0],0],
[[700.0,100.0,100.0],0],
[[700.0,150.0,150.0],0],
[[700.0,200.0,200.0],0],
[[700.0,250.0,250.0],0],
[[700.0,300.0,300.0],0],
[[750.0,1.0,1.0],0],
[[750.0,10.0,10.0],0],
[[750.0,75.0,75.0],0],
[[750.0,150.0,150.0],0],
[[750.0,200.0,200.0],0],
[[750.0,250.0,250.0],0],
[[750.0,300.0,300.0],0],
[[750.0,350.0,350.0],0],
[[750.0,370.0,370.0],0],
[[800.0,0,0],0],
[[800.0,1.0,1.0],0],
[[800.0,10.0,10.0],0],
[[800.0,50.0,50.0],0],
[[800.0,75.0,75.0],0],
[[800.0,100.0,100.0],0],
[[800.0,150.0,150.0],2.132667e-06],
[[800.0,200.0,200.0],0],
[[800.0,250.0,250.0],0],
[[800.0,300.0,300.0],0],
[[800.0,350.0,350.0],0],
[[850.0,1.0,1.0],2.531456e-06],
[[850.0,10.0,10.0],0],
[[850.0,75.0,75.0],0],
[[850.0,150.0,150.0],0],
[[850.0,200.0,200.0],2.971713e-06],
[[850.0,250.0,250.0],0],
[[850.0,300.0,300.0],2.342227e-06],
[[850.0,350.0,350.0],0],
[[850.0,400.0,400.0],0],
[[850.0,420.0,420.0],1.696298e-06],
[[900.0,0,0],0],
[[900.0,1.0,1.0],2.486566e-06],
[[900.0,10.0,10.0],1.753717e-06],
[[900.0,50.0,50.0],0],
[[900.0,75.0,75.0],0],
[[900.0,100.0,100.0],0],
[[900.0,150.0,150.0],2.471342e-06],
[[900.0,200.0,200.0],0],
[[900.0,250.0,250.0],2.470327e-06],
[[900.0,300.0,300.0],1.884685e-06],
[[900.0,350.0,350.0],0],
[[900.0,400.0,400.0],0],
[[950.0,1.0,1.0],0],
[[950.0,10.0,10.0],2.110153e-06],
[[950.0,75.0,75.0],2.049829e-06],
[[950.0,150.0,150.0],0],
[[950.0,200.0,200.0],0],
[[950.0,250.0,250.0],0],
[[950.0,300.0,300.0],0],
[[950.0,350.0,350.0],0],
[[950.0,400.0,400.0],0],
[[950.0,450.0,450.0],1.861559e-06],
[[950.0,470.0,470.0],1.950584e-06],
[[1000.0,0,0],2.887261e-06],
[[1000.0,50.0,50.0],0],
[[1000.0,100.0,100.0],0],
[[1000.0,150.0,150.0],2.152884e-06],
[[1000.0,200.0,200.0],0],
[[1000.0,250.0,250.0],1.891284e-06],
[[1000.0,300.0,300.0],0],
[[1000.0,350.0,350.0],1.969891e-06],
[[1000.0,400.0,400.0],5.024693e-06],
[[1000.0,450.0,450.0],2.033647e-06],
[[1050.0,520.0,520.0],0],
[[1100.0,0,0],0],
[[1100.0,100.0,100.0],0],
[[1100.0,200.0,200.0],0],
[[1100.0,300.0,300.0],1.960459e-06],
[[1100.0,400.0,400.0],0],
[[1100.0,500.0,500.0],0],
[[1150.0,570.0,570.0],2.698111e-06],
[[1200.0,0,0],7.436264e-06],
[[1200.0,100.0,100.0],5.001989e-06],
[[1200.0,200.0,200.0],1.771452e-06],
[[1200.0,300.0,300.0],2.387792e-06],
[[1200.0,400.0,400.0],0],
[[1200.0,500.0,500.0],4.893077e-06],
[[1250.0,620.0,620.0],3.116985e-06],
[[1300.0,0,0],0],
[[1300.0,100.0,100.0],2.922882e-06],
[[1300.0,200.0,200.0],2.198318e-06],
[[1300.0,300.0,300.0],0],
[[1300.0,400.0,400.0],3.258342e-06],
[[1300.0,500.0,500.0],2.39391e-06],
[[1300.0,600.0,600.0],2.348906e-06],
[[1350.0,670.0,670.0],2.985336e-06],
[[1400.0,0,0],0],
[[1400.0,100.0,100.0],2.159931e-06],
[[1400.0,200.0,200.0],2.350151e-06],
[[1400.0,300.0,300.0],3.146961e-06],
[[1400.0,400.0,400.0],2.76162e-06],
[[1400.0,500.0,500.0],1.935936e-06],
[[1400.0,600.0,600.0],2.806448e-06],
[[1450.0,720.0,720.0],0],
[[1500.0,0,0],3.375144e-06],
[[1500.0,100.0,100.0],3.67163e-06],
[[1500.0,200.0,200.0],0],
[[1500.0,300.0,300.0],1.816767e-06],
[[1500.0,400.0,400.0],3.220825e-06],
[[1500.0,500.0,500.0],2.734928e-06],
[[1500.0,600.0,600.0],4.458196e-06],
[[1500.0,700.0,700.0],2.668695e-06],
[[1550.0,770.0,770.0],2.089298e-06],
[[1600.0,0,0],3.788854e-06],
[[1600.0,100.0,100.0],2.727956e-06],
[[1600.0,200.0,200.0],2.330534e-06],
[[1600.0,300.0,300.0],4.745122e-06],
[[1600.0,400.0,400.0],2.583782e-06],
[[1600.0,500.0,500.0],4.752923e-06],
[[1600.0,600.0,600.0],1.780927e-06],
[[1600.0,700.0,700.0],2.52057e-06],
[[1650.0,820.0,820.0],1.994148e-06],
[[1700.0,0,0],1.766355e-06],
[[1700.0,100.0,100.0],2.013144e-06],
[[1700.0,200.0,200.0],4.519356e-06],
[[1700.0,300.0,300.0],2.093478e-06],
[[1700.0,400.0,400.0],6.260191e-06],
[[1700.0,500.0,500.0],0],
[[1700.0,600.0,600.0],1.993582e-06],
[[1700.0,700.0,700.0],0],
[[1700.0,800.0,800.0],2.420248e-06],
[[1750.0,870.0,870.0],1.968479e-05],
[[1800.0,0,0],0],
[[1800.0,100.0,100.0],2.06836e-06],
[[1800.0,200.0,200.0],2.497774e-06],
[[1800.0,300.0,300.0],2.173542e-06],
[[1800.0,400.0,400.0],0],
[[1800.0,500.0,500.0],0],
[[1800.0,600.0,600.0],0],
[[1800.0,700.0,700.0],0],
[[1800.0,800.0,800.0],5.129184e-06],
[[1850.0,920.0,920.0],0],
[[1900.0,0,0],0],
[[1900.0,100.0,100.0],0],
[[1900.0,200.0,200.0],2.340385e-06],
[[1900.0,300.0,300.0],0],
[[1900.0,400.0,400.0],1.701509e-06],
[[1900.0,500.0,500.0],1.763358e-06],
[[1900.0,600.0,600.0],3.098193e-06],
[[1900.0,700.0,700.0],2.472706e-06],
[[1900.0,800.0,800.0],5.85609e-06],
[[1900.0,900.0,900.0],3.702295e-06],
[[1950.0,970.0,970.0],2.69542e-06],
[[2000.0,0,0],3.781154e-06],
[[2000.0,100.0,100.0],3.399571e-06],
[[2000.0,200.0,200.0],4.045307e-06],
[[2000.0,300.0,300.0],2.069711e-06],
[[2000.0,400.0,400.0],2.389001e-06],
[[2000.0,500.0,500.0],1.204586e-05],
[[2000.0,600.0,600.0],2.630238e-06],
[[2000.0,700.0,700.0],0],
[[2000.0,800.0,800.0],2.610827e-06],
[[2000.0,900.0,900.0],3.861758e-06],
[[2050.0,1020.0,1020.0],3.102991e-06],
[[2100.0,0,0],2.959239e-06],
[[2100.0,100.0,100.0],2.115079e-06],
[[2100.0,200.0,200.0],2.776732e-06],
[[2100.0,300.0,300.0],0],
[[2100.0,400.0,400.0],7.822673e-06],
[[2100.0,500.0,500.0],2.695117e-06],
[[2100.0,600.0,600.0],4.643605e-06],
[[2100.0,700.0,700.0],2.425761e-06],
[[2100.0,800.0,800.0],3.916174e-06],
[[2100.0,900.0,900.0],5.555078e-06],
[[2100.0,1000.0,1000.0],0],
[[2150.0,1070.0,1070.0],2.67953e-06],
[[2200.0,0,0],3.169349e-06],
[[2200.0,100.0,100.0],2.67011e-06],
[[2200.0,200.0,200.0],3.897395e-06],
[[2200.0,300.0,300.0],2.83387e-06],
[[2200.0,400.0,400.0],2.268878e-06],
[[2200.0,500.0,500.0],3.880047e-06],
[[2200.0,600.0,600.0],3.812607e-06],
[[2200.0,700.0,700.0],3.13756e-06],
[[2200.0,800.0,800.0],4.401781e-06],
[[2200.0,900.0,900.0],0],
[[2200.0,1000.0,1000.0],4.41101e-06],
[[2250.0,1120.0,1120.0],2.774664e-06],
[[2300.0,0,0],2.7453e-06],
[[2300.0,100.0,100.0],2.390488e-06],
[[2300.0,200.0,200.0],0],
[[2300.0,300.0,300.0],5.628626e-06],
[[2300.0,400.0,400.0],3.001448e-06],
[[2300.0,500.0,500.0],2.726149e-06],
[[2300.0,600.0,600.0],7.827817e-06],
[[2300.0,700.0,700.0],5.510498e-06],
[[2300.0,800.0,800.0],5.183246e-06],
[[2300.0,900.0,900.0],3.352421e-06],
[[2300.0,1000.0,1000.0],3.762192e-06],
[[2300.0,1100.0,1100.0],2.935104e-06],
[[2350.0,1170.0,1170.0],3.452035e-06],
[[2400.0,0,0],2.025269e-06],
[[2400.0,100.0,100.0],0],
[[2400.0,200.0,200.0],0],
[[2400.0,300.0,300.0],6.215242e-06],
[[2400.0,400.0,400.0],2.046075e-06],
[[2400.0,500.0,500.0],4.479271e-06],
[[2400.0,600.0,600.0],5.362651e-06],
[[2400.0,700.0,700.0],1.745458e-06],
[[2400.0,800.0,800.0],3.669028e-06],
[[2400.0,900.0,900.0],2.111559e-06],
[[2400.0,1000.0,1000.0],3.511729e-06],
[[2400.0,1100.0,1100.0],5.440699e-06],
[[2450.0,1220.0,1220.0],4.385841e-06],
[[2500.0,0,0],4.472426e-06],
[[2500.0,100.0,100.0],4.567502e-06],
[[2500.0,200.0,200.0],2.233931e-06],
[[2500.0,300.0,300.0],2.985205e-06],
[[2500.0,400.0,400.0],0],
[[2500.0,500.0,500.0],0],
[[2500.0,600.0,600.0],3.762309e-06],
[[2500.0,700.0,700.0],2.473559e-06],
[[2500.0,800.0,800.0],3.799559e-06],
[[2500.0,900.0,900.0],2.572531e-06],
[[2500.0,1000.0,1000.0],4.275475e-06],
[[2500.0,1100.0,1100.0],5.468195e-06],
[[2500.0,1200.0,1200.0],3.793204e-06],
[[2550.0,1270.0,1270.0],2.096906e-06],
[[2600.0,0,0],2.749073e-06],
[[2600.0,100.0,100.0],0],
[[2600.0,200.0,200.0],4.716343e-06],
[[2600.0,300.0,300.0],4.917677e-06],
[[2600.0,400.0,400.0],4.80387e-06],
[[2600.0,500.0,500.0],3.918162e-06],
[[2600.0,600.0,600.0],3.87767e-06],
[[2600.0,700.0,700.0],0],
[[2600.0,800.0,800.0],1.868809e-06],
[[2600.0,900.0,900.0],3.779679e-06],
[[2600.0,1000.0,1000.0],4.336836e-06],
[[2600.0,1100.0,1100.0],3.414586e-06],
[[2600.0,1200.0,1200.0],0],
[[2650.0,1320.0,1320.0],0],
[[2700.0,0,0],5.758066e-06],
[[2700.0,100.0,100.0],1.893035e-06],
[[2700.0,200.0,200.0],0],
[[2700.0,300.0,300.0],3.31355e-06],
[[2700.0,400.0,400.0],3.329769e-06],
[[2700.0,500.0,500.0],4.740552e-06],
[[2700.0,600.0,600.0],4.501945e-06],
[[2700.0,700.0,700.0],0],
[[2700.0,800.0,800.0],4.567264e-06],
[[2700.0,900.0,900.0],2.113855e-06],
[[2700.0,1000.0,1000.0],3.933252e-06],
[[2700.0,1100.0,1100.0],2.879758e-06],
[[2700.0,1200.0,1200.0],0],
[[2700.0,1300.0,1300.0],4.451981e-06],
[[2750.0,1370.0,1370.0],2.636904e-06],
[[2800.0,0,0],2.310252e-06],
[[2800.0,100.0,100.0],1.881457e-06],
[[2800.0,200.0,200.0],5.838448e-06],
[[2800.0,300.0,300.0],2.914707e-06],
[[2800.0,400.0,400.0],2.225712e-06],
[[2800.0,500.0,500.0],4.817943e-06],
[[2800.0,600.0,600.0],4.376933e-06],
[[2800.0,700.0,700.0],1.808028e-06],
[[2800.0,800.0,800.0],2.02348e-06],
[[2800.0,900.0,900.0],3.403636e-06],
[[2800.0,1000.0,1000.0],8.521941e-06],
[[2800.0,1100.0,1100.0],4.406117e-06],
[[2800.0,1200.0,1200.0],0],
[[2800.0,1300.0,1300.0],2.436016e-06],
[[2850.0,1420.0,1420.0],5.137664e-06],
[[2900.0,0,0],2.81155e-06],
[[2900.0,100.0,100.0],3.260402e-06],
[[2900.0,200.0,200.0],4.811704e-06],
[[2900.0,300.0,300.0],1.833734e-06],
[[2900.0,400.0,400.0],0],
[[2900.0,500.0,500.0],9.085338e-06],
[[2900.0,600.0,600.0],4.837011e-06],
[[2900.0,700.0,700.0],3.700031e-06],
[[2900.0,800.0,800.0],2.426355e-06],
[[2900.0,900.0,900.0],0],
[[2900.0,1000.0,1000.0],4.705022e-06],
[[2900.0,1100.0,1100.0],3.294191e-06],
[[2900.0,1200.0,1200.0],0],
[[2900.0,1300.0,1300.0],1.813359e-06],
[[2900.0,1400.0,1400.0],7.361621e-06],
[[2950.0,1470.0,1470.0],2.179488e-06],
[[3000.0,0,0],0],
[[3000.0,100.0,100.0],1.774916e-06],
[[3000.0,200.0,200.0],2.221158e-06],
[[3000.0,300.0,300.0],0],
[[3000.0,400.0,400.0],2.628222e-06],
[[3000.0,500.0,500.0],2.641066e-06],
[[3000.0,600.0,600.0],0],
[[3000.0,700.0,700.0],2.793484e-06],
[[3000.0,800.0,800.0],0],
[[3000.0,900.0,900.0],3.736665e-06],
[[3000.0,1000.0,1000.0],3.114228e-06],
[[3000.0,1100.0,1100.0],2.509786e-06],
[[3000.0,1200.0,1200.0],6.817473e-06],
[[3000.0,1300.0,1300.0],2.066074e-06],
[[3000.0,1400.0,1400.0],0]]
