txName: TRS1
constraint: {(PV > H0(1)), (H0(1) > MET(2),MET(3))}
condition: None
conditionDescription: None
figureUrl: https://cms-results.web.cern.ch/cms-results/public-results/publications/EXO-20-004/CMS-EXO-20-004_Figure_009-a.png
source: https://doi.org/10.5281/zenodo.13324003
validated: True
axesMap: [{0: 'x', 1: '1.0', 2: '1.0'}, {0: 'x', 1: 'y', 2: 'y'}]
dataMap: {0: (1, 'mass', GeV), 1: (2, 'mass', GeV), 2: (3, 'mass', GeV)}
finalState: ['MET', 'MET']
intermediateState: None
efficiencyMap: [[[100.0,1.0,1.0],1.633465e-06],
[[100.0,10.0,10.0],1.906709e-06],
[[150.0,1.0,1.0],4.249975e-06],
[[150.0,50.0,50.0],3.915709e-06],
[[200.0,1.0,1.0],5.20389e-06],
[[200.0,50.0,50.0],5.827084e-06],
[[200.0,100.0,100.0],1.448779e-05],
[[250.0,1.0,1.0],8.404703e-06],
[[250.0,10.0,10.0],9.617857e-06],
[[250.0,50.0,50.0],8.205037e-06],
[[250.0,100.0,100.0],9.39999e-06],
[[300.0,1.0,1.0],1.024774e-05],
[[300.0,50.0,50.0],1.239233e-05],
[[300.0,100.0,100.0],1.187661e-05],
[[350.0,1.0,1.0],1.243898e-05],
[[350.0,50.0,50.0],1.366887e-05],
[[350.0,100.0,100.0],1.313887e-05],
[[350.0,150.0,150.0],1.309246e-05],
[[400.0,1.0,1.0],1.586931e-05],
[[400.0,50.0,50.0],1.572568e-05],
[[400.0,100.0,100.0],1.849261e-05],
[[400.0,150.0,150.0],1.773495e-05],
[[450.0,1.0,1.0],2.160375e-05],
[[450.0,50.0,50.0],2.323685e-05],
[[450.0,100.0,100.0],2.66308e-05],
[[450.0,150.0,150.0],2.862515e-05],
[[450.0,200.0,200.0],2.259169e-05],
[[500.0,1.0,1.0],3.08728e-05],
[[500.0,10.0,10.0],3.291562e-05],
[[500.0,50.0,50.0],3.908951e-05],
[[500.0,100.0,100.0],3.357558e-05],
[[500.0,150.0,150.0],3.265592e-05],
[[500.0,200.0,200.0],3.41668e-05],
[[550.0,1.0,1.0],4.147578e-05],
[[550.0,50.0,50.0],4.467662e-05],
[[550.0,100.0,100.0],4.84293e-05],
[[550.0,150.0,150.0],4.360237e-05],
[[550.0,200.0,200.0],4.985978e-05],
[[550.0,250.0,250.0],4.81486e-05],
[[600.0,1.0,1.0],5.019667e-05],
[[600.0,50.0,50.0],5.588624e-05],
[[600.0,100.0,100.0],5.420477e-05],
[[600.0,150.0,150.0],6.311369e-05],
[[600.0,200.0,200.0],6.195751e-05],
[[600.0,250.0,250.0],5.539835e-05],
[[650.0,1.0,1.0],6.724811e-05],
[[650.0,50.0,50.0],7.461403e-05],
[[650.0,100.0,100.0],6.644436e-05],
[[650.0,150.0,150.0],8.236574e-05],
[[650.0,200.0,200.0],6.24262e-05],
[[650.0,250.0,250.0],8.267308e-05],
[[650.0,300.0,300.0],7.98191e-05],
[[700.0,1.0,1.0],8.264774e-05],
[[700.0,50.0,50.0],8.61605e-05],
[[700.0,100.0,100.0],9.641455e-05],
[[700.0,150.0,150.0],8.918022e-05],
[[700.0,200.0,200.0],8.641618e-05],
[[700.0,250.0,250.0],0.000101018],
[[700.0,300.0,300.0],9.946228e-05],
[[750.0,1.0,1.0],0.000102275],
[[750.0,10.0,10.0],0.0001076084],
[[750.0,50.0,50.0],0.0001002848],
[[750.0,100.0,100.0],0.0001126453],
[[750.0,150.0,150.0],0.0001151569],
[[750.0,200.0,200.0],0.0001082055],
[[750.0,250.0,250.0],0.0001260805],
[[750.0,300.0,300.0],0.0001171795],
[[750.0,350.0,350.0],0.0001362311],
[[800.0,1.0,1.0],0.0001090754],
[[800.0,150.0,150.0],0.00013805],
[[800.0,200.0,200.0],0.000123195],
[[800.0,250.0,250.0],0.0001535492],
[[800.0,300.0,300.0],0.0001413579],
[[800.0,350.0,350.0],0.000152681],
[[850.0,1.0,1.0],0.0001600086],
[[850.0,150.0,150.0],0.0001509651],
[[850.0,200.0,200.0],0.0001531306],
[[850.0,250.0,250.0],0.000154056],
[[850.0,300.0,300.0],0.000167648],
[[850.0,350.0,350.0],0.0001794978],
[[850.0,400.0,400.0],0.0002162308],
[[900.0,1.0,1.0],0.0001821763],
[[900.0,150.0,150.0],0.0001838727],
[[900.0,200.0,200.0],0.0001898949],
[[900.0,250.0,250.0],0.0001862882],
[[900.0,300.0,300.0],0.0002134048],
[[900.0,350.0,350.0],0.0002370541],
[[900.0,400.0,400.0],0.0002649284],
[[950.0,1.0,1.0],0.0002053428],
[[950.0,150.0,150.0],0.000212877],
[[950.0,200.0,200.0],0.0002647911],
[[950.0,250.0,250.0],0.0002410744],
[[950.0,300.0,300.0],0.0002150101],
[[950.0,350.0,350.0],0.0002319192],
[[950.0,400.0,400.0],0.000242117],
[[950.0,450.0,450.0],0.0002797692],
[[1000.0,1.0,1.0],0.0002219486],
[[1000.0,10.0,10.0],0.0002298478],
[[1000.0,50.0,50.0],0.0002273075],
[[1000.0,100.0,100.0],0.0002444711],
[[1000.0,150.0,150.0],0.0002314998],
[[1000.0,200.0,200.0],0.0002579735],
[[1000.0,250.0,250.0],0.0002346319],
[[1000.0,300.0,300.0],0.0002552691],
[[1000.0,350.0,350.0],0.0005079894],
[[1000.0,400.0,400.0],0.0002701223],
[[1000.0,450.0,450.0],0.0002904407],
[[1050.0,1.0,1.0],0.0002468642],
[[1050.0,150.0,150.0],0.0002382371],
[[1050.0,200.0,200.0],0.0002397303],
[[1050.0,250.0,250.0],0.0003082962],
[[1050.0,300.0,300.0],0.000285844],
[[1050.0,350.0,350.0],0.0002606743],
[[1050.0,400.0,400.0],0.0003414556],
[[1050.0,450.0,450.0],0.0003301153],
[[1050.0,500.0,500.0],0.00036333],
[[1100.0,1.0,1.0],0.0002288936],
[[1100.0,150.0,150.0],0.0002881859],
[[1100.0,200.0,200.0],0.000377532],
[[1100.0,250.0,250.0],0.0003622481],
[[1100.0,300.0,300.0],0.0003180925],
[[1100.0,350.0,350.0],0.0002940521],
[[1100.0,400.0,400.0],0.0005902245],
[[1100.0,450.0,450.0],0.0003364351],
[[1100.0,500.0,500.0],0.0006499474],
[[1150.0,1.0,1.0],0.0008566169],
[[1150.0,150.0,150.0],0.0002966386],
[[1150.0,200.0,200.0],0.000372539],
[[1150.0,250.0,250.0],0.0003421608],
[[1150.0,300.0,300.0],0.0003142835],
[[1150.0,350.0,350.0],0.0004254396],
[[1150.0,400.0,400.0],0.0003469915],
[[1150.0,450.0,450.0],0.0003545574],
[[1150.0,500.0,500.0],0.0003565645],
[[1150.0,550.0,550.0],0.0004516982],
[[1200.0,1.0,1.0],0.0002816739],
[[1200.0,150.0,150.0],0.000457339],
[[1200.0,200.0,200.0],0.0003757839],
[[1200.0,250.0,250.0],0.0003816574],
[[1200.0,300.0,300.0],0.0004410283],
[[1200.0,350.0,350.0],0.0004662492],
[[1200.0,400.0,400.0],0.0003517547],
[[1200.0,450.0,450.0],0.0006597295],
[[1200.0,500.0,500.0],0.0004461403],
[[1200.0,550.0,550.0],0.0004782226],
[[1250.0,1.0,1.0],0.0003359708],
[[1250.0,10.0,10.0],0.0003100617],
[[1250.0,50.0,50.0],0.0003276141],
[[1250.0,100.0,100.0],0.0004517625],
[[1250.0,150.0,150.0],0.0003448335],
[[1250.0,200.0,200.0],0.000419358],
[[1250.0,250.0,250.0],0.0004204444],
[[1250.0,300.0,300.0],0.0004475824],
[[1250.0,350.0,350.0],0.0004237354],
[[1250.0,400.0,400.0],0.0004144196],
[[1250.0,450.0,450.0],0.000458258],
[[1250.0,500.0,500.0],0.0004647049],
[[1250.0,550.0,550.0],0.0004932968],
[[1250.0,600.0,600.0],0.0005204334],
[[1300.0,1.0,1.0],0.0003801808],
[[1300.0,150.0,150.0],0.0004230688],
[[1300.0,200.0,200.0],0.000420729],
[[1300.0,250.0,250.0],0.00051356],
[[1300.0,300.0,300.0],0.0007743558],
[[1300.0,350.0,350.0],0.000518374],
[[1300.0,400.0,400.0],0.0004445338],
[[1300.0,450.0,450.0],0.0005045071],
[[1300.0,500.0,500.0],0.0004859303],
[[1300.0,550.0,550.0],0.0005629915],
[[1300.0,600.0,600.0],0.0004378673],
[[1350.0,1.0,1.0],0.0004228584],
[[1350.0,150.0,150.0],0.0003800005],
[[1350.0,200.0,200.0],0.0004284362],
[[1350.0,250.0,250.0],0.0004601092],
[[1350.0,300.0,300.0],0.0004655688],
[[1350.0,350.0,350.0],0.0004632592],
[[1350.0,400.0,400.0],0.0004413063],
[[1350.0,450.0,450.0],0.000507713],
[[1350.0,500.0,500.0],0.0005550392],
[[1350.0,550.0,550.0],0.0005126534],
[[1350.0,600.0,600.0],0.000502196],
[[1350.0,650.0,650.0],0.0005935459],
[[1400.0,1.0,1.0],0.0004284017],
[[1400.0,150.0,150.0],0.0004471893],
[[1400.0,200.0,200.0],0.0004933223],
[[1400.0,250.0,250.0],0.0008525142],
[[1400.0,300.0,300.0],0.0007092204],
[[1400.0,350.0,350.0],0.0005322109],
[[1400.0,400.0,400.0],0.0005110605],
[[1400.0,450.0,450.0],0.0005246457],
[[1400.0,500.0,500.0],0.0005325271],
[[1400.0,550.0,550.0],0.0004955004],
[[1400.0,600.0,600.0],0.0005875071],
[[1400.0,650.0,650.0],0.0007618594],
[[1450.0,1.0,1.0],0.0004237321],
[[1450.0,150.0,150.0],0.0005508911],
[[1450.0,200.0,200.0],0.0004789707],
[[1450.0,250.0,250.0],0.0004335107],
[[1450.0,300.0,300.0],0.0005317143],
[[1450.0,350.0,350.0],0.0006350574],
[[1450.0,400.0,400.0],0.0005543608],
[[1450.0,450.0,450.0],0.0006569198],
[[1450.0,500.0,500.0],0.0005123065],
[[1450.0,550.0,550.0],0.0005497619],
[[1450.0,600.0,600.0],0.0005774782],
[[1450.0,650.0,650.0],0.0005754646],
[[1450.0,700.0,700.0],0.0006142828],
[[1500.0,1.0,1.0],0.0005597369],
[[1500.0,10.0,10.0],0.000474556],
[[1500.0,50.0,50.0],0.0004586846],
[[1500.0,100.0,100.0],0.0004581949],
[[1500.0,150.0,150.0],0.0004749102],
[[1500.0,200.0,200.0],0.000540257],
[[1500.0,250.0,250.0],0.0005406394],
[[1500.0,300.0,300.0],0.0006592038],
[[1500.0,350.0,350.0],0.0006498764],
[[1500.0,400.0,400.0],0.0005661224],
[[1500.0,450.0,450.0],0.0006121843],
[[1500.0,500.0,500.0],0.0006769688],
[[1500.0,550.0,550.0],0.0006364276],
[[1500.0,600.0,600.0],0.0006731281],
[[1500.0,650.0,650.0],0.0007140722],
[[1500.0,700.0,700.0],0.0009366896],
[[1500.0,750.0,750.0],0.001010463],
[[1550.0,1.0,1.0],0.0004389703],
[[1550.0,150.0,150.0],0.0006557683],
[[1550.0,200.0,200.0],0.0005190191],
[[1550.0,250.0,250.0],0.0006244128],
[[1550.0,300.0,300.0],0.000682664],
[[1550.0,350.0,350.0],0.0005527815],
[[1550.0,400.0,400.0],0.0007497262],
[[1550.0,450.0,450.0],0.0007059571],
[[1550.0,500.0,500.0],0.0006499137],
[[1550.0,550.0,550.0],0.0006926452],
[[1550.0,600.0,600.0],0.0007146344],
[[1550.0,650.0,650.0],0.001009662],
[[1550.0,700.0,700.0],0.0006690019],
[[1550.0,750.0,750.0],0.0008147915],
[[1600.0,1.0,1.0],0.0004521039],
[[1600.0,150.0,150.0],0.0006072459],
[[1600.0,200.0,200.0],0.0005606889],
[[1600.0,250.0,250.0],0.0006240947],
[[1600.0,300.0,300.0],0.0006064235],
[[1600.0,350.0,350.0],0.000692264],
[[1600.0,400.0,400.0],0.0006546798],
[[1600.0,450.0,450.0],0.0006892979],
[[1600.0,500.0,500.0],0.0006362805],
[[1600.0,550.0,550.0],0.0006635013],
[[1600.0,600.0,600.0],0.0007349974],
[[1600.0,650.0,650.0],0.0007242171],
[[1600.0,700.0,700.0],0.0007037037],
[[1600.0,750.0,750.0],0.0007503639],
[[1650.0,1.0,1.0],0.0005338724],
[[1650.0,150.0,150.0],0.0005590914],
[[1650.0,200.0,200.0],0.000472727],
[[1650.0,250.0,250.0],0.000611309],
[[1650.0,300.0,300.0],0.0005950789],
[[1650.0,350.0,350.0],0.0006249735],
[[1650.0,400.0,400.0],0.0006318474],
[[1650.0,450.0,450.0],0.0007646923],
[[1650.0,500.0,500.0],0.001023019],
[[1650.0,550.0,550.0],0.0009740093],
[[1650.0,600.0,600.0],0.001133832],
[[1650.0,650.0,650.0],0.0007222823],
[[1650.0,700.0,700.0],0.0007426468],
[[1650.0,750.0,750.0],0.0007791972],
[[1650.0,800.0,800.0],0.000882904],
[[1700.0,1.0,1.0],0.000407533],
[[1700.0,150.0,150.0],0.0007379996],
[[1700.0,200.0,200.0],0.0005114386],
[[1700.0,250.0,250.0],0.0007856833],
[[1700.0,300.0,300.0],0.0007505666],
[[1700.0,350.0,350.0],0.0007116271],
[[1700.0,400.0,400.0],0.0007426017],
[[1700.0,450.0,450.0],0.0007788133],
[[1700.0,500.0,500.0],0.0007138935],
[[1700.0,550.0,550.0],0.0007364566],
[[1700.0,600.0,600.0],0.0007332605],
[[1700.0,650.0,650.0],0.0007502902],
[[1700.0,700.0,700.0],0.0008695733],
[[1700.0,750.0,750.0],0.0007498006],
[[1700.0,800.0,800.0],0.0007862237],
[[1750.0,1.0,1.0],0.0004117923],
[[1750.0,10.0,10.0],0.0004184993],
[[1750.0,50.0,50.0],0.0005484903],
[[1750.0,100.0,100.0],0.0004846122],
[[1750.0,150.0,150.0],0.0005813739],
[[1750.0,200.0,200.0],0.0007568358],
[[1750.0,250.0,250.0],0.0005468217],
[[1750.0,300.0,300.0],0.0006844392],
[[1750.0,350.0,350.0],0.0007832584],
[[1750.0,400.0,400.0],0.0007186331],
[[1750.0,450.0,450.0],0.0008019772],
[[1750.0,500.0,500.0],0.0008584516],
[[1750.0,550.0,550.0],0.0007562061],
[[1750.0,600.0,600.0],0.0007087882],
[[1750.0,650.0,650.0],0.0008393292],
[[1750.0,700.0,700.0],0.0007354982],
[[1750.0,750.0,750.0],0.001014055],
[[1750.0,800.0,800.0],0.0007575503],
[[1750.0,850.0,850.0],0.0009964986],
[[1800.0,1.0,1.0],0.0003950901],
[[1800.0,150.0,150.0],0.0006186507],
[[1800.0,200.0,200.0],0.0006398556],
[[1800.0,250.0,250.0],0.0006712549],
[[1800.0,300.0,300.0],0.0006788027],
[[1800.0,350.0,350.0],0.0006832462],
[[1800.0,400.0,400.0],0.0007526601],
[[1800.0,450.0,450.0],0.0007601889],
[[1800.0,500.0,500.0],0.0008766156],
[[1800.0,550.0,550.0],0.0007638159],
[[1800.0,600.0,600.0],0.0007981991],
[[1800.0,650.0,650.0],0.0008023364],
[[1800.0,700.0,700.0],0.0007695931],
[[1800.0,750.0,750.0],0.001159645],
[[1800.0,800.0,800.0],0.0008780217],
[[1800.0,850.0,850.0],0.0008374245],
[[1850.0,1.0,1.0],0.0003998403],
[[1850.0,150.0,150.0],0.0005060111],
[[1850.0,200.0,200.0],0.0005951652],
[[1850.0,250.0,250.0],0.0006562206],
[[1850.0,300.0,300.0],0.0009041698],
[[1850.0,350.0,350.0],0.0008479548],
[[1850.0,400.0,400.0],0.0006879415],
[[1850.0,450.0,450.0],0.0007799847],
[[1850.0,500.0,500.0],0.001019809],
[[1850.0,550.0,550.0],0.0008114946],
[[1850.0,600.0,600.0],0.0007388165],
[[1850.0,650.0,650.0],0.0008280856],
[[1850.0,700.0,700.0],0.0007670048],
[[1850.0,750.0,750.0],0.000824947],
[[1850.0,800.0,800.0],0.0008935908],
[[1850.0,850.0,850.0],0.0009082624],
[[1850.0,900.0,900.0],0.001002774],
[[1900.0,1.0,1.0],0.000437751],
[[1900.0,150.0,150.0],0.0005183776],
[[1900.0,200.0,200.0],0.0007018008],
[[1900.0,250.0,250.0],0.000709141],
[[1900.0,300.0,300.0],0.0007989426],
[[1900.0,350.0,350.0],0.0007223364],
[[1900.0,400.0,400.0],0.0007783668],
[[1900.0,450.0,450.0],0.0008399689],
[[1900.0,500.0,500.0],0.0009816667],
[[1900.0,550.0,550.0],0.000985837],
[[1900.0,600.0,600.0],0.001156483],
[[1900.0,650.0,650.0],0.001180583],
[[1900.0,700.0,700.0],0.0009502769],
[[1900.0,750.0,750.0],0.0008972919],
[[1900.0,800.0,800.0],0.0009418912],
[[1900.0,850.0,850.0],0.0009245561],
[[1900.0,900.0,900.0],0.001384446],
[[1950.0,1.0,1.0],0.0005153153],
[[1950.0,150.0,150.0],0.0005231253],
[[1950.0,200.0,200.0],0.000572021],
[[1950.0,250.0,250.0],0.0007147573],
[[1950.0,300.0,300.0],0.0007606617],
[[1950.0,350.0,350.0],0.000926626],
[[1950.0,400.0,400.0],0.0009366947],
[[1950.0,450.0,450.0],0.001018405],
[[1950.0,500.0,500.0],0.0008298269],
[[1950.0,550.0,550.0],0.000916438],
[[1950.0,600.0,600.0],0.000970177],
[[1950.0,650.0,650.0],0.0009660239],
[[1950.0,700.0,700.0],0.0008122405],
[[1950.0,750.0,750.0],0.0007933862],
[[1950.0,800.0,800.0],0.0008969057],
[[1950.0,850.0,850.0],0.0009980521],
[[1950.0,900.0,900.0],0.0009837726],
[[1950.0,950.0,950.0],0.001220055],
[[2000.0,1.0,1.0],0.0004093175],
[[2000.0,10.0,10.0],0.0005089204],
[[2000.0,50.0,50.0],0.0004637233],
[[2000.0,100.0,100.0],0.0004544334],
[[2000.0,150.0,150.0],0.0006572655],
[[2000.0,200.0,200.0],0.0007843224],
[[2000.0,250.0,250.0],0.0006979888],
[[2000.0,300.0,300.0],0.0006911436],
[[2000.0,350.0,350.0],0.0007918737],
[[2000.0,400.0,400.0],0.0009993199],
[[2000.0,450.0,450.0],0.0009163711],
[[2000.0,500.0,500.0],0.0008453013],
[[2000.0,550.0,550.0],0.0009627309],
[[2000.0,600.0,600.0],0.0008874325],
[[2000.0,650.0,650.0],0.000872569],
[[2000.0,700.0,700.0],0.0008926357],
[[2000.0,750.0,750.0],0.0009427943],
[[2000.0,800.0,800.0],0.001047822],
[[2000.0,850.0,850.0],0.001101827],
[[2000.0,900.0,900.0],0.00101603],
[[2000.0,950.0,950.0],0.000972368],
[[2250.0,1.0,1.0],0.0004515071],
[[2250.0,10.0,10.0],0.000450557],
[[2250.0,50.0,50.0],0.0003816583],
[[2250.0,100.0,100.0],0.000463983],
[[2250.0,150.0,150.0],0.0005266645],
[[2250.0,300.0,300.0],0.0007702944],
[[2250.0,500.0,500.0],0.0009553833],
[[2250.0,750.0,750.0],0.001178244],
[[2250.0,1000.0,1000.0],0.001077765],
[[2500.0,1.0,1.0],0.000340785],
[[2500.0,10.0,10.0],0.0003222593],
[[2500.0,50.0,50.0],0.0003371724],
[[2500.0,100.0,100.0],0.0004177585],
[[2500.0,150.0,150.0],0.0005196466],
[[2500.0,300.0,300.0],0.0007984491],
[[2500.0,500.0,500.0],0.001024653],
[[2500.0,750.0,750.0],0.001296207],
[[2500.0,1000.0,1000.0],0.001303934],
[[2500.0,1200.0,1200.0],0.00128909],
[[2750.0,1.0,1.0],0.000294382],
[[2750.0,10.0,10.0],0.0003275684],
[[2750.0,50.0,50.0],0.0003324857],
[[2750.0,100.0,100.0],0.0003475529],
[[2750.0,150.0,150.0],0.0004904921],
[[2750.0,300.0,300.0],0.0009424058],
[[2750.0,500.0,500.0],0.001063646],
[[2750.0,750.0,750.0],0.001380459],
[[2750.0,1000.0,1000.0],0.001147783],
[[2750.0,1200.0,1200.0],0.001357341],
[[3000.0,1.0,1.0],0.0002598629],
[[3000.0,10.0,10.0],0.0002697649],
[[3000.0,50.0,50.0],0.0002350134],
[[3000.0,100.0,100.0],0.0002997973],
[[3000.0,150.0,150.0],0.0004080872],
[[3000.0,300.0,300.0],0.0007608566],
[[3000.0,500.0,500.0],0.0009784199],
[[3000.0,750.0,750.0],0.001208458],
[[3000.0,1000.0,1000.0],0.001335084],
[[3000.0,1200.0,1200.0],0.001393733],
[[3000.0,1400.0,1400.0],0.001603003]]
