txName: TRV1
constraint: {(PV > Zprime(1)), (Zprime(1) > MET(2),MET(3))}
condition: None
conditionDescription: None
figureUrl: https://cms-results.web.cern.ch/cms-results/public-results/publications/EXO-20-004/CMS-EXO-20-004_Figure_007-b.png
source: https://doi.org/10.5281/zenodo.13324003
validated: True
axesMap: [{0: 'x', 1: 'y', 2: 'y'}]
dataMap: {0: (1, 'mass', GeV), 1: (2, 'mass', GeV), 2: (3, 'mass', GeV)}
finalState: ['MET', 'MET']
intermediateState: None
efficiencyMap: [[[50.0,1.0,1.0],4.402077e-08],
[[100.0,1.0,1.0],1.693205e-07],
[[100.0,10.0,10.0],3.491062e-07],
[[150.0,1.0,1.0],7.006687e-07],
[[150.0,75.0,75.0],7.480074e-07],
[[200.0,1.0,1.0],2.109139e-06],
[[200.0,75.0,75.0],2.041509e-06],
[[250.0,1.0,1.0],3.970661e-06],
[[250.0,10.0,10.0],3.936274e-06],
[[250.0,75.0,75.0],4.465138e-06],
[[300.0,1.0,1.0],6.022661e-06],
[[300.0,75.0,75.0],6.835641e-06],
[[350.0,1.0,1.0],9.268014e-06],
[[350.0,75.0,75.0],1.014722e-05],
[[350.0,150.0,150.0],8.401392e-06],
[[400.0,1.0,1.0],1.578689e-05],
[[400.0,75.0,75.0],1.416017e-05],
[[400.0,150.0,150.0],1.717732e-05],
[[450.0,1.0,1.0],2.208073e-05],
[[450.0,75.0,75.0],2.203564e-05],
[[450.0,150.0,150.0],2.173979e-05],
[[450.0,200.0,200.0],2.017298e-05],
[[500.0,1.0,1.0],2.5551e-05],
[[500.0,10.0,10.0],3.215996e-05],
[[500.0,75.0,75.0],2.72446e-05],
[[500.0,150.0,150.0],2.76079e-05],
[[500.0,200.0,200.0],2.616184e-05],
[[550.0,1.0,1.0],3.456142e-05],
[[550.0,75.0,75.0],3.290744e-05],
[[550.0,150.0,150.0],2.784945e-05],
[[550.0,200.0,200.0],3.053572e-05],
[[550.0,250.0,250.0],3.566063e-05],
[[600.0,1.0,1.0],4.507789e-05],
[[600.0,75.0,75.0],4.118227e-05],
[[600.0,150.0,150.0],3.758251e-05],
[[600.0,200.0,200.0],4.598618e-05],
[[600.0,250.0,250.0],4.954097e-05],
[[650.0,1.0,1.0],4.542586e-05],
[[650.0,75.0,75.0],4.989776e-05],
[[650.0,150.0,150.0],6.338989e-05],
[[650.0,200.0,200.0],5.355846e-05],
[[650.0,250.0,250.0],4.649927e-05],
[[650.0,300.0,300.0],5.262558e-05],
[[700.0,1.0,1.0],5.361555e-05],
[[700.0,75.0,75.0],6.448796e-05],
[[700.0,150.0,150.0],5.548034e-05],
[[700.0,200.0,200.0],5.371859e-05],
[[700.0,250.0,250.0],6.342922e-05],
[[700.0,300.0,300.0],6.367705e-05],
[[750.0,1.0,1.0],6.98584e-05],
[[750.0,10.0,10.0],6.567446e-05],
[[750.0,75.0,75.0],6.730374e-05],
[[750.0,150.0,150.0],7.225894e-05],
[[750.0,200.0,200.0],6.085888e-05],
[[750.0,250.0,250.0],6.926288e-05],
[[750.0,300.0,300.0],7.211781e-05],
[[750.0,350.0,350.0],6.642067e-05],
[[800.0,1.0,1.0],7.270509e-05],
[[800.0,75.0,75.0],7.649706e-05],
[[800.0,150.0,150.0],7.209712e-05],
[[800.0,200.0,200.0],9.814377e-05],
[[800.0,250.0,250.0],8.432676e-05],
[[800.0,300.0,300.0],6.626025e-05],
[[800.0,350.0,350.0],7.969838e-05],
[[850.0,1.0,1.0],7.901238e-05],
[[850.0,75.0,75.0],9.025166e-05],
[[850.0,150.0,150.0],8.912449e-05],
[[850.0,200.0,200.0],8.012518e-05],
[[850.0,250.0,250.0],8.045908e-05],
[[850.0,300.0,300.0],9.952738e-05],
[[850.0,350.0,350.0],9.701224e-05],
[[850.0,400.0,400.0],8.789849e-05],
[[900.0,1.0,1.0],9.188781e-05],
[[900.0,75.0,75.0],0.000101186],
[[900.0,150.0,150.0],9.663953e-05],
[[900.0,200.0,200.0],0.0001021546],
[[900.0,250.0,250.0],0.0001004548],
[[900.0,300.0,300.0],0.0001031395],
[[900.0,350.0,350.0],0.0001003993],
[[900.0,400.0,400.0],0.0001370315],
[[950.0,1.0,1.0],9.903854e-05],
[[950.0,75.0,75.0],0.0001126643],
[[950.0,150.0,150.0],9.709552e-05],
[[950.0,200.0,200.0],0.0001103827],
[[950.0,250.0,250.0],0.0001125707],
[[950.0,300.0,300.0],0.0001086246],
[[950.0,350.0,350.0],0.0001209344],
[[950.0,400.0,400.0],0.0001077955],
[[950.0,450.0,450.0],0.0001058447],
[[1000.0,1.0,1.0],0.0001192321],
[[1000.0,10.0,10.0],0.0001120347],
[[1000.0,75.0,75.0],0.0001233841],
[[1000.0,150.0,150.0],0.0001257967],
[[1000.0,200.0,200.0],0.0001202048],
[[1000.0,250.0,250.0],0.0001253811],
[[1000.0,300.0,300.0],0.0001309538],
[[1000.0,350.0,350.0],0.0001402671],
[[1000.0,400.0,400.0],0.000125293],
[[1000.0,450.0,450.0],0.0001242319],
[[1050.0,1.0,1.0],0.0001484203],
[[1050.0,75.0,75.0],0.0001143121],
[[1050.0,150.0,150.0],0.000122812],
[[1050.0,200.0,200.0],0.0001263562],
[[1050.0,250.0,250.0],0.0001287538],
[[1050.0,300.0,300.0],0.0001325253],
[[1050.0,350.0,350.0],0.0001300732],
[[1050.0,400.0,400.0],0.0001305781],
[[1050.0,450.0,450.0],0.0001441659],
[[1050.0,500.0,500.0],0.0001417637],
[[1100.0,1.0,1.0],0.0001229822],
[[1100.0,75.0,75.0],0.000140011],
[[1100.0,150.0,150.0],0.0001474441],
[[1100.0,200.0,200.0],0.0001340744],
[[1100.0,250.0,250.0],0.0001465225],
[[1100.0,300.0,300.0],0.0001548903],
[[1100.0,350.0,350.0],0.0001332224],
[[1100.0,400.0,400.0],0.0001319577],
[[1100.0,450.0,450.0],0.0001523498],
[[1100.0,500.0,500.0],0.0001505533],
[[1150.0,1.0,1.0],0.0001347222],
[[1150.0,75.0,75.0],0.0001412456],
[[1150.0,150.0,150.0],0.0001405578],
[[1150.0,200.0,200.0],0.0001369464],
[[1150.0,250.0,250.0],0.0001496283],
[[1150.0,300.0,300.0],0.0001649364],
[[1150.0,350.0,350.0],0.0001496845],
[[1150.0,400.0,400.0],0.0001494583],
[[1150.0,450.0,450.0],0.00014208],
[[1150.0,500.0,500.0],0.0001732609],
[[1150.0,550.0,550.0],0.0001609333],
[[1200.0,1.0,1.0],0.0001524651],
[[1200.0,75.0,75.0],0.0002038402],
[[1200.0,150.0,150.0],0.0001552807],
[[1200.0,200.0,200.0],0.0001567798],
[[1200.0,250.0,250.0],0.000148681],
[[1200.0,300.0,300.0],0.0001352443],
[[1200.0,350.0,350.0],0.0001706157],
[[1200.0,400.0,400.0],0.0001439701],
[[1200.0,450.0,450.0],0.0001608285],
[[1200.0,500.0,500.0],0.0001704879],
[[1200.0,550.0,550.0],0.0001756106],
[[1250.0,1.0,1.0],0.0001665297],
[[1250.0,10.0,10.0],0.0001650243],
[[1250.0,75.0,75.0],0.0001609209],
[[1250.0,150.0,150.0],0.0002200698],
[[1250.0,200.0,200.0],0.0001802422],
[[1250.0,250.0,250.0],0.0002224561],
[[1250.0,300.0,300.0],0.0001618855],
[[1250.0,350.0,350.0],0.0001594966],
[[1250.0,400.0,400.0],0.0001778839],
[[1250.0,450.0,450.0],0.0001616583],
[[1250.0,500.0,500.0],0.0001808503],
[[1250.0,550.0,550.0],0.0001961001],
[[1250.0,600.0,600.0],0.0002326372],
[[1300.0,1.0,1.0],0.0001632534],
[[1300.0,75.0,75.0],0.000179321],
[[1300.0,150.0,150.0],0.000225069],
[[1300.0,200.0,200.0],0.0001579853],
[[1300.0,250.0,250.0],0.0001543053],
[[1300.0,300.0,300.0],0.0001863206],
[[1300.0,350.0,350.0],0.0002095406],
[[1300.0,400.0,400.0],0.0001634244],
[[1300.0,450.0,450.0],0.0001666839],
[[1300.0,500.0,500.0],0.0001939896],
[[1300.0,550.0,550.0],0.000207008],
[[1300.0,600.0,600.0],0.0002007635],
[[1350.0,1.0,1.0],0.0002096762],
[[1350.0,75.0,75.0],0.0001846967],
[[1350.0,150.0,150.0],0.0001679531],
[[1350.0,200.0,200.0],0.0001732959],
[[1350.0,250.0,250.0],0.0001646199],
[[1350.0,300.0,300.0],0.0002309698],
[[1350.0,350.0,350.0],0.0001806429],
[[1350.0,400.0,400.0],0.0002130773],
[[1350.0,450.0,450.0],0.0002011395],
[[1350.0,500.0,500.0],0.0002283134],
[[1350.0,550.0,550.0],0.0001780006],
[[1350.0,600.0,600.0],0.0001838399],
[[1350.0,650.0,650.0],0.0002143569],
[[1400.0,1.0,1.0],0.0001938804],
[[1400.0,75.0,75.0],0.0002130482],
[[1400.0,150.0,150.0],0.0002000508],
[[1400.0,200.0,200.0],0.0001690903],
[[1400.0,250.0,250.0],0.0001766738],
[[1400.0,300.0,300.0],0.0001949805],
[[1400.0,350.0,350.0],0.0001933643],
[[1400.0,400.0,400.0],0.0001790531],
[[1400.0,450.0,450.0],0.0002071279],
[[1400.0,500.0,500.0],0.0002020302],
[[1400.0,550.0,550.0],0.0002059749],
[[1400.0,600.0,600.0],0.0001934152],
[[1400.0,650.0,650.0],0.0002539368],
[[1450.0,1.0,1.0],0.0001907748],
[[1450.0,75.0,75.0],0.0001916514],
[[1450.0,150.0,150.0],0.0002156143],
[[1450.0,200.0,200.0],0.0002075128],
[[1450.0,250.0,250.0],0.0002028965],
[[1450.0,300.0,300.0],0.00027314],
[[1450.0,350.0,350.0],0.0002188097],
[[1450.0,400.0,400.0],0.0001903898],
[[1450.0,450.0,450.0],0.0002255979],
[[1450.0,500.0,500.0],0.000202369],
[[1450.0,550.0,550.0],0.0001871022],
[[1450.0,600.0,600.0],0.0002380298],
[[1450.0,650.0,650.0],0.000205936],
[[1450.0,700.0,700.0],0.0002388547],
[[1500.0,1.0,1.0],0.000187827],
[[1500.0,10.0,10.0],0.0002039766],
[[1500.0,75.0,75.0],0.0002213965],
[[1500.0,150.0,150.0],0.0001807232],
[[1500.0,200.0,200.0],0.0002251007],
[[1500.0,250.0,250.0],0.0002059733],
[[1500.0,300.0,300.0],0.0002277572],
[[1500.0,350.0,350.0],0.0002045819],
[[1500.0,400.0,400.0],0.0002042001],
[[1500.0,450.0,450.0],0.0002079678],
[[1500.0,500.0,500.0],0.0002242637],
[[1500.0,550.0,550.0],0.0002527372],
[[1500.0,600.0,600.0],0.0002210786],
[[1500.0,650.0,650.0],0.0001916597],
[[1500.0,700.0,700.0],0.0002333894],
[[1500.0,750.0,750.0],0.0002385103],
[[1550.0,1.0,1.0],0.0002007527],
[[1550.0,75.0,75.0],0.0002158603],
[[1550.0,150.0,150.0],0.0002419631],
[[1550.0,200.0,200.0],0.0002444739],
[[1550.0,250.0,250.0],0.0001960089],
[[1550.0,300.0,300.0],0.0001981702],
[[1550.0,350.0,350.0],0.0002504629],
[[1550.0,400.0,400.0],0.0002444917],
[[1550.0,450.0,450.0],0.0002459002],
[[1550.0,500.0,500.0],0.0002073098],
[[1550.0,550.0,550.0],0.0002232609],
[[1550.0,600.0,600.0],0.000208976],
[[1550.0,650.0,650.0],0.0002170628],
[[1550.0,700.0,700.0],0.0002265423],
[[1550.0,750.0,750.0],0.0002216887],
[[1600.0,1.0,1.0],0.0002287711],
[[1600.0,75.0,75.0],0.0002235185],
[[1600.0,150.0,150.0],0.0002121896],
[[1600.0,200.0,200.0],0.0002042909],
[[1600.0,250.0,250.0],0.0003069944],
[[1600.0,300.0,300.0],0.0002336844],
[[1600.0,350.0,350.0],0.0002156336],
[[1600.0,400.0,400.0],0.0002411195],
[[1600.0,450.0,450.0],0.0002405051],
[[1600.0,500.0,500.0],0.0002572167],
[[1600.0,550.0,550.0],0.0002277628],
[[1600.0,600.0,600.0],0.0002442707],
[[1600.0,650.0,650.0],0.0002353522],
[[1600.0,700.0,700.0],0.0002304916],
[[1600.0,750.0,750.0],0.0002487251],
[[1650.0,1.0,1.0],0.0002345567],
[[1650.0,75.0,75.0],0.0001883222],
[[1650.0,150.0,150.0],0.0002203166],
[[1650.0,200.0,200.0],0.000269493],
[[1650.0,250.0,250.0],0.0002180104],
[[1650.0,300.0,300.0],0.0002175979],
[[1650.0,350.0,350.0],0.000218887],
[[1650.0,400.0,400.0],0.0002489158],
[[1650.0,450.0,450.0],0.0002454537],
[[1650.0,500.0,500.0],0.0002231179],
[[1650.0,550.0,550.0],0.0002432057],
[[1650.0,600.0,600.0],0.0002241294],
[[1650.0,650.0,650.0],0.0002179688],
[[1650.0,700.0,700.0],0.0002359325],
[[1650.0,750.0,750.0],0.0002697942],
[[1650.0,800.0,800.0],0.0002696574],
[[1700.0,1.0,1.0],0.0002233803],
[[1700.0,75.0,75.0],0.0002098489],
[[1700.0,150.0,150.0],0.0002523918],
[[1700.0,200.0,200.0],0.0002291944],
[[1700.0,250.0,250.0],0.0002470571],
[[1700.0,300.0,300.0],0.0002614396],
[[1700.0,350.0,350.0],0.0002647711],
[[1700.0,400.0,400.0],0.0002726493],
[[1700.0,450.0,450.0],0.0002545917],
[[1700.0,500.0,500.0],0.0002197469],
[[1700.0,550.0,550.0],0.000232583],
[[1700.0,600.0,600.0],0.000223213],
[[1700.0,650.0,650.0],0.0002363884],
[[1700.0,700.0,700.0],0.0002332942],
[[1700.0,750.0,750.0],0.000275651],
[[1700.0,800.0,800.0],0.0002326533],
[[1750.0,1.0,1.0],0.0002496612],
[[1750.0,10.0,10.0],0.000258494],
[[1750.0,75.0,75.0],0.0002201321],
[[1750.0,150.0,150.0],0.0002265821],
[[1750.0,200.0,200.0],0.0002247414],
[[1750.0,250.0,250.0],0.0002400892],
[[1750.0,300.0,300.0],0.0002472861],
[[1750.0,350.0,350.0],0.0002368903],
[[1750.0,400.0,400.0],0.0002483424],
[[1750.0,450.0,450.0],0.0003027538],
[[1750.0,500.0,500.0],0.0002590055],
[[1750.0,550.0,550.0],0.0002387845],
[[1750.0,600.0,600.0],0.0002617311],
[[1750.0,650.0,650.0],0.0002455733],
[[1750.0,700.0,700.0],0.0002988103],
[[1750.0,750.0,750.0],0.0002571485],
[[1750.0,800.0,800.0],0.0002574079],
[[1750.0,850.0,850.0],0.0003051031],
[[1800.0,1.0,1.0],0.000257707],
[[1800.0,75.0,75.0],0.0002288422],
[[1800.0,150.0,150.0],0.0002229193],
[[1800.0,200.0,200.0],0.0002464979],
[[1800.0,250.0,250.0],0.0002720885],
[[1800.0,300.0,300.0],0.0002528473],
[[1800.0,350.0,350.0],0.0002569396],
[[1800.0,400.0,400.0],0.0002929773],
[[1800.0,450.0,450.0],0.0002599373],
[[1800.0,500.0,500.0],0.0002587467],
[[1800.0,550.0,550.0],0.0002924151],
[[1800.0,600.0,600.0],0.0003120934],
[[1800.0,650.0,650.0],0.0002674964],
[[1800.0,700.0,700.0],0.000246539],
[[1800.0,750.0,750.0],0.0002649927],
[[1800.0,800.0,800.0],0.000278796],
[[1800.0,850.0,850.0],0.0002752272],
[[1850.0,1.0,1.0],0.0002595578],
[[1850.0,75.0,75.0],0.0002339889],
[[1850.0,150.0,150.0],0.0002701136],
[[1850.0,200.0,200.0],0.0002121982],
[[1850.0,250.0,250.0],0.000249357],
[[1850.0,300.0,300.0],0.0002652755],
[[1850.0,350.0,350.0],0.0002461225],
[[1850.0,400.0,400.0],0.0002929444],
[[1850.0,450.0,450.0],0.0002481538],
[[1850.0,500.0,500.0],0.0002956962],
[[1850.0,550.0,550.0],0.0002552952],
[[1850.0,600.0,600.0],0.0002968193],
[[1850.0,650.0,650.0],0.0002995534],
[[1850.0,700.0,700.0],0.0002663244],
[[1850.0,750.0,750.0],0.0002909535],
[[1850.0,800.0,800.0],0.0002876207],
[[1850.0,850.0,850.0],0.000264536],
[[1850.0,900.0,900.0],0.0003048382],
[[1900.0,1.0,1.0],0.0002547734],
[[1900.0,75.0,75.0],0.0002251775],
[[1900.0,150.0,150.0],0.0002533124],
[[1900.0,200.0,200.0],0.0002620847],
[[1900.0,250.0,250.0],0.000296832],
[[1900.0,300.0,300.0],0.0002655156],
[[1900.0,350.0,350.0],0.0002518695],
[[1900.0,400.0,400.0],0.0002683623],
[[1900.0,450.0,450.0],0.0002445439],
[[1900.0,500.0,500.0],0.0002688488],
[[1900.0,550.0,550.0],0.0002678332],
[[1900.0,600.0,600.0],0.0002890415],
[[1900.0,650.0,650.0],0.0002472545],
[[1900.0,700.0,700.0],0.0002701349],
[[1900.0,750.0,750.0],0.0002763526],
[[1900.0,800.0,800.0],0.0003140409],
[[1900.0,850.0,850.0],0.0002699508],
[[1900.0,900.0,900.0],0.0002589753],
[[1950.0,1.0,1.0],0.0002521663],
[[1950.0,75.0,75.0],0.0002531369],
[[1950.0,150.0,150.0],0.0002675324],
[[1950.0,200.0,200.0],0.0002661263],
[[1950.0,250.0,250.0],0.0002641602],
[[1950.0,300.0,300.0],0.0002627036],
[[1950.0,350.0,350.0],0.0002802634],
[[1950.0,400.0,400.0],0.0002885776],
[[1950.0,450.0,450.0],0.0002350977],
[[1950.0,500.0,500.0],0.0002673939],
[[1950.0,550.0,550.0],0.0002480644],
[[1950.0,600.0,600.0],0.0002959728],
[[1950.0,650.0,650.0],0.0003165173],
[[1950.0,700.0,700.0],0.0003102254],
[[1950.0,750.0,750.0],0.0003010477],
[[1950.0,800.0,800.0],0.0003296797],
[[1950.0,850.0,850.0],0.0002762768],
[[1950.0,900.0,900.0],0.0002867721],
[[1950.0,950.0,950.0],0.0003577427],
[[2000.0,1.0,1.0],0.000261103],
[[2000.0,75.0,75.0],0.0002658166],
[[2000.0,150.0,150.0],0.0002807314],
[[2000.0,200.0,200.0],0.0002561827],
[[2000.0,250.0,250.0],0.0003482515],
[[2000.0,300.0,300.0],0.0002964444],
[[2000.0,350.0,350.0],0.0003354596],
[[2000.0,400.0,400.0],0.000317358],
[[2000.0,450.0,450.0],0.0003192772],
[[2000.0,500.0,500.0],0.0003541185],
[[2000.0,550.0,550.0],0.0002850544],
[[2000.0,600.0,600.0],0.0003089949],
[[2000.0,650.0,650.0],0.0002450484],
[[2000.0,700.0,700.0],0.0003174697],
[[2000.0,750.0,750.0],0.0002841832],
[[2000.0,800.0,800.0],0.0003176298],
[[2000.0,850.0,850.0],0.0003185094],
[[2000.0,900.0,900.0],0.0002623961],
[[2000.0,950.0,950.0],0.0002812274],
[[2250.0,1.0,1.0],0.0003101017],
[[2250.0,75.0,75.0],0.0003280051],
[[2250.0,150.0,150.0],0.0003486716],
[[2250.0,300.0,300.0],0.000283416],
[[2250.0,500.0,500.0],0.0003117084],
[[2250.0,750.0,750.0],0.0003385767],
[[2250.0,1000.0,1000.0],0.0003047586],
[[2500.0,1.0,1.0],0.000295149],
[[2500.0,75.0,75.0],0.0003144303],
[[2500.0,150.0,150.0],0.0003321527],
[[2500.0,300.0,300.0],0.0002996714],
[[2500.0,500.0,500.0],0.0003441947],
[[2500.0,750.0,750.0],0.0003520752],
[[2500.0,1000.0,1000.0],0.0003753587],
[[2500.0,1200.0,1200.0],0.0003331732],
[[2750.0,1.0,1.0],0.0003539539],
[[2750.0,75.0,75.0],0.0003799491],
[[2750.0,150.0,150.0],0.000363642],
[[2750.0,300.0,300.0],0.0003185059],
[[2750.0,500.0,500.0],0.0002916344],
[[2750.0,750.0,750.0],0.0003048634],
[[2750.0,1000.0,1000.0],0.0003792173],
[[2750.0,1200.0,1200.0],0.0003636802],
[[3000.0,1.0,1.0],0.0003470122],
[[3000.0,75.0,75.0],0.0003299477],
[[3000.0,150.0,150.0],0.000328394],
[[3000.0,300.0,300.0],0.0003030126],
[[3000.0,500.0,500.0],0.0003256512],
[[3000.0,750.0,750.0],0.0003749937],
[[3000.0,1000.0,1000.0],0.0003749635],
[[3000.0,1200.0,1200.0],0.0003643188],
[[3000.0,1400.0,1400.0],0.0003784]]
