txName: TRS1
constraint: {(PV > H0(1)), (H0(1) > MET(2),MET(3))}
condition: None
conditionDescription: None
figureUrl: https://cms-results.web.cern.ch/cms-results/public-results/publications/EXO-20-004/CMS-EXO-20-004_Figure_009-a.png
source: CMS
validated: True
axesMap: [{0: 'x', 1: '1.0', 2: '1.0'}, {0: 'x', 1: 'y', 2: 'y'}]
dataMap: {0: (1, 'mass', GeV), 1: (2, 'mass', GeV), 2: (3, 'mass', GeV)}
finalState: ['MET', 'MET']
intermediateState: None
efficiencyMap: [[[100.0,1.0,1.0],1.314724e-07],
[[100.0,10.0,10.0],9.756504e-08],
[[150.0,1.0,1.0],1.766902e-07],
[[150.0,50.0,50.0],1.4229e-07],
[[200.0,1.0,1.0],2.983248e-07],
[[200.0,50.0,50.0],2.53111e-07],
[[200.0,100.0,100.0],7.282626e-07],
[[250.0,1.0,1.0],2.507897e-07],
[[250.0,10.0,10.0],4.575594e-07],
[[250.0,50.0,50.0],4.452319e-07],
[[250.0,100.0,100.0],4.782787e-07],
[[300.0,1.0,1.0],6.198624e-07],
[[300.0,50.0,50.0],7.290141e-07],
[[300.0,100.0,100.0],5.451859e-07],
[[350.0,1.0,1.0],7.643801e-07],
[[350.0,50.0,50.0],5.470407e-07],
[[350.0,100.0,100.0],7.15458e-07],
[[350.0,150.0,150.0],7.020111e-07],
[[400.0,1.0,1.0],7.651824e-07],
[[400.0,50.0,50.0],7.679019e-07],
[[400.0,100.0,100.0],5.926881e-07],
[[400.0,150.0,150.0],8.852012e-07],
[[450.0,1.0,1.0],1.06021e-06],
[[450.0,50.0,50.0],7.981355e-07],
[[450.0,100.0,100.0],1.4e-06],
[[450.0,150.0,150.0],1.208308e-06],
[[450.0,200.0,200.0],1.445438e-06],
[[500.0,1.0,1.0],2.15796e-06],
[[500.0,10.0,10.0],2.008432e-06],
[[500.0,50.0,50.0],1.518318e-06],
[[500.0,100.0,100.0],1.190563e-06],
[[500.0,150.0,150.0],1.712599e-06],
[[500.0,200.0,200.0],1.976195e-06],
[[550.0,1.0,1.0],1.941528e-06],
[[550.0,50.0,50.0],2.336778e-06],
[[550.0,100.0,100.0],1.765458e-06],
[[550.0,150.0,150.0],1.892453e-06],
[[550.0,200.0,200.0],1.726281e-06],
[[550.0,250.0,250.0],2.552855e-06],
[[600.0,1.0,1.0],2.99585e-06],
[[600.0,50.0,50.0],3.235248e-06],
[[600.0,100.0,100.0],3.562766e-06],
[[600.0,150.0,150.0],2.605238e-06],
[[600.0,200.0,200.0],2.862978e-06],
[[600.0,250.0,250.0],4.000735e-06],
[[650.0,1.0,1.0],3.580577e-06],
[[650.0,50.0,50.0],5.298134e-06],
[[650.0,100.0,100.0],4.214294e-06],
[[650.0,150.0,150.0],5.040641e-06],
[[650.0,200.0,200.0],4.537204e-06],
[[650.0,250.0,250.0],3.477671e-06],
[[650.0,300.0,300.0],5.225497e-06],
[[700.0,1.0,1.0],5.941257e-06],
[[700.0,50.0,50.0],5.815273e-06],
[[700.0,100.0,100.0],5.206605e-06],
[[700.0,150.0,150.0],5.475005e-06],
[[700.0,200.0,200.0],5.559513e-06],
[[700.0,250.0,250.0],7.99035e-06],
[[700.0,300.0,300.0],8.071656e-06],
[[750.0,1.0,1.0],8.583894e-06],
[[750.0,10.0,10.0],7.69188e-06],
[[750.0,50.0,50.0],7.461651e-06],
[[750.0,100.0,100.0],7.83915e-06],
[[750.0,150.0,150.0],8.345853e-06],
[[750.0,200.0,200.0],7.072607e-06],
[[750.0,250.0,250.0],7.411707e-06],
[[750.0,300.0,300.0],8.402687e-06],
[[750.0,350.0,350.0],1.065627e-05],
[[800.0,1.0,1.0],1.037138e-05],
[[800.0,150.0,150.0],1.109193e-05],
[[800.0,200.0,200.0],1.191354e-05],
[[800.0,250.0,250.0],1.297603e-05],
[[800.0,300.0,300.0],1.057694e-05],
[[800.0,350.0,350.0],1.292608e-05],
[[850.0,1.0,1.0],1.029913e-05],
[[850.0,150.0,150.0],1.234731e-05],
[[850.0,200.0,200.0],1.059556e-05],
[[850.0,250.0,250.0],1.41383e-05],
[[850.0,300.0,300.0],1.116377e-05],
[[850.0,350.0,350.0],1.670188e-05],
[[850.0,400.0,400.0],1.862233e-05],
[[900.0,1.0,1.0],1.342046e-05],
[[900.0,150.0,150.0],1.498379e-05],
[[900.0,200.0,200.0],2.036494e-05],
[[900.0,250.0,250.0],1.120936e-05],
[[900.0,300.0,300.0],1.537164e-05],
[[900.0,350.0,350.0],1.627772e-05],
[[900.0,400.0,400.0],1.932875e-05],
[[950.0,1.0,1.0],1.548778e-05],
[[950.0,150.0,150.0],2.061899e-05],
[[950.0,200.0,200.0],1.652086e-05],
[[950.0,250.0,250.0],1.972259e-05],
[[950.0,300.0,300.0],2.001287e-05],
[[950.0,350.0,350.0],2.300487e-05],
[[950.0,400.0,400.0],2.066467e-05],
[[950.0,450.0,450.0],3.24105e-05],
[[1000.0,1.0,1.0],1.975793e-05],
[[1000.0,10.0,10.0],1.935519e-05],
[[1000.0,50.0,50.0],2.323446e-05],
[[1000.0,100.0,100.0],1.73115e-05],
[[1000.0,150.0,150.0],2.158859e-05],
[[1000.0,200.0,200.0],2.587399e-05],
[[1000.0,250.0,250.0],2.496321e-05],
[[1000.0,300.0,300.0],2.400485e-05],
[[1000.0,350.0,350.0],2.207748e-05],
[[1000.0,400.0,400.0],2.387781e-05],
[[1000.0,450.0,450.0],2.320967e-05],
[[1050.0,1.0,1.0],2.700769e-05],
[[1050.0,150.0,150.0],1.807871e-05],
[[1050.0,200.0,200.0],2.472665e-05],
[[1050.0,250.0,250.0],2.77309e-05],
[[1050.0,300.0,300.0],3.30257e-05],
[[1050.0,350.0,350.0],2.705828e-05],
[[1050.0,400.0,400.0],2.510671e-05],
[[1050.0,450.0,450.0],3.519869e-05],
[[1050.0,500.0,500.0],4.175808e-05],
[[1100.0,1.0,1.0],2.320075e-05],
[[1100.0,150.0,150.0],3.66155e-05],
[[1100.0,200.0,200.0],3.167654e-05],
[[1100.0,250.0,250.0],2.985438e-05],
[[1100.0,300.0,300.0],3.495848e-05],
[[1100.0,350.0,350.0],3.120341e-05],
[[1100.0,400.0,400.0],3.901621e-05],
[[1100.0,450.0,450.0],3.389818e-05],
[[1100.0,500.0,500.0],3.492472e-05],
[[1150.0,1.0,1.0],3.008296e-05],
[[1150.0,150.0,150.0],3.33075e-05],
[[1150.0,200.0,200.0],3.23407e-05],
[[1150.0,250.0,250.0],3.881008e-05],
[[1150.0,300.0,300.0],4.089163e-05],
[[1150.0,350.0,350.0],4.072224e-05],
[[1150.0,400.0,400.0],4.123856e-05],
[[1150.0,450.0,450.0],4.507005e-05],
[[1150.0,500.0,500.0],3.652545e-05],
[[1150.0,550.0,550.0],5.285868e-05],
[[1200.0,1.0,1.0],3.46939e-05],
[[1200.0,150.0,150.0],4.314846e-05],
[[1200.0,200.0,200.0],3.595848e-05],
[[1200.0,250.0,250.0],3.731502e-05],
[[1200.0,300.0,300.0],4.696398e-05],
[[1200.0,350.0,350.0],4.599896e-05],
[[1200.0,400.0,400.0],3.935391e-05],
[[1200.0,450.0,450.0],4.887123e-05],
[[1200.0,500.0,500.0],4.559619e-05],
[[1200.0,550.0,550.0],5.310782e-05],
[[1250.0,1.0,1.0],3.809795e-05],
[[1250.0,10.0,10.0],3.50012e-05],
[[1250.0,50.0,50.0],3.69401e-05],
[[1250.0,100.0,100.0],3.445818e-05],
[[1250.0,150.0,150.0],3.944926e-05],
[[1250.0,200.0,200.0],3.903554e-05],
[[1250.0,250.0,250.0],5.129723e-05],
[[1250.0,300.0,300.0],5.147001e-05],
[[1250.0,350.0,350.0],4.684545e-05],
[[1250.0,400.0,400.0],5.271877e-05],
[[1250.0,450.0,450.0],4.671256e-05],
[[1250.0,500.0,500.0],5.668671e-05],
[[1250.0,550.0,550.0],5.672107e-05],
[[1250.0,600.0,600.0],5.437124e-05],
[[1300.0,1.0,1.0],4.491174e-05],
[[1300.0,150.0,150.0],4.04462e-05],
[[1300.0,200.0,200.0],5.196097e-05],
[[1300.0,250.0,250.0],4.599194e-05],
[[1300.0,300.0,300.0],5.712678e-05],
[[1300.0,350.0,350.0],5.8341e-05],
[[1300.0,400.0,400.0],5.848821e-05],
[[1300.0,450.0,450.0],5.846107e-05],
[[1300.0,500.0,500.0],5.968298e-05],
[[1300.0,550.0,550.0],5.334516e-05],
[[1300.0,600.0,600.0],6.208114e-05],
[[1350.0,1.0,1.0],4.348797e-05],
[[1350.0,150.0,150.0],4.854051e-05],
[[1350.0,200.0,200.0],5.603268e-05],
[[1350.0,250.0,250.0],6.254516e-05],
[[1350.0,300.0,300.0],6.594603e-05],
[[1350.0,350.0,350.0],6.133568e-05],
[[1350.0,400.0,400.0],6.665975e-05],
[[1350.0,450.0,450.0],6.46553e-05],
[[1350.0,500.0,500.0],7.397736e-05],
[[1350.0,550.0,550.0],6.240288e-05],
[[1350.0,600.0,600.0],6.986589e-05],
[[1350.0,650.0,650.0],9.195145e-05],
[[1400.0,1.0,1.0],4.747903e-05],
[[1400.0,150.0,150.0],5.74067e-05],
[[1400.0,200.0,200.0],6.13624e-05],
[[1400.0,250.0,250.0],5.838595e-05],
[[1400.0,300.0,300.0],5.990222e-05],
[[1400.0,350.0,350.0],6.600362e-05],
[[1400.0,400.0,400.0],7.776683e-05],
[[1400.0,450.0,450.0],7.413308e-05],
[[1400.0,500.0,500.0],6.986741e-05],
[[1400.0,550.0,550.0],0.0001022531],
[[1400.0,600.0,600.0],7.315951e-05],
[[1400.0,650.0,650.0],8.377129e-05],
[[1450.0,1.0,1.0],4.703385e-05],
[[1450.0,150.0,150.0],6.189877e-05],
[[1450.0,200.0,200.0],6.682069e-05],
[[1450.0,250.0,250.0],6.755777e-05],
[[1450.0,300.0,300.0],8.458024e-05],
[[1450.0,350.0,350.0],8.060939e-05],
[[1450.0,400.0,400.0],8.486705e-05],
[[1450.0,450.0,450.0],8.286946e-05],
[[1450.0,500.0,500.0],8.791798e-05],
[[1450.0,550.0,550.0],8.378183e-05],
[[1450.0,600.0,600.0],7.639756e-05],
[[1450.0,650.0,650.0],9.589607e-05],
[[1450.0,700.0,700.0],0.0001050311],
[[1500.0,1.0,1.0],5.006253e-05],
[[1500.0,10.0,10.0],5.554145e-05],
[[1500.0,50.0,50.0],9.747733e-05],
[[1500.0,100.0,100.0],6.178578e-05],
[[1500.0,150.0,150.0],6.374447e-05],
[[1500.0,200.0,200.0],7.569273e-05],
[[1500.0,250.0,250.0],7.455256e-05],
[[1500.0,300.0,300.0],8.073322e-05],
[[1500.0,350.0,350.0],9.965579e-05],
[[1500.0,400.0,400.0],8.932312e-05],
[[1500.0,450.0,450.0],7.21924e-05],
[[1500.0,500.0,500.0],8.521098e-05],
[[1500.0,550.0,550.0],8.751013e-05],
[[1500.0,600.0,600.0],9.109304e-05],
[[1500.0,650.0,650.0],8.397581e-05],
[[1500.0,700.0,700.0],0.000107508],
[[1500.0,750.0,750.0],0.0001388719],
[[1550.0,1.0,1.0],6.126398e-05],
[[1550.0,150.0,150.0],7.250853e-05],
[[1550.0,200.0,200.0],6.771308e-05],
[[1550.0,250.0,250.0],8.311362e-05],
[[1550.0,300.0,300.0],8.668199e-05],
[[1550.0,350.0,350.0],8.920565e-05],
[[1550.0,400.0,400.0],0.0001023058],
[[1550.0,450.0,450.0],0.0001037402],
[[1550.0,500.0,500.0],0.0001066579],
[[1550.0,550.0,550.0],9.970947e-05],
[[1550.0,600.0,600.0],0.0001098802],
[[1550.0,650.0,650.0],9.019363e-05],
[[1550.0,700.0,700.0],0.0001157791],
[[1550.0,750.0,750.0],0.0001179754],
[[1600.0,1.0,1.0],6.213228e-05],
[[1600.0,150.0,150.0],7.358508e-05],
[[1600.0,200.0,200.0],7.735864e-05],
[[1600.0,250.0,250.0],9.011023e-05],
[[1600.0,300.0,300.0],0.0001145832],
[[1600.0,350.0,350.0],8.44621e-05],
[[1600.0,400.0,400.0],9.659457e-05],
[[1600.0,450.0,450.0],0.0001086845],
[[1600.0,500.0,500.0],0.0001015226],
[[1600.0,550.0,550.0],0.0001003183],
[[1600.0,600.0,600.0],0.0001153868],
[[1600.0,650.0,650.0],0.0001470981],
[[1600.0,700.0,700.0],0.0001248893],
[[1600.0,750.0,750.0],0.0001289571],
[[1650.0,1.0,1.0],6.675492e-05],
[[1650.0,150.0,150.0],7.145142e-05],
[[1650.0,200.0,200.0],0.0001076507],
[[1650.0,250.0,250.0],8.9418e-05],
[[1650.0,300.0,300.0],9.728234e-05],
[[1650.0,350.0,350.0],0.0001041667],
[[1650.0,400.0,400.0],0.000115732],
[[1650.0,450.0,450.0],0.0001428385],
[[1650.0,500.0,500.0],0.0001132659],
[[1650.0,550.0,550.0],0.000141496],
[[1650.0,600.0,600.0],0.0001154426],
[[1650.0,650.0,650.0],0.0001133205],
[[1650.0,700.0,700.0],0.0001072382],
[[1650.0,750.0,750.0],0.0001306966],
[[1650.0,800.0,800.0],0.0001355184],
[[1700.0,1.0,1.0],7.009954e-05],
[[1700.0,150.0,150.0],6.875005e-05],
[[1700.0,200.0,200.0],7.465896e-05],
[[1700.0,250.0,250.0],0.0001062303],
[[1700.0,300.0,300.0],9.530895e-05],
[[1700.0,350.0,350.0],9.975956e-05],
[[1700.0,400.0,400.0],0.0001177955],
[[1700.0,450.0,450.0],0.0001210246],
[[1700.0,500.0,500.0],0.0001128928],
[[1700.0,550.0,550.0],0.0001448922],
[[1700.0,600.0,600.0],0.0001171019],
[[1700.0,650.0,650.0],0.0001341687],
[[1700.0,700.0,700.0],0.000135053],
[[1700.0,750.0,750.0],0.0001628648],
[[1700.0,800.0,800.0],0.0001483575],
[[1750.0,1.0,1.0],6.468104e-05],
[[1750.0,10.0,10.0],6.863592e-05],
[[1750.0,50.0,50.0],8.73183e-05],
[[1750.0,100.0,100.0],8.310371e-05],
[[1750.0,150.0,150.0],8.08123e-05],
[[1750.0,200.0,200.0],9.457136e-05],
[[1750.0,250.0,250.0],0.0001108581],
[[1750.0,300.0,300.0],0.0001022895],
[[1750.0,350.0,350.0],0.0001027408],
[[1750.0,400.0,400.0],0.0001195883],
[[1750.0,450.0,450.0],0.0001058805],
[[1750.0,500.0,500.0],0.000116762],
[[1750.0,550.0,550.0],0.0003606059],
[[1750.0,600.0,600.0],0.0001337633],
[[1750.0,650.0,650.0],0.0001289023],
[[1750.0,700.0,700.0],0.000151674],
[[1750.0,750.0,750.0],0.0001939804],
[[1750.0,800.0,800.0],0.0001634777],
[[1750.0,850.0,850.0],0.0001456365],
[[1800.0,1.0,1.0],0.0001850728],
[[1800.0,150.0,150.0],8.112583e-05],
[[1800.0,200.0,200.0],9.599391e-05],
[[1800.0,250.0,250.0],0.0001199919],
[[1800.0,300.0,300.0],0.0001047343],
[[1800.0,350.0,350.0],0.0001506169],
[[1800.0,400.0,400.0],0.0001579398],
[[1800.0,450.0,450.0],0.0001225256],
[[1800.0,500.0,500.0],0.0001328552],
[[1800.0,550.0,550.0],0.0001416069],
[[1800.0,600.0,600.0],0.000170492],
[[1800.0,650.0,650.0],0.0001394978],
[[1800.0,700.0,700.0],0.0001469828],
[[1800.0,750.0,750.0],0.0001506087],
[[1800.0,800.0,800.0],0.0001586531],
[[1800.0,850.0,850.0],0.0001666753],
[[1850.0,1.0,1.0],7.4059e-05],
[[1850.0,150.0,150.0],9.539547e-05],
[[1850.0,200.0,200.0],8.921646e-05],
[[1850.0,250.0,250.0],0.0001101567],
[[1850.0,300.0,300.0],0.0001233974],
[[1850.0,350.0,350.0],0.0001209184],
[[1850.0,400.0,400.0],0.0001344619],
[[1850.0,450.0,450.0],0.0001457847],
[[1850.0,500.0,500.0],0.000150323],
[[1850.0,550.0,550.0],0.0001665362],
[[1850.0,600.0,600.0],0.0001674964],
[[1850.0,650.0,650.0],0.0001377559],
[[1850.0,700.0,700.0],0.0001577108],
[[1850.0,750.0,750.0],0.0001687395],
[[1850.0,800.0,800.0],0.0001556977],
[[1850.0,850.0,850.0],0.0001912465],
[[1850.0,900.0,900.0],0.0002670809],
[[1900.0,1.0,1.0],6.798043e-05],
[[1900.0,150.0,150.0],9.592843e-05],
[[1900.0,200.0,200.0],0.000101873],
[[1900.0,250.0,250.0],0.0001099707],
[[1900.0,300.0,300.0],0.000129744],
[[1900.0,350.0,350.0],0.0001566781],
[[1900.0,400.0,400.0],0.0001341209],
[[1900.0,450.0,450.0],0.0001341515],
[[1900.0,500.0,500.0],0.0001423343],
[[1900.0,550.0,550.0],0.0002348944],
[[1900.0,600.0,600.0],0.0001485125],
[[1900.0,650.0,650.0],0.0001573654],
[[1900.0,700.0,700.0],0.0001727229],
[[1900.0,750.0,750.0],0.0001853057],
[[1900.0,800.0,800.0],0.0001613192],
[[1900.0,850.0,850.0],0.0001494726],
[[1900.0,900.0,900.0],0.0004338995],
[[1950.0,1.0,1.0],6.963118e-05],
[[1950.0,150.0,150.0],8.881544e-05],
[[1950.0,200.0,200.0],9.803671e-05],
[[1950.0,250.0,250.0],0.0001180529],
[[1950.0,300.0,300.0],0.0001399486],
[[1950.0,350.0,350.0],0.0001276509],
[[1950.0,400.0,400.0],0.0001493589],
[[1950.0,450.0,450.0],0.0003426614],
[[1950.0,500.0,500.0],0.0001706844],
[[1950.0,550.0,550.0],0.0001498927],
[[1950.0,600.0,600.0],0.0002002988],
[[1950.0,650.0,650.0],0.0002025321],
[[1950.0,700.0,700.0],0.0001818841],
[[1950.0,750.0,750.0],0.000158805],
[[1950.0,800.0,800.0],0.0001811517],
[[1950.0,850.0,850.0],0.0003171092],
[[1950.0,900.0,900.0],0.0001870045],
[[1950.0,950.0,950.0],0.0002493857],
[[2000.0,1.0,1.0],8.126407e-05],
[[2000.0,10.0,10.0],6.740893e-05],
[[2000.0,50.0,50.0],8.163323e-05],
[[2000.0,100.0,100.0],9.427369e-05],
[[2000.0,150.0,150.0],9.384693e-05],
[[2000.0,200.0,200.0],0.0001200586],
[[2000.0,250.0,250.0],0.0001253078],
[[2000.0,300.0,300.0],0.0002112139],
[[2000.0,350.0,350.0],0.0001360145],
[[2000.0,400.0,400.0],0.0001879523],
[[2000.0,450.0,450.0],0.0001589907],
[[2000.0,500.0,500.0],0.0001664907],
[[2000.0,550.0,550.0],0.0001780215],
[[2000.0,600.0,600.0],0.0001806717],
[[2000.0,650.0,650.0],0.0001714058],
[[2000.0,700.0,700.0],0.0003815716],
[[2000.0,750.0,750.0],0.0001808342],
[[2000.0,800.0,800.0],0.0001774696],
[[2000.0,850.0,850.0],0.0001783049],
[[2000.0,900.0,900.0],0.000237695],
[[2000.0,950.0,950.0],0.0002098933],
[[2250.0,1.0,1.0],0.0001107404],
[[2250.0,10.0,10.0],0.0001162016],
[[2250.0,50.0,50.0],8.268408e-05],
[[2250.0,100.0,100.0],0.0001170247],
[[2250.0,150.0,150.0],0.0001014363],
[[2250.0,300.0,300.0],0.0001638751],
[[2250.0,500.0,500.0],0.0001960455],
[[2250.0,750.0,750.0],0.0002571739],
[[2250.0,1000.0,1000.0],0.0002913208],
[[2500.0,1.0,1.0],7.710196e-05],
[[2500.0,10.0,10.0],8.054352e-05],
[[2500.0,50.0,50.0],7.541099e-05],
[[2500.0,100.0,100.0],9.142474e-05],
[[2500.0,150.0,150.0],9.776982e-05],
[[2500.0,300.0,300.0],0.000222888],
[[2500.0,500.0,500.0],0.0002409109],
[[2500.0,750.0,750.0],0.0002679492],
[[2500.0,1000.0,1000.0],0.0002571629],
[[2500.0,1200.0,1200.0],0.000351681],
[[2750.0,1.0,1.0],8.750304e-05],
[[2750.0,10.0,10.0],7.95085e-05],
[[2750.0,50.0,50.0],6.07711e-05],
[[2750.0,100.0,100.0],7.765215e-05],
[[2750.0,150.0,150.0],9.506106e-05],
[[2750.0,300.0,300.0],0.0001801896],
[[2750.0,500.0,500.0],0.0003417766],
[[2750.0,750.0,750.0],0.0003825983],
[[2750.0,1000.0,1000.0],0.0003071277],
[[2750.0,1200.0,1200.0],0.0003402735],
[[3000.0,1.0,1.0],5.319438e-05],
[[3000.0,10.0,10.0],5.953782e-05],
[[3000.0,50.0,50.0],5.961741e-05],
[[3000.0,100.0,100.0],6.075595e-05],
[[3000.0,150.0,150.0],9.78004e-05],
[[3000.0,300.0,300.0],0.0001456989],
[[3000.0,500.0,500.0],0.000264062],
[[3000.0,750.0,750.0],0.0003637969],
[[3000.0,1000.0,1000.0],0.0004157165],
[[3000.0,1200.0,1200.0],0.0003968334],
[[3000.0,1400.0,1400.0],0.0004042553]]
