txName: TRV1
constraint: {(PV > Zprime(1)), (Zprime(1) > MET(2),MET(3))}
condition: None
conditionDescription: None
figureUrl: https://cms-results.web.cern.ch/cms-results/public-results/publications/EXO-20-004/CMS-EXO-20-004_Figure_007-b.png
source: CMS
validated: True
axesMap: [{0: 'x', 1: 'y', 2: 'y'}]
dataMap: {0: (1, 'mass', GeV), 1: (2, 'mass', GeV), 2: (3, 'mass', GeV)}
finalState: ['MET', 'MET']
intermediateState: None
efficiencyMap: [[[50.0,1.0,1.0],0.0],
[[100.0,1.0,1.0],1.083173e-08],
[[100.0,10.0,10.0],3.01296e-08],
[[150.0,1.0,1.0],2.557861e-08],
[[150.0,75.0,75.0],9.389885e-08],
[[200.0,1.0,1.0],5.597128e-08],
[[200.0,75.0,75.0],1.084578e-07],
[[250.0,1.0,1.0],3.882312e-07],
[[250.0,10.0,10.0],2.980916e-07],
[[250.0,75.0,75.0],3.794117e-07],
[[300.0,1.0,1.0],4.501658e-07],
[[300.0,75.0,75.0],7.028261e-07],
[[350.0,1.0,1.0],5.844835e-07],
[[350.0,75.0,75.0],8.788669e-07],
[[350.0,150.0,150.0],8.316946e-07],
[[400.0,1.0,1.0],9.229043e-07],
[[400.0,75.0,75.0],8.588177e-07],
[[400.0,150.0,150.0],1.225665e-06],
[[450.0,1.0,1.0],1.943153e-06],
[[450.0,75.0,75.0],2.025054e-06],
[[450.0,150.0,150.0],1.298422e-06],
[[450.0,200.0,200.0],1.666903e-06],
[[500.0,1.0,1.0],1.582175e-06],
[[500.0,10.0,10.0],2.616016e-06],
[[500.0,75.0,75.0],2.880973e-06],
[[500.0,150.0,150.0],3.034108e-06],
[[500.0,200.0,200.0],2.341569e-06],
[[550.0,1.0,1.0],3.350129e-06],
[[550.0,75.0,75.0],3.235075e-06],
[[550.0,150.0,150.0],2.981709e-06],
[[550.0,200.0,200.0],3.265216e-06],
[[550.0,250.0,250.0],2.640639e-06],
[[600.0,1.0,1.0],3.658315e-06],
[[600.0,75.0,75.0],4.071047e-06],
[[600.0,150.0,150.0],4.118146e-06],
[[600.0,200.0,200.0],4.098224e-06],
[[600.0,250.0,250.0],4.828856e-06],
[[650.0,1.0,1.0],5.449959e-06],
[[650.0,75.0,75.0],5.762393e-06],
[[650.0,150.0,150.0],5.755757e-06],
[[650.0,200.0,200.0],6.181277e-06],
[[650.0,250.0,250.0],6.414094e-06],
[[650.0,300.0,300.0],5.095778e-06],
[[700.0,1.0,1.0],6.311638e-06],
[[700.0,75.0,75.0],7.154147e-06],
[[700.0,150.0,150.0],8.01477e-06],
[[700.0,200.0,200.0],7.326068e-06],
[[700.0,250.0,250.0],7.497083e-06],
[[700.0,300.0,300.0],4.656651e-06],
[[750.0,1.0,1.0],6.786052e-06],
[[750.0,10.0,10.0],7.59219e-06],
[[750.0,75.0,75.0],7.173143e-06],
[[750.0,150.0,150.0],6.362692e-06],
[[750.0,200.0,200.0],8.633474e-06],
[[750.0,250.0,250.0],8.058811e-06],
[[750.0,300.0,300.0],8.783894e-06],
[[750.0,350.0,350.0],8.900887e-06],
[[800.0,1.0,1.0],9.727434e-06],
[[800.0,75.0,75.0],1.000089e-05],
[[800.0,150.0,150.0],8.944275e-06],
[[800.0,200.0,200.0],1.058339e-05],
[[800.0,250.0,250.0],8.940249e-06],
[[800.0,300.0,300.0],9.288472e-06],
[[800.0,350.0,350.0],9.480698e-06],
[[850.0,1.0,1.0],1.051988e-05],
[[850.0,75.0,75.0],8.867091e-06],
[[850.0,150.0,150.0],1.130018e-05],
[[850.0,200.0,200.0],9.855481e-06],
[[850.0,250.0,250.0],1.02927e-05],
[[850.0,300.0,300.0],7.987734e-06],
[[850.0,350.0,350.0],1.294226e-05],
[[850.0,400.0,400.0],1.171542e-05],
[[900.0,1.0,1.0],1.199111e-05],
[[900.0,75.0,75.0],1.075409e-05],
[[900.0,150.0,150.0],1.174458e-05],
[[900.0,200.0,200.0],1.019569e-05],
[[900.0,250.0,250.0],1.145942e-05],
[[900.0,300.0,300.0],1.277475e-05],
[[900.0,350.0,350.0],1.410881e-05],
[[900.0,400.0,400.0],1.346271e-05],
[[950.0,1.0,1.0],1.320107e-05],
[[950.0,75.0,75.0],1.272985e-05],
[[950.0,150.0,150.0],1.386922e-05],
[[950.0,200.0,200.0],1.381337e-05],
[[950.0,250.0,250.0],1.57418e-05],
[[950.0,300.0,300.0],1.616418e-05],
[[950.0,350.0,350.0],1.512454e-05],
[[950.0,400.0,400.0],1.551792e-05],
[[950.0,450.0,450.0],1.302437e-05],
[[1000.0,1.0,1.0],1.48162e-05],
[[1000.0,10.0,10.0],1.314594e-05],
[[1000.0,75.0,75.0],1.819305e-05],
[[1000.0,150.0,150.0],1.53102e-05],
[[1000.0,200.0,200.0],1.656061e-05],
[[1000.0,250.0,250.0],1.47725e-05],
[[1000.0,300.0,300.0],1.708494e-05],
[[1000.0,350.0,350.0],1.486249e-05],
[[1000.0,400.0,400.0],1.748723e-05],
[[1000.0,450.0,450.0],1.809884e-05],
[[1050.0,1.0,1.0],1.5775e-05],
[[1050.0,75.0,75.0],1.543906e-05],
[[1050.0,150.0,150.0],1.61831e-05],
[[1050.0,200.0,200.0],1.883894e-05],
[[1050.0,250.0,250.0],1.448126e-05],
[[1050.0,300.0,300.0],1.844626e-05],
[[1050.0,350.0,350.0],1.843199e-05],
[[1050.0,400.0,400.0],1.818626e-05],
[[1050.0,450.0,450.0],2.018125e-05],
[[1050.0,500.0,500.0],1.756228e-05],
[[1100.0,1.0,1.0],1.985861e-05],
[[1100.0,75.0,75.0],1.804201e-05],
[[1100.0,150.0,150.0],2.04542e-05],
[[1100.0,200.0,200.0],1.819712e-05],
[[1100.0,250.0,250.0],1.934635e-05],
[[1100.0,300.0,300.0],2.070265e-05],
[[1100.0,350.0,350.0],1.922499e-05],
[[1100.0,400.0,400.0],2.189149e-05],
[[1100.0,450.0,450.0],1.944261e-05],
[[1100.0,500.0,500.0],1.75723e-05],
[[1150.0,1.0,1.0],1.900764e-05],
[[1150.0,75.0,75.0],2.530158e-05],
[[1150.0,150.0,150.0],2.735949e-05],
[[1150.0,200.0,200.0],1.958626e-05],
[[1150.0,250.0,250.0],1.727781e-05],
[[1150.0,300.0,300.0],1.875097e-05],
[[1150.0,350.0,350.0],2.277999e-05],
[[1150.0,400.0,400.0],2.004907e-05],
[[1150.0,450.0,450.0],2.010788e-05],
[[1150.0,500.0,500.0],2.324762e-05],
[[1150.0,550.0,550.0],2.7766e-05],
[[1200.0,1.0,1.0],2.292466e-05],
[[1200.0,75.0,75.0],2.394999e-05],
[[1200.0,150.0,150.0],2.894186e-05],
[[1200.0,200.0,200.0],3.141429e-05],
[[1200.0,250.0,250.0],2.577423e-05],
[[1200.0,300.0,300.0],1.97231e-05],
[[1200.0,350.0,350.0],2.433768e-05],
[[1200.0,400.0,400.0],2.237266e-05],
[[1200.0,450.0,450.0],2.387977e-05],
[[1200.0,500.0,500.0],2.417862e-05],
[[1200.0,550.0,550.0],2.514377e-05],
[[1250.0,1.0,1.0],2.515885e-05],
[[1250.0,10.0,10.0],2.308226e-05],
[[1250.0,75.0,75.0],2.4512e-05],
[[1250.0,150.0,150.0],2.694401e-05],
[[1250.0,200.0,200.0],2.727097e-05],
[[1250.0,250.0,250.0],2.818147e-05],
[[1250.0,300.0,300.0],2.466184e-05],
[[1250.0,350.0,350.0],2.686748e-05],
[[1250.0,400.0,400.0],2.996822e-05],
[[1250.0,450.0,450.0],2.930546e-05],
[[1250.0,500.0,500.0],2.581238e-05],
[[1250.0,550.0,550.0],2.458709e-05],
[[1250.0,600.0,600.0],2.437582e-05],
[[1300.0,1.0,1.0],2.864467e-05],
[[1300.0,75.0,75.0],2.527813e-05],
[[1300.0,150.0,150.0],2.808748e-05],
[[1300.0,200.0,200.0],2.730512e-05],
[[1300.0,250.0,250.0],2.820075e-05],
[[1300.0,300.0,300.0],2.814712e-05],
[[1300.0,350.0,350.0],2.82365e-05],
[[1300.0,400.0,400.0],3.128045e-05],
[[1300.0,450.0,450.0],3.150441e-05],
[[1300.0,500.0,500.0],6.9225e-05],
[[1300.0,550.0,550.0],2.949685e-05],
[[1300.0,600.0,600.0],3.147865e-05],
[[1350.0,1.0,1.0],2.892083e-05],
[[1350.0,75.0,75.0],2.966348e-05],
[[1350.0,150.0,150.0],3.271679e-05],
[[1350.0,200.0,200.0],3.290337e-05],
[[1350.0,250.0,250.0],2.783489e-05],
[[1350.0,300.0,300.0],2.372562e-05],
[[1350.0,350.0,350.0],3.364142e-05],
[[1350.0,400.0,400.0],3.348417e-05],
[[1350.0,450.0,450.0],2.823598e-05],
[[1350.0,500.0,500.0],3.033302e-05],
[[1350.0,550.0,550.0],3.204871e-05],
[[1350.0,600.0,600.0],3.369047e-05],
[[1350.0,650.0,650.0],3.461135e-05],
[[1400.0,1.0,1.0],3.003772e-05],
[[1400.0,75.0,75.0],3.246543e-05],
[[1400.0,150.0,150.0],3.415679e-05],
[[1400.0,200.0,200.0],3.140293e-05],
[[1400.0,250.0,250.0],4.127659e-05],
[[1400.0,300.0,300.0],2.929943e-05],
[[1400.0,350.0,350.0],3.393312e-05],
[[1400.0,400.0,400.0],3.474274e-05],
[[1400.0,450.0,450.0],3.377406e-05],
[[1400.0,500.0,500.0],2.953537e-05],
[[1400.0,550.0,550.0],3.423549e-05],
[[1400.0,600.0,600.0],3.237764e-05],
[[1400.0,650.0,650.0],3.236541e-05],
[[1450.0,1.0,1.0],3.23267e-05],
[[1450.0,75.0,75.0],3.065203e-05],
[[1450.0,150.0,150.0],3.384534e-05],
[[1450.0,200.0,200.0],3.364067e-05],
[[1450.0,250.0,250.0],3.622781e-05],
[[1450.0,300.0,300.0],3.525619e-05],
[[1450.0,350.0,350.0],3.226632e-05],
[[1450.0,400.0,400.0],3.305814e-05],
[[1450.0,450.0,450.0],4.251142e-05],
[[1450.0,500.0,500.0],3.638081e-05],
[[1450.0,550.0,550.0],4.384322e-05],
[[1450.0,600.0,600.0],3.758672e-05],
[[1450.0,650.0,650.0],3.971432e-05],
[[1450.0,700.0,700.0],3.751176e-05],
[[1500.0,1.0,1.0],3.52845e-05],
[[1500.0,10.0,10.0],4.931668e-05],
[[1500.0,75.0,75.0],3.388343e-05],
[[1500.0,150.0,150.0],3.529692e-05],
[[1500.0,200.0,200.0],3.867913e-05],
[[1500.0,250.0,250.0],8.151013e-06],
[[1500.0,300.0,300.0],3.442151e-05],
[[1500.0,350.0,350.0],3.394519e-05],
[[1500.0,400.0,400.0],4.173668e-05],
[[1500.0,450.0,450.0],3.914156e-05],
[[1500.0,500.0,500.0],3.659078e-05],
[[1500.0,550.0,550.0],3.303452e-05],
[[1500.0,600.0,600.0],4.285077e-05],
[[1500.0,650.0,650.0],3.616022e-05],
[[1500.0,700.0,700.0],3.753335e-05],
[[1500.0,750.0,750.0],4.285361e-05],
[[1550.0,1.0,1.0],3.574964e-05],
[[1550.0,75.0,75.0],3.882766e-05],
[[1550.0,150.0,150.0],3.896591e-05],
[[1550.0,200.0,200.0],3.482786e-05],
[[1550.0,250.0,250.0],3.572608e-05],
[[1550.0,300.0,300.0],3.694831e-05],
[[1550.0,350.0,350.0],4.593677e-05],
[[1550.0,400.0,400.0],3.237665e-05],
[[1550.0,450.0,450.0],4.014193e-05],
[[1550.0,500.0,500.0],3.424082e-05],
[[1550.0,550.0,550.0],3.336843e-05],
[[1550.0,600.0,600.0],4.477052e-05],
[[1550.0,650.0,650.0],3.893792e-05],
[[1550.0,700.0,700.0],3.780139e-05],
[[1550.0,750.0,750.0],4.157718e-05],
[[1600.0,1.0,1.0],4.371361e-05],
[[1600.0,75.0,75.0],4.32007e-05],
[[1600.0,150.0,150.0],4.135757e-05],
[[1600.0,200.0,200.0],3.687514e-05],
[[1600.0,250.0,250.0],4.514548e-05],
[[1600.0,300.0,300.0],4.470921e-05],
[[1600.0,350.0,350.0],3.704563e-05],
[[1600.0,400.0,400.0],4.061268e-05],
[[1600.0,450.0,450.0],4.09226e-05],
[[1600.0,500.0,500.0],4.348596e-05],
[[1600.0,550.0,550.0],4.417847e-05],
[[1600.0,600.0,600.0],3.987919e-05],
[[1600.0,650.0,650.0],4.359641e-05],
[[1600.0,700.0,700.0],5.249463e-05],
[[1600.0,750.0,750.0],5.081054e-05],
[[1650.0,1.0,1.0],3.657224e-05],
[[1650.0,75.0,75.0],3.999918e-05],
[[1650.0,150.0,150.0],4.619568e-05],
[[1650.0,200.0,200.0],3.977306e-05],
[[1650.0,250.0,250.0],3.91654e-05],
[[1650.0,300.0,300.0],4.964095e-05],
[[1650.0,350.0,350.0],4.696935e-05],
[[1650.0,400.0,400.0],4.797136e-05],
[[1650.0,450.0,450.0],4.731159e-05],
[[1650.0,500.0,500.0],4.627884e-05],
[[1650.0,550.0,550.0],4.097841e-05],
[[1650.0,600.0,600.0],3.990227e-05],
[[1650.0,650.0,650.0],4.282489e-05],
[[1650.0,700.0,700.0],4.829698e-05],
[[1650.0,750.0,750.0],4.501255e-05],
[[1650.0,800.0,800.0],5.265302e-05],
[[1700.0,1.0,1.0],4.423174e-05],
[[1700.0,75.0,75.0],3.916796e-05],
[[1700.0,150.0,150.0],4.551964e-05],
[[1700.0,200.0,200.0],5.034788e-05],
[[1700.0,250.0,250.0],4.441525e-05],
[[1700.0,300.0,300.0],4.901515e-05],
[[1700.0,350.0,350.0],4.501027e-05],
[[1700.0,400.0,400.0],5.82373e-05],
[[1700.0,450.0,450.0],5.235954e-05],
[[1700.0,500.0,500.0],4.477706e-05],
[[1700.0,550.0,550.0],4.481578e-05],
[[1700.0,600.0,600.0],4.179229e-05],
[[1700.0,650.0,650.0],4.840416e-05],
[[1700.0,700.0,700.0],4.434231e-05],
[[1700.0,750.0,750.0],6.313437e-05],
[[1700.0,800.0,800.0],4.738134e-05],
[[1750.0,1.0,1.0],4.395143e-05],
[[1750.0,10.0,10.0],3.789561e-05],
[[1750.0,75.0,75.0],4.108957e-05],
[[1750.0,150.0,150.0],3.929892e-05],
[[1750.0,200.0,200.0],4.817172e-05],
[[1750.0,250.0,250.0],5.274269e-05],
[[1750.0,300.0,300.0],4.57537e-05],
[[1750.0,350.0,350.0],4.63573e-05],
[[1750.0,400.0,400.0],4.377149e-05],
[[1750.0,450.0,450.0],4.46307e-05],
[[1750.0,500.0,500.0],5.13713e-05],
[[1750.0,550.0,550.0],4.129786e-05],
[[1750.0,600.0,600.0],4.438489e-05],
[[1750.0,650.0,650.0],4.959295e-05],
[[1750.0,700.0,700.0],4.552667e-05],
[[1750.0,750.0,750.0],4.844887e-05],
[[1750.0,800.0,800.0],5.513303e-05],
[[1750.0,850.0,850.0],5.758639e-05],
[[1800.0,1.0,1.0],4.483954e-05],
[[1800.0,75.0,75.0],4.208771e-05],
[[1800.0,150.0,150.0],4.767132e-05],
[[1800.0,200.0,200.0],4.375855e-05],
[[1800.0,250.0,250.0],6.085793e-05],
[[1800.0,300.0,300.0],4.14556e-05],
[[1800.0,350.0,350.0],5.181049e-05],
[[1800.0,400.0,400.0],5.413263e-05],
[[1800.0,450.0,450.0],4.856127e-05],
[[1800.0,500.0,500.0],5.119409e-05],
[[1800.0,550.0,550.0],4.951306e-05],
[[1800.0,600.0,600.0],5.803639e-05],
[[1800.0,650.0,650.0],4.857125e-05],
[[1800.0,700.0,700.0],4.825079e-05],
[[1800.0,750.0,750.0],5.756195e-05],
[[1800.0,800.0,800.0],4.775808e-05],
[[1800.0,850.0,850.0],5.562384e-05],
[[1850.0,1.0,1.0],4.813596e-05],
[[1850.0,75.0,75.0],5.310512e-05],
[[1850.0,150.0,150.0],4.723444e-05],
[[1850.0,200.0,200.0],4.472648e-05],
[[1850.0,250.0,250.0],4.626582e-05],
[[1850.0,300.0,300.0],5.941259e-05],
[[1850.0,350.0,350.0],4.362104e-05],
[[1850.0,400.0,400.0],5.516772e-05],
[[1850.0,450.0,450.0],5.417891e-05],
[[1850.0,500.0,500.0],4.998973e-05],
[[1850.0,550.0,550.0],5.020867e-05],
[[1850.0,600.0,600.0],7.392605e-05],
[[1850.0,650.0,650.0],5.35404e-05],
[[1850.0,700.0,700.0],5.021421e-05],
[[1850.0,750.0,750.0],4.598114e-05],
[[1850.0,800.0,800.0],5.387336e-05],
[[1850.0,850.0,850.0],4.607657e-05],
[[1850.0,900.0,900.0],6.857575e-05],
[[1900.0,1.0,1.0],4.796771e-05],
[[1900.0,75.0,75.0],4.467868e-05],
[[1900.0,150.0,150.0],5.437911e-05],
[[1900.0,200.0,200.0],5.004628e-05],
[[1900.0,250.0,250.0],5.081674e-05],
[[1900.0,300.0,300.0],6.90939e-05],
[[1900.0,350.0,350.0],4.870423e-05],
[[1900.0,400.0,400.0],6.602862e-05],
[[1900.0,450.0,450.0],4.98973e-05],
[[1900.0,500.0,500.0],5.639196e-05],
[[1900.0,550.0,550.0],5.159859e-05],
[[1900.0,600.0,600.0],4.82705e-05],
[[1900.0,650.0,650.0],4.804653e-05],
[[1900.0,700.0,700.0],6.402054e-05],
[[1900.0,750.0,750.0],5.460398e-05],
[[1900.0,800.0,800.0],5.72871e-05],
[[1900.0,850.0,850.0],5.778151e-05],
[[1900.0,900.0,900.0],5.818794e-05],
[[1950.0,1.0,1.0],5.999795e-05],
[[1950.0,75.0,75.0],5.045907e-05],
[[1950.0,150.0,150.0],5.684558e-05],
[[1950.0,200.0,200.0],6.08037e-05],
[[1950.0,250.0,250.0],4.80233e-05],
[[1950.0,300.0,300.0],5.584777e-05],
[[1950.0,350.0,350.0],6.058804e-05],
[[1950.0,400.0,400.0],5.586213e-05],
[[1950.0,450.0,450.0],8.080451e-05],
[[1950.0,500.0,500.0],5.130219e-05],
[[1950.0,550.0,550.0],6.102114e-05],
[[1950.0,600.0,600.0],4.690727e-05],
[[1950.0,650.0,650.0],7.376682e-05],
[[1950.0,700.0,700.0],5.252549e-05],
[[1950.0,750.0,750.0],5.99155e-05],
[[1950.0,800.0,800.0],5.50806e-05],
[[1950.0,850.0,850.0],5.990893e-05],
[[1950.0,900.0,900.0],6.051304e-05],
[[1950.0,950.0,950.0],5.59168e-05],
[[2000.0,1.0,1.0],5.005315e-05],
[[2000.0,75.0,75.0],6.270283e-05],
[[2000.0,150.0,150.0],6.576581e-05],
[[2000.0,200.0,200.0],4.153037e-05],
[[2000.0,250.0,250.0],5.025432e-05],
[[2000.0,300.0,300.0],5.52516e-05],
[[2000.0,350.0,350.0],5.255444e-05],
[[2000.0,400.0,400.0],6.209332e-05],
[[2000.0,450.0,450.0],5.431444e-05],
[[2000.0,500.0,500.0],6.059847e-05],
[[2000.0,550.0,550.0],3.470652e-05],
[[2000.0,600.0,600.0],5.653815e-05],
[[2000.0,650.0,650.0],4.949191e-05],
[[2000.0,700.0,700.0],6.300979e-05],
[[2000.0,750.0,750.0],5.783322e-05],
[[2000.0,800.0,800.0],5.971326e-05],
[[2000.0,850.0,850.0],6.225245e-05],
[[2000.0,900.0,900.0],6.377103e-05],
[[2000.0,950.0,950.0],5.996945e-05],
[[2250.0,1.0,1.0],6.810018e-05],
[[2250.0,75.0,75.0],5.97851e-05],
[[2250.0,150.0,150.0],7.727825e-05],
[[2250.0,300.0,300.0],6.523951e-05],
[[2250.0,500.0,500.0],6.034267e-05],
[[2250.0,750.0,750.0],6.907075e-05],
[[2250.0,1000.0,1000.0],6.689691e-05],
[[2500.0,1.0,1.0],6.507466e-05],
[[2500.0,75.0,75.0],7.306338e-05],
[[2500.0,150.0,150.0],7.35748e-05],
[[2500.0,300.0,300.0],5.496561e-05],
[[2500.0,500.0,500.0],6.597145e-05],
[[2500.0,750.0,750.0],5.993113e-05],
[[2500.0,1000.0,1000.0],6.934148e-05],
[[2500.0,1200.0,1200.0],6.744891e-05],
[[2750.0,1.0,1.0],7.284823e-05],
[[2750.0,75.0,75.0],7.925606e-05],
[[2750.0,150.0,150.0],7.124148e-05],
[[2750.0,300.0,300.0],8.217118e-05],
[[2750.0,500.0,500.0],8.090565e-05],
[[2750.0,750.0,750.0],9.42719e-05],
[[2750.0,1000.0,1000.0],7.370955e-05],
[[2750.0,1200.0,1200.0],8.073289e-05],
[[3000.0,1.0,1.0],7.716406e-05],
[[3000.0,75.0,75.0],6.481658e-05],
[[3000.0,150.0,150.0],8.364115e-05],
[[3000.0,300.0,300.0],7.162417e-05],
[[3000.0,500.0,500.0],6.744834e-05],
[[3000.0,750.0,750.0],7.427686e-05],
[[3000.0,1000.0,1000.0],6.987527e-05],
[[3000.0,1200.0,1200.0],6.943382e-05],
[[3000.0,1400.0,1400.0],7.19615e-05]]
