txName: TRV1
constraint: {(PV > Zprime(1)), (Zprime(1) > MET(2),MET(3))}
condition: None
conditionDescription: None
figureUrl: None
source: Recast by CM2
validated: True
axesMap: [{0: 'x', 1: 'y', 2: 'y'}]
dataMap: {0: (1, 'mass', GeV), 1: (2, 'mass', GeV), 2: (3, 'mass', GeV)}
finalState: ['MET', 'MET']
intermediateState: None
efficiencyMap: [[[50.0,0,0],0],
[[50.0,1.0,1.0],0],
[[50.0,10.0,10.0],0],
[[50.0,20.0,20.0],0],
[[100.0,0,0],0],
[[100.0,1.0,1.0],0],
[[100.0,10.0,10.0],0],
[[150.0,0,0],0],
[[150.0,1.0,1.0],0],
[[150.0,10.0,10.0],0],
[[150.0,50.0,50.0],0],
[[150.0,70.0,70.0],0],
[[200.0,0,0],2.475692e-06],
[[200.0,1.0,1.0],2.844021e-06],
[[200.0,10.0,10.0],2.923181e-06],
[[200.0,50.0,50.0],3.066489e-06],
[[200.0,75.0,75.0],3.04591e-06],
[[250.0,0,0],2.583886e-05],
[[250.0,1.0,1.0],6.06443e-06],
[[250.0,10.0,10.0],6.535885e-06],
[[250.0,50.0,50.0],6.029489e-06],
[[250.0,75.0,75.0],5.702857e-06],
[[250.0,100.0,100.0],6.548979e-06],
[[250.0,120.0,120.0],6.876997e-06],
[[300.0,0,0],1.185264e-05],
[[300.0,1.0,1.0],1.146353e-05],
[[300.0,10.0,10.0],1.216885e-05],
[[300.0,50.0,50.0],3.423688e-05],
[[300.0,75.0,75.0],1.012987e-05],
[[300.0,100.0,100.0],1.071074e-05],
[[350.0,0,0],1.728507e-05],
[[350.0,1.0,1.0],1.82726e-05],
[[350.0,10.0,10.0],1.766016e-05],
[[350.0,50.0,50.0],1.758249e-05],
[[350.0,75.0,75.0],1.890161e-05],
[[350.0,100.0,100.0],1.666041e-05],
[[350.0,150.0,150.0],1.927655e-05],
[[350.0,170.0,170.0],2.079821e-05],
[[400.0,0,0],2.451461e-05],
[[400.0,1.0,1.0],2.489763e-05],
[[400.0,10.0,10.0],2.929021e-05],
[[400.0,50.0,50.0],2.701255e-05],
[[400.0,75.0,75.0],2.822123e-05],
[[400.0,100.0,100.0],2.879453e-05],
[[400.0,150.0,150.0],2.978143e-05],
[[450.0,0,0],3.751269e-05],
[[450.0,1.0,1.0],4.162453e-05],
[[450.0,10.0,10.0],3.800058e-05],
[[450.0,50.0,50.0],3.594371e-05],
[[450.0,75.0,75.0],3.919834e-05],
[[450.0,100.0,100.0],3.755316e-05],
[[450.0,150.0,150.0],3.992563e-05],
[[450.0,200.0,200.0],4.158268e-05],
[[450.0,220.0,220.0],4.348368e-05],
[[500.0,0,0],5.284858e-05],
[[500.0,1.0,1.0],5.512362e-05],
[[500.0,10.0,10.0],5.355326e-05],
[[500.0,50.0,50.0],5.180443e-05],
[[500.0,75.0,75.0],5.376185e-05],
[[500.0,100.0,100.0],5.599028e-05],
[[500.0,150.0,150.0],5.226161e-05],
[[500.0,200.0,200.0],5.362414e-05],
[[550.0,1.0,1.0],6.946794e-05],
[[550.0,10.0,10.0],7.047127e-05],
[[550.0,75.0,75.0],7.067766e-05],
[[550.0,150.0,150.0],7.469447e-05],
[[550.0,200.0,200.0],7.787983e-05],
[[550.0,250.0,250.0],7.672273e-05],
[[550.0,270.0,270.0],8.089271e-05],
[[600.0,0,0],8.787924e-05],
[[600.0,1.0,1.0],9.077871e-05],
[[600.0,10.0,10.0],8.919171e-05],
[[600.0,50.0,50.0],8.659602e-05],
[[600.0,75.0,75.0],9.153312e-05],
[[600.0,100.0,100.0],8.873811e-05],
[[600.0,150.0,150.0],9.665443e-05],
[[600.0,200.0,200.0],9.33375e-05],
[[600.0,250.0,250.0],9.892709e-05],
[[600.0,295.0,295.0],0.0001014128],
[[650.0,1.0,1.0],0.000109985],
[[650.0,10.0,10.0],0.0001156574],
[[650.0,75.0,75.0],0.0001214642],
[[650.0,150.0,150.0],0.0001116697],
[[650.0,200.0,200.0],0.0001155193],
[[650.0,250.0,250.0],0.0001216923],
[[650.0,300.0,300.0],0.0001359502],
[[650.0,320.0,320.0],0.000137301],
[[700.0,0,0],0.0001330289],
[[700.0,1.0,1.0],0.000136022],
[[700.0,10.0,10.0],0.0001355892],
[[700.0,50.0,50.0],0.00013391],
[[700.0,75.0,75.0],0.0001344587],
[[700.0,100.0,100.0],6.67097e-05],
[[700.0,150.0,150.0],0.0001469314],
[[700.0,200.0,200.0],0.0001457295],
[[700.0,250.0,250.0],0.0001462928],
[[700.0,300.0,300.0],0.000146984],
[[750.0,1.0,1.0],0.0001675995],
[[750.0,10.0,10.0],0.0001597398],
[[750.0,75.0,75.0],0.0001634853],
[[750.0,150.0,150.0],0.0001683303],
[[750.0,200.0,200.0],0.0001749905],
[[750.0,250.0,250.0],0.0001744096],
[[750.0,300.0,300.0],0.0001808876],
[[750.0,350.0,350.0],0.0001815697],
[[750.0,370.0,370.0],0.0001977313],
[[800.0,0,0],0.0001866625],
[[800.0,1.0,1.0],0.0001972494],
[[800.0,10.0,10.0],0.0001906557],
[[800.0,50.0,50.0],0.0001968066],
[[800.0,75.0,75.0],0.0002032945],
[[800.0,100.0,100.0],0.0001965324],
[[800.0,150.0,150.0],0.00020459],
[[800.0,200.0,200.0],0.0002000932],
[[800.0,250.0,250.0],0.0001994661],
[[800.0,300.0,300.0],0.0002056642],
[[800.0,350.0,350.0],0.0002140486],
[[850.0,1.0,1.0],0.0002218011],
[[850.0,10.0,10.0],0.0002300327],
[[850.0,75.0,75.0],0.0002205982],
[[850.0,150.0,150.0],0.0002357425],
[[850.0,200.0,200.0],0.0002435756],
[[850.0,250.0,250.0],0.0002328718],
[[850.0,300.0,300.0],0.0002352454],
[[850.0,350.0,350.0],0.0002503154],
[[850.0,400.0,400.0],0.000254662],
[[850.0,420.0,420.0],0.000266196],
[[900.0,0,0],0.0002583331],
[[900.0,1.0,1.0],0.0002645779],
[[900.0,10.0,10.0],0.0002581982],
[[900.0,50.0,50.0],0.000288109],
[[900.0,75.0,75.0],0.0002586979],
[[900.0,100.0,100.0],0.0002559558],
[[900.0,150.0,150.0],0.0002600821],
[[900.0,200.0,200.0],0.0002680138],
[[900.0,250.0,250.0],0.0002832055],
[[900.0,300.0,300.0],0.0002845713],
[[900.0,350.0,350.0],0.0002843036],
[[900.0,400.0,400.0],0.00028515],
[[950.0,1.0,1.0],0.0002817317],
[[950.0,10.0,10.0],0.0002861113],
[[950.0,75.0,75.0],0.000290557],
[[950.0,150.0,150.0],0.000293803],
[[950.0,200.0,200.0],0.0003158219],
[[950.0,250.0,250.0],0.0003092634],
[[950.0,300.0,300.0],0.0003118933],
[[950.0,350.0,350.0],0.0003208003],
[[950.0,400.0,400.0],0.0003183158],
[[950.0,450.0,450.0],0.0003459871],
[[950.0,470.0,470.0],0.0003510982],
[[1000.0,0,0],0.0003315604],
[[1000.0,50.0,50.0],0.0003391578],
[[1000.0,100.0,100.0],0.000331445],
[[1000.0,150.0,150.0],0.000326008],
[[1000.0,200.0,200.0],0.00033661],
[[1000.0,250.0,250.0],0.0003523693],
[[1000.0,300.0,300.0],0.0003382229],
[[1000.0,350.0,350.0],0.0003551028],
[[1000.0,400.0,400.0],0.000364498],
[[1000.0,450.0,450.0],0.0003710649],
[[1050.0,520.0,520.0],0.0004548612],
[[1100.0,0,0],0.000385586],
[[1100.0,100.0,100.0],0.0003991088],
[[1100.0,200.0,200.0],0.0004110843],
[[1100.0,300.0,300.0],0.0004149449],
[[1100.0,400.0,400.0],0.0004458219],
[[1100.0,500.0,500.0],0.0004520367],
[[1150.0,570.0,570.0],0.0005382678],
[[1200.0,0,0],0.0004815526],
[[1200.0,100.0,100.0],0.0005102954],
[[1200.0,200.0,200.0],0.0005018297],
[[1200.0,300.0,300.0],0.0005075871],
[[1200.0,400.0,400.0],0.0005323657],
[[1200.0,500.0,500.0],0.0005341726],
[[1250.0,620.0,620.0],0.0006491972],
[[1300.0,0,0],0.0005922747],
[[1300.0,100.0,100.0],0.0005858757],
[[1300.0,200.0,200.0],0.0005711443],
[[1300.0,300.0,300.0],0.0006112837],
[[1300.0,400.0,400.0],0.0006061244],
[[1300.0,500.0,500.0],0.0006306932],
[[1300.0,600.0,600.0],0.0006484262],
[[1350.0,670.0,670.0],0.0007619421],
[[1400.0,0,0],0.0006736278],
[[1400.0,100.0,100.0],0.0006706842],
[[1400.0,200.0,200.0],0.0007114741],
[[1400.0,300.0,300.0],0.0007060842],
[[1400.0,400.0,400.0],0.0006888525],
[[1400.0,500.0,500.0],0.0007252564],
[[1400.0,600.0,600.0],0.0007515799],
[[1450.0,720.0,720.0],0.0008568815],
[[1500.0,0,0],0.0007857933],
[[1500.0,100.0,100.0],0.000770699],
[[1500.0,200.0,200.0],0.0008097957],
[[1500.0,300.0,300.0],0.0008088967],
[[1500.0,400.0,400.0],0.0007964997],
[[1500.0,500.0,500.0],0.000811796],
[[1500.0,600.0,600.0],0.0008525969],
[[1500.0,700.0,700.0],0.0008867324],
[[1550.0,770.0,770.0],0.0009823479],
[[1600.0,0,0],0.0008420068],
[[1600.0,100.0,100.0],0.0009059021],
[[1600.0,200.0,200.0],0.0008736104],
[[1600.0,300.0,300.0],0.0009377284],
[[1600.0,400.0,400.0],0.0009391328],
[[1600.0,500.0,500.0],0.0009390958],
[[1600.0,600.0,600.0],0.0009482251],
[[1600.0,700.0,700.0],0.0009458512],
[[1650.0,820.0,820.0],0.001060584],
[[1700.0,0,0],0.000924677],
[[1700.0,100.0,100.0],0.0009399843],
[[1700.0,200.0,200.0],0.0009913669],
[[1700.0,300.0,300.0],0.001005616],
[[1700.0,400.0,400.0],0.001010376],
[[1700.0,500.0,500.0],0.001008158],
[[1700.0,600.0,600.0],0.001028678],
[[1700.0,700.0,700.0],0.001095243],
[[1700.0,800.0,800.0],0.001127569],
[[1750.0,870.0,870.0],0.001144091],
[[1800.0,0,0],0.0009940475],
[[1800.0,100.0,100.0],0.001048764],
[[1800.0,200.0,200.0],0.001113814],
[[1800.0,300.0,300.0],0.00106118],
[[1800.0,400.0,400.0],0.001141443],
[[1800.0,500.0,500.0],0.001123684],
[[1800.0,600.0,600.0],0.001138509],
[[1800.0,700.0,700.0],0.001189635],
[[1800.0,800.0,800.0],0.001210848],
[[1850.0,920.0,920.0],0.001290164],
[[1900.0,0,0],0.00109076],
[[1900.0,100.0,100.0],0.001099478],
[[1900.0,200.0,200.0],0.001157565],
[[1900.0,300.0,300.0],0.001152967],
[[1900.0,400.0,400.0],0.001197919],
[[1900.0,500.0,500.0],0.001223334],
[[1900.0,600.0,600.0],0.001212249],
[[1900.0,700.0,700.0],0.001248689],
[[1900.0,800.0,800.0],0.001283931],
[[1900.0,900.0,900.0],0.001301512],
[[1950.0,970.0,970.0],0.001408433],
[[2000.0,0,0],0.001185271],
[[2000.0,100.0,100.0],0.001188433],
[[2000.0,200.0,200.0],0.001252308],
[[2000.0,300.0,300.0],0.001266884],
[[2000.0,400.0,400.0],0.001320595],
[[2000.0,500.0,500.0],0.001285075],
[[2000.0,600.0,600.0],0.001298131],
[[2000.0,700.0,700.0],0.001337776],
[[2000.0,800.0,800.0],0.001369875],
[[2000.0,900.0,900.0],0.001371987],
[[2050.0,1020.0,1020.0],0.001466718],
[[2100.0,0,0],0.001215694],
[[2100.0,100.0,100.0],0.001320472],
[[2100.0,200.0,200.0],0.001368989],
[[2100.0,300.0,300.0],0.001374942],
[[2100.0,400.0,400.0],0.001339611],
[[2100.0,500.0,500.0],0.001376411],
[[2100.0,600.0,600.0],0.001392916],
[[2100.0,700.0,700.0],0.00145636],
[[2100.0,800.0,800.0],0.001474395],
[[2100.0,900.0,900.0],0.001426218],
[[2100.0,1000.0,1000.0],0.001499634],
[[2150.0,1070.0,1070.0],0.001597879],
[[2200.0,0,0],0.001276729],
[[2200.0,100.0,100.0],0.001340115],
[[2200.0,200.0,200.0],0.001411273],
[[2200.0,300.0,300.0],0.001386977],
[[2200.0,400.0,400.0],0.001444203],
[[2200.0,500.0,500.0],0.00149514],
[[2200.0,600.0,600.0],0.001459887],
[[2200.0,700.0,700.0],0.001501043],
[[2200.0,800.0,800.0],0.001503126],
[[2200.0,900.0,900.0],0.001587864],
[[2200.0,1000.0,1000.0],0.001583459],
[[2250.0,1120.0,1120.0],0.001664866],
[[2300.0,0,0],0.001368235],
[[2300.0,100.0,100.0],0.001369095],
[[2300.0,200.0,200.0],0.001419005],
[[2300.0,300.0,300.0],0.00150192],
[[2300.0,400.0,400.0],0.001535561],
[[2300.0,500.0,500.0],0.001562564],
[[2300.0,600.0,600.0],0.001553126],
[[2300.0,700.0,700.0],0.00157524],
[[2300.0,800.0,800.0],0.001527289],
[[2300.0,900.0,900.0],0.001584604],
[[2300.0,1000.0,1000.0],0.001663597],
[[2300.0,1100.0,1100.0],0.001659422],
[[2350.0,1170.0,1170.0],0.00170233],
[[2400.0,0,0],0.001373797],
[[2400.0,100.0,100.0],0.00142693],
[[2400.0,200.0,200.0],0.001501139],
[[2400.0,300.0,300.0],0.001614514],
[[2400.0,400.0,400.0],0.001592382],
[[2400.0,500.0,500.0],0.001603834],
[[2400.0,600.0,600.0],0.001637143],
[[2400.0,700.0,700.0],0.001662111],
[[2400.0,800.0,800.0],0.001645248],
[[2400.0,900.0,900.0],0.001736916],
[[2400.0,1000.0,1000.0],0.001651344],
[[2400.0,1100.0,1100.0],0.001638187],
[[2450.0,1220.0,1220.0],0.001823626],
[[2500.0,0,0],0.001432556],
[[2500.0,100.0,100.0],0.001526554],
[[2500.0,200.0,200.0],0.001545878],
[[2500.0,300.0,300.0],0.001600564],
[[2500.0,400.0,400.0],0.001601894],
[[2500.0,500.0,500.0],0.001671016],
[[2500.0,600.0,600.0],0.001706563],
[[2500.0,700.0,700.0],0.001688308],
[[2500.0,800.0,800.0],0.001677829],
[[2500.0,900.0,900.0],0.001779732],
[[2500.0,1000.0,1000.0],0.001762526],
[[2500.0,1100.0,1100.0],0.001763599],
[[2500.0,1200.0,1200.0],0.001733794],
[[2550.0,1270.0,1270.0],0.001824475],
[[2600.0,0,0],0.001486361],
[[2600.0,100.0,100.0],0.001555627],
[[2600.0,200.0,200.0],0.001568938],
[[2600.0,300.0,300.0],0.001662144],
[[2600.0,400.0,400.0],0.001750275],
[[2600.0,500.0,500.0],0.001759313],
[[2600.0,600.0,600.0],0.001717369],
[[2600.0,700.0,700.0],0.001745295],
[[2600.0,800.0,800.0],0.001806224],
[[2600.0,900.0,900.0],0.001774595],
[[2600.0,1000.0,1000.0],0.001813525],
[[2600.0,1100.0,1100.0],0.001806288],
[[2600.0,1200.0,1200.0],0.001886171],
[[2650.0,1320.0,1320.0],0.001893683],
[[2700.0,0,0],0.001489684],
[[2700.0,100.0,100.0],0.001589087],
[[2700.0,200.0,200.0],0.00161236],
[[2700.0,300.0,300.0],0.001680264],
[[2700.0,400.0,400.0],0.001712608],
[[2700.0,500.0,500.0],0.001776282],
[[2700.0,600.0,600.0],0.001769584],
[[2700.0,700.0,700.0],0.001846318],
[[2700.0,800.0,800.0],0.001751802],
[[2700.0,900.0,900.0],0.001834108],
[[2700.0,1000.0,1000.0],0.001887208],
[[2700.0,1100.0,1100.0],0.001832076],
[[2700.0,1200.0,1200.0],0.001863218],
[[2700.0,1300.0,1300.0],0.001963233],
[[2750.0,1370.0,1370.0],0.00199992],
[[2800.0,0,0],0.001472172],
[[2800.0,100.0,100.0],0.001595899],
[[2800.0,200.0,200.0],0.001695378],
[[2800.0,300.0,300.0],0.001771915],
[[2800.0,400.0,400.0],0.001716902],
[[2800.0,500.0,500.0],0.001847147],
[[2800.0,600.0,600.0],0.00185236],
[[2800.0,700.0,700.0],0.00189898],
[[2800.0,800.0,800.0],0.001925358],
[[2800.0,900.0,900.0],0.001931518],
[[2800.0,1000.0,1000.0],0.001918002],
[[2800.0,1100.0,1100.0],0.001908643],
[[2800.0,1200.0,1200.0],0.001917502],
[[2800.0,1300.0,1300.0],0.00201195],
[[2850.0,1420.0,1420.0],0.001994597],
[[2900.0,0,0],0.001515311],
[[2900.0,100.0,100.0],0.001593889],
[[2900.0,200.0,200.0],0.001648338],
[[2900.0,300.0,300.0],0.001742954],
[[2900.0,400.0,400.0],0.00182867],
[[2900.0,500.0,500.0],0.003242248],
[[2900.0,600.0,600.0],0.001867024],
[[2900.0,700.0,700.0],0.001952667],
[[2900.0,800.0,800.0],0.001936728],
[[2900.0,900.0,900.0],0.0008865536],
[[2900.0,1000.0,1000.0],0.001947653],
[[2900.0,1100.0,1100.0],0.001959092],
[[2900.0,1200.0,1200.0],0.00196123],
[[2900.0,1300.0,1300.0],0.002007779],
[[2900.0,1400.0,1400.0],0.002001396],
[[2950.0,1470.0,1470.0],0.001998941],
[[3000.0,0,0],0.001571097],
[[3000.0,100.0,100.0],0.001622569],
[[3000.0,200.0,200.0],0.001689772],
[[3000.0,300.0,300.0],0.001820379],
[[3000.0,400.0,400.0],0.001864314],
[[3000.0,500.0,500.0],0.001847462],
[[3000.0,600.0,600.0],0.001872636],
[[3000.0,700.0,700.0],0.001928817],
[[3000.0,800.0,800.0],0.001988033],
[[3000.0,900.0,900.0],0.001975839],
[[3000.0,1000.0,1000.0],0.002030355],
[[3000.0,1100.0,1100.0],0.00201464],
[[3000.0,1200.0,1200.0],0.001983701],
[[3000.0,1300.0,1300.0],0.001996254],
[[3000.0,1400.0,1400.0],0.002008287]]
