txName: TRV1
constraint: {(PV > Zprime(1)), (Zprime(1) > MET(2),MET(3))}
condition: None
conditionDescription: None
figureUrl: None
source: Recast by CM2
validated: True
axesMap: [{0: 'x', 1: 'y', 2: 'y'}]
dataMap: {0: (1, 'mass', GeV), 1: (2, 'mass', GeV), 2: (3, 'mass', GeV)}
finalState: ['MET', 'MET']
intermediateState: None
efficiencyMap: [[[50.0,0,0],0],
[[50.0,1.0,1.0],0.0],
[[50.0,10.0,10.0],0.0],
[[50.0,20.0,20.0],0],
[[100.0,0,0],0],
[[100.0,1.0,1.0],0],
[[100.0,10.0,10.0],0.0],
[[150.0,0,0],0],
[[150.0,1.0,1.0],0],
[[150.0,10.0,10.0],0.0],
[[150.0,50.0,50.0],0],
[[150.0,70.0,70.0],0],
[[200.0,0,0],0.0],
[[200.0,1.0,1.0],0],
[[200.0,10.0,10.0],0],
[[200.0,50.0,50.0],0],
[[200.0,75.0,75.0],0],
[[250.0,0,0],0],
[[250.0,1.0,1.0],0],
[[250.0,10.0,10.0],0],
[[250.0,50.0,50.0],0],
[[250.0,75.0,75.0],0],
[[250.0,100.0,100.0],0],
[[250.0,120.0,120.0],0],
[[300.0,0,0],0],
[[300.0,1.0,1.0],0],
[[300.0,10.0,10.0],0],
[[300.0,50.0,50.0],0],
[[300.0,75.0,75.0],0],
[[300.0,100.0,100.0],0],
[[350.0,0,0],0],
[[350.0,1.0,1.0],0],
[[350.0,10.0,10.0],0],
[[350.0,50.0,50.0],0],
[[350.0,75.0,75.0],0],
[[350.0,100.0,100.0],0],
[[350.0,150.0,150.0],0],
[[350.0,170.0,170.0],0],
[[400.0,0,0],0],
[[400.0,1.0,1.0],0],
[[400.0,10.0,10.0],0],
[[400.0,50.0,50.0],0],
[[400.0,75.0,75.0],0],
[[400.0,100.0,100.0],0],
[[400.0,150.0,150.0],0],
[[450.0,0,0],1.65367e-06],
[[450.0,1.0,1.0],0],
[[450.0,10.0,10.0],0],
[[450.0,50.0,50.0],0],
[[450.0,75.0,75.0],0],
[[450.0,100.0,100.0],0],
[[450.0,150.0,150.0],0],
[[450.0,200.0,200.0],0],
[[450.0,220.0,220.0],0],
[[500.0,0,0],0],
[[500.0,1.0,1.0],2.22162e-06],
[[500.0,10.0,10.0],0],
[[500.0,50.0,50.0],0],
[[500.0,75.0,75.0],0],
[[500.0,100.0,100.0],2.372665e-06],
[[500.0,150.0,150.0],0],
[[500.0,200.0,200.0],1.684392e-06],
[[550.0,1.0,1.0],0],
[[550.0,10.0,10.0],1.817192e-06],
[[550.0,75.0,75.0],2.183999e-06],
[[550.0,150.0,150.0],1.922069e-06],
[[550.0,200.0,200.0],2.124805e-06],
[[550.0,250.0,250.0],2.107405e-06],
[[550.0,270.0,270.0],0],
[[600.0,0,0],2.194032e-06],
[[600.0,1.0,1.0],0],
[[600.0,10.0,10.0],2.356583e-06],
[[600.0,50.0,50.0],0],
[[600.0,75.0,75.0],2.564157e-06],
[[600.0,100.0,100.0],0],
[[600.0,150.0,150.0],3.213282e-06],
[[600.0,200.0,200.0],1.762323e-06],
[[600.0,250.0,250.0],2.914967e-06],
[[600.0,295.0,295.0],2.474669e-06],
[[650.0,1.0,1.0],0],
[[650.0,10.0,10.0],3.215646e-06],
[[650.0,75.0,75.0],3.13554e-06],
[[650.0,150.0,150.0],2.236011e-06],
[[650.0,200.0,200.0],4.903272e-06],
[[650.0,250.0,250.0],2.598201e-06],
[[650.0,300.0,300.0],6.875259e-06],
[[650.0,320.0,320.0],5.066256e-06],
[[700.0,0,0],2.815197e-06],
[[700.0,1.0,1.0],3.326796e-06],
[[700.0,10.0,10.0],2.954374e-06],
[[700.0,50.0,50.0],4.405517e-06],
[[700.0,75.0,75.0],3.37169e-06],
[[700.0,100.0,100.0],0],
[[700.0,150.0,150.0],5.490135e-06],
[[700.0,200.0,200.0],2.689051e-06],
[[700.0,250.0,250.0],3.865108e-06],
[[700.0,300.0,300.0],2.468529e-06],
[[750.0,1.0,1.0],3.775575e-06],
[[750.0,10.0,10.0],2.558114e-06],
[[750.0,75.0,75.0],2.740763e-06],
[[750.0,150.0,150.0],2.958069e-06],
[[750.0,200.0,200.0],4.169952e-06],
[[750.0,250.0,250.0],4.716709e-06],
[[750.0,300.0,300.0],4.847451e-06],
[[750.0,350.0,350.0],3.651602e-06],
[[750.0,370.0,370.0],3.4987e-06],
[[800.0,0,0],5.211844e-06],
[[800.0,1.0,1.0],5.879042e-06],
[[800.0,10.0,10.0],4.625518e-06],
[[800.0,50.0,50.0],6.027149e-06],
[[800.0,75.0,75.0],3.96257e-06],
[[800.0,100.0,100.0],4.329101e-06],
[[800.0,150.0,150.0],4.307891e-06],
[[800.0,200.0,200.0],4.033062e-06],
[[800.0,250.0,250.0],4.293908e-06],
[[800.0,300.0,300.0],6.173781e-06],
[[800.0,350.0,350.0],4.416116e-06],
[[850.0,1.0,1.0],5.714996e-06],
[[850.0,10.0,10.0],5.42032e-06],
[[850.0,75.0,75.0],4.574431e-06],
[[850.0,150.0,150.0],6.30499e-06],
[[850.0,200.0,200.0],6.832099e-06],
[[850.0,250.0,250.0],6.628587e-06],
[[850.0,300.0,300.0],3.607389e-06],
[[850.0,350.0,350.0],4.094531e-06],
[[850.0,400.0,400.0],6.719322e-06],
[[850.0,420.0,420.0],6.802036e-06],
[[900.0,0,0],4.285668e-06],
[[900.0,1.0,1.0],6.602271e-06],
[[900.0,10.0,10.0],5.995824e-06],
[[900.0,50.0,50.0],6.156363e-06],
[[900.0,75.0,75.0],6.243246e-06],
[[900.0,100.0,100.0],5.49403e-06],
[[900.0,150.0,150.0],7.866281e-06],
[[900.0,200.0,200.0],6.846404e-06],
[[900.0,250.0,250.0],8.440618e-06],
[[900.0,300.0,300.0],4.812402e-06],
[[900.0,350.0,350.0],5.489588e-06],
[[900.0,400.0,400.0],3.775866e-06],
[[950.0,1.0,1.0],7.638411e-06],
[[950.0,10.0,10.0],5.271741e-06],
[[950.0,75.0,75.0],6.530291e-06],
[[950.0,150.0,150.0],8.217973e-06],
[[950.0,200.0,200.0],6.254517e-06],
[[950.0,250.0,250.0],7.214426e-06],
[[950.0,300.0,300.0],7.00059e-06],
[[950.0,350.0,350.0],7.894431e-06],
[[950.0,400.0,400.0],7.067774e-06],
[[950.0,450.0,450.0],7.54361e-06],
[[950.0,470.0,470.0],9.626723e-06],
[[1000.0,0,0],5.080304e-06],
[[1000.0,50.0,50.0],1.012057e-05],
[[1000.0,100.0,100.0],7.122216e-06],
[[1000.0,150.0,150.0],6.572376e-06],
[[1000.0,200.0,200.0],8.775859e-06],
[[1000.0,250.0,250.0],8.603917e-06],
[[1000.0,300.0,300.0],7.596956e-06],
[[1000.0,350.0,350.0],7.099626e-06],
[[1000.0,400.0,400.0],1.03672e-05],
[[1000.0,450.0,450.0],7.756285e-06],
[[1050.0,520.0,520.0],7.222957e-06],
[[1100.0,0,0],3.86663e-06],
[[1100.0,100.0,100.0],6.905207e-06],
[[1100.0,200.0,200.0],1.086019e-05],
[[1100.0,300.0,300.0],6.473083e-06],
[[1100.0,400.0,400.0],7.330274e-06],
[[1100.0,500.0,500.0],5.058319e-06],
[[1150.0,570.0,570.0],9.836859e-06],
[[1200.0,0,0],9.267095e-06],
[[1200.0,100.0,100.0],7.744216e-06],
[[1200.0,200.0,200.0],1.002258e-05],
[[1200.0,300.0,300.0],1.027996e-05],
[[1200.0,400.0,400.0],9.3352e-06],
[[1200.0,500.0,500.0],1.049283e-05],
[[1250.0,620.0,620.0],1.239883e-05],
[[1300.0,0,0],1.368333e-05],
[[1300.0,100.0,100.0],8.918414e-06],
[[1300.0,200.0,200.0],1.360051e-05],
[[1300.0,300.0,300.0],8.816486e-06],
[[1300.0,400.0,400.0],1.267328e-05],
[[1300.0,500.0,500.0],9.538869e-06],
[[1300.0,600.0,600.0],1.318431e-05],
[[1350.0,670.0,670.0],1.005447e-05],
[[1400.0,0,0],1.082175e-05],
[[1400.0,100.0,100.0],1.14556e-05],
[[1400.0,200.0,200.0],8.287428e-06],
[[1400.0,300.0,300.0],1.014965e-05],
[[1400.0,400.0,400.0],1.024652e-05],
[[1400.0,500.0,500.0],1.184972e-05],
[[1400.0,600.0,600.0],9.46498e-06],
[[1450.0,720.0,720.0],1.365914e-05],
[[1500.0,0,0],1.592457e-05],
[[1500.0,100.0,100.0],1.208279e-05],
[[1500.0,200.0,200.0],1.027987e-05],
[[1500.0,300.0,300.0],8.565692e-06],
[[1500.0,400.0,400.0],1.055093e-05],
[[1500.0,500.0,500.0],1.539084e-05],
[[1500.0,600.0,600.0],1.433414e-05],
[[1500.0,700.0,700.0],1.427403e-05],
[[1550.0,770.0,770.0],9.620669e-06],
[[1600.0,0,0],1.06152e-05],
[[1600.0,100.0,100.0],1.478038e-05],
[[1600.0,200.0,200.0],1.533855e-05],
[[1600.0,300.0,300.0],1.135181e-05],
[[1600.0,400.0,400.0],1.745276e-05],
[[1600.0,500.0,500.0],1.6505e-05],
[[1600.0,600.0,600.0],1.255342e-05],
[[1600.0,700.0,700.0],9.960159e-06],
[[1650.0,820.0,820.0],1.35391e-05],
[[1700.0,0,0],1.663813e-05],
[[1700.0,100.0,100.0],1.624703e-05],
[[1700.0,200.0,200.0],1.153023e-05],
[[1700.0,300.0,300.0],2.158154e-05],
[[1700.0,400.0,400.0],1.150668e-05],
[[1700.0,500.0,500.0],6.528295e-06],
[[1700.0,600.0,600.0],1.490632e-05],
[[1700.0,700.0,700.0],1.76932e-05],
[[1700.0,800.0,800.0],2.138066e-05],
[[1750.0,870.0,870.0],1.205509e-05],
[[1800.0,0,0],2.524894e-05],
[[1800.0,100.0,100.0],1.358604e-05],
[[1800.0,200.0,200.0],1.448676e-05],
[[1800.0,300.0,300.0],1.316859e-05],
[[1800.0,400.0,400.0],1.191355e-05],
[[1800.0,500.0,500.0],1.393399e-05],
[[1800.0,600.0,600.0],1.320528e-05],
[[1800.0,700.0,700.0],1.305258e-05],
[[1800.0,800.0,800.0],1.919209e-05],
[[1850.0,920.0,920.0],1.428408e-05],
[[1900.0,0,0],1.167391e-05],
[[1900.0,100.0,100.0],2.245781e-05],
[[1900.0,200.0,200.0],1.862486e-05],
[[1900.0,300.0,300.0],1.294609e-05],
[[1900.0,400.0,400.0],1.508188e-05],
[[1900.0,500.0,500.0],1.885701e-05],
[[1900.0,600.0,600.0],1.194179e-05],
[[1900.0,700.0,700.0],1.384879e-05],
[[1900.0,800.0,800.0],1.653193e-05],
[[1900.0,900.0,900.0],1.648092e-05],
[[1950.0,970.0,970.0],1.463195e-05],
[[2000.0,0,0],3.064348e-05],
[[2000.0,100.0,100.0],1.453944e-05],
[[2000.0,200.0,200.0],1.585019e-05],
[[2000.0,300.0,300.0],1.441924e-05],
[[2000.0,400.0,400.0],2.739621e-05],
[[2000.0,500.0,500.0],1.679682e-05],
[[2000.0,600.0,600.0],9.221678e-06],
[[2000.0,700.0,700.0],1.103182e-05],
[[2000.0,800.0,800.0],1.625274e-05],
[[2000.0,900.0,900.0],1.694426e-05],
[[2050.0,1020.0,1020.0],2.369988e-05],
[[2100.0,0,0],1.19799e-05],
[[2100.0,100.0,100.0],2.232248e-05],
[[2100.0,200.0,200.0],1.25868e-05],
[[2100.0,300.0,300.0],1.428753e-05],
[[2100.0,400.0,400.0],1.920338e-05],
[[2100.0,500.0,500.0],1.407672e-05],
[[2100.0,600.0,600.0],1.776905e-05],
[[2100.0,700.0,700.0],1.398138e-05],
[[2100.0,800.0,800.0],1.53816e-05],
[[2100.0,900.0,900.0],2.795637e-05],
[[2100.0,1000.0,1000.0],1.438008e-05],
[[2150.0,1070.0,1070.0],1.762424e-05],
[[2200.0,0,0],1.656899e-05],
[[2200.0,100.0,100.0],1.640035e-05],
[[2200.0,200.0,200.0],1.242745e-05],
[[2200.0,300.0,300.0],2.040153e-05],
[[2200.0,400.0,400.0],1.693918e-05],
[[2200.0,500.0,500.0],1.378481e-05],
[[2200.0,600.0,600.0],1.721588e-05],
[[2200.0,700.0,700.0],1.50605e-05],
[[2200.0,800.0,800.0],1.895461e-05],
[[2200.0,900.0,900.0],2.94543e-05],
[[2200.0,1000.0,1000.0],1.915303e-05],
[[2250.0,1120.0,1120.0],1.585702e-05],
[[2300.0,0,0],2.113782e-05],
[[2300.0,100.0,100.0],1.29095e-05],
[[2300.0,200.0,200.0],1.128936e-05],
[[2300.0,300.0,300.0],1.921623e-05],
[[2300.0,400.0,400.0],1.271818e-05],
[[2300.0,500.0,500.0],1.091262e-05],
[[2300.0,600.0,600.0],1.657273e-05],
[[2300.0,700.0,700.0],1.212485e-05],
[[2300.0,800.0,800.0],1.151422e-05],
[[2300.0,900.0,900.0],1.789685e-05],
[[2300.0,1000.0,1000.0],1.251418e-05],
[[2300.0,1100.0,1100.0],1.978084e-05],
[[2350.0,1170.0,1170.0],1.394155e-05],
[[2400.0,0,0],1.350762e-05],
[[2400.0,100.0,100.0],1.504519e-05],
[[2400.0,200.0,200.0],1.580169e-05],
[[2400.0,300.0,300.0],1.342689e-05],
[[2400.0,400.0,400.0],1.619818e-05],
[[2400.0,500.0,500.0],1.720666e-05],
[[2400.0,600.0,600.0],1.77295e-05],
[[2400.0,700.0,700.0],1.615534e-05],
[[2400.0,800.0,800.0],1.617551e-05],
[[2400.0,900.0,900.0],1.774098e-05],
[[2400.0,1000.0,1000.0],1.637699e-05],
[[2400.0,1100.0,1100.0],1.69001e-05],
[[2450.0,1220.0,1220.0],2.123548e-05],
[[2500.0,0,0],1.255572e-05],
[[2500.0,100.0,100.0],1.749271e-05],
[[2500.0,200.0,200.0],1.740527e-05],
[[2500.0,300.0,300.0],1.794869e-05],
[[2500.0,400.0,400.0],1.662721e-05],
[[2500.0,500.0,500.0],2.087539e-05],
[[2500.0,600.0,600.0],1.863392e-05],
[[2500.0,700.0,700.0],2.193995e-05],
[[2500.0,800.0,800.0],1.387181e-05],
[[2500.0,900.0,900.0],1.346618e-05],
[[2500.0,1000.0,1000.0],1.59378e-05],
[[2500.0,1100.0,1100.0],1.588281e-05],
[[2500.0,1200.0,1200.0],1.202467e-05],
[[2550.0,1270.0,1270.0],1.61117e-05],
[[2600.0,0,0],8.863532e-06],
[[2600.0,100.0,100.0],2.171035e-05],
[[2600.0,200.0,200.0],1.235416e-05],
[[2600.0,300.0,300.0],1.628445e-05],
[[2600.0,400.0,400.0],1.205383e-05],
[[2600.0,500.0,500.0],1.633942e-05],
[[2600.0,600.0,600.0],1.497694e-05],
[[2600.0,700.0,700.0],2.035936e-05],
[[2600.0,800.0,800.0],1.735749e-05],
[[2600.0,900.0,900.0],1.340665e-05],
[[2600.0,1000.0,1000.0],2.113359e-05],
[[2600.0,1100.0,1100.0],1.600444e-05],
[[2600.0,1200.0,1200.0],9.636503e-06],
[[2650.0,1320.0,1320.0],1.352274e-05],
[[2700.0,0,0],1.752333e-05],
[[2700.0,100.0,100.0],1.665131e-05],
[[2700.0,200.0,200.0],1.587113e-05],
[[2700.0,300.0,300.0],1.8487e-05],
[[2700.0,400.0,400.0],1.474038e-05],
[[2700.0,500.0,500.0],1.960109e-05],
[[2700.0,600.0,600.0],1.705929e-05],
[[2700.0,700.0,700.0],1.30166e-05],
[[2700.0,800.0,800.0],1.577637e-05],
[[2700.0,900.0,900.0],1.739854e-05],
[[2700.0,1000.0,1000.0],1.709514e-05],
[[2700.0,1100.0,1100.0],2.198715e-05],
[[2700.0,1200.0,1200.0],1.362918e-05],
[[2700.0,1300.0,1300.0],1.604157e-05],
[[2750.0,1370.0,1370.0],2.098848e-05],
[[2800.0,0,0],1.176657e-05],
[[2800.0,100.0,100.0],1.999302e-05],
[[2800.0,200.0,200.0],1.531486e-05],
[[2800.0,300.0,300.0],2.135171e-05],
[[2800.0,400.0,400.0],1.393713e-05],
[[2800.0,500.0,500.0],1.838961e-05],
[[2800.0,600.0,600.0],2.165309e-05],
[[2800.0,700.0,700.0],1.836217e-05],
[[2800.0,800.0,800.0],1.643224e-05],
[[2800.0,900.0,900.0],2.359754e-05],
[[2800.0,1000.0,1000.0],1.582799e-05],
[[2800.0,1100.0,1100.0],1.52758e-05],
[[2800.0,1200.0,1200.0],1.162916e-05],
[[2800.0,1300.0,1300.0],1.946932e-05],
[[2850.0,1420.0,1420.0],1.451142e-05],
[[2900.0,0,0],1.181058e-05],
[[2900.0,100.0,100.0],2.028036e-05],
[[2900.0,200.0,200.0],1.679281e-05],
[[2900.0,300.0,300.0],1.166069e-05],
[[2900.0,400.0,400.0],1.322145e-05],
[[2900.0,500.0,500.0],2.101184e-05],
[[2900.0,600.0,600.0],1.353185e-05],
[[2900.0,700.0,700.0],1.47036e-05],
[[2900.0,800.0,800.0],1.585201e-05],
[[2900.0,900.0,900.0],5.648164e-06],
[[2900.0,1000.0,1000.0],2.179089e-05],
[[2900.0,1100.0,1100.0],1.953671e-05],
[[2900.0,1200.0,1200.0],2.011428e-05],
[[2900.0,1300.0,1300.0],2.037733e-05],
[[2900.0,1400.0,1400.0],1.841699e-05],
[[2950.0,1470.0,1470.0],1.798198e-05],
[[3000.0,0,0],1.499757e-05],
[[3000.0,100.0,100.0],1.621931e-05],
[[3000.0,200.0,200.0],1.961405e-05],
[[3000.0,300.0,300.0],1.452123e-05],
[[3000.0,400.0,400.0],1.474296e-05],
[[3000.0,500.0,500.0],1.343505e-05],
[[3000.0,600.0,600.0],1.191775e-05],
[[3000.0,700.0,700.0],1.518243e-05],
[[3000.0,800.0,800.0],1.339458e-05],
[[3000.0,900.0,900.0],1.147673e-05],
[[3000.0,1000.0,1000.0],2.13982e-05],
[[3000.0,1100.0,1100.0],1.70225e-05],
[[3000.0,1200.0,1200.0],1.38818e-05],
[[3000.0,1300.0,1300.0],1.689697e-05],
[[3000.0,1400.0,1400.0],1.200094e-05]]
