txName: TRV1
constraint: {(PV > Zprime(1)), (Zprime(1) > MET(2),MET(3))}
condition: None
conditionDescription: None
figureUrl: None
source: Recast by CM2
validated: True
axesMap: [{0: 'x', 1: 'y', 2: 'y'}]
dataMap: {0: (1, 'mass', GeV), 1: (2, 'mass', GeV), 2: (3, 'mass', GeV)}
finalState: ['MET', 'MET']
intermediateState: None
efficiencyMap: [[[50.0,0,0],0],
[[50.0,1.0,1.0],0],
[[50.0,10.0,10.0],0],
[[50.0,20.0,20.0],0],
[[100.0,0,0],0],
[[100.0,1.0,1.0],0],
[[100.0,10.0,10.0],0],
[[150.0,0,0],0],
[[150.0,1.0,1.0],0],
[[150.0,10.0,10.0],0],
[[150.0,50.0,50.0],0],
[[150.0,70.0,70.0],0],
[[200.0,0,0],2.586714e-06],
[[200.0,1.0,1.0],2.372317e-06],
[[200.0,10.0,10.0],2.035042e-06],
[[200.0,50.0,50.0],2.989952e-06],
[[200.0,75.0,75.0],2.222063e-06],
[[250.0,0,0],1.584537e-05],
[[250.0,1.0,1.0],5.02622e-06],
[[250.0,10.0,10.0],5.025751e-06],
[[250.0,50.0,50.0],3.598331e-06],
[[250.0,75.0,75.0],4.174801e-06],
[[250.0,100.0,100.0],5.897471e-06],
[[250.0,120.0,120.0],5.120282e-06],
[[300.0,0,0],6.584143e-06],
[[300.0,1.0,1.0],6.353353e-06],
[[300.0,10.0,10.0],8.085189e-06],
[[300.0,50.0,50.0],1.875565e-05],
[[300.0,75.0,75.0],7.834723e-06],
[[300.0,100.0,100.0],7.905459e-06],
[[350.0,0,0],1.237631e-05],
[[350.0,1.0,1.0],1.151544e-05],
[[350.0,10.0,10.0],1.153587e-05],
[[350.0,50.0,50.0],1.011054e-05],
[[350.0,75.0,75.0],1.346424e-05],
[[350.0,100.0,100.0],1.24225e-05],
[[350.0,150.0,150.0],1.235299e-05],
[[350.0,170.0,170.0],1.316408e-05],
[[400.0,0,0],1.625054e-05],
[[400.0,1.0,1.0],1.503278e-05],
[[400.0,10.0,10.0],1.828593e-05],
[[400.0,50.0,50.0],1.653783e-05],
[[400.0,75.0,75.0],1.65997e-05],
[[400.0,100.0,100.0],1.431307e-05],
[[400.0,150.0,150.0],1.443573e-05],
[[450.0,0,0],1.931971e-05],
[[450.0,1.0,1.0],2.138757e-05],
[[450.0,10.0,10.0],2.042544e-05],
[[450.0,50.0,50.0],2.028758e-05],
[[450.0,75.0,75.0],2.272804e-05],
[[450.0,100.0,100.0],2.521488e-05],
[[450.0,150.0,150.0],2.427898e-05],
[[450.0,200.0,200.0],2.559875e-05],
[[450.0,220.0,220.0],2.467625e-05],
[[500.0,0,0],2.625706e-05],
[[500.0,1.0,1.0],2.870629e-05],
[[500.0,10.0,10.0],2.658399e-05],
[[500.0,50.0,50.0],2.699002e-05],
[[500.0,75.0,75.0],3.099837e-05],
[[500.0,100.0,100.0],2.975012e-05],
[[500.0,150.0,150.0],2.751882e-05],
[[500.0,200.0,200.0],3.279118e-05],
[[550.0,1.0,1.0],3.310047e-05],
[[550.0,10.0,10.0],3.173146e-05],
[[550.0,75.0,75.0],3.383974e-05],
[[550.0,150.0,150.0],3.745866e-05],
[[550.0,200.0,200.0],3.289135e-05],
[[550.0,250.0,250.0],3.26223e-05],
[[550.0,270.0,270.0],4.025559e-05],
[[600.0,0,0],4.306378e-05],
[[600.0,1.0,1.0],4.359242e-05],
[[600.0,10.0,10.0],4.129189e-05],
[[600.0,50.0,50.0],3.953935e-05],
[[600.0,75.0,75.0],3.743996e-05],
[[600.0,100.0,100.0],3.896832e-05],
[[600.0,150.0,150.0],4.575006e-05],
[[600.0,200.0,200.0],3.92e-05],
[[600.0,250.0,250.0],4.112889e-05],
[[600.0,295.0,295.0],4.404402e-05],
[[650.0,1.0,1.0],5.163594e-05],
[[650.0,10.0,10.0],4.54898e-05],
[[650.0,75.0,75.0],4.659165e-05],
[[650.0,150.0,150.0],6.214902e-05],
[[650.0,200.0,200.0],5.131403e-05],
[[650.0,250.0,250.0],5.252918e-05],
[[650.0,300.0,300.0],5.119985e-05],
[[650.0,320.0,320.0],5.701649e-05],
[[700.0,0,0],5.313015e-05],
[[700.0,1.0,1.0],6.739542e-05],
[[700.0,10.0,10.0],6.28564e-05],
[[700.0,50.0,50.0],5.023502e-05],
[[700.0,75.0,75.0],5.956805e-05],
[[700.0,100.0,100.0],2.359918e-05],
[[700.0,150.0,150.0],5.497941e-05],
[[700.0,200.0,200.0],5.879937e-05],
[[700.0,250.0,250.0],5.910032e-05],
[[700.0,300.0,300.0],5.633039e-05],
[[750.0,1.0,1.0],5.841172e-05],
[[750.0,10.0,10.0],6.171821e-05],
[[750.0,75.0,75.0],7.024425e-05],
[[750.0,150.0,150.0],6.420655e-05],
[[750.0,200.0,200.0],6.371236e-05],
[[750.0,250.0,250.0],7.319636e-05],
[[750.0,300.0,300.0],7.140072e-05],
[[750.0,350.0,350.0],6.477323e-05],
[[750.0,370.0,370.0],7.357861e-05],
[[800.0,0,0],7.216317e-05],
[[800.0,1.0,1.0],6.614038e-05],
[[800.0,10.0,10.0],6.8938e-05],
[[800.0,50.0,50.0],7.78096e-05],
[[800.0,75.0,75.0],6.783836e-05],
[[800.0,100.0,100.0],6.670075e-05],
[[800.0,150.0,150.0],7.000487e-05],
[[800.0,200.0,200.0],8.127076e-05],
[[800.0,250.0,250.0],7.51818e-05],
[[800.0,300.0,300.0],7.466547e-05],
[[800.0,350.0,350.0],7.799461e-05],
[[850.0,1.0,1.0],8.49213e-05],
[[850.0,10.0,10.0],7.551887e-05],
[[850.0,75.0,75.0],7.719725e-05],
[[850.0,150.0,150.0],7.824472e-05],
[[850.0,200.0,200.0],8.482072e-05],
[[850.0,250.0,250.0],9.131844e-05],
[[850.0,300.0,300.0],7.732158e-05],
[[850.0,350.0,350.0],8.951305e-05],
[[850.0,400.0,400.0],8.39773e-05],
[[850.0,420.0,420.0],8.493749e-05],
[[900.0,0,0],0.0001022521],
[[900.0,1.0,1.0],8.375239e-05],
[[900.0,10.0,10.0],0.0001169566],
[[900.0,50.0,50.0],9.256736e-05],
[[900.0,75.0,75.0],8.391589e-05],
[[900.0,100.0,100.0],7.99325e-05],
[[900.0,150.0,150.0],8.422539e-05],
[[900.0,200.0,200.0],9.366788e-05],
[[900.0,250.0,250.0],8.735964e-05],
[[900.0,300.0,300.0],9.55756e-05],
[[900.0,350.0,350.0],9.963815e-05],
[[900.0,400.0,400.0],0.0001009219],
[[950.0,1.0,1.0],0.0001098779],
[[950.0,10.0,10.0],8.814431e-05],
[[950.0,75.0,75.0],9.643545e-05],
[[950.0,150.0,150.0],9.715181e-05],
[[950.0,200.0,200.0],9.494503e-05],
[[950.0,250.0,250.0],9.950831e-05],
[[950.0,300.0,300.0],9.833955e-05],
[[950.0,350.0,350.0],9.955525e-05],
[[950.0,400.0,400.0],9.689663e-05],
[[950.0,450.0,450.0],0.0001215909],
[[950.0,470.0,470.0],0.0001138634],
[[1000.0,0,0],0.000105775],
[[1000.0,50.0,50.0],0.0001281321],
[[1000.0,100.0,100.0],0.0001218071],
[[1000.0,150.0,150.0],9.916228e-05],
[[1000.0,200.0,200.0],0.000100586],
[[1000.0,250.0,250.0],0.0001122935],
[[1000.0,300.0,300.0],0.0001099516],
[[1000.0,350.0,350.0],0.0001191022],
[[1000.0,400.0,400.0],0.0001039825],
[[1000.0,450.0,450.0],0.0001029151],
[[1050.0,520.0,520.0],0.0001275312],
[[1100.0,0,0],0.0001115369],
[[1100.0,100.0,100.0],0.0001184207],
[[1100.0,200.0,200.0],0.00011844],
[[1100.0,300.0,300.0],0.0001310082],
[[1100.0,400.0,400.0],0.0001421884],
[[1100.0,500.0,500.0],0.0001342257],
[[1150.0,570.0,570.0],0.0001328127],
[[1200.0,0,0],0.0001305065],
[[1200.0,100.0,100.0],0.0001449727],
[[1200.0,200.0,200.0],0.0001501996],
[[1200.0,300.0,300.0],0.0001493159],
[[1200.0,400.0,400.0],0.0001562194],
[[1200.0,500.0,500.0],0.0001456745],
[[1250.0,620.0,620.0],0.0001345765],
[[1300.0,0,0],0.0001632625],
[[1300.0,100.0,100.0],0.0001434421],
[[1300.0,200.0,200.0],0.0001429226],
[[1300.0,300.0,300.0],0.0001584334],
[[1300.0,400.0,400.0],0.0001467394],
[[1300.0,500.0,500.0],0.0001534303],
[[1300.0,600.0,600.0],0.0001594026],
[[1350.0,670.0,670.0],0.0001453553],
[[1400.0,0,0],0.0001350701],
[[1400.0,100.0,100.0],0.0001331091],
[[1400.0,200.0,200.0],0.0001609051],
[[1400.0,300.0,300.0],0.0001562096],
[[1400.0,400.0,400.0],0.000149123],
[[1400.0,500.0,500.0],0.0001883274],
[[1400.0,600.0,600.0],0.0001631864],
[[1450.0,720.0,720.0],0.0001465459],
[[1500.0,0,0],0.0001691786],
[[1500.0,100.0,100.0],0.0001621475],
[[1500.0,200.0,200.0],0.0001480765],
[[1500.0,300.0,300.0],0.0001713271],
[[1500.0,400.0,400.0],0.0001652785],
[[1500.0,500.0,500.0],0.0001651028],
[[1500.0,600.0,600.0],0.0001836514],
[[1500.0,700.0,700.0],0.0001608269],
[[1550.0,770.0,770.0],0.0002011614],
[[1600.0,0,0],0.0001646489],
[[1600.0,100.0,100.0],0.0001553019],
[[1600.0,200.0,200.0],0.0001574103],
[[1600.0,300.0,300.0],0.0001766971],
[[1600.0,400.0,400.0],0.0001695369],
[[1600.0,500.0,500.0],0.0001948381],
[[1600.0,600.0,600.0],0.0002010775],
[[1600.0,700.0,700.0],0.000222318],
[[1650.0,820.0,820.0],0.0001763459],
[[1700.0,0,0],0.0001608219],
[[1700.0,100.0,100.0],0.0001451424],
[[1700.0,200.0,200.0],0.0001585942],
[[1700.0,300.0,300.0],0.000179735],
[[1700.0,400.0,400.0],0.0001987648],
[[1700.0,500.0,500.0],0.0001571332],
[[1700.0,600.0,600.0],0.0001553383],
[[1700.0,700.0,700.0],0.0001869924],
[[1700.0,800.0,800.0],0.0001875416],
[[1750.0,870.0,870.0],0.0001975785],
[[1800.0,0,0],0.000160584],
[[1800.0,100.0,100.0],0.0001595915],
[[1800.0,200.0,200.0],0.0001595277],
[[1800.0,300.0,300.0],0.000160541],
[[1800.0,400.0,400.0],0.0001899597],
[[1800.0,500.0,500.0],0.0001739679],
[[1800.0,600.0,600.0],0.0001731062],
[[1800.0,700.0,700.0],0.0001832852],
[[1800.0,800.0,800.0],0.0001862785],
[[1850.0,920.0,920.0],0.0001710058],
[[1900.0,0,0],0.0001774603],
[[1900.0,100.0,100.0],0.0001772801],
[[1900.0,200.0,200.0],0.0001891779],
[[1900.0,300.0,300.0],0.0001687166],
[[1900.0,400.0,400.0],0.0001738676],
[[1900.0,500.0,500.0],0.0001856335],
[[1900.0,600.0,600.0],0.0001727123],
[[1900.0,700.0,700.0],0.0002199131],
[[1900.0,800.0,800.0],0.0001754622],
[[1900.0,900.0,900.0],0.0001786271],
[[1950.0,970.0,970.0],0.0001745783],
[[2000.0,0,0],0.0001788021],
[[2000.0,100.0,100.0],0.0001891635],
[[2000.0,200.0,200.0],0.0001813031],
[[2000.0,300.0,300.0],0.0002131054],
[[2000.0,400.0,400.0],0.0001843976],
[[2000.0,500.0,500.0],0.0001767687],
[[2000.0,600.0,600.0],0.0002016459],
[[2000.0,700.0,700.0],0.0001757929],
[[2000.0,800.0,800.0],0.0001893652],
[[2000.0,900.0,900.0],0.0001820647],
[[2050.0,1020.0,1020.0],0.0001836455],
[[2100.0,0,0],0.0001632732],
[[2100.0,100.0,100.0],0.0001628515],
[[2100.0,200.0,200.0],0.0001932593],
[[2100.0,300.0,300.0],0.0001769836],
[[2100.0,400.0,400.0],0.0001866718],
[[2100.0,500.0,500.0],0.0001915077],
[[2100.0,600.0,600.0],0.0002056407],
[[2100.0,700.0,700.0],0.0002006449],
[[2100.0,800.0,800.0],0.0002038954],
[[2100.0,900.0,900.0],0.0001831462],
[[2100.0,1000.0,1000.0],0.0001814505],
[[2150.0,1070.0,1070.0],0.0001885393],
[[2200.0,0,0],0.000163747],
[[2200.0,100.0,100.0],0.0001819151],
[[2200.0,200.0,200.0],0.0001849249],
[[2200.0,300.0,300.0],0.0001921519],
[[2200.0,400.0,400.0],0.0001812866],
[[2200.0,500.0,500.0],0.000214981],
[[2200.0,600.0,600.0],0.0002098942],
[[2200.0,700.0,700.0],0.0002094693],
[[2200.0,800.0,800.0],0.0001915479],
[[2200.0,900.0,900.0],0.000182707],
[[2200.0,1000.0,1000.0],0.0002056848],
[[2250.0,1120.0,1120.0],0.0002004742],
[[2300.0,0,0],0.0001798128],
[[2300.0,100.0,100.0],0.000175195],
[[2300.0,200.0,200.0],0.0001894318],
[[2300.0,300.0,300.0],0.0001825947],
[[2300.0,400.0,400.0],0.0002091699],
[[2300.0,500.0,500.0],0.0002236647],
[[2300.0,600.0,600.0],0.0001818558],
[[2300.0,700.0,700.0],0.0002146309],
[[2300.0,800.0,800.0],0.0002034422],
[[2300.0,900.0,900.0],0.0002192648],
[[2300.0,1000.0,1000.0],0.0001957183],
[[2300.0,1100.0,1100.0],0.0001946583],
[[2350.0,1170.0,1170.0],0.0001904209],
[[2400.0,0,0],0.0001711888],
[[2400.0,100.0,100.0],0.0001677682],
[[2400.0,200.0,200.0],0.0001896722],
[[2400.0,300.0,300.0],0.0001935865],
[[2400.0,400.0,400.0],0.000201876],
[[2400.0,500.0,500.0],0.0001998656],
[[2400.0,600.0,600.0],0.0001828965],
[[2400.0,700.0,700.0],0.0001873557],
[[2400.0,800.0,800.0],0.0001899693],
[[2400.0,900.0,900.0],0.0001948602],
[[2400.0,1000.0,1000.0],0.0002137826],
[[2400.0,1100.0,1100.0],0.0001967482],
[[2450.0,1220.0,1220.0],0.000186329],
[[2500.0,0,0],0.0001619355],
[[2500.0,100.0,100.0],0.0001839821],
[[2500.0,200.0,200.0],0.000212498],
[[2500.0,300.0,300.0],0.0001902857],
[[2500.0,400.0,400.0],0.0001923614],
[[2500.0,500.0,500.0],0.0001877707],
[[2500.0,600.0,600.0],0.0001908765],
[[2500.0,700.0,700.0],0.0002034559],
[[2500.0,800.0,800.0],0.0002023132],
[[2500.0,900.0,900.0],0.000229528],
[[2500.0,1000.0,1000.0],0.000198818],
[[2500.0,1100.0,1100.0],0.0002062381],
[[2500.0,1200.0,1200.0],0.0001931196],
[[2550.0,1270.0,1270.0],0.0001859521],
[[2600.0,0,0],0.0001742413],
[[2600.0,100.0,100.0],0.0001826264],
[[2600.0,200.0,200.0],0.0002068028],
[[2600.0,300.0,300.0],0.0001881972],
[[2600.0,400.0,400.0],0.0001767292],
[[2600.0,500.0,500.0],0.0002046886],
[[2600.0,600.0,600.0],0.0002096328],
[[2600.0,700.0,700.0],0.0002066294],
[[2600.0,800.0,800.0],0.0001845476],
[[2600.0,900.0,900.0],0.0002053729],
[[2600.0,1000.0,1000.0],0.0001974541],
[[2600.0,1100.0,1100.0],0.0001864118],
[[2600.0,1200.0,1200.0],0.0002109062],
[[2650.0,1320.0,1320.0],0.0001801338],
[[2700.0,0,0],0.0001693693],
[[2700.0,100.0,100.0],0.0001840808],
[[2700.0,200.0,200.0],0.0001972477],
[[2700.0,300.0,300.0],0.0001804595],
[[2700.0,400.0,400.0],0.0001802437],
[[2700.0,500.0,500.0],0.0001960772],
[[2700.0,600.0,600.0],0.0002017827],
[[2700.0,700.0,700.0],0.0001939841],
[[2700.0,800.0,800.0],0.0002004765],
[[2700.0,900.0,900.0],0.0001877042],
[[2700.0,1000.0,1000.0],0.000197539],
[[2700.0,1100.0,1100.0],0.000207783],
[[2700.0,1200.0,1200.0],0.0001970447],
[[2700.0,1300.0,1300.0],0.0001853885],
[[2750.0,1370.0,1370.0],0.0002019172],
[[2800.0,0,0],0.0001941015],
[[2800.0,100.0,100.0],0.000197355],
[[2800.0,200.0,200.0],0.0001918197],
[[2800.0,300.0,300.0],0.0001787138],
[[2800.0,400.0,400.0],0.0001950135],
[[2800.0,500.0,500.0],0.000186775],
[[2800.0,600.0,600.0],0.0002155303],
[[2800.0,700.0,700.0],0.0002118026],
[[2800.0,800.0,800.0],0.0001900339],
[[2800.0,900.0,900.0],0.0001986888],
[[2800.0,1000.0,1000.0],0.0001761934],
[[2800.0,1100.0,1100.0],0.0001860243],
[[2800.0,1200.0,1200.0],0.0001778545],
[[2800.0,1300.0,1300.0],0.0002141208],
[[2850.0,1420.0,1420.0],0.0001944562],
[[2900.0,0,0],0.0001618606],
[[2900.0,100.0,100.0],0.0001637575],
[[2900.0,200.0,200.0],0.0002123712],
[[2900.0,300.0,300.0],0.0001836156],
[[2900.0,400.0,400.0],0.0001849415],
[[2900.0,500.0,500.0],0.0003588967],
[[2900.0,600.0,600.0],0.0002020533],
[[2900.0,700.0,700.0],0.0001660374],
[[2900.0,800.0,800.0],0.0001975539],
[[2900.0,900.0,900.0],8.74738e-05],
[[2900.0,1000.0,1000.0],0.000224352],
[[2900.0,1100.0,1100.0],0.0001883073],
[[2900.0,1200.0,1200.0],0.0002003245],
[[2900.0,1300.0,1300.0],0.0002051327],
[[2900.0,1400.0,1400.0],0.0002054408],
[[2950.0,1470.0,1470.0],0.0002062417],
[[3000.0,0,0],0.0001809764],
[[3000.0,100.0,100.0],0.0001738492],
[[3000.0,200.0,200.0],0.0001822961],
[[3000.0,300.0,300.0],0.000188862],
[[3000.0,400.0,400.0],0.0001831369],
[[3000.0,500.0,500.0],0.0001976653],
[[3000.0,600.0,600.0],0.0001769168],
[[3000.0,700.0,700.0],0.0001941668],
[[3000.0,800.0,800.0],0.0002149659],
[[3000.0,900.0,900.0],0.0002065838],
[[3000.0,1000.0,1000.0],0.000198735],
[[3000.0,1100.0,1100.0],0.000218896],
[[3000.0,1200.0,1200.0],0.0001965001],
[[3000.0,1300.0,1300.0],0.0002043709],
[[3000.0,1400.0,1400.0],0.000176417]]
