txName: TRS1
constraint: {(PV > H0(1)), (H0(1) > MET(2),MET(3))}
condition: None
conditionDescription: None
figureUrl: https://cms-results.web.cern.ch/cms-results/public-results/publications/EXO-20-004/CMS-EXO-20-004_Figure_009-a.png
source: CMS
validated: True
axesMap: [{0: 'x', 1: '1.0', 2: '1.0'}, {0: 'x', 1: 'y', 2: 'y'}]
dataMap: {0: (1, 'mass', GeV), 1: (2, 'mass', GeV), 2: (3, 'mass', GeV)}
finalState: ['MET', 'MET']
intermediateState: None
efficiencyMap: [[[100.0,10.0,10.0],5.549802e-05],
[[150.0,1.0,1.0],0.0001040882],
[[150.0,50.0,50.0],0.0001203788],
[[200.0,1.0,1.0],0.0001782665],
[[200.0,50.0,50.0],0.000173551],
[[200.0,100.0,100.0],0.000305225],
[[250.0,1.0,1.0],0.0002300901],
[[250.0,10.0,10.0],0.0002295941],
[[250.0,50.0,50.0],0.0002405264],
[[250.0,100.0,100.0],0.0002476374],
[[300.0,1.0,1.0],0.0003059136],
[[300.0,50.0,50.0],0.0002999294],
[[300.0,100.0,100.0],0.0003185745],
[[350.0,1.0,1.0],0.0003603176],
[[350.0,50.0,50.0],0.0003203985],
[[350.0,100.0,100.0],0.0003440129],
[[350.0,150.0,150.0],0.0003353537],
[[400.0,1.0,1.0],0.0006165423],
[[400.0,50.0,50.0],0.0003912521],
[[400.0,100.0,100.0],0.0004009378],
[[400.0,150.0,150.0],0.000410404],
[[450.0,1.0,1.0],0.0004758589],
[[450.0,50.0,50.0],0.0005914547],
[[450.0,100.0,100.0],0.0004995886],
[[450.0,150.0,150.0],0.0005390204],
[[450.0,200.0,200.0],0.0005088742],
[[500.0,1.0,1.0],0.0006752277],
[[500.0,10.0,10.0],0.0006640007],
[[500.0,50.0,50.0],0.000650734],
[[500.0,100.0,100.0],0.0007090817],
[[500.0,150.0,150.0],0.0006887731],
[[500.0,200.0,200.0],0.0007415899],
[[550.0,1.0,1.0],0.0007802018],
[[550.0,50.0,50.0],0.0008407488],
[[550.0,100.0,100.0],0.0007860249],
[[550.0,150.0,150.0],0.0009551535],
[[550.0,200.0,200.0],0.0008031447],
[[550.0,250.0,250.0],0.001690315],
[[600.0,1.0,1.0],0.001003786],
[[600.0,50.0,50.0],0.001025857],
[[600.0,100.0,100.0],0.001070902],
[[600.0,150.0,150.0],0.00111088],
[[600.0,200.0,200.0],0.0009608062],
[[600.0,250.0,250.0],0.001039461],
[[650.0,1.0,1.0],0.001244129],
[[650.0,50.0,50.0],0.001227056],
[[650.0,100.0,100.0],0.001159427],
[[650.0,150.0,150.0],0.001168236],
[[650.0,200.0,200.0],0.001224654],
[[650.0,250.0,250.0],0.00137324],
[[650.0,300.0,300.0],0.001247195],
[[700.0,1.0,1.0],0.001219145],
[[700.0,50.0,50.0],0.001289348],
[[700.0,100.0,100.0],0.001177336],
[[700.0,150.0,150.0],0.001473509],
[[700.0,200.0,200.0],0.001251261],
[[700.0,250.0,250.0],0.00144979],
[[700.0,300.0,300.0],0.001322452],
[[750.0,1.0,1.0],0.001365348],
[[750.0,10.0,10.0],0.001511073],
[[750.0,50.0,50.0],0.001501868],
[[750.0,100.0,100.0],0.001521988],
[[750.0,150.0,150.0],0.001473525],
[[750.0,200.0,200.0],0.001361725],
[[750.0,250.0,250.0],0.00200874],
[[750.0,300.0,300.0],0.001713142],
[[750.0,350.0,350.0],0.001535286],
[[800.0,1.0,1.0],0.001581941],
[[800.0,150.0,150.0],0.001482653],
[[800.0,200.0,200.0],0.001806109],
[[800.0,250.0,250.0],0.001720394],
[[800.0,300.0,300.0],0.001905206],
[[800.0,350.0,350.0],0.002672826],
[[850.0,1.0,1.0],0.00158848],
[[850.0,150.0,150.0],0.001821331],
[[850.0,200.0,200.0],0.001720872],
[[850.0,250.0,250.0],0.00186228],
[[850.0,300.0,300.0],0.0021458],
[[850.0,350.0,350.0],0.002092548],
[[850.0,400.0,400.0],0.001887066],
[[900.0,1.0,1.0],0.001815388],
[[900.0,150.0,150.0],0.003053594],
[[900.0,200.0,200.0],0.002066849],
[[900.0,250.0,250.0],0.002068285],
[[900.0,300.0,300.0],0.002111312],
[[900.0,350.0,350.0],0.002094654],
[[900.0,400.0,400.0],0.002139573],
[[950.0,1.0,1.0],0.001909394],
[[950.0,150.0,150.0],0.002670831],
[[950.0,200.0,200.0],0.001902867],
[[950.0,250.0,250.0],0.002212118],
[[950.0,300.0,300.0],0.00222292],
[[950.0,350.0,350.0],0.002388164],
[[950.0,400.0,400.0],0.002563712],
[[950.0,450.0,450.0],0.003169704],
[[1000.0,1.0,1.0],0.002044261],
[[1000.0,10.0,10.0],0.0022913],
[[1000.0,50.0,50.0],0.002276234],
[[1000.0,100.0,100.0],0.002119589],
[[1000.0,150.0,150.0],0.002443697],
[[1000.0,200.0,200.0],0.002726439],
[[1000.0,250.0,250.0],0.002705468],
[[1000.0,300.0,300.0],0.002455396],
[[1000.0,350.0,350.0],0.002372685],
[[1000.0,400.0,400.0],0.002888829],
[[1000.0,450.0,450.0],0.002707748],
[[1050.0,1.0,1.0],0.002347696],
[[1050.0,150.0,150.0],0.002332543],
[[1050.0,200.0,200.0],0.003116358],
[[1050.0,250.0,250.0],0.002596127],
[[1050.0,300.0,300.0],0.002492128],
[[1050.0,350.0,350.0],0.0027566],
[[1050.0,400.0,400.0],0.002664992],
[[1050.0,450.0,450.0],0.002960308],
[[1050.0,500.0,500.0],0.002817145],
[[1100.0,1.0,1.0],0.002567563],
[[1100.0,150.0,150.0],0.002740258],
[[1100.0,200.0,200.0],0.002726779],
[[1100.0,250.0,250.0],0.002467007],
[[1100.0,300.0,300.0],0.002528128],
[[1100.0,350.0,350.0],0.002678688],
[[1100.0,400.0,400.0],0.003026265],
[[1100.0,450.0,450.0],0.002729415],
[[1100.0,500.0,500.0],0.003347726],
[[1150.0,1.0,1.0],0.002327524],
[[1150.0,150.0,150.0],0.003286112],
[[1150.0,200.0,200.0],0.002717608],
[[1150.0,250.0,250.0],0.002720972],
[[1150.0,300.0,300.0],0.002813929],
[[1150.0,350.0,350.0],0.003352947],
[[1150.0,400.0,400.0],0.002963227],
[[1150.0,450.0,450.0],0.002953684],
[[1150.0,500.0,500.0],0.003477506],
[[1150.0,550.0,550.0],0.002967659],
[[1200.0,1.0,1.0],0.002377647],
[[1200.0,150.0,150.0],0.002561529],
[[1200.0,200.0,200.0],0.00277393],
[[1200.0,250.0,250.0],0.002826811],
[[1200.0,300.0,300.0],0.003225247],
[[1200.0,350.0,350.0],0.003799786],
[[1200.0,400.0,400.0],0.002970073],
[[1200.0,450.0,450.0],0.00298772],
[[1200.0,500.0,500.0],0.004036754],
[[1200.0,550.0,550.0],0.002926848],
[[1250.0,1.0,1.0],0.002199528],
[[1250.0,10.0,10.0],0.003174569],
[[1250.0,50.0,50.0],0.002359298],
[[1250.0,100.0,100.0],0.002559826],
[[1250.0,150.0,150.0],0.002697347],
[[1250.0,200.0,200.0],0.003008222],
[[1250.0,250.0,250.0],0.003031037],
[[1250.0,300.0,300.0],0.00295724],
[[1250.0,350.0,350.0],0.003176547],
[[1250.0,400.0,400.0],0.003285863],
[[1250.0,450.0,450.0],0.002962492],
[[1250.0,500.0,500.0],0.003194436],
[[1250.0,550.0,550.0],0.003429189],
[[1250.0,600.0,600.0],0.004158336],
[[1300.0,1.0,1.0],0.00247075],
[[1300.0,150.0,150.0],0.002598073],
[[1300.0,200.0,200.0],0.002860424],
[[1300.0,250.0,250.0],0.003301417],
[[1300.0,300.0,300.0],0.003377682],
[[1300.0,350.0,350.0],0.003587159],
[[1300.0,400.0,400.0],0.00359449],
[[1300.0,450.0,450.0],0.003937987],
[[1300.0,500.0,500.0],0.003515735],
[[1300.0,550.0,550.0],0.004188053],
[[1300.0,600.0,600.0],0.003552231],
[[1350.0,1.0,1.0],0.002612982],
[[1350.0,150.0,150.0],0.002731196],
[[1350.0,200.0,200.0],0.003351972],
[[1350.0,250.0,250.0],0.00309895],
[[1350.0,300.0,300.0],0.003174067],
[[1350.0,350.0,350.0],0.003418203],
[[1350.0,400.0,400.0],0.003413839],
[[1350.0,450.0,450.0],0.003396314],
[[1350.0,500.0,500.0],0.003127684],
[[1350.0,550.0,550.0],0.003395694],
[[1350.0,600.0,600.0],0.003871815],
[[1350.0,650.0,650.0],0.004203278],
[[1400.0,1.0,1.0],0.002623529],
[[1400.0,150.0,150.0],0.002926458],
[[1400.0,200.0,200.0],0.002990044],
[[1400.0,250.0,250.0],0.003180581],
[[1400.0,300.0,300.0],0.003533482],
[[1400.0,350.0,350.0],0.003327214],
[[1400.0,400.0,400.0],0.003279518],
[[1400.0,450.0,450.0],0.003365286],
[[1400.0,500.0,500.0],0.003457197],
[[1400.0,550.0,550.0],0.003357321],
[[1400.0,600.0,600.0],0.003753114],
[[1400.0,650.0,650.0],0.003394657],
[[1450.0,1.0,1.0],0.00269224],
[[1450.0,150.0,150.0],0.003057769],
[[1450.0,200.0,200.0],0.003509532],
[[1450.0,250.0,250.0],0.003187932],
[[1450.0,300.0,300.0],0.0032329],
[[1450.0,350.0,350.0],0.003592973],
[[1450.0,400.0,400.0],0.003369597],
[[1450.0,450.0,450.0],0.003945672],
[[1450.0,500.0,500.0],0.003691602],
[[1450.0,550.0,550.0],0.0036269],
[[1450.0,600.0,600.0],0.003545582],
[[1450.0,650.0,650.0],0.003705672],
[[1450.0,700.0,700.0],0.004116184],
[[1500.0,1.0,1.0],0.00269145],
[[1500.0,10.0,10.0],0.002438506],
[[1500.0,50.0,50.0],0.002832519],
[[1500.0,100.0,100.0],0.002620434],
[[1500.0,150.0,150.0],0.003362206],
[[1500.0,200.0,200.0],0.003619917],
[[1500.0,250.0,250.0],0.003252464],
[[1500.0,300.0,300.0],0.003762293],
[[1500.0,350.0,350.0],0.004000046],
[[1500.0,400.0,400.0],0.003932592],
[[1500.0,450.0,450.0],0.003370781],
[[1500.0,500.0,500.0],0.003578758],
[[1500.0,550.0,550.0],0.003321961],
[[1500.0,600.0,600.0],0.003895597],
[[1500.0,650.0,650.0],0.003631569],
[[1500.0,700.0,700.0],0.00402014],
[[1500.0,750.0,750.0],0.004107822],
[[1550.0,1.0,1.0],0.003060941],
[[1550.0,150.0,150.0],0.00313552],
[[1550.0,200.0,200.0],0.003083034],
[[1550.0,250.0,250.0],0.003217057],
[[1550.0,300.0,300.0],0.003763923],
[[1550.0,350.0,350.0],0.00393879],
[[1550.0,400.0,400.0],0.004161407],
[[1550.0,450.0,450.0],0.003627848],
[[1550.0,500.0,500.0],0.004113458],
[[1550.0,550.0,550.0],0.003474938],
[[1550.0,600.0,600.0],0.003523952],
[[1550.0,650.0,650.0],0.003830135],
[[1550.0,700.0,700.0],0.004303831],
[[1550.0,750.0,750.0],0.004057479],
[[1600.0,1.0,1.0],0.002711877],
[[1600.0,150.0,150.0],0.002974839],
[[1600.0,200.0,200.0],0.003408312],
[[1600.0,250.0,250.0],0.003277038],
[[1600.0,300.0,300.0],0.00403754],
[[1600.0,350.0,350.0],0.004003194],
[[1600.0,400.0,400.0],0.003760166],
[[1600.0,450.0,450.0],0.004178228],
[[1600.0,500.0,500.0],0.004178],
[[1600.0,550.0,550.0],0.004165924],
[[1600.0,600.0,600.0],0.003943644],
[[1600.0,650.0,650.0],0.004575695],
[[1600.0,700.0,700.0],0.004536803],
[[1600.0,750.0,750.0],0.004181657],
[[1650.0,1.0,1.0],0.002806471],
[[1650.0,150.0,150.0],0.00316742],
[[1650.0,200.0,200.0],0.003310354],
[[1650.0,250.0,250.0],0.003476933],
[[1650.0,300.0,300.0],0.003639365],
[[1650.0,350.0,350.0],0.003692169],
[[1650.0,400.0,400.0],0.003812281],
[[1650.0,450.0,450.0],0.004198015],
[[1650.0,500.0,500.0],0.004216796],
[[1650.0,550.0,550.0],0.003446157],
[[1650.0,600.0,600.0],0.00461155],
[[1650.0,650.0,650.0],0.003519532],
[[1650.0,700.0,700.0],0.004707236],
[[1650.0,750.0,750.0],0.003928051],
[[1650.0,800.0,800.0],0.004145745],
[[1700.0,1.0,1.0],0.002557641],
[[1700.0,150.0,150.0],0.002967535],
[[1700.0,200.0,200.0],0.003581636],
[[1700.0,250.0,250.0],0.003486911],
[[1700.0,300.0,300.0],0.004288912],
[[1700.0,350.0,350.0],0.003537307],
[[1700.0,400.0,400.0],0.004282381],
[[1700.0,450.0,450.0],0.003837172],
[[1700.0,500.0,500.0],0.004093617],
[[1700.0,550.0,550.0],0.004000365],
[[1700.0,600.0,600.0],0.004545697],
[[1700.0,650.0,650.0],0.004155616],
[[1700.0,700.0,700.0],0.004143282],
[[1700.0,750.0,750.0],0.004067812],
[[1700.0,800.0,800.0],0.004381822],
[[1750.0,1.0,1.0],0.002685723],
[[1750.0,10.0,10.0],0.002569767],
[[1750.0,50.0,50.0],0.002644112],
[[1750.0,100.0,100.0],0.002795929],
[[1750.0,150.0,150.0],0.003014995],
[[1750.0,200.0,200.0],0.00337495],
[[1750.0,250.0,250.0],0.00345815],
[[1750.0,300.0,300.0],0.003613162],
[[1750.0,350.0,350.0],0.003443727],
[[1750.0,400.0,400.0],0.003701163],
[[1750.0,450.0,450.0],0.003641458],
[[1750.0,500.0,500.0],0.004277168],
[[1750.0,550.0,550.0],0.004016598],
[[1750.0,600.0,600.0],0.004076921],
[[1750.0,650.0,650.0],0.004768508],
[[1750.0,700.0,700.0],0.004277338],
[[1750.0,750.0,750.0],0.003950726],
[[1750.0,800.0,800.0],0.004246784],
[[1750.0,850.0,850.0],0.004140048],
[[1800.0,1.0,1.0],0.002565154],
[[1800.0,150.0,150.0],0.003732954],
[[1800.0,200.0,200.0],0.003023173],
[[1800.0,250.0,250.0],0.003652283],
[[1800.0,300.0,300.0],0.003272675],
[[1800.0,350.0,350.0],0.004470177],
[[1800.0,400.0,400.0],0.004126699],
[[1800.0,450.0,450.0],0.003767918],
[[1800.0,500.0,500.0],0.004155151],
[[1800.0,550.0,550.0],0.004266498],
[[1800.0,600.0,600.0],0.003889542],
[[1800.0,650.0,650.0],0.004061618],
[[1800.0,700.0,700.0],0.004322756],
[[1800.0,750.0,750.0],0.004346259],
[[1800.0,800.0,800.0],0.003844453],
[[1800.0,850.0,850.0],0.004573296],
[[1850.0,1.0,1.0],0.002447136],
[[1850.0,150.0,150.0],0.002987647],
[[1850.0,200.0,200.0],0.003377044],
[[1850.0,250.0,250.0],0.003813228],
[[1850.0,300.0,300.0],0.003503757],
[[1850.0,350.0,350.0],0.004180174],
[[1850.0,400.0,400.0],0.003918491],
[[1850.0,450.0,450.0],0.004209631],
[[1850.0,500.0,500.0],0.004121804],
[[1850.0,550.0,550.0],0.004457258],
[[1850.0,600.0,600.0],0.004105408],
[[1850.0,650.0,650.0],0.004269769],
[[1850.0,700.0,700.0],0.004411981],
[[1850.0,750.0,750.0],0.004627037],
[[1850.0,800.0,800.0],0.004576296],
[[1850.0,850.0,850.0],0.004543087],
[[1850.0,900.0,900.0],0.004575319],
[[1900.0,1.0,1.0],0.002725923],
[[1900.0,150.0,150.0],0.003437484],
[[1900.0,200.0,200.0],0.003437548],
[[1900.0,250.0,250.0],0.00368661],
[[1900.0,300.0,300.0],0.003960795],
[[1900.0,350.0,350.0],0.004510518],
[[1900.0,400.0,400.0],0.004143349],
[[1900.0,450.0,450.0],0.003595221],
[[1900.0,500.0,500.0],0.003700491],
[[1900.0,550.0,550.0],0.004099798],
[[1900.0,600.0,600.0],0.004072845],
[[1900.0,650.0,650.0],0.004390151],
[[1900.0,700.0,700.0],0.004278686],
[[1900.0,750.0,750.0],0.004193684],
[[1900.0,800.0,800.0],0.004411084],
[[1900.0,850.0,850.0],0.004813555],
[[1900.0,900.0,900.0],0.004381808],
[[1950.0,1.0,1.0],0.002345356],
[[1950.0,150.0,150.0],0.00298943],
[[1950.0,200.0,200.0],0.00348639],
[[1950.0,250.0,250.0],0.003642815],
[[1950.0,300.0,300.0],0.003861642],
[[1950.0,350.0,350.0],0.003892212],
[[1950.0,400.0,400.0],0.004201319],
[[1950.0,450.0,450.0],0.004085908],
[[1950.0,500.0,500.0],0.004192109],
[[1950.0,550.0,550.0],0.004754161],
[[1950.0,600.0,600.0],0.00439544],
[[1950.0,650.0,650.0],0.004257311],
[[1950.0,700.0,700.0],0.004282064],
[[1950.0,750.0,750.0],0.003901014],
[[1950.0,800.0,800.0],0.004943982],
[[1950.0,850.0,850.0],0.004688496],
[[1950.0,900.0,900.0],0.004780739],
[[1950.0,950.0,950.0],0.004398785],
[[2000.0,1.0,1.0],0.002388922],
[[2000.0,10.0,10.0],0.002430165],
[[2000.0,50.0,50.0],0.002610202],
[[2000.0,100.0,100.0],0.002863595],
[[2000.0,150.0,150.0],0.003111037],
[[2000.0,200.0,200.0],0.003449328],
[[2000.0,250.0,250.0],0.004061102],
[[2000.0,300.0,300.0],0.004357182],
[[2000.0,350.0,350.0],0.004142477],
[[2000.0,400.0,400.0],0.004595176],
[[2000.0,450.0,450.0],0.004161517],
[[2000.0,500.0,500.0],0.003971496],
[[2000.0,550.0,550.0],0.004719458],
[[2000.0,600.0,600.0],0.005076422],
[[2000.0,650.0,650.0],0.004456332],
[[2000.0,700.0,700.0],0.004102911],
[[2000.0,750.0,750.0],0.004509974],
[[2000.0,800.0,800.0],0.004895631],
[[2000.0,850.0,850.0],0.004801913],
[[2000.0,900.0,900.0],0.004828087],
[[2000.0,950.0,950.0],0.005351575],
[[2250.0,1.0,1.0],0.002271287],
[[2250.0,10.0,10.0],0.002197928],
[[2250.0,50.0,50.0],0.002331189],
[[2250.0,100.0,100.0],0.002659549],
[[2250.0,150.0,150.0],0.002820144],
[[2250.0,300.0,300.0],0.003851643],
[[2250.0,500.0,500.0],0.004356001],
[[2250.0,750.0,750.0],0.005094653],
[[2250.0,1000.0,1000.0],0.004938829],
[[2500.0,1.0,1.0],0.002058783],
[[2500.0,10.0,10.0],0.002015667],
[[2500.0,50.0,50.0],0.002100323],
[[2500.0,100.0,100.0],0.002381678],
[[2500.0,150.0,150.0],0.002918407],
[[2500.0,300.0,300.0],0.00396779],
[[2500.0,500.0,500.0],0.004374185],
[[2500.0,750.0,750.0],0.004882775],
[[2500.0,1000.0,1000.0],0.005300603],
[[2500.0,1200.0,1200.0],0.005654239],
[[2750.0,1.0,1.0],0.002079649],
[[2750.0,10.0,10.0],0.001882719],
[[2750.0,50.0,50.0],0.002192454],
[[2750.0,100.0,100.0],0.00247478],
[[2750.0,150.0,150.0],0.002489917],
[[2750.0,300.0,300.0],0.003722121],
[[2750.0,500.0,500.0],0.004923048],
[[2750.0,750.0,750.0],0.005115632],
[[2750.0,1000.0,1000.0],0.005350988],
[[2750.0,1200.0,1200.0],0.005558166],
[[3000.0,1.0,1.0],0.001713303],
[[3000.0,10.0,10.0],0.001661612],
[[3000.0,50.0,50.0],0.002106163],
[[3000.0,100.0,100.0],0.002436113],
[[3000.0,150.0,150.0],0.00217602],
[[3000.0,300.0,300.0],0.003776556],
[[3000.0,500.0,500.0],0.004711513],
[[3000.0,750.0,750.0],0.004859822],
[[3000.0,1000.0,1000.0],0.004850402],
[[3000.0,1200.0,1200.0],0.005567399],
[[3000.0,1400.0,1400.0],0.005356165]]
