txName: TRV1
constraint: {(PV > Zprime(1)), (Zprime(1) > MET(2),MET(3))}
condition: None
conditionDescription: None
figureUrl: https://cms-results.web.cern.ch/cms-results/public-results/publications/EXO-20-004/CMS-EXO-20-004_Figure_007-b.png
source: https://doi.org/10.5281/zenodo.13324003
validated: True
axesMap: [{0: 'x', 1: 'y', 2: 'y'}]
dataMap: {0: (1, 'mass', GeV), 1: (2, 'mass', GeV), 2: (3, 'mass', GeV)}
finalState: ['MET', 'MET']
intermediateState: None
efficiencyMap: [[[50.0,1.0,1.0],7.393963e-07],
[[100.0,1.0,1.0],6.663191e-06],
[[100.0,10.0,10.0],6.566129e-06],
[[150.0,1.0,1.0],1.908427e-05],
[[150.0,75.0,75.0],2.529706e-05],
[[200.0,1.0,1.0],4.186333e-05],
[[200.0,75.0,75.0],4.329351e-05],
[[250.0,1.0,1.0],7.871587e-05],
[[250.0,10.0,10.0],7.45785e-05],
[[250.0,75.0,75.0],7.694287e-05],
[[300.0,1.0,1.0],0.0001183675],
[[300.0,75.0,75.0],0.000124633],
[[350.0,1.0,1.0],0.0001824106],
[[350.0,75.0,75.0],0.0001738906],
[[350.0,150.0,150.0],0.0001802678],
[[400.0,1.0,1.0],0.0002177592],
[[400.0,75.0,75.0],0.0002334147],
[[400.0,150.0,150.0],0.0002436036],
[[450.0,1.0,1.0],0.0002536578],
[[450.0,75.0,75.0],0.0002818366],
[[450.0,150.0,150.0],0.0002806381],
[[450.0,200.0,200.0],0.000284042],
[[500.0,1.0,1.0],0.0003286643],
[[500.0,10.0,10.0],0.0003258609],
[[500.0,75.0,75.0],0.0003451282],
[[500.0,150.0,150.0],0.000329965],
[[500.0,200.0,200.0],0.0003699752],
[[550.0,1.0,1.0],0.000412407],
[[550.0,75.0,75.0],0.0004620345],
[[550.0,150.0,150.0],0.0004415145],
[[550.0,200.0,200.0],0.0004343608],
[[550.0,250.0,250.0],0.0004094729],
[[600.0,1.0,1.0],0.0005175602],
[[600.0,75.0,75.0],0.0004588192],
[[600.0,150.0,150.0],0.0004950948],
[[600.0,200.0,200.0],0.0004539029],
[[600.0,250.0,250.0],0.0005003594],
[[650.0,1.0,1.0],0.0005272627],
[[650.0,75.0,75.0],0.000544803],
[[650.0,150.0,150.0],0.0005729199],
[[650.0,200.0,200.0],0.0005735124],
[[650.0,250.0,250.0],0.0005317039],
[[650.0,300.0,300.0],0.0005309087],
[[700.0,1.0,1.0],0.0005407103],
[[700.0,75.0,75.0],0.0006610349],
[[700.0,150.0,150.0],0.0005835938],
[[700.0,200.0,200.0],0.0005859341],
[[700.0,250.0,250.0],0.0005997346],
[[700.0,300.0,300.0],0.0005821588],
[[750.0,1.0,1.0],0.0007244838],
[[750.0,10.0,10.0],0.0006258824],
[[750.0,75.0,75.0],0.0007209809],
[[750.0,150.0,150.0],0.0008149289],
[[750.0,200.0,200.0],0.0006826991],
[[750.0,250.0,250.0],0.0006787218],
[[750.0,300.0,300.0],0.0006796224],
[[750.0,350.0,350.0],0.0007256615],
[[800.0,1.0,1.0],0.000712894],
[[800.0,75.0,75.0],0.0007591924],
[[800.0,150.0,150.0],0.00075504],
[[800.0,200.0,200.0],0.0007487519],
[[800.0,250.0,250.0],0.0007971431],
[[800.0,300.0,300.0],0.0008258806],
[[800.0,350.0,350.0],0.0007992275],
[[850.0,1.0,1.0],0.0007125552],
[[850.0,75.0,75.0],0.0008299573],
[[850.0,150.0,150.0],0.0007909529],
[[850.0,200.0,200.0],0.0007703592],
[[850.0,250.0,250.0],0.0008677356],
[[850.0,300.0,300.0],0.000819194],
[[850.0,350.0,350.0],0.0007722028],
[[850.0,400.0,400.0],0.0009087469],
[[900.0,1.0,1.0],0.0008630172],
[[900.0,75.0,75.0],0.0008455035],
[[900.0,150.0,150.0],0.0008562764],
[[900.0,200.0,200.0],0.0008872665],
[[900.0,250.0,250.0],0.0009566554],
[[900.0,300.0,300.0],0.0008515467],
[[900.0,350.0,350.0],0.0008186577],
[[900.0,400.0,400.0],0.0009135186],
[[950.0,1.0,1.0],0.0008833286],
[[950.0,75.0,75.0],0.0008492718],
[[950.0,150.0,150.0],0.0009183169],
[[950.0,200.0,200.0],0.0008479179],
[[950.0,250.0,250.0],0.0008947523],
[[950.0,300.0,300.0],0.000898909],
[[950.0,350.0,350.0],0.001004859],
[[950.0,400.0,400.0],0.000916731],
[[950.0,450.0,450.0],0.0009253991],
[[1000.0,1.0,1.0],0.0008787624],
[[1000.0,10.0,10.0],0.0009646927],
[[1000.0,75.0,75.0],0.0009382693],
[[1000.0,150.0,150.0],0.0009897075],
[[1000.0,200.0,200.0],0.0008426328],
[[1000.0,250.0,250.0],0.0009121735],
[[1000.0,300.0,300.0],0.001005236],
[[1000.0,350.0,350.0],0.0009598355],
[[1000.0,400.0,400.0],0.0009761594],
[[1000.0,450.0,450.0],0.0009349919],
[[1050.0,1.0,1.0],0.0009750501],
[[1050.0,75.0,75.0],0.001004925],
[[1050.0,150.0,150.0],0.0009254947],
[[1050.0,200.0,200.0],0.0009893074],
[[1050.0,250.0,250.0],0.000950632],
[[1050.0,300.0,300.0],0.00111167],
[[1050.0,350.0,350.0],0.0009928847],
[[1050.0,400.0,400.0],0.001029212],
[[1050.0,450.0,450.0],0.001122829],
[[1050.0,500.0,500.0],0.0009726377],
[[1100.0,1.0,1.0],0.0009956],
[[1100.0,75.0,75.0],0.001016282],
[[1100.0,150.0,150.0],0.001029754],
[[1100.0,200.0,200.0],0.0009606716],
[[1100.0,250.0,250.0],0.001046002],
[[1100.0,300.0,300.0],0.00114932],
[[1100.0,350.0,350.0],0.001125246],
[[1100.0,400.0,400.0],0.001009503],
[[1100.0,450.0,450.0],0.001087662],
[[1100.0,500.0,500.0],0.001114716],
[[1150.0,1.0,1.0],0.00108891],
[[1150.0,75.0,75.0],0.001087612],
[[1150.0,150.0,150.0],0.001080066],
[[1150.0,200.0,200.0],0.00107545],
[[1150.0,250.0,250.0],0.000995609],
[[1150.0,300.0,300.0],0.001090617],
[[1150.0,350.0,350.0],0.00119948],
[[1150.0,400.0,400.0],0.001132008],
[[1150.0,450.0,450.0],0.00113437],
[[1150.0,500.0,500.0],0.00105562],
[[1150.0,550.0,550.0],0.001047279],
[[1200.0,1.0,1.0],0.00107081],
[[1200.0,75.0,75.0],0.001110202],
[[1200.0,150.0,150.0],0.001088115],
[[1200.0,200.0,200.0],0.0009985727],
[[1200.0,250.0,250.0],0.001025144],
[[1200.0,300.0,300.0],0.001069333],
[[1200.0,350.0,350.0],0.001127564],
[[1200.0,400.0,400.0],0.001124839],
[[1200.0,450.0,450.0],0.001151052],
[[1200.0,500.0,500.0],0.001180993],
[[1200.0,550.0,550.0],0.00119893],
[[1250.0,1.0,1.0],0.001125588],
[[1250.0,10.0,10.0],0.001105242],
[[1250.0,75.0,75.0],0.001155326],
[[1250.0,150.0,150.0],0.001145169],
[[1250.0,200.0,200.0],0.001164192],
[[1250.0,250.0,250.0],0.001077839],
[[1250.0,300.0,300.0],0.001152775],
[[1250.0,350.0,350.0],0.001108399],
[[1250.0,400.0,400.0],0.001242864],
[[1250.0,450.0,450.0],0.00124593],
[[1250.0,500.0,500.0],0.001277078],
[[1250.0,550.0,550.0],0.001301505],
[[1250.0,600.0,600.0],0.001179345],
[[1300.0,1.0,1.0],0.001176461],
[[1300.0,75.0,75.0],0.001172642],
[[1300.0,150.0,150.0],0.001131595],
[[1300.0,200.0,200.0],0.001145342],
[[1300.0,250.0,250.0],0.001374907],
[[1300.0,300.0,300.0],0.001198866],
[[1300.0,350.0,350.0],0.001242252],
[[1300.0,400.0,400.0],0.001106014],
[[1300.0,450.0,450.0],0.001213872],
[[1300.0,500.0,500.0],0.001313281],
[[1300.0,550.0,550.0],0.001228965],
[[1300.0,600.0,600.0],0.001257596],
[[1350.0,1.0,1.0],0.001172401],
[[1350.0,75.0,75.0],0.001107154],
[[1350.0,150.0,150.0],0.001245511],
[[1350.0,200.0,200.0],0.001196819],
[[1350.0,250.0,250.0],0.001264031],
[[1350.0,300.0,300.0],0.001232811],
[[1350.0,350.0,350.0],0.001227894],
[[1350.0,400.0,400.0],0.001302389],
[[1350.0,450.0,450.0],0.001266673],
[[1350.0,500.0,500.0],0.001299513],
[[1350.0,550.0,550.0],0.001281034],
[[1350.0,600.0,600.0],0.001198864],
[[1350.0,650.0,650.0],0.001305053],
[[1400.0,1.0,1.0],0.001177972],
[[1400.0,75.0,75.0],0.00122634],
[[1400.0,150.0,150.0],0.001271916],
[[1400.0,200.0,200.0],0.001242781],
[[1400.0,250.0,250.0],0.001330637],
[[1400.0,300.0,300.0],0.001351622],
[[1400.0,350.0,350.0],0.001215358],
[[1400.0,400.0,400.0],0.001309717],
[[1400.0,450.0,450.0],0.001342203],
[[1400.0,500.0,500.0],0.001319216],
[[1400.0,550.0,550.0],0.001341779],
[[1400.0,600.0,600.0],0.001266479],
[[1400.0,650.0,650.0],0.001405045],
[[1450.0,1.0,1.0],0.001208294],
[[1450.0,75.0,75.0],0.001230244],
[[1450.0,150.0,150.0],0.001270282],
[[1450.0,200.0,200.0],0.001116449],
[[1450.0,250.0,250.0],0.001360126],
[[1450.0,300.0,300.0],0.001302932],
[[1450.0,350.0,350.0],0.001320212],
[[1450.0,400.0,400.0],0.001274905],
[[1450.0,450.0,450.0],0.00126146],
[[1450.0,500.0,500.0],0.001309506],
[[1450.0,550.0,550.0],0.001240078],
[[1450.0,600.0,600.0],0.001302671],
[[1450.0,650.0,650.0],0.001228959],
[[1450.0,700.0,700.0],0.001420114],
[[1500.0,1.0,1.0],0.001228814],
[[1500.0,10.0,10.0],0.001259655],
[[1500.0,75.0,75.0],0.001251207],
[[1500.0,150.0,150.0],0.001321191],
[[1500.0,200.0,200.0],0.001336512],
[[1500.0,250.0,250.0],0.001281694],
[[1500.0,300.0,300.0],0.001304371],
[[1500.0,350.0,350.0],0.001366117],
[[1500.0,400.0,400.0],0.001354739],
[[1500.0,450.0,450.0],0.001331436],
[[1500.0,500.0,500.0],0.001412535],
[[1500.0,550.0,550.0],0.00138456],
[[1500.0,600.0,600.0],0.001457878],
[[1500.0,650.0,650.0],0.00135867],
[[1500.0,700.0,700.0],0.001323983],
[[1500.0,750.0,750.0],0.001496994],
[[1550.0,1.0,1.0],0.001252622],
[[1550.0,75.0,75.0],0.00134104],
[[1550.0,150.0,150.0],0.001322233],
[[1550.0,200.0,200.0],0.001328385],
[[1550.0,250.0,250.0],0.001331576],
[[1550.0,300.0,300.0],0.001286149],
[[1550.0,350.0,350.0],0.001291059],
[[1550.0,400.0,400.0],0.001308122],
[[1550.0,450.0,450.0],0.001271445],
[[1550.0,500.0,500.0],0.001309991],
[[1550.0,550.0,550.0],0.001443551],
[[1550.0,600.0,600.0],0.001359967],
[[1550.0,650.0,650.0],0.001331804],
[[1550.0,700.0,700.0],0.001283126],
[[1550.0,750.0,750.0],0.001440831],
[[1600.0,1.0,1.0],0.001256077],
[[1600.0,75.0,75.0],0.001287421],
[[1600.0,150.0,150.0],0.001376746],
[[1600.0,200.0,200.0],0.001328987],
[[1600.0,250.0,250.0],0.001322392],
[[1600.0,300.0,300.0],0.001338425],
[[1600.0,350.0,350.0],0.001305134],
[[1600.0,400.0,400.0],0.001397731],
[[1600.0,450.0,450.0],0.001309176],
[[1600.0,500.0,500.0],0.001396765],
[[1600.0,550.0,550.0],0.001410624],
[[1600.0,600.0,600.0],0.001410117],
[[1600.0,650.0,650.0],0.001345301],
[[1600.0,700.0,700.0],0.00150499],
[[1600.0,750.0,750.0],0.001328543],
[[1650.0,1.0,1.0],0.001283965],
[[1650.0,75.0,75.0],0.001379066],
[[1650.0,150.0,150.0],0.001266646],
[[1650.0,200.0,200.0],0.0013255],
[[1650.0,250.0,250.0],0.001349266],
[[1650.0,300.0,300.0],0.001323371],
[[1650.0,350.0,350.0],0.001456313],
[[1650.0,400.0,400.0],0.001596532],
[[1650.0,450.0,450.0],0.001290612],
[[1650.0,500.0,500.0],0.001369608],
[[1650.0,550.0,550.0],0.001360716],
[[1650.0,600.0,600.0],0.001538773],
[[1650.0,650.0,650.0],0.00143431],
[[1650.0,700.0,700.0],0.001419184],
[[1650.0,750.0,750.0],0.001395954],
[[1650.0,800.0,800.0],0.001581018],
[[1700.0,1.0,1.0],0.001266661],
[[1700.0,75.0,75.0],0.001305456],
[[1700.0,150.0,150.0],0.001312345],
[[1700.0,200.0,200.0],0.00148706],
[[1700.0,250.0,250.0],0.001431272],
[[1700.0,300.0,300.0],0.001421744],
[[1700.0,350.0,350.0],0.001440947],
[[1700.0,400.0,400.0],0.001525648],
[[1700.0,450.0,450.0],0.001348798],
[[1700.0,500.0,500.0],0.001543249],
[[1700.0,550.0,550.0],0.001329878],
[[1700.0,600.0,600.0],0.001491421],
[[1700.0,650.0,650.0],0.001409521],
[[1700.0,700.0,700.0],0.001471109],
[[1700.0,750.0,750.0],0.001554179],
[[1700.0,800.0,800.0],0.001537358],
[[1750.0,1.0,1.0],0.001374844],
[[1750.0,10.0,10.0],0.001418519],
[[1750.0,75.0,75.0],0.001494673],
[[1750.0,150.0,150.0],0.001406931],
[[1750.0,200.0,200.0],0.001451896],
[[1750.0,250.0,250.0],0.001414029],
[[1750.0,300.0,300.0],0.001500016],
[[1750.0,350.0,350.0],0.00150833],
[[1750.0,400.0,400.0],0.001386833],
[[1750.0,450.0,450.0],0.001379857],
[[1750.0,500.0,500.0],0.001459385],
[[1750.0,550.0,550.0],0.001521371],
[[1750.0,600.0,600.0],0.001389977],
[[1750.0,650.0,650.0],0.001407639],
[[1750.0,700.0,700.0],0.001447015],
[[1750.0,750.0,750.0],0.001532345],
[[1750.0,800.0,800.0],0.001567379],
[[1750.0,850.0,850.0],0.001523532],
[[1800.0,1.0,1.0],0.001404986],
[[1800.0,75.0,75.0],0.001468075],
[[1800.0,150.0,150.0],0.001397778],
[[1800.0,200.0,200.0],0.001479372],
[[1800.0,250.0,250.0],0.00141997],
[[1800.0,300.0,300.0],0.001430394],
[[1800.0,350.0,350.0],0.0012314],
[[1800.0,400.0,400.0],0.001464238],
[[1800.0,450.0,450.0],0.001381529],
[[1800.0,500.0,500.0],0.001630256],
[[1800.0,550.0,550.0],0.001523792],
[[1800.0,600.0,600.0],0.00152015],
[[1800.0,650.0,650.0],0.001466436],
[[1800.0,700.0,700.0],0.001460014],
[[1800.0,750.0,750.0],0.001613848],
[[1800.0,800.0,800.0],0.00155272],
[[1800.0,850.0,850.0],0.001585864],
[[1850.0,1.0,1.0],0.001292448],
[[1850.0,75.0,75.0],0.001367856],
[[1850.0,150.0,150.0],0.001408889],
[[1850.0,200.0,200.0],0.001458288],
[[1850.0,250.0,250.0],0.00144399],
[[1850.0,300.0,300.0],0.001379566],
[[1850.0,350.0,350.0],0.00152605],
[[1850.0,400.0,400.0],0.001427475],
[[1850.0,450.0,450.0],0.001450076],
[[1850.0,500.0,500.0],0.001441562],
[[1850.0,550.0,550.0],0.001536616],
[[1850.0,600.0,600.0],0.001656777],
[[1850.0,650.0,650.0],0.001617964],
[[1850.0,700.0,700.0],0.001554006],
[[1850.0,750.0,750.0],0.001558424],
[[1850.0,800.0,800.0],0.001528653],
[[1850.0,850.0,850.0],0.001545466],
[[1850.0,900.0,900.0],0.001489518],
[[1900.0,1.0,1.0],0.001453643],
[[1900.0,75.0,75.0],0.001422161],
[[1900.0,150.0,150.0],0.001414441],
[[1900.0,200.0,200.0],0.001445739],
[[1900.0,250.0,250.0],0.001414106],
[[1900.0,300.0,300.0],0.00153272],
[[1900.0,350.0,350.0],0.00159234],
[[1900.0,400.0,400.0],0.001491877],
[[1900.0,450.0,450.0],0.001592746],
[[1900.0,500.0,500.0],0.001488829],
[[1900.0,550.0,550.0],0.001550674],
[[1900.0,600.0,600.0],0.001445643],
[[1900.0,650.0,650.0],0.00174075],
[[1900.0,700.0,700.0],0.001446298],
[[1900.0,750.0,750.0],0.00157192],
[[1900.0,800.0,800.0],0.001574461],
[[1900.0,850.0,850.0],0.001518094],
[[1900.0,900.0,900.0],0.001528686],
[[1950.0,1.0,1.0],0.001427318],
[[1950.0,75.0,75.0],0.001408881],
[[1950.0,150.0,150.0],0.001592499],
[[1950.0,200.0,200.0],0.001478928],
[[1950.0,250.0,250.0],0.001418054],
[[1950.0,300.0,300.0],0.001498247],
[[1950.0,350.0,350.0],0.001385537],
[[1950.0,400.0,400.0],0.00147874],
[[1950.0,450.0,450.0],0.001508611],
[[1950.0,500.0,500.0],0.001472718],
[[1950.0,550.0,550.0],0.001573766],
[[1950.0,600.0,600.0],0.001520022],
[[1950.0,650.0,650.0],0.001605239],
[[1950.0,700.0,700.0],0.001549292],
[[1950.0,750.0,750.0],0.001486114],
[[1950.0,800.0,800.0],0.001499988],
[[1950.0,850.0,850.0],0.001469259],
[[1950.0,900.0,900.0],0.001590938],
[[1950.0,950.0,950.0],0.001498937],
[[2000.0,1.0,1.0],0.001404041],
[[2000.0,75.0,75.0],0.001567999],
[[2000.0,150.0,150.0],0.001590029],
[[2000.0,200.0,200.0],0.001476024],
[[2000.0,250.0,250.0],0.001428579],
[[2000.0,300.0,300.0],0.001482405],
[[2000.0,350.0,350.0],0.001571944],
[[2000.0,400.0,400.0],0.001562043],
[[2000.0,450.0,450.0],0.001578102],
[[2000.0,500.0,500.0],0.001576307],
[[2000.0,550.0,550.0],0.001792484],
[[2000.0,600.0,600.0],0.001439606],
[[2000.0,650.0,650.0],0.001632815],
[[2000.0,700.0,700.0],0.001534655],
[[2000.0,750.0,750.0],0.001622077],
[[2000.0,800.0,800.0],0.001649094],
[[2000.0,850.0,850.0],0.001593349],
[[2000.0,900.0,900.0],0.001606162],
[[2000.0,950.0,950.0],0.001653175],
[[2250.0,1.0,1.0],0.001658294],
[[2250.0,75.0,75.0],0.001719038],
[[2250.0,150.0,150.0],0.001577388],
[[2250.0,300.0,300.0],0.001480892],
[[2250.0,500.0,500.0],0.001663206],
[[2250.0,750.0,750.0],0.001578895],
[[2250.0,1000.0,1000.0],0.001695245],
[[2500.0,1.0,1.0],0.001780446],
[[2500.0,75.0,75.0],0.001675471],
[[2500.0,150.0,150.0],0.001690028],
[[2500.0,300.0,300.0],0.001540645],
[[2500.0,500.0,500.0],0.001597084],
[[2500.0,750.0,750.0],0.001706115],
[[2500.0,1000.0,1000.0],0.001611602],
[[2500.0,1200.0,1200.0],0.001714343],
[[2750.0,1.0,1.0],0.00162525],
[[2750.0,75.0,75.0],0.001587033],
[[2750.0,150.0,150.0],0.001736335],
[[2750.0,300.0,300.0],0.001675231],
[[2750.0,500.0,500.0],0.001786248],
[[2750.0,750.0,750.0],0.001716303],
[[2750.0,1000.0,1000.0],0.001673261],
[[2750.0,1200.0,1200.0],0.001899321],
[[3000.0,1.0,1.0],0.00163009],
[[3000.0,75.0,75.0],0.001747966],
[[3000.0,150.0,150.0],0.001783771],
[[3000.0,300.0,300.0],0.001636597],
[[3000.0,500.0,500.0],0.001694281],
[[3000.0,750.0,750.0],0.001652788],
[[3000.0,1000.0,1000.0],0.001727536],
[[3000.0,1200.0,1200.0],0.001589464],
[[3000.0,1400.0,1400.0],0.001868849]]
