txName: TRV1
constraint: {(PV > Zprime(1)), (Zprime(1) > MET(2),MET(3))}
condition: None
conditionDescription: None
figureUrl: None
source: Recast by CM2
validated: True
axesMap: [{0: 'x', 1: 'y', 2: 'y'}]
dataMap: {0: (1, 'mass', GeV), 1: (2, 'mass', GeV), 2: (3, 'mass', GeV)}
finalState: ['MET', 'MET']
intermediateState: None
efficiencyMap: [[[50.0,0,0],0],
[[50.0,1.0,1.0],0],
[[50.0,10.0,10.0],0],
[[50.0,20.0,20.0],0],
[[100.0,0,0],0],
[[100.0,1.0,1.0],0],
[[100.0,10.0,10.0],0],
[[150.0,0,0],4.844047e-06],
[[150.0,1.0,1.0],3.682049e-06],
[[150.0,10.0,10.0],4.688769e-06],
[[150.0,50.0,50.0],5.41175e-06],
[[150.0,70.0,70.0],5.148592e-06],
[[200.0,0,0],1.25135e-05],
[[200.0,1.0,1.0],9.194729e-06],
[[200.0,10.0,10.0],1.233614e-05],
[[200.0,50.0,50.0],9.268177e-06],
[[200.0,75.0,75.0],1.224649e-05],
[[250.0,0,0],8.101165e-05],
[[250.0,1.0,1.0],2.189067e-05],
[[250.0,10.0,10.0],1.812453e-05],
[[250.0,50.0,50.0],2.165437e-05],
[[250.0,75.0,75.0],2.652862e-05],
[[250.0,100.0,100.0],2.454905e-05],
[[250.0,120.0,120.0],2.549704e-05],
[[300.0,0,0],3.574644e-05],
[[300.0,1.0,1.0],3.499409e-05],
[[300.0,10.0,10.0],3.320347e-05],
[[300.0,50.0,50.0],8.871681e-05],
[[300.0,75.0,75.0],3.066032e-05],
[[300.0,100.0,100.0],3.895453e-05],
[[350.0,0,0],5.447484e-05],
[[350.0,1.0,1.0],5.059987e-05],
[[350.0,10.0,10.0],5.388781e-05],
[[350.0,50.0,50.0],5.484137e-05],
[[350.0,75.0,75.0],5.288958e-05],
[[350.0,100.0,100.0],5.172203e-05],
[[350.0,150.0,150.0],5.529212e-05],
[[350.0,170.0,170.0],5.68485e-05],
[[400.0,0,0],7.411269e-05],
[[400.0,1.0,1.0],7.048578e-05],
[[400.0,10.0,10.0],7.086917e-05],
[[400.0,50.0,50.0],6.905072e-05],
[[400.0,75.0,75.0],7.923904e-05],
[[400.0,100.0,100.0],7.464328e-05],
[[400.0,150.0,150.0],7.246826e-05],
[[450.0,0,0],9.195545e-05],
[[450.0,1.0,1.0],8.89896e-05],
[[450.0,10.0,10.0],0.0001073815],
[[450.0,50.0,50.0],8.72702e-05],
[[450.0,75.0,75.0],9.98425e-05],
[[450.0,100.0,100.0],8.971421e-05],
[[450.0,150.0,150.0],9.028616e-05],
[[450.0,200.0,200.0],9.198225e-05],
[[450.0,220.0,220.0],0.0001115739],
[[500.0,0,0],0.0001093148],
[[500.0,1.0,1.0],0.0001039728],
[[500.0,10.0,10.0],0.0001048314],
[[500.0,50.0,50.0],9.989266e-05],
[[500.0,75.0,75.0],0.0001100822],
[[500.0,100.0,100.0],9.138129e-05],
[[500.0,150.0,150.0],0.0001186023],
[[500.0,200.0,200.0],0.0001080118],
[[550.0,1.0,1.0],0.0001185322],
[[550.0,10.0,10.0],0.0001399512],
[[550.0,75.0,75.0],0.0001162032],
[[550.0,150.0,150.0],0.0001200383],
[[550.0,200.0,200.0],0.0001479951],
[[550.0,250.0,250.0],0.000138802],
[[550.0,270.0,270.0],0.0001256743],
[[600.0,0,0],0.0001432407],
[[600.0,1.0,1.0],0.0001376144],
[[600.0,10.0,10.0],0.0001361423],
[[600.0,50.0,50.0],0.0001527272],
[[600.0,75.0,75.0],0.0001525829],
[[600.0,100.0,100.0],0.0001431741],
[[600.0,150.0,150.0],0.00015055],
[[600.0,200.0,200.0],0.0001243217],
[[600.0,250.0,250.0],0.000165612],
[[600.0,295.0,295.0],0.0001594928],
[[650.0,1.0,1.0],0.000158034],
[[650.0,10.0,10.0],0.0001440716],
[[650.0,75.0,75.0],0.0001554982],
[[650.0,150.0,150.0],0.0001348761],
[[650.0,200.0,200.0],0.0001562369],
[[650.0,250.0,250.0],0.0001633051],
[[650.0,300.0,300.0],0.0001718605],
[[650.0,320.0,320.0],0.0002062995],
[[700.0,0,0],0.000155108],
[[700.0,1.0,1.0],0.0001515172],
[[700.0,10.0,10.0],0.0001869386],
[[700.0,50.0,50.0],0.0001644923],
[[700.0,75.0,75.0],0.0001550555],
[[700.0,100.0,100.0],7.765053e-05],
[[700.0,150.0,150.0],0.0001794816],
[[700.0,200.0,200.0],0.0001902391],
[[700.0,250.0,250.0],0.0001939961],
[[700.0,300.0,300.0],0.0001717913],
[[750.0,1.0,1.0],0.0001873332],
[[750.0,10.0,10.0],0.0001839877],
[[750.0,75.0,75.0],0.0001743311],
[[750.0,150.0,150.0],0.0002039111],
[[750.0,200.0,200.0],0.0001767054],
[[750.0,250.0,250.0],0.0001915115],
[[750.0,300.0,300.0],0.000165963],
[[750.0,350.0,350.0],0.0002105633],
[[750.0,370.0,370.0],0.0001977705],
[[800.0,0,0],0.0002367258],
[[800.0,1.0,1.0],0.0002049603],
[[800.0,10.0,10.0],0.0001702717],
[[800.0,50.0,50.0],0.0001791785],
[[800.0,75.0,75.0],0.0001817677],
[[800.0,100.0,100.0],0.0002006606],
[[800.0,150.0,150.0],0.0001718228],
[[800.0,200.0,200.0],0.0001872055],
[[800.0,250.0,250.0],0.0002020845],
[[800.0,300.0,300.0],0.0001948953],
[[800.0,350.0,350.0],0.0002073995],
[[850.0,1.0,1.0],0.0002028553],
[[850.0,10.0,10.0],0.0001836004],
[[850.0,75.0,75.0],0.0001944089],
[[850.0,150.0,150.0],0.0002206141],
[[850.0,200.0,200.0],0.0002168663],
[[850.0,250.0,250.0],0.0002052081],
[[850.0,300.0,300.0],0.0001935907],
[[850.0,350.0,350.0],0.0002083311],
[[850.0,400.0,400.0],0.0002147279],
[[850.0,420.0,420.0],0.000233782],
[[900.0,0,0],0.0001825247],
[[900.0,1.0,1.0],0.0002247907],
[[900.0,10.0,10.0],0.0001741845],
[[900.0,50.0,50.0],0.0002186553],
[[900.0,75.0,75.0],0.0002278902],
[[900.0,100.0,100.0],0.0002012275],
[[900.0,150.0,150.0],0.0001940044],
[[900.0,200.0,200.0],0.0002362176],
[[900.0,250.0,250.0],0.000198975],
[[900.0,300.0,300.0],0.0002314224],
[[900.0,350.0,350.0],0.0002009424],
[[900.0,400.0,400.0],0.0002284566],
[[950.0,1.0,1.0],0.0001899062],
[[950.0,10.0,10.0],0.0001919198],
[[950.0,75.0,75.0],0.0001875893],
[[950.0,150.0,150.0],0.0002168232],
[[950.0,200.0,200.0],0.0002156532],
[[950.0,250.0,250.0],0.0002272274],
[[950.0,300.0,300.0],0.0002082389],
[[950.0,350.0,350.0],0.000270632],
[[950.0,400.0,400.0],0.0002429882],
[[950.0,450.0,450.0],0.0002284722],
[[950.0,470.0,470.0],0.000225431],
[[1000.0,0,0],0.0002311348],
[[1000.0,50.0,50.0],0.0002168697],
[[1000.0,100.0,100.0],0.0001830384],
[[1000.0,150.0,150.0],0.0002158984],
[[1000.0,200.0,200.0],0.0002074841],
[[1000.0,250.0,250.0],0.0002377713],
[[1000.0,300.0,300.0],0.000215286],
[[1000.0,350.0,350.0],0.0002276705],
[[1000.0,400.0,400.0],0.0002359867],
[[1000.0,450.0,450.0],0.0002375024],
[[1050.0,520.0,520.0],0.0002321786],
[[1100.0,0,0],0.000225182],
[[1100.0,100.0,100.0],0.0002337859],
[[1100.0,200.0,200.0],0.0001998617],
[[1100.0,300.0,300.0],0.0002379928],
[[1100.0,400.0,400.0],0.0002601917],
[[1100.0,500.0,500.0],0.0002641827],
[[1150.0,570.0,570.0],0.0002565081],
[[1200.0,0,0],0.0001832178],
[[1200.0,100.0,100.0],0.0002679684],
[[1200.0,200.0,200.0],0.0002777582],
[[1200.0,300.0,300.0],0.0002539307],
[[1200.0,400.0,400.0],0.0002461328],
[[1200.0,500.0,500.0],0.000264464],
[[1250.0,620.0,620.0],0.00026143],
[[1300.0,0,0],0.0002716263],
[[1300.0,100.0,100.0],0.0002337596],
[[1300.0,200.0,200.0],0.0002485759],
[[1300.0,300.0,300.0],0.0002447172],
[[1300.0,400.0,400.0],0.0002634203],
[[1300.0,500.0,500.0],0.0002001293],
[[1300.0,600.0,600.0],0.0002665898],
[[1350.0,670.0,670.0],0.0002843011],
[[1400.0,0,0],0.0002649139],
[[1400.0,100.0,100.0],0.0002351133],
[[1400.0,200.0,200.0],0.0002789007],
[[1400.0,300.0,300.0],0.0002478425],
[[1400.0,400.0,400.0],0.000269597],
[[1400.0,500.0,500.0],0.0002603979],
[[1400.0,600.0,600.0],0.0002515309],
[[1450.0,720.0,720.0],0.0002903655],
[[1500.0,0,0],0.0002744706],
[[1500.0,100.0,100.0],0.0002726048],
[[1500.0,200.0,200.0],0.0002713328],
[[1500.0,300.0,300.0],0.0002596741],
[[1500.0,400.0,400.0],0.0002729458],
[[1500.0,500.0,500.0],0.0003056534],
[[1500.0,600.0,600.0],0.0002632811],
[[1500.0,700.0,700.0],0.0002844679],
[[1550.0,770.0,770.0],0.0003079681],
[[1600.0,0,0],0.0002387933],
[[1600.0,100.0,100.0],0.0002794962],
[[1600.0,200.0,200.0],0.0002422089],
[[1600.0,300.0,300.0],0.0002935819],
[[1600.0,400.0,400.0],0.0002976741],
[[1600.0,500.0,500.0],0.0002902357],
[[1600.0,600.0,600.0],0.0002698293],
[[1600.0,700.0,700.0],0.0002809355],
[[1650.0,820.0,820.0],0.000260319],
[[1700.0,0,0],0.0002313638],
[[1700.0,100.0,100.0],0.0002716642],
[[1700.0,200.0,200.0],0.0002911269],
[[1700.0,300.0,300.0],0.0002838121],
[[1700.0,400.0,400.0],0.0002794158],
[[1700.0,500.0,500.0],0.0002941979],
[[1700.0,600.0,600.0],0.0002438999],
[[1700.0,700.0,700.0],0.0002848925],
[[1700.0,800.0,800.0],0.0002867876],
[[1750.0,870.0,870.0],0.0002754755],
[[1800.0,0,0],0.000256774],
[[1800.0,100.0,100.0],0.0002784676],
[[1800.0,200.0,200.0],0.0002891689],
[[1800.0,300.0,300.0],0.0003051906],
[[1800.0,400.0,400.0],0.0002687686],
[[1800.0,500.0,500.0],0.0002811077],
[[1800.0,600.0,600.0],0.0002741463],
[[1800.0,700.0,700.0],0.0002999443],
[[1800.0,800.0,800.0],0.0002650144],
[[1850.0,920.0,920.0],0.0002798225],
[[1900.0,0,0],0.000258904],
[[1900.0,100.0,100.0],0.0002551755],
[[1900.0,200.0,200.0],0.0002552216],
[[1900.0,300.0,300.0],0.0003265415],
[[1900.0,400.0,400.0],0.0002592556],
[[1900.0,500.0,500.0],0.0002553828],
[[1900.0,600.0,600.0],0.0003124288],
[[1900.0,700.0,700.0],0.000276736],
[[1900.0,800.0,800.0],0.0002799983],
[[1900.0,900.0,900.0],0.0002976701],
[[1950.0,970.0,970.0],0.0003062048],
[[2000.0,0,0],0.0002645625],
[[2000.0,100.0,100.0],0.0002844949],
[[2000.0,200.0,200.0],0.0002644992],
[[2000.0,300.0,300.0],0.0003067454],
[[2000.0,400.0,400.0],0.0002917822],
[[2000.0,500.0,500.0],0.0002917009],
[[2000.0,600.0,600.0],0.0002797373],
[[2000.0,700.0,700.0],0.0002928157],
[[2000.0,800.0,800.0],0.0002899731],
[[2000.0,900.0,900.0],0.0003073205],
[[2050.0,1020.0,1020.0],0.0003463122],
[[2100.0,0,0],0.0002534052],
[[2100.0,100.0,100.0],0.000275858],
[[2100.0,200.0,200.0],0.0002898412],
[[2100.0,300.0,300.0],0.0002723207],
[[2100.0,400.0,400.0],0.0002628655],
[[2100.0,500.0,500.0],0.0002605338],
[[2100.0,600.0,600.0],0.0002887975],
[[2100.0,700.0,700.0],0.0002613326],
[[2100.0,800.0,800.0],0.0002908004],
[[2100.0,900.0,900.0],0.0002882848],
[[2100.0,1000.0,1000.0],0.0002846015],
[[2150.0,1070.0,1070.0],0.0002813087],
[[2200.0,0,0],0.0002512254],
[[2200.0,100.0,100.0],0.0002999096],
[[2200.0,200.0,200.0],0.0002781553],
[[2200.0,300.0,300.0],0.0003056068],
[[2200.0,400.0,400.0],0.0002900224],
[[2200.0,500.0,500.0],0.0002782232],
[[2200.0,600.0,600.0],0.0003123638],
[[2200.0,700.0,700.0],0.000279946],
[[2200.0,800.0,800.0],0.0002922395],
[[2200.0,900.0,900.0],0.0002794529],
[[2200.0,1000.0,1000.0],0.0002798683],
[[2250.0,1120.0,1120.0],0.0003185519],
[[2300.0,0,0],0.0002700484],
[[2300.0,100.0,100.0],0.0003361022],
[[2300.0,200.0,200.0],0.000263687],
[[2300.0,300.0,300.0],0.0003359693],
[[2300.0,400.0,400.0],0.0002771334],
[[2300.0,500.0,500.0],0.0002558028],
[[2300.0,600.0,600.0],0.0003090405],
[[2300.0,700.0,700.0],0.0002903122],
[[2300.0,800.0,800.0],0.0002702043],
[[2300.0,900.0,900.0],0.0002702708],
[[2300.0,1000.0,1000.0],0.000318505],
[[2300.0,1100.0,1100.0],0.0003358391],
[[2350.0,1170.0,1170.0],0.0003298764],
[[2400.0,0,0],0.0002712396],
[[2400.0,100.0,100.0],0.0002724007],
[[2400.0,200.0,200.0],0.0002868519],
[[2400.0,300.0,300.0],0.0002567746],
[[2400.0,400.0,400.0],0.0003279243],
[[2400.0,500.0,500.0],0.0003033496],
[[2400.0,600.0,600.0],0.0002748403],
[[2400.0,700.0,700.0],0.000315032],
[[2400.0,800.0,800.0],0.0002565232],
[[2400.0,900.0,900.0],0.0002954126],
[[2400.0,1000.0,1000.0],0.0003077045],
[[2400.0,1100.0,1100.0],0.0002593548],
[[2450.0,1220.0,1220.0],0.0002932708],
[[2500.0,0,0],0.0002666708],
[[2500.0,100.0,100.0],0.000253856],
[[2500.0,200.0,200.0],0.0002725669],
[[2500.0,300.0,300.0],0.000328647],
[[2500.0,400.0,400.0],0.0002665123],
[[2500.0,500.0,500.0],0.0003033259],
[[2500.0,600.0,600.0],0.0003049909],
[[2500.0,700.0,700.0],0.0002797186],
[[2500.0,800.0,800.0],0.0002840263],
[[2500.0,900.0,900.0],0.0003395318],
[[2500.0,1000.0,1000.0],0.0003474864],
[[2500.0,1100.0,1100.0],0.0002699118],
[[2500.0,1200.0,1200.0],0.0002627343],
[[2550.0,1270.0,1270.0],0.000287815],
[[2600.0,0,0],0.0002761657],
[[2600.0,100.0,100.0],0.0002647058],
[[2600.0,200.0,200.0],0.0003040041],
[[2600.0,300.0,300.0],0.0002913212],
[[2600.0,400.0,400.0],0.0002839587],
[[2600.0,500.0,500.0],0.0003095444],
[[2600.0,600.0,600.0],0.0002752955],
[[2600.0,700.0,700.0],0.000328452],
[[2600.0,800.0,800.0],0.0003034226],
[[2600.0,900.0,900.0],0.0002954546],
[[2600.0,1000.0,1000.0],0.0003024247],
[[2600.0,1100.0,1100.0],0.0002940244],
[[2600.0,1200.0,1200.0],0.0003303169],
[[2650.0,1320.0,1320.0],0.0002748995],
[[2700.0,0,0],0.0002342806],
[[2700.0,100.0,100.0],0.0002708795],
[[2700.0,200.0,200.0],0.0002816984],
[[2700.0,300.0,300.0],0.0002675683],
[[2700.0,400.0,400.0],0.0002921778],
[[2700.0,500.0,500.0],0.0002592763],
[[2700.0,600.0,600.0],0.0003273293],
[[2700.0,700.0,700.0],0.0002998884],
[[2700.0,800.0,800.0],0.0002962808],
[[2700.0,900.0,900.0],0.0003011497],
[[2700.0,1000.0,1000.0],0.0003274508],
[[2700.0,1100.0,1100.0],0.0002848315],
[[2700.0,1200.0,1200.0],0.0003073642],
[[2700.0,1300.0,1300.0],0.0003283349],
[[2750.0,1370.0,1370.0],0.0002556978],
[[2800.0,0,0],0.0002113139],
[[2800.0,100.0,100.0],0.0002496479],
[[2800.0,200.0,200.0],0.0003147058],
[[2800.0,300.0,300.0],0.0002863352],
[[2800.0,400.0,400.0],0.0002718405],
[[2800.0,500.0,500.0],0.0003093657],
[[2800.0,600.0,600.0],0.0002993937],
[[2800.0,700.0,700.0],0.0003084009],
[[2800.0,800.0,800.0],0.0003168975],
[[2800.0,900.0,900.0],0.0003011005],
[[2800.0,1000.0,1000.0],0.000310582],
[[2800.0,1100.0,1100.0],0.0003103837],
[[2800.0,1200.0,1200.0],0.0002849198],
[[2800.0,1300.0,1300.0],0.0002751193],
[[2850.0,1420.0,1420.0],0.0002686484],
[[2900.0,0,0],0.0002222472],
[[2900.0,100.0,100.0],0.0002817809],
[[2900.0,200.0,200.0],0.000278635],
[[2900.0,300.0,300.0],0.0002453194],
[[2900.0,400.0,400.0],0.0002671516],
[[2900.0,500.0,500.0],0.0005466094],
[[2900.0,600.0,600.0],0.0002965214],
[[2900.0,700.0,700.0],0.0002623416],
[[2900.0,800.0,800.0],0.000268466],
[[2900.0,900.0,900.0],0.0001321616],
[[2900.0,1000.0,1000.0],0.000273832],
[[2900.0,1100.0,1100.0],0.0002810382],
[[2900.0,1200.0,1200.0],0.0003179581],
[[2900.0,1300.0,1300.0],0.0002499118],
[[2900.0,1400.0,1400.0],0.0003040591],
[[2950.0,1470.0,1470.0],0.0003125302],
[[3000.0,0,0],0.0002490322],
[[3000.0,100.0,100.0],0.0002819714],
[[3000.0,200.0,200.0],0.0003060611],
[[3000.0,300.0,300.0],0.0002659954],
[[3000.0,400.0,400.0],0.0002780484],
[[3000.0,500.0,500.0],0.0002724152],
[[3000.0,600.0,600.0],0.0002919063],
[[3000.0,700.0,700.0],0.0003041603],
[[3000.0,800.0,800.0],0.0002572317],
[[3000.0,900.0,900.0],0.0003316131],
[[3000.0,1000.0,1000.0],0.0003047325],
[[3000.0,1100.0,1100.0],0.000273157],
[[3000.0,1200.0,1200.0],0.0003059693],
[[3000.0,1300.0,1300.0],0.0002712084],
[[3000.0,1400.0,1400.0],0.0002997494]]
