txName: TRS1
constraint: {(PV > H0(1)), (H0(1) > MET(2),MET(3))}
condition: None
conditionDescription: None
figureUrl: https://cms-results.web.cern.ch/cms-results/public-results/publications/EXO-20-004/CMS-EXO-20-004_Figure_009-a.png
source: CMS
validated: True
axesMap: [{0: 'x', 1: '1.0', 2: '1.0'}, {0: 'x', 1: 'y', 2: 'y'}]
dataMap: {0: (1, 'mass', GeV), 1: (2, 'mass', GeV), 2: (3, 'mass', GeV)}
finalState: ['MET', 'MET']
intermediateState: None
efficiencyMap: [[[100.0,1.0,1.0],0.000333258],
[[100.0,10.0,10.0],0.0003482168],
[[150.0,1.0,1.0],0.0006327984],
[[150.0,50.0,50.0],0.0006493486],
[[200.0,1.0,1.0],0.0009453889],
[[200.0,50.0,50.0],0.00101174],
[[200.0,100.0,100.0],0.001316049],
[[250.0,1.0,1.0],0.001194466],
[[250.0,10.0,10.0],0.001221698],
[[250.0,50.0,50.0],0.00116493],
[[250.0,100.0,100.0],0.001262353],
[[300.0,1.0,1.0],0.001332048],
[[300.0,50.0,50.0],0.001463644],
[[300.0,100.0,100.0],0.001533627],
[[350.0,1.0,1.0],0.001509154],
[[350.0,50.0,50.0],0.001667829],
[[350.0,100.0,100.0],0.001464239],
[[350.0,150.0,150.0],0.001550246],
[[400.0,1.0,1.0],0.002016214],
[[400.0,50.0,50.0],0.001761684],
[[400.0,100.0,100.0],0.001709758],
[[400.0,150.0,150.0],0.001771209],
[[450.0,1.0,1.0],0.001936825],
[[450.0,50.0,50.0],0.002447058],
[[450.0,100.0,100.0],0.002292055],
[[450.0,150.0,150.0],0.002244554],
[[450.0,200.0,200.0],0.002063011],
[[500.0,1.0,1.0],0.002321929],
[[500.0,10.0,10.0],0.00239377],
[[500.0,50.0,50.0],0.002576477],
[[500.0,100.0,100.0],0.002485229],
[[500.0,150.0,150.0],0.002580479],
[[500.0,200.0,200.0],0.002918002],
[[550.0,1.0,1.0],0.002946291],
[[550.0,50.0,50.0],0.003043523],
[[550.0,100.0,100.0],0.002941182],
[[550.0,150.0,150.0],0.002694793],
[[550.0,200.0,200.0],0.002732816],
[[550.0,250.0,250.0],0.002754963],
[[600.0,1.0,1.0],0.003520557],
[[600.0,50.0,50.0],0.003264172],
[[600.0,100.0,100.0],0.003268178],
[[600.0,150.0,150.0],0.003097914],
[[600.0,200.0,200.0],0.002923593],
[[600.0,250.0,250.0],0.003603832],
[[650.0,1.0,1.0],0.003421198],
[[650.0,50.0,50.0],0.003417994],
[[650.0,100.0,100.0],0.00352915],
[[650.0,150.0,150.0],0.004477819],
[[650.0,200.0,200.0],0.004697183],
[[650.0,250.0,250.0],0.004457516],
[[650.0,300.0,300.0],0.003381854],
[[700.0,1.0,1.0],0.004185064],
[[700.0,50.0,50.0],0.003472898],
[[700.0,100.0,100.0],0.003350797],
[[700.0,150.0,150.0],0.003175058],
[[700.0,200.0,200.0],0.003694272],
[[700.0,250.0,250.0],0.004304511],
[[700.0,300.0,300.0],0.004038871],
[[750.0,1.0,1.0],0.003734179],
[[750.0,10.0,10.0],0.004569025],
[[750.0,50.0,50.0],0.003492195],
[[750.0,100.0,100.0],0.003808599],
[[750.0,150.0,150.0],0.003772008],
[[750.0,200.0,200.0],0.004065747],
[[750.0,250.0,250.0],0.003871106],
[[750.0,300.0,300.0],0.003990177],
[[750.0,350.0,350.0],0.004090856],
[[800.0,1.0,1.0],0.003794057],
[[800.0,150.0,150.0],0.003943155],
[[800.0,200.0,200.0],0.004496091],
[[800.0,250.0,250.0],0.004243088],
[[800.0,300.0,300.0],0.004782161],
[[800.0,350.0,350.0],0.004527502],
[[850.0,1.0,1.0],0.004766146],
[[850.0,150.0,150.0],0.005067034],
[[850.0,200.0,200.0],0.004410215],
[[850.0,250.0,250.0],0.005487758],
[[850.0,300.0,300.0],0.004160266],
[[850.0,350.0,350.0],0.004534369],
[[850.0,400.0,400.0],0.00476544],
[[900.0,1.0,1.0],0.004343085],
[[900.0,150.0,150.0],0.005156271],
[[900.0,200.0,200.0],0.004871982],
[[900.0,250.0,250.0],0.00462041],
[[900.0,300.0,300.0],0.005214111],
[[900.0,350.0,350.0],0.004571867],
[[900.0,400.0,400.0],0.004690878],
[[950.0,1.0,1.0],0.004351851],
[[950.0,150.0,150.0],0.004482859],
[[950.0,200.0,200.0],0.004962307],
[[950.0,250.0,250.0],0.004713886],
[[950.0,300.0,300.0],0.005197325],
[[950.0,350.0,350.0],0.004772439],
[[950.0,400.0,400.0],0.005512242],
[[950.0,450.0,450.0],0.004553103],
[[1000.0,1.0,1.0],0.004651313],
[[1000.0,10.0,10.0],0.004869496],
[[1000.0,50.0,50.0],0.004423376],
[[1000.0,100.0,100.0],0.004309992],
[[1000.0,150.0,150.0],0.005278175],
[[1000.0,200.0,200.0],0.004544737],
[[1000.0,250.0,250.0],0.005886868],
[[1000.0,300.0,300.0],0.005197259],
[[1000.0,350.0,350.0],0.005003889],
[[1000.0,400.0,400.0],0.00497408],
[[1000.0,450.0,450.0],0.005727796],
[[1050.0,1.0,1.0],0.004758702],
[[1050.0,150.0,150.0],0.005253845],
[[1050.0,200.0,200.0],0.006079374],
[[1050.0,250.0,250.0],0.004924204],
[[1050.0,300.0,300.0],0.005004306],
[[1050.0,350.0,350.0],0.005519609],
[[1050.0,400.0,400.0],0.004781838],
[[1050.0,450.0,450.0],0.004645803],
[[1050.0,500.0,500.0],0.005410096],
[[1100.0,1.0,1.0],0.004601807],
[[1100.0,150.0,150.0],0.004726343],
[[1100.0,200.0,200.0],0.005510075],
[[1100.0,250.0,250.0],0.006275418],
[[1100.0,300.0,300.0],0.005262754],
[[1100.0,350.0,350.0],0.005710435],
[[1100.0,400.0,400.0],0.006014656],
[[1100.0,450.0,450.0],0.006515633],
[[1100.0,500.0,500.0],0.006777293],
[[1150.0,1.0,1.0],0.004594334],
[[1150.0,150.0,150.0],0.005426609],
[[1150.0,200.0,200.0],0.005546573],
[[1150.0,250.0,250.0],0.005422382],
[[1150.0,300.0,300.0],0.006342242],
[[1150.0,350.0,350.0],0.005409052],
[[1150.0,400.0,400.0],0.006012467],
[[1150.0,450.0,450.0],0.004835318],
[[1150.0,500.0,500.0],0.005671079],
[[1150.0,550.0,550.0],0.006486773],
[[1200.0,1.0,1.0],0.004507559],
[[1200.0,150.0,150.0],0.005031375],
[[1200.0,200.0,200.0],0.005457965],
[[1200.0,250.0,250.0],0.005465472],
[[1200.0,300.0,300.0],0.006230118],
[[1200.0,350.0,350.0],0.006585035],
[[1200.0,400.0,400.0],0.006845493],
[[1200.0,450.0,450.0],0.005681209],
[[1200.0,500.0,500.0],0.005763132],
[[1200.0,550.0,550.0],0.005995655],
[[1250.0,1.0,1.0],0.005012015],
[[1250.0,10.0,10.0],0.004801655],
[[1250.0,50.0,50.0],0.00487511],
[[1250.0,100.0,100.0],0.004593573],
[[1250.0,150.0,150.0],0.005653236],
[[1250.0,200.0,200.0],0.005017399],
[[1250.0,250.0,250.0],0.00587205],
[[1250.0,300.0,300.0],0.006028925],
[[1250.0,350.0,350.0],0.006977341],
[[1250.0,400.0,400.0],0.005383593],
[[1250.0,450.0,450.0],0.005611123],
[[1250.0,500.0,500.0],0.005616562],
[[1250.0,550.0,550.0],0.006335816],
[[1250.0,600.0,600.0],0.006093923],
[[1300.0,1.0,1.0],0.004539252],
[[1300.0,150.0,150.0],0.004903088],
[[1300.0,200.0,200.0],0.005428334],
[[1300.0,250.0,250.0],0.00521963],
[[1300.0,300.0,300.0],0.005050462],
[[1300.0,350.0,350.0],0.0055792],
[[1300.0,400.0,400.0],0.005651005],
[[1300.0,450.0,450.0],0.005857838],
[[1300.0,500.0,500.0],0.006458222],
[[1300.0,550.0,550.0],0.006468834],
[[1300.0,600.0,600.0],0.006145818],
[[1350.0,1.0,1.0],0.00481149],
[[1350.0,150.0,150.0],0.005245546],
[[1350.0,200.0,200.0],0.005501349],
[[1350.0,250.0,250.0],0.004884072],
[[1350.0,300.0,300.0],0.005270069],
[[1350.0,350.0,350.0],0.006131319],
[[1350.0,400.0,400.0],0.005928979],
[[1350.0,450.0,450.0],0.005396387],
[[1350.0,500.0,500.0],0.005755832],
[[1350.0,550.0,550.0],0.006730237],
[[1350.0,600.0,600.0],0.005551785],
[[1350.0,650.0,650.0],0.006086729],
[[1400.0,1.0,1.0],0.005165047],
[[1400.0,150.0,150.0],0.005757011],
[[1400.0,200.0,200.0],0.00551224],
[[1400.0,250.0,250.0],0.005853674],
[[1400.0,300.0,300.0],0.005098109],
[[1400.0,350.0,350.0],0.006575345],
[[1400.0,400.0,400.0],0.006461386],
[[1400.0,450.0,450.0],0.00550802],
[[1400.0,500.0,500.0],0.006214431],
[[1400.0,550.0,550.0],0.006883661],
[[1400.0,600.0,600.0],0.005777788],
[[1400.0,650.0,650.0],0.006910907],
[[1450.0,1.0,1.0],0.004792191],
[[1450.0,150.0,150.0],0.005159914],
[[1450.0,200.0,200.0],0.005697134],
[[1450.0,250.0,250.0],0.005850704],
[[1450.0,300.0,300.0],0.006030958],
[[1450.0,350.0,350.0],0.005725462],
[[1450.0,400.0,400.0],0.005531779],
[[1450.0,450.0,450.0],0.006491467],
[[1450.0,500.0,500.0],0.007113235],
[[1450.0,550.0,550.0],0.006468752],
[[1450.0,600.0,600.0],0.006486996],
[[1450.0,650.0,650.0],0.006215841],
[[1450.0,700.0,700.0],0.006572318],
[[1500.0,1.0,1.0],0.004910348],
[[1500.0,10.0,10.0],0.004842709],
[[1500.0,50.0,50.0],0.004650575],
[[1500.0,100.0,100.0],0.005185115],
[[1500.0,150.0,150.0],0.005801675],
[[1500.0,200.0,200.0],0.005316425],
[[1500.0,250.0,250.0],0.006073498],
[[1500.0,300.0,300.0],0.005636608],
[[1500.0,350.0,350.0],0.005812994],
[[1500.0,400.0,400.0],0.006185813],
[[1500.0,450.0,450.0],0.005864328],
[[1500.0,500.0,500.0],0.005935916],
[[1500.0,550.0,550.0],0.005860528],
[[1500.0,600.0,600.0],0.006875245],
[[1500.0,650.0,650.0],0.006282449],
[[1500.0,700.0,700.0],0.006775706],
[[1500.0,750.0,750.0],0.007062632],
[[1550.0,1.0,1.0],0.004664911],
[[1550.0,150.0,150.0],0.005161091],
[[1550.0,200.0,200.0],0.005636574],
[[1550.0,250.0,250.0],0.006526353],
[[1550.0,300.0,300.0],0.005736539],
[[1550.0,350.0,350.0],0.006256305],
[[1550.0,400.0,400.0],0.006591401],
[[1550.0,450.0,450.0],0.006701899],
[[1550.0,500.0,500.0],0.006274886],
[[1550.0,550.0,550.0],0.006268853],
[[1550.0,600.0,600.0],0.006186988],
[[1550.0,650.0,650.0],0.006349405],
[[1550.0,700.0,700.0],0.006404201],
[[1550.0,750.0,750.0],0.006092608],
[[1600.0,1.0,1.0],0.005196038],
[[1600.0,150.0,150.0],0.005075],
[[1600.0,200.0,200.0],0.005619406],
[[1600.0,250.0,250.0],0.005844685],
[[1600.0,300.0,300.0],0.005619356],
[[1600.0,350.0,350.0],0.006718759],
[[1600.0,400.0,400.0],0.006315192],
[[1600.0,450.0,450.0],0.006425776],
[[1600.0,500.0,500.0],0.006159295],
[[1600.0,550.0,550.0],0.005233798],
[[1600.0,600.0,600.0],0.006852732],
[[1600.0,650.0,650.0],0.006776824],
[[1600.0,700.0,700.0],0.00616632],
[[1600.0,750.0,750.0],0.006084378],
[[1650.0,1.0,1.0],0.004477902],
[[1650.0,150.0,150.0],0.005846717],
[[1650.0,200.0,200.0],0.005328875],
[[1650.0,250.0,250.0],0.005718585],
[[1650.0,300.0,300.0],0.006214635],
[[1650.0,350.0,350.0],0.006214638],
[[1650.0,400.0,400.0],0.006003696],
[[1650.0,450.0,450.0],0.00679311],
[[1650.0,500.0,500.0],0.006219847],
[[1650.0,550.0,550.0],0.006591359],
[[1650.0,600.0,600.0],0.007657449],
[[1650.0,650.0,650.0],0.006261336],
[[1650.0,700.0,700.0],0.006535992],
[[1650.0,750.0,750.0],0.007352819],
[[1650.0,800.0,800.0],0.006591441],
[[1700.0,1.0,1.0],0.005252673],
[[1700.0,150.0,150.0],0.005154311],
[[1700.0,200.0,200.0],0.006476175],
[[1700.0,250.0,250.0],0.006007691],
[[1700.0,300.0,300.0],0.006391705],
[[1700.0,350.0,350.0],0.005108092],
[[1700.0,400.0,400.0],0.006394065],
[[1700.0,450.0,450.0],0.006978742],
[[1700.0,500.0,500.0],0.007759018],
[[1700.0,550.0,550.0],0.007895215],
[[1700.0,600.0,600.0],0.00676307],
[[1700.0,650.0,650.0],0.006753438],
[[1700.0,700.0,700.0],0.006824567],
[[1700.0,750.0,750.0],0.006282566],
[[1700.0,800.0,800.0],0.007354393],
[[1750.0,1.0,1.0],0.004561632],
[[1750.0,10.0,10.0],0.00555974],
[[1750.0,50.0,50.0],0.004786265],
[[1750.0,100.0,100.0],0.005121974],
[[1750.0,150.0,150.0],0.005906818],
[[1750.0,200.0,200.0],0.006196273],
[[1750.0,250.0,250.0],0.006566931],
[[1750.0,300.0,300.0],0.006528934],
[[1750.0,350.0,350.0],0.006183821],
[[1750.0,400.0,400.0],0.007104589],
[[1750.0,450.0,450.0],0.007044657],
[[1750.0,500.0,500.0],0.006811876],
[[1750.0,550.0,550.0],0.005561665],
[[1750.0,600.0,600.0],0.006916882],
[[1750.0,650.0,650.0],0.00673235],
[[1750.0,700.0,700.0],0.006500612],
[[1750.0,750.0,750.0],0.007211909],
[[1750.0,800.0,800.0],0.006567193],
[[1750.0,850.0,850.0],0.006245783],
[[1800.0,1.0,1.0],0.004907709],
[[1800.0,150.0,150.0],0.004262616],
[[1800.0,200.0,200.0],0.005565695],
[[1800.0,250.0,250.0],0.005903561],
[[1800.0,300.0,300.0],0.00603174],
[[1800.0,350.0,350.0],0.006869772],
[[1800.0,400.0,400.0],0.006737888],
[[1800.0,450.0,450.0],0.007113965],
[[1800.0,500.0,500.0],0.006227087],
[[1800.0,550.0,550.0],0.006889526],
[[1800.0,600.0,600.0],0.006526706],
[[1800.0,650.0,650.0],0.006832829],
[[1800.0,700.0,700.0],0.007255856],
[[1800.0,750.0,750.0],0.006073506],
[[1800.0,800.0,800.0],0.006844781],
[[1800.0,850.0,850.0],0.006100541],
[[1850.0,1.0,1.0],0.004812585],
[[1850.0,150.0,150.0],0.004917984],
[[1850.0,200.0,200.0],0.005913234],
[[1850.0,250.0,250.0],0.00579043],
[[1850.0,300.0,300.0],0.006943298],
[[1850.0,350.0,350.0],0.006368291],
[[1850.0,400.0,400.0],0.006859742],
[[1850.0,450.0,450.0],0.00653586],
[[1850.0,500.0,500.0],0.007891686],
[[1850.0,550.0,550.0],0.006616872],
[[1850.0,600.0,600.0],0.006263861],
[[1850.0,650.0,650.0],0.007421974],
[[1850.0,700.0,700.0],0.006633178],
[[1850.0,750.0,750.0],0.00698763],
[[1850.0,800.0,800.0],0.00675668],
[[1850.0,850.0,850.0],0.006119646],
[[1850.0,900.0,900.0],0.006430105],
[[1900.0,1.0,1.0],0.004494818],
[[1900.0,150.0,150.0],0.005639811],
[[1900.0,200.0,200.0],0.005589748],
[[1900.0,250.0,250.0],0.005643329],
[[1900.0,300.0,300.0],0.005926082],
[[1900.0,350.0,350.0],0.006322958],
[[1900.0,400.0,400.0],0.005918001],
[[1900.0,450.0,450.0],0.007005816],
[[1900.0,500.0,500.0],0.006802907],
[[1900.0,550.0,550.0],0.007344379],
[[1900.0,600.0,600.0],0.007326716],
[[1900.0,650.0,650.0],0.007156041],
[[1900.0,700.0,700.0],0.007438586],
[[1900.0,750.0,750.0],0.007051436],
[[1900.0,800.0,800.0],0.006776654],
[[1900.0,850.0,850.0],0.006211212],
[[1900.0,900.0,900.0],0.006654134],
[[1950.0,1.0,1.0],0.004946073],
[[1950.0,150.0,150.0],0.00649648],
[[1950.0,200.0,200.0],0.004986145],
[[1950.0,250.0,250.0],0.006053322],
[[1950.0,300.0,300.0],0.006598136],
[[1950.0,350.0,350.0],0.006694301],
[[1950.0,400.0,400.0],0.006709253],
[[1950.0,450.0,450.0],0.007312724],
[[1950.0,500.0,500.0],0.006661916],
[[1950.0,550.0,550.0],0.006769942],
[[1950.0,600.0,600.0],0.006160317],
[[1950.0,650.0,650.0],0.00663407],
[[1950.0,700.0,700.0],0.005931636],
[[1950.0,750.0,750.0],0.006374484],
[[1950.0,800.0,800.0],0.00662069],
[[1950.0,850.0,850.0],0.006585008],
[[1950.0,900.0,900.0],0.007219492],
[[1950.0,950.0,950.0],0.007956899],
[[2000.0,1.0,1.0],0.005057055],
[[2000.0,10.0,10.0],0.004535703],
[[2000.0,50.0,50.0],0.005060382],
[[2000.0,100.0,100.0],0.005147575],
[[2000.0,150.0,150.0],0.005406613],
[[2000.0,200.0,200.0],0.005889699],
[[2000.0,250.0,250.0],0.00581456],
[[2000.0,300.0,300.0],0.006434823],
[[2000.0,350.0,350.0],0.007127443],
[[2000.0,400.0,400.0],0.005476597],
[[2000.0,450.0,450.0],0.006771201],
[[2000.0,500.0,500.0],0.006221745],
[[2000.0,550.0,550.0],0.006910187],
[[2000.0,600.0,600.0],0.005605203],
[[2000.0,650.0,650.0],0.006943487],
[[2000.0,700.0,700.0],0.006198277],
[[2000.0,750.0,750.0],0.0065792],
[[2000.0,800.0,800.0],0.00620983],
[[2000.0,850.0,850.0],0.007715371],
[[2000.0,900.0,900.0],0.007079433],
[[2000.0,950.0,950.0],0.006816864],
[[2250.0,1.0,1.0],0.004212795],
[[2250.0,10.0,10.0],0.004633468],
[[2250.0,50.0,50.0],0.004971109],
[[2250.0,100.0,100.0],0.005269913],
[[2250.0,150.0,150.0],0.004951323],
[[2250.0,300.0,300.0],0.005807055],
[[2250.0,500.0,500.0],0.007163948],
[[2250.0,750.0,750.0],0.007010557],
[[2250.0,1000.0,1000.0],0.007470445],
[[2500.0,1.0,1.0],0.004431815],
[[2500.0,10.0,10.0],0.004178256],
[[2500.0,50.0,50.0],0.005512531],
[[2500.0,100.0,100.0],0.005485041],
[[2500.0,150.0,150.0],0.005043002],
[[2500.0,300.0,300.0],0.006711276],
[[2500.0,500.0,500.0],0.007494259],
[[2500.0,750.0,750.0],0.00694171],
[[2500.0,1000.0,1000.0],0.00753871],
[[2500.0,1200.0,1200.0],0.007350387],
[[2750.0,1.0,1.0],0.004502712],
[[2750.0,10.0,10.0],0.004471441],
[[2750.0,50.0,50.0],0.005684251],
[[2750.0,100.0,100.0],0.00589687],
[[2750.0,150.0,150.0],0.005284051],
[[2750.0,300.0,300.0],0.006857005],
[[2750.0,500.0,500.0],0.007406732],
[[2750.0,750.0,750.0],0.007526315],
[[2750.0,1000.0,1000.0],0.007503432],
[[2750.0,1200.0,1200.0],0.008172777],
[[3000.0,1.0,1.0],0.004731488],
[[3000.0,10.0,10.0],0.004865997],
[[3000.0,50.0,50.0],0.005300546],
[[3000.0,100.0,100.0],0.00555477],
[[3000.0,150.0,150.0],0.005536366],
[[3000.0,300.0,300.0],0.006750675],
[[3000.0,500.0,500.0],0.007746619],
[[3000.0,750.0,750.0],0.007653481],
[[3000.0,1000.0,1000.0],0.008101478],
[[3000.0,1200.0,1200.0],0.00820061],
[[3000.0,1400.0,1400.0],0.008234843]]
