txName: TRV1
constraint: {(PV > Zprime(1)), (Zprime(1) > MET(2),MET(3))}
condition: None
conditionDescription: None
figureUrl: https://cms-results.web.cern.ch/cms-results/public-results/publications/EXO-20-004/CMS-EXO-20-004_Figure_007-b.png
source: https://doi.org/10.5281/zenodo.13324003
validated: True
axesMap: [{0: 'x', 1: 'y', 2: 'y'}]
dataMap: {0: (1, 'mass', GeV), 1: (2, 'mass', GeV), 2: (3, 'mass', GeV)}
finalState: ['MET', 'MET']
intermediateState: None
efficiencyMap: [[[50.0,1.0,1.0],5.128025e-06],
[[100.0,1.0,1.0],3.811477e-05],
[[100.0,10.0,10.0],3.611682e-05],
[[150.0,1.0,1.0],0.0001048193],
[[150.0,75.0,75.0],0.000136568],
[[200.0,1.0,1.0],0.0002128954],
[[200.0,75.0,75.0],0.0002251894],
[[250.0,1.0,1.0],0.0003781959],
[[250.0,10.0,10.0],0.0003201466],
[[250.0,75.0,75.0],0.0003322622],
[[300.0,1.0,1.0],0.0004740195],
[[300.0,75.0,75.0],0.0005203707],
[[350.0,1.0,1.0],0.0006470809],
[[350.0,75.0,75.0],0.0006138931],
[[350.0,150.0,150.0],0.0006240002],
[[400.0,1.0,1.0],0.0008113958],
[[400.0,75.0,75.0],0.0007672214],
[[400.0,150.0,150.0],0.0007835938],
[[450.0,1.0,1.0],0.0009510538],
[[450.0,75.0,75.0],0.001077506],
[[450.0,150.0,150.0],0.0009727841],
[[450.0,200.0,200.0],0.001207066],
[[500.0,1.0,1.0],0.001080406],
[[500.0,10.0,10.0],0.001112804],
[[500.0,75.0,75.0],0.001122773],
[[500.0,150.0,150.0],0.00114463],
[[500.0,200.0,200.0],0.001082056],
[[550.0,1.0,1.0],0.001212559],
[[550.0,75.0,75.0],0.001261066],
[[550.0,150.0,150.0],0.001265395],
[[550.0,200.0,200.0],0.001204249],
[[550.0,250.0,250.0],0.001336324],
[[600.0,1.0,1.0],0.001280989],
[[600.0,75.0,75.0],0.001365314],
[[600.0,150.0,150.0],0.001496409],
[[600.0,200.0,200.0],0.001446077],
[[600.0,250.0,250.0],0.001429765],
[[650.0,1.0,1.0],0.001396797],
[[650.0,75.0,75.0],0.001443569],
[[650.0,150.0,150.0],0.001472473],
[[650.0,200.0,200.0],0.00145595],
[[650.0,250.0,250.0],0.001605296],
[[650.0,300.0,300.0],0.001356856],
[[700.0,1.0,1.0],0.001527045],
[[700.0,75.0,75.0],0.001460959],
[[700.0,150.0,150.0],0.001500016],
[[700.0,200.0,200.0],0.001694405],
[[700.0,250.0,250.0],0.001580488],
[[700.0,300.0,300.0],0.001462802],
[[750.0,1.0,1.0],0.001631085],
[[750.0,10.0,10.0],0.001575582],
[[750.0,75.0,75.0],0.001718075],
[[750.0,150.0,150.0],0.001682902],
[[750.0,200.0,200.0],0.001821424],
[[750.0,250.0,250.0],0.001763671],
[[750.0,300.0,300.0],0.001751766],
[[750.0,350.0,350.0],0.001644919],
[[800.0,1.0,1.0],0.00171509],
[[800.0,75.0,75.0],0.001735444],
[[800.0,150.0,150.0],0.001762513],
[[800.0,200.0,200.0],0.001723434],
[[800.0,250.0,250.0],0.001877398],
[[800.0,300.0,300.0],0.001658837],
[[800.0,350.0,350.0],0.001828111],
[[850.0,1.0,1.0],0.001859808],
[[850.0,75.0,75.0],0.001707206],
[[850.0,150.0,150.0],0.001824789],
[[850.0,200.0,200.0],0.001717942],
[[850.0,250.0,250.0],0.001706503],
[[850.0,300.0,300.0],0.00188122],
[[850.0,350.0,350.0],0.001714717],
[[850.0,400.0,400.0],0.001738621],
[[900.0,1.0,1.0],0.001929857],
[[900.0,75.0,75.0],0.001829835],
[[900.0,150.0,150.0],0.001974103],
[[900.0,200.0,200.0],0.001897325],
[[900.0,250.0,250.0],0.001980109],
[[900.0,300.0,300.0],0.001984306],
[[900.0,350.0,350.0],0.002068821],
[[900.0,400.0,400.0],0.001835575],
[[950.0,1.0,1.0],0.001841074],
[[950.0,75.0,75.0],0.001974768],
[[950.0,150.0,150.0],0.001974803],
[[950.0,200.0,200.0],0.001806744],
[[950.0,250.0,250.0],0.002148255],
[[950.0,300.0,300.0],0.002034075],
[[950.0,350.0,350.0],0.002063892],
[[950.0,400.0,400.0],0.001968186],
[[950.0,450.0,450.0],0.002081018],
[[1000.0,1.0,1.0],0.001884717],
[[1000.0,10.0,10.0],0.001970088],
[[1000.0,75.0,75.0],0.001905159],
[[1000.0,150.0,150.0],0.002036772],
[[1000.0,200.0,200.0],0.002054949],
[[1000.0,250.0,250.0],0.001918367],
[[1000.0,300.0,300.0],0.0020988],
[[1000.0,350.0,350.0],0.002073432],
[[1000.0,400.0,400.0],0.002115231],
[[1000.0,450.0,450.0],0.001921589],
[[1050.0,1.0,1.0],0.002020686],
[[1050.0,75.0,75.0],0.002243359],
[[1050.0,150.0,150.0],0.00193846],
[[1050.0,200.0,200.0],0.002215602],
[[1050.0,250.0,250.0],0.002224005],
[[1050.0,300.0,300.0],0.002199899],
[[1050.0,350.0,350.0],0.002327536],
[[1050.0,400.0,400.0],0.002116599],
[[1050.0,450.0,450.0],0.002065702],
[[1050.0,500.0,500.0],0.002265951],
[[1100.0,1.0,1.0],0.002080455],
[[1100.0,75.0,75.0],0.002175282],
[[1100.0,150.0,150.0],0.002235266],
[[1100.0,200.0,200.0],0.002074765],
[[1100.0,250.0,250.0],0.002225786],
[[1100.0,300.0,300.0],0.002222746],
[[1100.0,350.0,350.0],0.002226481],
[[1100.0,400.0,400.0],0.002230108],
[[1100.0,450.0,450.0],0.002237753],
[[1100.0,500.0,500.0],0.002323212],
[[1150.0,1.0,1.0],0.002122772],
[[1150.0,75.0,75.0],0.002025075],
[[1150.0,150.0,150.0],0.002203786],
[[1150.0,200.0,200.0],0.002248055],
[[1150.0,250.0,250.0],0.002226054],
[[1150.0,300.0,300.0],0.002078731],
[[1150.0,350.0,350.0],0.002393421],
[[1150.0,400.0,400.0],0.002127062],
[[1150.0,450.0,450.0],0.002258511],
[[1150.0,500.0,500.0],0.002162592],
[[1150.0,550.0,550.0],0.002145787],
[[1200.0,1.0,1.0],0.002168898],
[[1200.0,75.0,75.0],0.002171492],
[[1200.0,150.0,150.0],0.00230012],
[[1200.0,200.0,200.0],0.002338748],
[[1200.0,250.0,250.0],0.00230236],
[[1200.0,300.0,300.0],0.002300607],
[[1200.0,350.0,350.0],0.002250147],
[[1200.0,400.0,400.0],0.002292594],
[[1200.0,450.0,450.0],0.002541448],
[[1200.0,500.0,500.0],0.002343428],
[[1200.0,550.0,550.0],0.002281342],
[[1250.0,1.0,1.0],0.002231701],
[[1250.0,10.0,10.0],0.002361336],
[[1250.0,75.0,75.0],0.002188951],
[[1250.0,150.0,150.0],0.002353832],
[[1250.0,200.0,200.0],0.002296792],
[[1250.0,250.0,250.0],0.002135182],
[[1250.0,300.0,300.0],0.00222455],
[[1250.0,350.0,350.0],0.002612735],
[[1250.0,400.0,400.0],0.002302001],
[[1250.0,450.0,450.0],0.002505491],
[[1250.0,500.0,500.0],0.002474563],
[[1250.0,550.0,550.0],0.002567942],
[[1250.0,600.0,600.0],0.002329447],
[[1300.0,1.0,1.0],0.00213155],
[[1300.0,75.0,75.0],0.002277631],
[[1300.0,150.0,150.0],0.002518557],
[[1300.0,200.0,200.0],0.002491727],
[[1300.0,250.0,250.0],0.002335368],
[[1300.0,300.0,300.0],0.002513847],
[[1300.0,350.0,350.0],0.002434026],
[[1300.0,400.0,400.0],0.002423036],
[[1300.0,450.0,450.0],0.002396799],
[[1300.0,500.0,500.0],0.002200796],
[[1300.0,550.0,550.0],0.002327325],
[[1300.0,600.0,600.0],0.002451281],
[[1350.0,1.0,1.0],0.002353354],
[[1350.0,75.0,75.0],0.002224919],
[[1350.0,150.0,150.0],0.002370481],
[[1350.0,200.0,200.0],0.002415261],
[[1350.0,250.0,250.0],0.002342801],
[[1350.0,300.0,300.0],0.002327455],
[[1350.0,350.0,350.0],0.00223359],
[[1350.0,400.0,400.0],0.002668924],
[[1350.0,450.0,450.0],0.002588233],
[[1350.0,500.0,500.0],0.002450268],
[[1350.0,550.0,550.0],0.002183483],
[[1350.0,600.0,600.0],0.002353764],
[[1350.0,650.0,650.0],0.002465373],
[[1400.0,1.0,1.0],0.002454159],
[[1400.0,75.0,75.0],0.002415293],
[[1400.0,150.0,150.0],0.002274656],
[[1400.0,200.0,200.0],0.002435005],
[[1400.0,250.0,250.0],0.002467527],
[[1400.0,300.0,300.0],0.002540021],
[[1400.0,350.0,350.0],0.002642322],
[[1400.0,400.0,400.0],0.00256152],
[[1400.0,450.0,450.0],0.002722373],
[[1400.0,500.0,500.0],0.002711423],
[[1400.0,550.0,550.0],0.002285478],
[[1400.0,600.0,600.0],0.00247215],
[[1400.0,650.0,650.0],0.002610531],
[[1450.0,1.0,1.0],0.002281525],
[[1450.0,75.0,75.0],0.002409031],
[[1450.0,150.0,150.0],0.002328142],
[[1450.0,200.0,200.0],0.002413441],
[[1450.0,250.0,250.0],0.002481827],
[[1450.0,300.0,300.0],0.002329463],
[[1450.0,350.0,350.0],0.002359637],
[[1450.0,400.0,400.0],0.002501474],
[[1450.0,450.0,450.0],0.002510694],
[[1450.0,500.0,500.0],0.002561768],
[[1450.0,550.0,550.0],0.002476887],
[[1450.0,600.0,600.0],0.002648269],
[[1450.0,650.0,650.0],0.002534204],
[[1450.0,700.0,700.0],0.002402978],
[[1500.0,1.0,1.0],0.00232322],
[[1500.0,10.0,10.0],0.002145233],
[[1500.0,75.0,75.0],0.002419032],
[[1500.0,150.0,150.0],0.002411741],
[[1500.0,200.0,200.0],0.00243264],
[[1500.0,250.0,250.0],0.00252123],
[[1500.0,300.0,300.0],0.002683924],
[[1500.0,350.0,350.0],0.002600409],
[[1500.0,400.0,400.0],0.002542311],
[[1500.0,450.0,450.0],0.002506012],
[[1500.0,500.0,500.0],0.002539984],
[[1500.0,550.0,550.0],0.00276408],
[[1500.0,600.0,600.0],0.002680433],
[[1500.0,650.0,650.0],0.002747282],
[[1500.0,700.0,700.0],0.002484795],
[[1500.0,750.0,750.0],0.00286676],
[[1550.0,1.0,1.0],0.002467162],
[[1550.0,75.0,75.0],0.002335338],
[[1550.0,150.0,150.0],0.002411641],
[[1550.0,200.0,200.0],0.002507582],
[[1550.0,250.0,250.0],0.002428465],
[[1550.0,300.0,300.0],0.002425318],
[[1550.0,350.0,350.0],0.002551866],
[[1550.0,400.0,400.0],0.00261766],
[[1550.0,450.0,450.0],0.002585256],
[[1550.0,500.0,500.0],0.002596691],
[[1550.0,550.0,550.0],0.002766599],
[[1550.0,600.0,600.0],0.002502259],
[[1550.0,650.0,650.0],0.002589437],
[[1550.0,700.0,700.0],0.002728209],
[[1550.0,750.0,750.0],0.002578847],
[[1600.0,1.0,1.0],0.002658089],
[[1600.0,75.0,75.0],0.002482144],
[[1600.0,150.0,150.0],0.002649253],
[[1600.0,200.0,200.0],0.002708672],
[[1600.0,250.0,250.0],0.002692071],
[[1600.0,300.0,300.0],0.002431645],
[[1600.0,350.0,350.0],0.002714582],
[[1600.0,400.0,400.0],0.002809488],
[[1600.0,450.0,450.0],0.002520093],
[[1600.0,500.0,500.0],0.002679038],
[[1600.0,550.0,550.0],0.002842333],
[[1600.0,600.0,600.0],0.002764849],
[[1600.0,650.0,650.0],0.0026097],
[[1600.0,700.0,700.0],0.002593692],
[[1600.0,750.0,750.0],0.002628672],
[[1650.0,1.0,1.0],0.002569654],
[[1650.0,75.0,75.0],0.002354895],
[[1650.0,150.0,150.0],0.002360506],
[[1650.0,200.0,200.0],0.002393765],
[[1650.0,250.0,250.0],0.002635455],
[[1650.0,300.0,300.0],0.002518107],
[[1650.0,350.0,350.0],0.002747694],
[[1650.0,400.0,400.0],0.0028364],
[[1650.0,450.0,450.0],0.002755504],
[[1650.0,500.0,500.0],0.002634867],
[[1650.0,550.0,550.0],0.002395163],
[[1650.0,600.0,600.0],0.002523815],
[[1650.0,650.0,650.0],0.002793413],
[[1650.0,700.0,700.0],0.002551664],
[[1650.0,750.0,750.0],0.002796774],
[[1650.0,800.0,800.0],0.002704396],
[[1700.0,1.0,1.0],0.002620883],
[[1700.0,75.0,75.0],0.002558303],
[[1700.0,150.0,150.0],0.002622377],
[[1700.0,200.0,200.0],0.002418481],
[[1700.0,250.0,250.0],0.002441938],
[[1700.0,300.0,300.0],0.002724233],
[[1700.0,350.0,350.0],0.002850707],
[[1700.0,400.0,400.0],0.002685414],
[[1700.0,450.0,450.0],0.002837594],
[[1700.0,500.0,500.0],0.002600562],
[[1700.0,550.0,550.0],0.002640533],
[[1700.0,600.0,600.0],0.002763695],
[[1700.0,650.0,650.0],0.002867675],
[[1700.0,700.0,700.0],0.00259928],
[[1700.0,750.0,750.0],0.002775112],
[[1700.0,800.0,800.0],0.002817774],
[[1750.0,1.0,1.0],0.00260373],
[[1750.0,10.0,10.0],0.002333899],
[[1750.0,75.0,75.0],0.002527609],
[[1750.0,150.0,150.0],0.002721096],
[[1750.0,200.0,200.0],0.002440643],
[[1750.0,250.0,250.0],0.002586034],
[[1750.0,300.0,300.0],0.002535273],
[[1750.0,350.0,350.0],0.002860452],
[[1750.0,400.0,400.0],0.002672662],
[[1750.0,450.0,450.0],0.002953949],
[[1750.0,500.0,500.0],0.002787104],
[[1750.0,550.0,550.0],0.002598766],
[[1750.0,600.0,600.0],0.002899282],
[[1750.0,650.0,650.0],0.00280617],
[[1750.0,700.0,700.0],0.002770016],
[[1750.0,750.0,750.0],0.002875143],
[[1750.0,800.0,800.0],0.002680467],
[[1750.0,850.0,850.0],0.002629653],
[[1800.0,1.0,1.0],0.002644029],
[[1800.0,75.0,75.0],0.002644351],
[[1800.0,150.0,150.0],0.002839213],
[[1800.0,200.0,200.0],0.002578793],
[[1800.0,250.0,250.0],0.002376256],
[[1800.0,300.0,300.0],0.002727207],
[[1800.0,350.0,350.0],0.002422677],
[[1800.0,400.0,400.0],0.00251446],
[[1800.0,450.0,450.0],0.002972133],
[[1800.0,500.0,500.0],0.002840245],
[[1800.0,550.0,550.0],0.002682475],
[[1800.0,600.0,600.0],0.00275379],
[[1800.0,650.0,650.0],0.002673331],
[[1800.0,700.0,700.0],0.002836466],
[[1800.0,750.0,750.0],0.002587665],
[[1800.0,800.0,800.0],0.002420848],
[[1800.0,850.0,850.0],0.002743321],
[[1850.0,1.0,1.0],0.00255412],
[[1850.0,75.0,75.0],0.002432454],
[[1850.0,150.0,150.0],0.002235072],
[[1850.0,200.0,200.0],0.002713812],
[[1850.0,250.0,250.0],0.002570836],
[[1850.0,300.0,300.0],0.002615701],
[[1850.0,350.0,350.0],0.002569545],
[[1850.0,400.0,400.0],0.002399564],
[[1850.0,450.0,450.0],0.002913192],
[[1850.0,500.0,500.0],0.002820407],
[[1850.0,550.0,550.0],0.002653895],
[[1850.0,600.0,600.0],0.00280628],
[[1850.0,650.0,650.0],0.002782465],
[[1850.0,700.0,700.0],0.002681977],
[[1850.0,750.0,750.0],0.002652868],
[[1850.0,800.0,800.0],0.002760919],
[[1850.0,850.0,850.0],0.002887353],
[[1850.0,900.0,900.0],0.002584172],
[[1900.0,1.0,1.0],0.002695884],
[[1900.0,75.0,75.0],0.002791696],
[[1900.0,150.0,150.0],0.002855308],
[[1900.0,200.0,200.0],0.002750839],
[[1900.0,250.0,250.0],0.002652789],
[[1900.0,300.0,300.0],0.00254526],
[[1900.0,350.0,350.0],0.00285922],
[[1900.0,400.0,400.0],0.002751947],
[[1900.0,450.0,450.0],0.002736007],
[[1900.0,500.0,500.0],0.002742884],
[[1900.0,550.0,550.0],0.002724858],
[[1900.0,600.0,600.0],0.00288207],
[[1900.0,650.0,650.0],0.002556361],
[[1900.0,700.0,700.0],0.002522734],
[[1900.0,750.0,750.0],0.002924558],
[[1900.0,800.0,800.0],0.002687462],
[[1900.0,850.0,850.0],0.002994611],
[[1900.0,900.0,900.0],0.002842655],
[[1950.0,1.0,1.0],0.002591965],
[[1950.0,75.0,75.0],0.002774224],
[[1950.0,150.0,150.0],0.002769991],
[[1950.0,200.0,200.0],0.002737175],
[[1950.0,250.0,250.0],0.002440153],
[[1950.0,300.0,300.0],0.002723196],
[[1950.0,350.0,350.0],0.00284898],
[[1950.0,400.0,400.0],0.002616569],
[[1950.0,450.0,450.0],0.002890698],
[[1950.0,500.0,500.0],0.002893107],
[[1950.0,550.0,550.0],0.002938613],
[[1950.0,600.0,600.0],0.002918662],
[[1950.0,650.0,650.0],0.002716345],
[[1950.0,700.0,700.0],0.003284997],
[[1950.0,750.0,750.0],0.00276812],
[[1950.0,800.0,800.0],0.002920038],
[[1950.0,850.0,850.0],0.002725049],
[[1950.0,900.0,900.0],0.002885082],
[[1950.0,950.0,950.0],0.002876394],
[[2000.0,1.0,1.0],0.002919695],
[[2000.0,75.0,75.0],0.002735634],
[[2000.0,150.0,150.0],0.002862558],
[[2000.0,200.0,200.0],0.002510314],
[[2000.0,250.0,250.0],0.002880661],
[[2000.0,300.0,300.0],0.002824966],
[[2000.0,350.0,350.0],0.002902405],
[[2000.0,400.0,400.0],0.002653211],
[[2000.0,450.0,450.0],0.002715288],
[[2000.0,500.0,500.0],0.002622535],
[[2000.0,550.0,550.0],0.002717786],
[[2000.0,600.0,600.0],0.002771205],
[[2000.0,650.0,650.0],0.002685131],
[[2000.0,700.0,700.0],0.002902168],
[[2000.0,750.0,750.0],0.002592786],
[[2000.0,800.0,800.0],0.002832191],
[[2000.0,850.0,850.0],0.002854475],
[[2000.0,900.0,900.0],0.003292089],
[[2000.0,950.0,950.0],0.002601456],
[[2250.0,1.0,1.0],0.003096182],
[[2250.0,75.0,75.0],0.002931671],
[[2250.0,150.0,150.0],0.0031201],
[[2250.0,300.0,300.0],0.002861201],
[[2250.0,500.0,500.0],0.002782712],
[[2250.0,750.0,750.0],0.003011508],
[[2250.0,1000.0,1000.0],0.003084981],
[[2500.0,1.0,1.0],0.003026189],
[[2500.0,75.0,75.0],0.003039436],
[[2500.0,150.0,150.0],0.003231101],
[[2500.0,300.0,300.0],0.00259774],
[[2500.0,500.0,500.0],0.002962865],
[[2500.0,750.0,750.0],0.00311225],
[[2500.0,1000.0,1000.0],0.003245201],
[[2500.0,1200.0,1200.0],0.003159061],
[[2750.0,1.0,1.0],0.00311415],
[[2750.0,75.0,75.0],0.002848744],
[[2750.0,150.0,150.0],0.003007475],
[[2750.0,300.0,300.0],0.003167324],
[[2750.0,500.0,500.0],0.003161749],
[[2750.0,750.0,750.0],0.003244758],
[[2750.0,1000.0,1000.0],0.003090741],
[[2750.0,1200.0,1200.0],0.003282805],
[[3000.0,1.0,1.0],0.003329926],
[[3000.0,75.0,75.0],0.003566719],
[[3000.0,150.0,150.0],0.003483209],
[[3000.0,300.0,300.0],0.003340993],
[[3000.0,500.0,500.0],0.003860814],
[[3000.0,750.0,750.0],0.003301399],
[[3000.0,1000.0,1000.0],0.003564438],
[[3000.0,1200.0,1200.0],0.003283883],
[[3000.0,1400.0,1400.0],0.004010825]]
