txName: TRV1
constraint: {(PV > Zprime(1)), (Zprime(1) > MET(2),MET(3))}
condition: None
conditionDescription: None
figureUrl: None
source: Recast by CM2
validated: True
axesMap: [{0: 'x', 1: 'y', 2: 'y'}]
dataMap: {0: (1, 'mass', GeV), 1: (2, 'mass', GeV), 2: (3, 'mass', GeV)}
finalState: ['MET', 'MET']
intermediateState: None
efficiencyMap: [[[50.0,0,0],0],
[[50.0,1.0,1.0],0.0],
[[50.0,10.0,10.0],0],
[[50.0,20.0,20.0],0],
[[100.0,0,0],0],
[[100.0,1.0,1.0],0.0],
[[100.0,10.0,10.0],0],
[[150.0,0,0],0],
[[150.0,1.0,1.0],0],
[[150.0,10.0,10.0],0],
[[150.0,50.0,50.0],0],
[[150.0,70.0,70.0],0.0],
[[200.0,0,0],0],
[[200.0,1.0,1.0],0],
[[200.0,10.0,10.0],0],
[[200.0,50.0,50.0],0],
[[200.0,75.0,75.0],0],
[[250.0,0,0],2.019431e-06],
[[250.0,1.0,1.0],0],
[[250.0,10.0,10.0],0],
[[250.0,50.0,50.0],0],
[[250.0,75.0,75.0],0],
[[250.0,100.0,100.0],0],
[[250.0,120.0,120.0],0],
[[300.0,0,0],0],
[[300.0,1.0,1.0],0],
[[300.0,10.0,10.0],0],
[[300.0,50.0,50.0],4.715911e-06],
[[300.0,75.0,75.0],0],
[[300.0,100.0,100.0],0],
[[350.0,0,0],0],
[[350.0,1.0,1.0],0],
[[350.0,10.0,10.0],0],
[[350.0,50.0,50.0],2.275465e-06],
[[350.0,75.0,75.0],3.060732e-06],
[[350.0,100.0,100.0],1.914625e-06],
[[350.0,150.0,150.0],0],
[[350.0,170.0,170.0],0],
[[400.0,0,0],0],
[[400.0,1.0,1.0],1.731468e-06],
[[400.0,10.0,10.0],0],
[[400.0,50.0,50.0],5.041963e-06],
[[400.0,75.0,75.0],2.054781e-06],
[[400.0,100.0,100.0],0],
[[400.0,150.0,150.0],2.04683e-06],
[[450.0,0,0],0],
[[450.0,1.0,1.0],1.687139e-06],
[[450.0,10.0,10.0],2.350498e-06],
[[450.0,50.0,50.0],2.870865e-06],
[[450.0,75.0,75.0],3.333444e-06],
[[450.0,100.0,100.0],5.545185e-06],
[[450.0,150.0,150.0],3.712804e-06],
[[450.0,200.0,200.0],5.755584e-06],
[[450.0,220.0,220.0],1.666828e-06],
[[500.0,0,0],3.33764e-06],
[[500.0,1.0,1.0],3.750771e-06],
[[500.0,10.0,10.0],3.108887e-06],
[[500.0,50.0,50.0],2.642876e-06],
[[500.0,75.0,75.0],5.436175e-06],
[[500.0,100.0,100.0],4.34973e-06],
[[500.0,150.0,150.0],4.277622e-06],
[[500.0,200.0,200.0],5.142044e-06],
[[550.0,1.0,1.0],4.370652e-06],
[[550.0,10.0,10.0],5.059545e-06],
[[550.0,75.0,75.0],4.823301e-06],
[[550.0,150.0,150.0],3.467104e-06],
[[550.0,200.0,200.0],3.87606e-06],
[[550.0,250.0,250.0],6.19919e-06],
[[550.0,270.0,270.0],5.158974e-06],
[[600.0,0,0],6.129017e-06],
[[600.0,1.0,1.0],5.422439e-06],
[[600.0,10.0,10.0],9.160762e-06],
[[600.0,50.0,50.0],7.726223e-06],
[[600.0,75.0,75.0],7.826196e-06],
[[600.0,100.0,100.0],5.562783e-06],
[[600.0,150.0,150.0],4.089073e-06],
[[600.0,200.0,200.0],3.164698e-06],
[[600.0,250.0,250.0],8.269339e-06],
[[600.0,295.0,295.0],4.535866e-06],
[[650.0,1.0,1.0],6.650308e-06],
[[650.0,10.0,10.0],7.599326e-06],
[[650.0,75.0,75.0],6.228132e-06],
[[650.0,150.0,150.0],8.867771e-06],
[[650.0,200.0,200.0],8.007005e-06],
[[650.0,250.0,250.0],9.017222e-06],
[[650.0,300.0,300.0],7.833432e-06],
[[650.0,320.0,320.0],9.796492e-06],
[[700.0,0,0],1.067758e-05],
[[700.0,1.0,1.0],1.108563e-05],
[[700.0,10.0,10.0],1.701355e-05],
[[700.0,50.0,50.0],1.010639e-05],
[[700.0,75.0,75.0],8.779725e-06],
[[700.0,100.0,100.0],5.599281e-06],
[[700.0,150.0,150.0],1.317271e-05],
[[700.0,200.0,200.0],9.95946e-06],
[[700.0,250.0,250.0],9.303381e-06],
[[700.0,300.0,300.0],7.675545e-06],
[[750.0,1.0,1.0],8.590514e-06],
[[750.0,10.0,10.0],1.01418e-05],
[[750.0,75.0,75.0],1.138101e-05],
[[750.0,150.0,150.0],8.607191e-06],
[[750.0,200.0,200.0],1.206816e-05],
[[750.0,250.0,250.0],9.85557e-06],
[[750.0,300.0,300.0],8.238006e-06],
[[750.0,350.0,350.0],1.056617e-05],
[[750.0,370.0,370.0],9.588179e-06],
[[800.0,0,0],1.105644e-05],
[[800.0,1.0,1.0],1.087339e-05],
[[800.0,10.0,10.0],1.53555e-05],
[[800.0,50.0,50.0],1.125373e-05],
[[800.0,75.0,75.0],9.819177e-06],
[[800.0,100.0,100.0],8.691246e-06],
[[800.0,150.0,150.0],1.350654e-05],
[[800.0,200.0,200.0],1.000041e-05],
[[800.0,250.0,250.0],8.100027e-06],
[[800.0,300.0,300.0],1.510645e-05],
[[800.0,350.0,350.0],1.050015e-05],
[[850.0,1.0,1.0],1.3026e-05],
[[850.0,10.0,10.0],1.10168e-05],
[[850.0,75.0,75.0],1.253116e-05],
[[850.0,150.0,150.0],1.608657e-05],
[[850.0,200.0,200.0],1.488688e-05],
[[850.0,250.0,250.0],1.261178e-05],
[[850.0,300.0,300.0],1.471504e-05],
[[850.0,350.0,350.0],1.274866e-05],
[[850.0,400.0,400.0],1.155153e-05],
[[850.0,420.0,420.0],2.28053e-05],
[[900.0,0,0],8.854658e-06],
[[900.0,1.0,1.0],2.959763e-05],
[[900.0,10.0,10.0],1.492489e-05],
[[900.0,50.0,50.0],1.571635e-05],
[[900.0,75.0,75.0],1.701822e-05],
[[900.0,100.0,100.0],1.394436e-05],
[[900.0,150.0,150.0],1.22174e-05],
[[900.0,200.0,200.0],1.441686e-05],
[[900.0,250.0,250.0],1.563923e-05],
[[900.0,300.0,300.0],1.237156e-05],
[[900.0,350.0,350.0],1.886701e-05],
[[900.0,400.0,400.0],9.782351e-06],
[[950.0,1.0,1.0],1.34771e-05],
[[950.0,10.0,10.0],1.599848e-05],
[[950.0,75.0,75.0],1.323747e-05],
[[950.0,150.0,150.0],1.351558e-05],
[[950.0,200.0,200.0],1.706174e-05],
[[950.0,250.0,250.0],1.555104e-05],
[[950.0,300.0,300.0],1.491678e-05],
[[950.0,350.0,350.0],1.146122e-05],
[[950.0,400.0,400.0],1.334926e-05],
[[950.0,450.0,450.0],1.622187e-05],
[[950.0,470.0,470.0],2.075609e-05],
[[1000.0,0,0],1.42038e-05],
[[1000.0,50.0,50.0],1.224565e-05],
[[1000.0,100.0,100.0],1.089599e-05],
[[1000.0,150.0,150.0],1.397999e-05],
[[1000.0,200.0,200.0],1.377298e-05],
[[1000.0,250.0,250.0],1.716677e-05],
[[1000.0,300.0,300.0],8.705278e-06],
[[1000.0,350.0,350.0],1.0655e-05],
[[1000.0,400.0,400.0],1.954181e-05],
[[1000.0,450.0,450.0],2.004103e-05],
[[1050.0,520.0,520.0],1.3452e-05],
[[1100.0,0,0],1.90439e-05],
[[1100.0,100.0,100.0],1.35543e-05],
[[1100.0,200.0,200.0],1.576781e-05],
[[1100.0,300.0,300.0],1.85653e-05],
[[1100.0,400.0,400.0],3.209807e-05],
[[1100.0,500.0,500.0],1.334925e-05],
[[1150.0,570.0,570.0],2.025057e-05],
[[1200.0,0,0],2.759154e-05],
[[1200.0,100.0,100.0],2.645318e-05],
[[1200.0,200.0,200.0],1.54462e-05],
[[1200.0,300.0,300.0],2.182547e-05],
[[1200.0,400.0,400.0],2.380941e-05],
[[1200.0,500.0,500.0],2.901192e-05],
[[1250.0,620.0,620.0],2.347512e-05],
[[1300.0,0,0],2.056632e-05],
[[1300.0,100.0,100.0],2.654367e-05],
[[1300.0,200.0,200.0],2.461577e-05],
[[1300.0,300.0,300.0],1.915909e-05],
[[1300.0,400.0,400.0],1.973241e-05],
[[1300.0,500.0,500.0],1.977336e-05],
[[1300.0,600.0,600.0],1.517329e-05],
[[1350.0,670.0,670.0],2.186573e-05],
[[1400.0,0,0],2.36327e-05],
[[1400.0,100.0,100.0],2.261235e-05],
[[1400.0,200.0,200.0],2.265425e-05],
[[1400.0,300.0,300.0],2.875979e-05],
[[1400.0,400.0,400.0],1.669273e-05],
[[1400.0,500.0,500.0],3.676357e-05],
[[1400.0,600.0,600.0],1.691669e-05],
[[1450.0,720.0,720.0],2.015505e-05],
[[1500.0,0,0],1.966262e-05],
[[1500.0,100.0,100.0],2.199311e-05],
[[1500.0,200.0,200.0],2.41824e-05],
[[1500.0,300.0,300.0],1.138249e-05],
[[1500.0,400.0,400.0],2.044925e-05],
[[1500.0,500.0,500.0],2.947734e-05],
[[1500.0,600.0,600.0],2.207511e-05],
[[1500.0,700.0,700.0],2.043531e-05],
[[1550.0,770.0,770.0],3.292644e-05],
[[1600.0,0,0],2.641825e-05],
[[1600.0,100.0,100.0],1.591486e-05],
[[1600.0,200.0,200.0],2.864497e-05],
[[1600.0,300.0,300.0],2.497542e-05],
[[1600.0,400.0,400.0],3.286412e-05],
[[1600.0,500.0,500.0],2.611175e-05],
[[1600.0,600.0,600.0],2.021056e-05],
[[1600.0,700.0,700.0],2.912386e-05],
[[1650.0,820.0,820.0],2.91707e-05],
[[1700.0,0,0],2.015781e-05],
[[1700.0,100.0,100.0],2.194792e-05],
[[1700.0,200.0,200.0],2.879415e-05],
[[1700.0,300.0,300.0],2.470284e-05],
[[1700.0,400.0,400.0],2.913001e-05],
[[1700.0,500.0,500.0],2.007607e-05],
[[1700.0,600.0,600.0],1.150888e-05],
[[1700.0,700.0,700.0],2.883361e-05],
[[1700.0,800.0,800.0],2.229563e-05],
[[1750.0,870.0,870.0],4.240187e-05],
[[1800.0,0,0],3.123331e-05],
[[1800.0,100.0,100.0],3.300381e-05],
[[1800.0,200.0,200.0],1.901389e-05],
[[1800.0,300.0,300.0],3.246033e-05],
[[1800.0,400.0,400.0],2.46833e-05],
[[1800.0,500.0,500.0],2.763424e-05],
[[1800.0,600.0,600.0],2.717948e-05],
[[1800.0,700.0,700.0],2.248081e-05],
[[1800.0,800.0,800.0],2.253479e-05],
[[1850.0,920.0,920.0],2.352091e-05],
[[1900.0,0,0],2.902457e-05],
[[1900.0,100.0,100.0],2.599679e-05],
[[1900.0,200.0,200.0],1.951455e-05],
[[1900.0,300.0,300.0],2.114657e-05],
[[1900.0,400.0,400.0],2.344041e-05],
[[1900.0,500.0,500.0],2.158271e-05],
[[1900.0,600.0,600.0],3.32537e-05],
[[1900.0,700.0,700.0],3.139199e-05],
[[1900.0,800.0,800.0],3.764506e-05],
[[1900.0,900.0,900.0],2.591255e-05],
[[1950.0,970.0,970.0],2.002756e-05],
[[2000.0,0,0],2.364312e-05],
[[2000.0,100.0,100.0],2.857681e-05],
[[2000.0,200.0,200.0],3.283943e-05],
[[2000.0,300.0,300.0],2.244367e-05],
[[2000.0,400.0,400.0],2.867875e-05],
[[2000.0,500.0,500.0],3.214364e-05],
[[2000.0,600.0,600.0],2.101203e-05],
[[2000.0,700.0,700.0],2.437097e-05],
[[2000.0,800.0,800.0],1.961544e-05],
[[2000.0,900.0,900.0],2.061506e-05],
[[2050.0,1020.0,1020.0],1.284417e-05],
[[2100.0,0,0],1.549817e-05],
[[2100.0,100.0,100.0],2.088868e-05],
[[2100.0,200.0,200.0],3.370669e-05],
[[2100.0,300.0,300.0],1.78925e-05],
[[2100.0,400.0,400.0],2.880276e-05],
[[2100.0,500.0,500.0],2.248629e-05],
[[2100.0,600.0,600.0],2.207897e-05],
[[2100.0,700.0,700.0],1.81446e-05],
[[2100.0,800.0,800.0],3.127276e-05],
[[2100.0,900.0,900.0],2.424338e-05],
[[2100.0,1000.0,1000.0],2.324428e-05],
[[2150.0,1070.0,1070.0],2.110595e-05],
[[2200.0,0,0],3.076038e-05],
[[2200.0,100.0,100.0],2.955402e-05],
[[2200.0,200.0,200.0],2.100945e-05],
[[2200.0,300.0,300.0],2.058376e-05],
[[2200.0,400.0,400.0],2.848056e-05],
[[2200.0,500.0,500.0],2.512142e-05],
[[2200.0,600.0,600.0],2.593439e-05],
[[2200.0,700.0,700.0],2.00566e-05],
[[2200.0,800.0,800.0],2.664602e-05],
[[2200.0,900.0,900.0],2.088944e-05],
[[2200.0,1000.0,1000.0],2.603009e-05],
[[2250.0,1120.0,1120.0],2.742943e-05],
[[2300.0,0,0],2.835839e-05],
[[2300.0,100.0,100.0],2.409084e-05],
[[2300.0,200.0,200.0],2.022924e-05],
[[2300.0,300.0,300.0],3.167265e-05],
[[2300.0,400.0,400.0],3.306148e-05],
[[2300.0,500.0,500.0],2.923387e-05],
[[2300.0,600.0,600.0],4.114973e-05],
[[2300.0,700.0,700.0],2.557975e-05],
[[2300.0,800.0,800.0],2.757348e-05],
[[2300.0,900.0,900.0],2.760427e-05],
[[2300.0,1000.0,1000.0],2.390731e-05],
[[2300.0,1100.0,1100.0],2.233825e-05],
[[2350.0,1170.0,1170.0],2.527519e-05],
[[2400.0,0,0],2.654246e-05],
[[2400.0,100.0,100.0],2.889539e-05],
[[2400.0,200.0,200.0],3.693496e-05],
[[2400.0,300.0,300.0],2.569671e-05],
[[2400.0,400.0,400.0],3.499001e-05],
[[2400.0,500.0,500.0],2.261742e-05],
[[2400.0,600.0,600.0],2.551871e-05],
[[2400.0,700.0,700.0],4.09949e-05],
[[2400.0,800.0,800.0],4.066078e-05],
[[2400.0,900.0,900.0],2.78911e-05],
[[2400.0,1000.0,1000.0],2.37636e-05],
[[2400.0,1100.0,1100.0],1.962624e-05],
[[2450.0,1220.0,1220.0],1.541428e-05],
[[2500.0,0,0],2.104664e-05],
[[2500.0,100.0,100.0],2.124861e-05],
[[2500.0,200.0,200.0],3.397907e-05],
[[2500.0,300.0,300.0],3.34476e-05],
[[2500.0,400.0,400.0],3.615244e-05],
[[2500.0,500.0,500.0],2.766892e-05],
[[2500.0,600.0,600.0],2.642646e-05],
[[2500.0,700.0,700.0],2.884535e-05],
[[2500.0,800.0,800.0],2.364696e-05],
[[2500.0,900.0,900.0],3.45343e-05],
[[2500.0,1000.0,1000.0],3.535292e-05],
[[2500.0,1100.0,1100.0],2.378779e-05],
[[2500.0,1200.0,1200.0],2.687829e-05],
[[2550.0,1270.0,1270.0],2.540354e-05],
[[2600.0,0,0],3.011634e-05],
[[2600.0,100.0,100.0],2.384655e-05],
[[2600.0,200.0,200.0],2.43457e-05],
[[2600.0,300.0,300.0],2.901732e-05],
[[2600.0,400.0,400.0],2.40262e-05],
[[2600.0,500.0,500.0],3.320273e-05],
[[2600.0,600.0,600.0],2.956854e-05],
[[2600.0,700.0,700.0],2.656429e-05],
[[2600.0,800.0,800.0],2.80326e-05],
[[2600.0,900.0,900.0],2.106281e-05],
[[2600.0,1000.0,1000.0],3.232544e-05],
[[2600.0,1100.0,1100.0],2.804003e-05],
[[2600.0,1200.0,1200.0],1.564036e-05],
[[2650.0,1320.0,1320.0],3.623342e-05],
[[2700.0,0,0],2.939072e-05],
[[2700.0,100.0,100.0],2.462451e-05],
[[2700.0,200.0,200.0],3.524467e-05],
[[2700.0,300.0,300.0],2.823855e-05],
[[2700.0,400.0,400.0],3.120358e-05],
[[2700.0,500.0,500.0],2.210314e-05],
[[2700.0,600.0,600.0],2.863173e-05],
[[2700.0,700.0,700.0],2.989366e-05],
[[2700.0,800.0,800.0],3.020151e-05],
[[2700.0,900.0,900.0],2.124206e-05],
[[2700.0,1000.0,1000.0],2.289998e-05],
[[2700.0,1100.0,1100.0],2.75327e-05],
[[2700.0,1200.0,1200.0],1.866197e-05],
[[2700.0,1300.0,1300.0],1.954202e-05],
[[2750.0,1370.0,1370.0],2.259132e-05],
[[2800.0,0,0],2.332419e-05],
[[2800.0,100.0,100.0],2.837044e-05],
[[2800.0,200.0,200.0],1.756259e-05],
[[2800.0,300.0,300.0],3.268495e-05],
[[2800.0,400.0,400.0],3.101088e-05],
[[2800.0,500.0,500.0],2.019401e-05],
[[2800.0,600.0,600.0],3.031651e-05],
[[2800.0,700.0,700.0],2.326779e-05],
[[2800.0,800.0,800.0],2.312821e-05],
[[2800.0,900.0,900.0],2.146701e-05],
[[2800.0,1000.0,1000.0],2.834818e-05],
[[2800.0,1100.0,1100.0],2.59422e-05],
[[2800.0,1200.0,1200.0],2.011462e-05],
[[2800.0,1300.0,1300.0],3.997023e-05],
[[2850.0,1420.0,1420.0],2.786496e-05],
[[2900.0,0,0],3.176073e-05],
[[2900.0,100.0,100.0],3.200513e-05],
[[2900.0,200.0,200.0],3.227061e-05],
[[2900.0,300.0,300.0],2.953997e-05],
[[2900.0,400.0,400.0],2.38675e-05],
[[2900.0,500.0,500.0],4.642628e-05],
[[2900.0,600.0,600.0],3.435951e-05],
[[2900.0,700.0,700.0],2.795267e-05],
[[2900.0,800.0,800.0],3.203542e-05],
[[2900.0,900.0,900.0],8.52266e-06],
[[2900.0,1000.0,1000.0],2.909617e-05],
[[2900.0,1100.0,1100.0],3.016925e-05],
[[2900.0,1200.0,1200.0],2.905006e-05],
[[2900.0,1300.0,1300.0],2.22626e-05],
[[2900.0,1400.0,1400.0],3.111704e-05],
[[2950.0,1470.0,1470.0],2.416478e-05],
[[3000.0,0,0],2.582647e-05],
[[3000.0,100.0,100.0],1.85804e-05],
[[3000.0,200.0,200.0],2.487554e-05],
[[3000.0,300.0,300.0],1.780803e-05],
[[3000.0,400.0,400.0],2.074335e-05],
[[3000.0,500.0,500.0],2.594685e-05],
[[3000.0,600.0,600.0],2.214793e-05],
[[3000.0,700.0,700.0],3.188892e-05],
[[3000.0,800.0,800.0],1.566316e-05],
[[3000.0,900.0,900.0],3.152074e-05],
[[3000.0,1000.0,1000.0],3.450948e-05],
[[3000.0,1100.0,1100.0],3.872769e-05],
[[3000.0,1200.0,1200.0],3.40196e-05],
[[3000.0,1300.0,1300.0],2.810643e-05],
[[3000.0,1400.0,1400.0],1.778087e-05]]
