txName: TRV1
constraint: {(PV > Zprime(1)), (Zprime(1) > MET(2),MET(3))}
condition: None
conditionDescription: None
figureUrl: None
source: Recast by CM2
validated: True
axesMap: [{0: 'x', 1: 'y', 2: 'y'}]
dataMap: {0: (1, 'mass', GeV), 1: (2, 'mass', GeV), 2: (3, 'mass', GeV)}
finalState: ['MET', 'MET']
intermediateState: None
efficiencyMap: [[[50.0,0,0],0],
[[50.0,1.0,1.0],0.0],
[[50.0,10.0,10.0],0.0],
[[50.0,20.0,20.0],0],
[[100.0,0,0],0],
[[100.0,1.0,1.0],0],
[[100.0,10.0,10.0],0],
[[150.0,0,0],0],
[[150.0,1.0,1.0],0],
[[150.0,10.0,10.0],0],
[[150.0,50.0,50.0],0],
[[150.0,70.0,70.0],0],
[[200.0,0,0],3.853944e-06],
[[200.0,1.0,1.0],2.4065e-06],
[[200.0,10.0,10.0],0],
[[200.0,50.0,50.0],2.32265e-06],
[[200.0,75.0,75.0],0],
[[250.0,0,0],2.33761e-05],
[[250.0,1.0,1.0],2.337112e-06],
[[250.0,10.0,10.0],1.886773e-06],
[[250.0,50.0,50.0],2.986748e-06],
[[250.0,75.0,75.0],2.95898e-06],
[[250.0,100.0,100.0],3.150698e-06],
[[250.0,120.0,120.0],0],
[[300.0,0,0],4.292178e-06],
[[300.0,1.0,1.0],0],
[[300.0,10.0,10.0],5.583164e-06],
[[300.0,50.0,50.0],1.28763e-05],
[[300.0,75.0,75.0],3.405085e-06],
[[300.0,100.0,100.0],3.167643e-06],
[[350.0,0,0],8.728377e-06],
[[350.0,1.0,1.0],4.341779e-06],
[[350.0,10.0,10.0],7.713614e-06],
[[350.0,50.0,50.0],8.723306e-06],
[[350.0,75.0,75.0],7.739104e-06],
[[350.0,100.0,100.0],7.395823e-06],
[[350.0,150.0,150.0],1.102768e-05],
[[350.0,170.0,170.0],1.007879e-05],
[[400.0,0,0],8.211329e-06],
[[400.0,1.0,1.0],9.110795e-06],
[[400.0,10.0,10.0],9.829569e-06],
[[400.0,50.0,50.0],1.27909e-05],
[[400.0,75.0,75.0],9.383603e-06],
[[400.0,100.0,100.0],8.791204e-06],
[[400.0,150.0,150.0],4.465237e-06],
[[450.0,0,0],9.195764e-06],
[[450.0,1.0,1.0],1.253033e-05],
[[450.0,10.0,10.0],1.495533e-05],
[[450.0,50.0,50.0],1.854943e-05],
[[450.0,75.0,75.0],8.595761e-06],
[[450.0,100.0,100.0],9.162824e-06],
[[450.0,150.0,150.0],7.413595e-06],
[[450.0,200.0,200.0],8.383758e-06],
[[450.0,220.0,220.0],1.563889e-05],
[[500.0,0,0],1.315185e-05],
[[500.0,1.0,1.0],8.621803e-06],
[[500.0,10.0,10.0],1.257017e-05],
[[500.0,50.0,50.0],1.899424e-05],
[[500.0,75.0,75.0],1.424775e-05],
[[500.0,100.0,100.0],2.440709e-05],
[[500.0,150.0,150.0],1.003278e-05],
[[500.0,200.0,200.0],2.002328e-05],
[[550.0,1.0,1.0],1.315384e-05],
[[550.0,10.0,10.0],1.66657e-05],
[[550.0,75.0,75.0],1.867678e-05],
[[550.0,150.0,150.0],1.229908e-05],
[[550.0,200.0,200.0],1.624808e-05],
[[550.0,250.0,250.0],1.653622e-05],
[[550.0,270.0,270.0],2.879805e-05],
[[600.0,0,0],1.527331e-05],
[[600.0,1.0,1.0],1.420954e-05],
[[600.0,10.0,10.0],2.802672e-05],
[[600.0,50.0,50.0],9.612503e-06],
[[600.0,75.0,75.0],2.287108e-05],
[[600.0,100.0,100.0],1.321972e-05],
[[600.0,150.0,150.0],2.134515e-05],
[[600.0,200.0,200.0],1.81363e-05],
[[600.0,250.0,250.0],1.359472e-05],
[[600.0,295.0,295.0],1.845015e-05],
[[650.0,1.0,1.0],1.307721e-05],
[[650.0,10.0,10.0],1.819957e-05],
[[650.0,75.0,75.0],3.309543e-05],
[[650.0,150.0,150.0],3.204003e-05],
[[650.0,200.0,200.0],1.582596e-05],
[[650.0,250.0,250.0],2.272653e-05],
[[650.0,300.0,300.0],2.629918e-05],
[[650.0,320.0,320.0],2.233075e-05],
[[700.0,0,0],2.397035e-05],
[[700.0,1.0,1.0],3.274113e-05],
[[700.0,10.0,10.0],2.812659e-05],
[[700.0,50.0,50.0],2.154039e-05],
[[700.0,75.0,75.0],2.780082e-05],
[[700.0,100.0,100.0],7.097624e-06],
[[700.0,150.0,150.0],3.030075e-05],
[[700.0,200.0,200.0],3.326822e-05],
[[700.0,250.0,250.0],2.288117e-05],
[[700.0,300.0,300.0],2.764715e-05],
[[750.0,1.0,1.0],3.142957e-05],
[[750.0,10.0,10.0],2.892024e-05],
[[750.0,75.0,75.0],2.822755e-05],
[[750.0,150.0,150.0],2.626667e-05],
[[750.0,200.0,200.0],3.179296e-05],
[[750.0,250.0,250.0],3.553097e-05],
[[750.0,300.0,300.0],2.073462e-05],
[[750.0,350.0,350.0],3.785447e-05],
[[750.0,370.0,370.0],2.683963e-05],
[[800.0,0,0],2.432786e-05],
[[800.0,1.0,1.0],1.787587e-05],
[[800.0,10.0,10.0],2.786133e-05],
[[800.0,50.0,50.0],4.685654e-05],
[[800.0,75.0,75.0],3.532037e-05],
[[800.0,100.0,100.0],6.380632e-05],
[[800.0,150.0,150.0],3.637213e-05],
[[800.0,200.0,200.0],5.053167e-05],
[[800.0,250.0,250.0],3.750514e-05],
[[800.0,300.0,300.0],2.440911e-05],
[[800.0,350.0,350.0],2.969226e-05],
[[850.0,1.0,1.0],2.972163e-05],
[[850.0,10.0,10.0],2.884695e-05],
[[850.0,75.0,75.0],4.07943e-05],
[[850.0,150.0,150.0],2.717041e-05],
[[850.0,200.0,200.0],3.718747e-05],
[[850.0,250.0,250.0],4.060323e-05],
[[850.0,300.0,300.0],3.374371e-05],
[[850.0,350.0,350.0],2.998636e-05],
[[850.0,400.0,400.0],4.134612e-05],
[[850.0,420.0,420.0],6.52126e-05],
[[900.0,0,0],3.075489e-05],
[[900.0,1.0,1.0],3.617946e-05],
[[900.0,10.0,10.0],3.337747e-05],
[[900.0,50.0,50.0],3.539198e-05],
[[900.0,75.0,75.0],3.068143e-05],
[[900.0,100.0,100.0],3.369017e-05],
[[900.0,150.0,150.0],3.011109e-05],
[[900.0,200.0,200.0],5.093982e-05],
[[900.0,250.0,250.0],3.309205e-05],
[[900.0,300.0,300.0],2.10005e-05],
[[900.0,350.0,350.0],4.934105e-05],
[[900.0,400.0,400.0],4.319839e-05],
[[950.0,1.0,1.0],4.485175e-05],
[[950.0,10.0,10.0],3.338174e-05],
[[950.0,75.0,75.0],3.351483e-05],
[[950.0,150.0,150.0],2.898588e-05],
[[950.0,200.0,200.0],2.859205e-05],
[[950.0,250.0,250.0],3.987343e-05],
[[950.0,300.0,300.0],3.186796e-05],
[[950.0,350.0,350.0],4.628483e-05],
[[950.0,400.0,400.0],5.625225e-05],
[[950.0,450.0,450.0],2.389739e-05],
[[950.0,470.0,470.0],5.440521e-05],
[[1000.0,0,0],3.179483e-05],
[[1000.0,50.0,50.0],4.77087e-05],
[[1000.0,100.0,100.0],3.101817e-05],
[[1000.0,150.0,150.0],3.128851e-05],
[[1000.0,200.0,200.0],2.730895e-05],
[[1000.0,250.0,250.0],3.979783e-05],
[[1000.0,300.0,300.0],2.025094e-05],
[[1000.0,350.0,350.0],5.079927e-05],
[[1000.0,400.0,400.0],3.285878e-05],
[[1000.0,450.0,450.0],4.269747e-05],
[[1050.0,520.0,520.0],2.839743e-05],
[[1100.0,0,0],3.616725e-05],
[[1100.0,100.0,100.0],4.741487e-05],
[[1100.0,200.0,200.0],2.869343e-05],
[[1100.0,300.0,300.0],7.830591e-05],
[[1100.0,400.0,400.0],4.413372e-05],
[[1100.0,500.0,500.0],3.953309e-05],
[[1150.0,570.0,570.0],5.024555e-05],
[[1200.0,0,0],2.470046e-05],
[[1200.0,100.0,100.0],7.931269e-05],
[[1200.0,200.0,200.0],4.563384e-05],
[[1200.0,300.0,300.0],4.090484e-05],
[[1200.0,400.0,400.0],5.271702e-05],
[[1200.0,500.0,500.0],2.895346e-05],
[[1250.0,620.0,620.0],4.756478e-05],
[[1300.0,0,0],3.997859e-05],
[[1300.0,100.0,100.0],5.342408e-05],
[[1300.0,200.0,200.0],3.605773e-05],
[[1300.0,300.0,300.0],3.408811e-05],
[[1300.0,400.0,400.0],3.798925e-05],
[[1300.0,500.0,500.0],4.571292e-05],
[[1300.0,600.0,600.0],5.528554e-05],
[[1350.0,670.0,670.0],5.661269e-05],
[[1400.0,0,0],3.595052e-05],
[[1400.0,100.0,100.0],4.64319e-05],
[[1400.0,200.0,200.0],5.428903e-05],
[[1400.0,300.0,300.0],4.275444e-05],
[[1400.0,400.0,400.0],3.513898e-05],
[[1400.0,500.0,500.0],6.069009e-05],
[[1400.0,600.0,600.0],8.168151e-05],
[[1450.0,720.0,720.0],4.657757e-05],
[[1500.0,0,0],5.043257e-05],
[[1500.0,100.0,100.0],5.277149e-05],
[[1500.0,200.0,200.0],5.536444e-05],
[[1500.0,300.0,300.0],3.992767e-05],
[[1500.0,400.0,400.0],6.583715e-05],
[[1500.0,500.0,500.0],4.238032e-05],
[[1500.0,600.0,600.0],5.150638e-05],
[[1500.0,700.0,700.0],5.016017e-05],
[[1550.0,770.0,770.0],4.473793e-05],
[[1600.0,0,0],7.867669e-05],
[[1600.0,100.0,100.0],4.343381e-05],
[[1600.0,200.0,200.0],5.357615e-05],
[[1600.0,300.0,300.0],5.47683e-05],
[[1600.0,400.0,400.0],8.085285e-05],
[[1600.0,500.0,500.0],8.4385e-05],
[[1600.0,600.0,600.0],4.761326e-05],
[[1600.0,700.0,700.0],3.263089e-05],
[[1650.0,820.0,820.0],5.455772e-05],
[[1700.0,0,0],4.679957e-05],
[[1700.0,100.0,100.0],7.230259e-05],
[[1700.0,200.0,200.0],5.287091e-05],
[[1700.0,300.0,300.0],5.981883e-05],
[[1700.0,400.0,400.0],4.935007e-05],
[[1700.0,500.0,500.0],4.587396e-05],
[[1700.0,600.0,600.0],6.650972e-05],
[[1700.0,700.0,700.0],5.608787e-05],
[[1700.0,800.0,800.0],3.816103e-05],
[[1750.0,870.0,870.0],4.838107e-05],
[[1800.0,0,0],3.997626e-05],
[[1800.0,100.0,100.0],4.550126e-05],
[[1800.0,200.0,200.0],6.058207e-05],
[[1800.0,300.0,300.0],6.473198e-05],
[[1800.0,400.0,400.0],6.751863e-05],
[[1800.0,500.0,500.0],5.849091e-05],
[[1800.0,600.0,600.0],4.506481e-05],
[[1800.0,700.0,700.0],4.479411e-05],
[[1800.0,800.0,800.0],4.309629e-05],
[[1850.0,920.0,920.0],5.724836e-05],
[[1900.0,0,0],5.480715e-05],
[[1900.0,100.0,100.0],3.067939e-05],
[[1900.0,200.0,200.0],3.934296e-05],
[[1900.0,300.0,300.0],6.968527e-05],
[[1900.0,400.0,400.0],5.044587e-05],
[[1900.0,500.0,500.0],4.667713e-05],
[[1900.0,600.0,600.0],4.612833e-05],
[[1900.0,700.0,700.0],6.954441e-05],
[[1900.0,800.0,800.0],5.719338e-05],
[[1900.0,900.0,900.0],5.327111e-05],
[[1950.0,970.0,970.0],7.486231e-05],
[[2000.0,0,0],4.807571e-05],
[[2000.0,100.0,100.0],6.103511e-05],
[[2000.0,200.0,200.0],7.000782e-05],
[[2000.0,300.0,300.0],5.037916e-05],
[[2000.0,400.0,400.0],8.021658e-05],
[[2000.0,500.0,500.0],7.112554e-05],
[[2000.0,600.0,600.0],6.488987e-05],
[[2000.0,700.0,700.0],5.041483e-05],
[[2000.0,800.0,800.0],6.371293e-05],
[[2000.0,900.0,900.0],7.138809e-05],
[[2050.0,1020.0,1020.0],6.130486e-05],
[[2100.0,0,0],7.212482e-05],
[[2100.0,100.0,100.0],4.916615e-05],
[[2100.0,200.0,200.0],7.218912e-05],
[[2100.0,300.0,300.0],2.951912e-05],
[[2100.0,400.0,400.0],6.328079e-05],
[[2100.0,500.0,500.0],5.700453e-05],
[[2100.0,600.0,600.0],4.764632e-05],
[[2100.0,700.0,700.0],4.678056e-05],
[[2100.0,800.0,800.0],5.309621e-05],
[[2100.0,900.0,900.0],6.57846e-05],
[[2100.0,1000.0,1000.0],5.545604e-05],
[[2150.0,1070.0,1070.0],5.781606e-05],
[[2200.0,0,0],4.276773e-05],
[[2200.0,100.0,100.0],6.025848e-05],
[[2200.0,200.0,200.0],7.624823e-05],
[[2200.0,300.0,300.0],5.360678e-05],
[[2200.0,400.0,400.0],7.054746e-05],
[[2200.0,500.0,500.0],7.491781e-05],
[[2200.0,600.0,600.0],5.010555e-05],
[[2200.0,700.0,700.0],6.111588e-05],
[[2200.0,800.0,800.0],5.122946e-05],
[[2200.0,900.0,900.0],4.128073e-05],
[[2200.0,1000.0,1000.0],8.672513e-05],
[[2250.0,1120.0,1120.0],7.501501e-05],
[[2300.0,0,0],5.257169e-05],
[[2300.0,100.0,100.0],4.286287e-05],
[[2300.0,200.0,200.0],5.649554e-05],
[[2300.0,300.0,300.0],6.434534e-05],
[[2300.0,400.0,400.0],6.434375e-05],
[[2300.0,500.0,500.0],8.068007e-05],
[[2300.0,600.0,600.0],5.486336e-05],
[[2300.0,700.0,700.0],5.783194e-05],
[[2300.0,800.0,800.0],7.155193e-05],
[[2300.0,900.0,900.0],8.674152e-05],
[[2300.0,1000.0,1000.0],4.087652e-05],
[[2300.0,1100.0,1100.0],5.937266e-05],
[[2350.0,1170.0,1170.0],4.345617e-05],
[[2400.0,0,0],6.515512e-05],
[[2400.0,100.0,100.0],4.827083e-05],
[[2400.0,200.0,200.0],7.258426e-05],
[[2400.0,300.0,300.0],4.867536e-05],
[[2400.0,400.0,400.0],7.217357e-05],
[[2400.0,500.0,500.0],5.959202e-05],
[[2400.0,600.0,600.0],7.18659e-05],
[[2400.0,700.0,700.0],3.610239e-05],
[[2400.0,800.0,800.0],8.030973e-05],
[[2400.0,900.0,900.0],4.966852e-05],
[[2400.0,1000.0,1000.0],6.91563e-05],
[[2400.0,1100.0,1100.0],5.979296e-05],
[[2450.0,1220.0,1220.0],4.773739e-05],
[[2500.0,0,0],6.13036e-05],
[[2500.0,100.0,100.0],6.418054e-05],
[[2500.0,200.0,200.0],5.432164e-05],
[[2500.0,300.0,300.0],6.799104e-05],
[[2500.0,400.0,400.0],6.046679e-05],
[[2500.0,500.0,500.0],3.436571e-05],
[[2500.0,600.0,600.0],4.718653e-05],
[[2500.0,700.0,700.0],7.775094e-05],
[[2500.0,800.0,800.0],6.176186e-05],
[[2500.0,900.0,900.0],4.344497e-05],
[[2500.0,1000.0,1000.0],5.703911e-05],
[[2500.0,1100.0,1100.0],6.548587e-05],
[[2500.0,1200.0,1200.0],7.330935e-05],
[[2550.0,1270.0,1270.0],7.65605e-05],
[[2600.0,0,0],5.262851e-05],
[[2600.0,100.0,100.0],4.297969e-05],
[[2600.0,200.0,200.0],4.512094e-05],
[[2600.0,300.0,300.0],5.79064e-05],
[[2600.0,400.0,400.0],7.761708e-05],
[[2600.0,500.0,500.0],5.464197e-05],
[[2600.0,600.0,600.0],5.719162e-05],
[[2600.0,700.0,700.0],5.397026e-05],
[[2600.0,800.0,800.0],7.554278e-05],
[[2600.0,900.0,900.0],3.670045e-05],
[[2600.0,1000.0,1000.0],4.696291e-05],
[[2600.0,1100.0,1100.0],6.517398e-05],
[[2600.0,1200.0,1200.0],8.63423e-05],
[[2650.0,1320.0,1320.0],3.602942e-05],
[[2700.0,0,0],5.832785e-05],
[[2700.0,100.0,100.0],5.314685e-05],
[[2700.0,200.0,200.0],6.869189e-05],
[[2700.0,300.0,300.0],4.370347e-05],
[[2700.0,400.0,400.0],5.925828e-05],
[[2700.0,500.0,500.0],5.819163e-05],
[[2700.0,600.0,600.0],5.171656e-05],
[[2700.0,700.0,700.0],5.213487e-05],
[[2700.0,800.0,800.0],6.857048e-05],
[[2700.0,900.0,900.0],6.915575e-05],
[[2700.0,1000.0,1000.0],7.71891e-05],
[[2700.0,1100.0,1100.0],6.780034e-05],
[[2700.0,1200.0,1200.0],4.89e-05],
[[2700.0,1300.0,1300.0],5.498255e-05],
[[2750.0,1370.0,1370.0],4.097111e-05],
[[2800.0,0,0],5.1613e-05],
[[2800.0,100.0,100.0],6.490289e-05],
[[2800.0,200.0,200.0],4.262923e-05],
[[2800.0,300.0,300.0],8.587193e-05],
[[2800.0,400.0,400.0],4.858621e-05],
[[2800.0,500.0,500.0],7.154544e-05],
[[2800.0,600.0,600.0],6.317123e-05],
[[2800.0,700.0,700.0],7.440094e-05],
[[2800.0,800.0,800.0],6.90846e-05],
[[2800.0,900.0,900.0],5.432382e-05],
[[2800.0,1000.0,1000.0],6.715487e-05],
[[2800.0,1100.0,1100.0],5.936605e-05],
[[2800.0,1200.0,1200.0],5.912609e-05],
[[2800.0,1300.0,1300.0],5.43796e-05],
[[2850.0,1420.0,1420.0],6.656132e-05],
[[2900.0,0,0],2.923823e-05],
[[2900.0,100.0,100.0],6.064968e-05],
[[2900.0,200.0,200.0],7.077314e-05],
[[2900.0,300.0,300.0],5.794011e-05],
[[2900.0,400.0,400.0],4.415781e-05],
[[2900.0,500.0,500.0],8.068624e-05],
[[2900.0,600.0,600.0],3.840178e-05],
[[2900.0,700.0,700.0],6.638829e-05],
[[2900.0,800.0,800.0],4.671926e-05],
[[2900.0,900.0,900.0],4.237503e-05],
[[2900.0,1000.0,1000.0],7.345841e-05],
[[2900.0,1100.0,1100.0],5.612705e-05],
[[2900.0,1200.0,1200.0],5.783276e-05],
[[2900.0,1300.0,1300.0],6.820874e-05],
[[2900.0,1400.0,1400.0],5.272118e-05],
[[2950.0,1470.0,1470.0],7.290831e-05],
[[3000.0,0,0],4.402708e-05],
[[3000.0,100.0,100.0],6.122273e-05],
[[3000.0,200.0,200.0],4.610897e-05],
[[3000.0,300.0,300.0],5.978479e-05],
[[3000.0,400.0,400.0],6.460918e-05],
[[3000.0,500.0,500.0],4.302283e-05],
[[3000.0,600.0,600.0],6.284393e-05],
[[3000.0,700.0,700.0],4.464759e-05],
[[3000.0,800.0,800.0],4.332181e-05],
[[3000.0,900.0,900.0],7.141979e-05],
[[3000.0,1000.0,1000.0],6.45627e-05],
[[3000.0,1100.0,1100.0],5.595851e-05],
[[3000.0,1200.0,1200.0],5.673433e-05],
[[3000.0,1300.0,1300.0],6.233065e-05],
[[3000.0,1400.0,1400.0],9.511451e-05]]
