txName: TRS1
constraint: {(PV > H0(1)), (H0(1) > MET(2),MET(3))}
condition: None
conditionDescription: None
figureUrl: https://cms-results.web.cern.ch/cms-results/public-results/publications/EXO-20-004/CMS-EXO-20-004_Figure_009-a.png
source: CMS
validated: True
axesMap: [{0: 'x', 1: '1.0', 2: '1.0'}, {0: 'x', 1: 'y', 2: 'y'}]
dataMap: {0: (1, 'mass', GeV), 1: (2, 'mass', GeV), 2: (3, 'mass', GeV)}
finalState: ['MET', 'MET']
intermediateState: None
efficiencyMap: [[[100.0,10.0,10.0],0.0001076876],
[[150.0,1.0,1.0],0.0002006861],
[[150.0,50.0,50.0],0.0002078251],
[[200.0,1.0,1.0],0.0002781481],
[[200.0,50.0,50.0],0.0003264591],
[[200.0,100.0,100.0],0.0005009911],
[[250.0,1.0,1.0],0.0004738693],
[[250.0,10.0,10.0],0.0004238651],
[[250.0,50.0,50.0],0.000428564],
[[250.0,100.0,100.0],0.0004267147],
[[300.0,1.0,1.0],0.000497314],
[[300.0,50.0,50.0],0.0005129189],
[[300.0,100.0,100.0],0.0004891595],
[[350.0,1.0,1.0],0.0005716889],
[[350.0,50.0,50.0],0.000547529],
[[350.0,100.0,100.0],0.0005480131],
[[350.0,150.0,150.0],0.0005795306],
[[400.0,1.0,1.0],0.0008428463],
[[400.0,50.0,50.0],0.0006832283],
[[400.0,100.0,100.0],0.0006552359],
[[400.0,150.0,150.0],0.0007372233],
[[450.0,1.0,1.0],0.0007974974],
[[450.0,50.0,50.0],0.0008632342],
[[450.0,100.0,100.0],0.0007571283],
[[450.0,150.0,150.0],0.0008300726],
[[450.0,200.0,200.0],0.0008730184],
[[500.0,1.0,1.0],0.001047361],
[[500.0,10.0,10.0],0.001047443],
[[500.0,50.0,50.0],0.001063635],
[[500.0,100.0,100.0],0.0009595316],
[[500.0,150.0,150.0],0.001054264],
[[500.0,200.0,200.0],0.001090733],
[[550.0,1.0,1.0],0.00127224],
[[550.0,50.0,50.0],0.001184004],
[[550.0,100.0,100.0],0.001298574],
[[550.0,150.0,150.0],0.001849977],
[[550.0,200.0,200.0],0.001328872],
[[550.0,250.0,250.0],0.001184196],
[[600.0,1.0,1.0],0.001540265],
[[600.0,50.0,50.0],0.001461709],
[[600.0,100.0,100.0],0.001609311],
[[600.0,150.0,150.0],0.001343312],
[[600.0,200.0,200.0],0.001436937],
[[600.0,250.0,250.0],0.001424374],
[[650.0,1.0,1.0],0.001676],
[[650.0,50.0,50.0],0.001702316],
[[650.0,100.0,100.0],0.001938354],
[[650.0,150.0,150.0],0.001389758],
[[650.0,200.0,200.0],0.001668686],
[[650.0,250.0,250.0],0.002208699],
[[650.0,300.0,300.0],0.00174527],
[[700.0,1.0,1.0],0.001808711],
[[700.0,50.0,50.0],0.001929101],
[[700.0,100.0,100.0],0.002057738],
[[700.0,150.0,150.0],0.001879086],
[[700.0,200.0,200.0],0.001923132],
[[700.0,250.0,250.0],0.002909999],
[[700.0,300.0,300.0],0.002073593],
[[750.0,1.0,1.0],0.001827674],
[[750.0,10.0,10.0],0.002039271],
[[750.0,50.0,50.0],0.001880288],
[[750.0,100.0,100.0],0.001971298],
[[750.0,150.0,150.0],0.0019396],
[[750.0,200.0,200.0],0.001937403],
[[750.0,250.0,250.0],0.00219352],
[[750.0,300.0,300.0],0.002553642],
[[750.0,350.0,350.0],0.002421205],
[[800.0,1.0,1.0],0.002139858],
[[800.0,150.0,150.0],0.002457657],
[[800.0,200.0,200.0],0.002791275],
[[800.0,250.0,250.0],0.002611861],
[[800.0,300.0,300.0],0.002341915],
[[800.0,350.0,350.0],0.002424825],
[[850.0,1.0,1.0],0.00223369],
[[850.0,150.0,150.0],0.002585256],
[[850.0,200.0,200.0],0.002567531],
[[850.0,250.0,250.0],0.002672992],
[[850.0,300.0,300.0],0.002640657],
[[850.0,350.0,350.0],0.002284406],
[[850.0,400.0,400.0],0.002689433],
[[900.0,1.0,1.0],0.00230564],
[[900.0,150.0,150.0],0.002556535],
[[900.0,200.0,200.0],0.00232166],
[[900.0,250.0,250.0],0.00286053],
[[900.0,300.0,300.0],0.002537924],
[[900.0,350.0,350.0],0.002426158],
[[900.0,400.0,400.0],0.003982928],
[[950.0,1.0,1.0],0.002585191],
[[950.0,150.0,150.0],0.002513283],
[[950.0,200.0,200.0],0.002780058],
[[950.0,250.0,250.0],0.003047083],
[[950.0,300.0,300.0],0.003156327],
[[950.0,350.0,350.0],0.00339527],
[[950.0,400.0,400.0],0.003212025],
[[950.0,450.0,450.0],0.002975156],
[[1000.0,1.0,1.0],0.002756608],
[[1000.0,10.0,10.0],0.002611472],
[[1000.0,50.0,50.0],0.00268669],
[[1000.0,100.0,100.0],0.002948099],
[[1000.0,150.0,150.0],0.002492933],
[[1000.0,200.0,200.0],0.003040587],
[[1000.0,250.0,250.0],0.003178025],
[[1000.0,300.0,300.0],0.003023033],
[[1000.0,350.0,350.0],0.003349923],
[[1000.0,400.0,400.0],0.002933731],
[[1000.0,450.0,450.0],0.003034957],
[[1050.0,1.0,1.0],0.002793108],
[[1050.0,150.0,150.0],0.002816907],
[[1050.0,200.0,200.0],0.002755758],
[[1050.0,250.0,250.0],0.003760264],
[[1050.0,300.0,300.0],0.003301068],
[[1050.0,350.0,350.0],0.003420919],
[[1050.0,400.0,400.0],0.003002199],
[[1050.0,450.0,450.0],0.003841351],
[[1050.0,500.0,500.0],0.003743322],
[[1100.0,1.0,1.0],0.002827237],
[[1100.0,150.0,150.0],0.002831238],
[[1100.0,200.0,200.0],0.003157596],
[[1100.0,250.0,250.0],0.002660935],
[[1100.0,300.0,300.0],0.003089504],
[[1100.0,350.0,350.0],0.002811624],
[[1100.0,400.0,400.0],0.003817378],
[[1100.0,450.0,450.0],0.003949052],
[[1100.0,500.0,500.0],0.003468896],
[[1150.0,1.0,1.0],0.002956668],
[[1150.0,150.0,150.0],0.003044999],
[[1150.0,200.0,200.0],0.003398176],
[[1150.0,250.0,250.0],0.00332076],
[[1150.0,300.0,300.0],0.003401994],
[[1150.0,350.0,350.0],0.003297495],
[[1150.0,400.0,400.0],0.003440623],
[[1150.0,450.0,450.0],0.002914898],
[[1150.0,500.0,500.0],0.003454602],
[[1150.0,550.0,550.0],0.003953194],
[[1200.0,1.0,1.0],0.003059954],
[[1200.0,150.0,150.0],0.00311851],
[[1200.0,200.0,200.0],0.003914296],
[[1200.0,250.0,250.0],0.004157454],
[[1200.0,300.0,300.0],0.003394474],
[[1200.0,350.0,350.0],0.003375008],
[[1200.0,400.0,400.0],0.003610215],
[[1200.0,450.0,450.0],0.00397644],
[[1200.0,500.0,500.0],0.004170823],
[[1200.0,550.0,550.0],0.003503668],
[[1250.0,1.0,1.0],0.002935273],
[[1250.0,10.0,10.0],0.003118044],
[[1250.0,50.0,50.0],0.002731946],
[[1250.0,100.0,100.0],0.003134145],
[[1250.0,150.0,150.0],0.003819757],
[[1250.0,200.0,200.0],0.003286988],
[[1250.0,250.0,250.0],0.003052989],
[[1250.0,300.0,300.0],0.003474143],
[[1250.0,350.0,350.0],0.003110104],
[[1250.0,400.0,400.0],0.003239018],
[[1250.0,450.0,450.0],0.004015222],
[[1250.0,500.0,500.0],0.003839605],
[[1250.0,550.0,550.0],0.003651668],
[[1250.0,600.0,600.0],0.004030521],
[[1300.0,1.0,1.0],0.00296776],
[[1300.0,150.0,150.0],0.002986755],
[[1300.0,200.0,200.0],0.00322612],
[[1300.0,250.0,250.0],0.003642154],
[[1300.0,300.0,300.0],0.003364277],
[[1300.0,350.0,350.0],0.003278546],
[[1300.0,400.0,400.0],0.003577998],
[[1300.0,450.0,450.0],0.00367437],
[[1300.0,500.0,500.0],0.003996055],
[[1300.0,550.0,550.0],0.003809127],
[[1300.0,600.0,600.0],0.004025223],
[[1350.0,1.0,1.0],0.003106739],
[[1350.0,150.0,150.0],0.003456183],
[[1350.0,200.0,200.0],0.003905859],
[[1350.0,250.0,250.0],0.003340232],
[[1350.0,300.0,300.0],0.003846904],
[[1350.0,350.0,350.0],0.003499455],
[[1350.0,400.0,400.0],0.004773861],
[[1350.0,450.0,450.0],0.003219528],
[[1350.0,500.0,500.0],0.004318217],
[[1350.0,550.0,550.0],0.003561741],
[[1350.0,600.0,600.0],0.003787517],
[[1350.0,650.0,650.0],0.003686654],
[[1400.0,1.0,1.0],0.003187842],
[[1400.0,150.0,150.0],0.003463697],
[[1400.0,200.0,200.0],0.003352357],
[[1400.0,250.0,250.0],0.00435728],
[[1400.0,300.0,300.0],0.003966775],
[[1400.0,350.0,350.0],0.004141763],
[[1400.0,400.0,400.0],0.003774317],
[[1400.0,450.0,450.0],0.003835107],
[[1400.0,500.0,500.0],0.003639027],
[[1400.0,550.0,550.0],0.004170973],
[[1400.0,600.0,600.0],0.004222221],
[[1400.0,650.0,650.0],0.004285258],
[[1450.0,1.0,1.0],0.002664489],
[[1450.0,150.0,150.0],0.003759073],
[[1450.0,200.0,200.0],0.003721081],
[[1450.0,250.0,250.0],0.003691932],
[[1450.0,300.0,300.0],0.004893009],
[[1450.0,350.0,350.0],0.003884102],
[[1450.0,400.0,400.0],0.004197941],
[[1450.0,450.0,450.0],0.004086001],
[[1450.0,500.0,500.0],0.004109426],
[[1450.0,550.0,550.0],0.003727604],
[[1450.0,600.0,600.0],0.004030682],
[[1450.0,650.0,650.0],0.003929476],
[[1450.0,700.0,700.0],0.004263569],
[[1500.0,1.0,1.0],0.003182733],
[[1500.0,10.0,10.0],0.003174293],
[[1500.0,50.0,50.0],0.003350561],
[[1500.0,100.0,100.0],0.002928293],
[[1500.0,150.0,150.0],0.003737102],
[[1500.0,200.0,200.0],0.003808105],
[[1500.0,250.0,250.0],0.003927491],
[[1500.0,300.0,300.0],0.004060663],
[[1500.0,350.0,350.0],0.003903922],
[[1500.0,400.0,400.0],0.003989877],
[[1500.0,450.0,450.0],0.0042255],
[[1500.0,500.0,500.0],0.004302701],
[[1500.0,550.0,550.0],0.004259069],
[[1500.0,600.0,600.0],0.00406726],
[[1500.0,650.0,650.0],0.003549243],
[[1500.0,700.0,700.0],0.00424131],
[[1500.0,750.0,750.0],0.004318604],
[[1550.0,1.0,1.0],0.003183815],
[[1550.0,150.0,150.0],0.003361115],
[[1550.0,200.0,200.0],0.003264133],
[[1550.0,250.0,250.0],0.004167611],
[[1550.0,300.0,300.0],0.003698069],
[[1550.0,350.0,350.0],0.0046593],
[[1550.0,400.0,400.0],0.004004337],
[[1550.0,450.0,450.0],0.004216415],
[[1550.0,500.0,500.0],0.004094261],
[[1550.0,550.0,550.0],0.004002389],
[[1550.0,600.0,600.0],0.004439257],
[[1550.0,650.0,650.0],0.003986748],
[[1550.0,700.0,700.0],0.004453144],
[[1550.0,750.0,750.0],0.004331997],
[[1600.0,1.0,1.0],0.002899368],
[[1600.0,150.0,150.0],0.003250108],
[[1600.0,200.0,200.0],0.003509197],
[[1600.0,250.0,250.0],0.004006745],
[[1600.0,300.0,300.0],0.004308246],
[[1600.0,350.0,350.0],0.003685285],
[[1600.0,400.0,400.0],0.004166135],
[[1600.0,450.0,450.0],0.004214309],
[[1600.0,500.0,500.0],0.004135498],
[[1600.0,550.0,550.0],0.003996245],
[[1600.0,600.0,600.0],0.004150835],
[[1600.0,650.0,650.0],0.004257005],
[[1600.0,700.0,700.0],0.004172721],
[[1600.0,750.0,750.0],0.004119503],
[[1650.0,1.0,1.0],0.003133444],
[[1650.0,150.0,150.0],0.00351471],
[[1650.0,200.0,200.0],0.004012739],
[[1650.0,250.0,250.0],0.004102704],
[[1650.0,300.0,300.0],0.00413703],
[[1650.0,350.0,350.0],0.004841001],
[[1650.0,400.0,400.0],0.003668222],
[[1650.0,450.0,450.0],0.004326477],
[[1650.0,500.0,500.0],0.004056299],
[[1650.0,550.0,550.0],0.003994302],
[[1650.0,600.0,600.0],0.004417792],
[[1650.0,650.0,650.0],0.004275626],
[[1650.0,700.0,700.0],0.004752062],
[[1650.0,750.0,750.0],0.004484101],
[[1650.0,800.0,800.0],0.004221781],
[[1700.0,1.0,1.0],0.003208595],
[[1700.0,150.0,150.0],0.003718482],
[[1700.0,200.0,200.0],0.003632276],
[[1700.0,250.0,250.0],0.003938182],
[[1700.0,300.0,300.0],0.004047253],
[[1700.0,350.0,350.0],0.003492742],
[[1700.0,400.0,400.0],0.004033254],
[[1700.0,450.0,450.0],0.004357854],
[[1700.0,500.0,500.0],0.004155472],
[[1700.0,550.0,550.0],0.00455356],
[[1700.0,600.0,600.0],0.004738487],
[[1700.0,650.0,650.0],0.004116577],
[[1700.0,700.0,700.0],0.00487412],
[[1700.0,750.0,750.0],0.003919187],
[[1700.0,800.0,800.0],0.00507206],
[[1750.0,1.0,1.0],0.002798919],
[[1750.0,10.0,10.0],0.0030835],
[[1750.0,50.0,50.0],0.002985236],
[[1750.0,100.0,100.0],0.003358929],
[[1750.0,150.0,150.0],0.003446219],
[[1750.0,200.0,200.0],0.003413174],
[[1750.0,250.0,250.0],0.004074605],
[[1750.0,300.0,300.0],0.004519021],
[[1750.0,350.0,350.0],0.004156202],
[[1750.0,400.0,400.0],0.003878455],
[[1750.0,450.0,450.0],0.003714169],
[[1750.0,500.0,500.0],0.004455655],
[[1750.0,550.0,550.0],0.004272311],
[[1750.0,600.0,600.0],0.004650256],
[[1750.0,650.0,650.0],0.004524192],
[[1750.0,700.0,700.0],0.004881995],
[[1750.0,750.0,750.0],0.004670759],
[[1750.0,800.0,800.0],0.004371475],
[[1750.0,850.0,850.0],0.005329018],
[[1800.0,1.0,1.0],0.00266326],
[[1800.0,150.0,150.0],0.003384693],
[[1800.0,200.0,200.0],0.003380597],
[[1800.0,250.0,250.0],0.004213147],
[[1800.0,300.0,300.0],0.004450921],
[[1800.0,350.0,350.0],0.004128312],
[[1800.0,400.0,400.0],0.00408563],
[[1800.0,450.0,450.0],0.004070071],
[[1800.0,500.0,500.0],0.004064867],
[[1800.0,550.0,550.0],0.004451001],
[[1800.0,600.0,600.0],0.004098435],
[[1800.0,650.0,650.0],0.00448859],
[[1800.0,700.0,700.0],0.004422514],
[[1800.0,750.0,750.0],0.004351506],
[[1800.0,800.0,800.0],0.00471469],
[[1800.0,850.0,850.0],0.004947488],
[[1850.0,1.0,1.0],0.002768807],
[[1850.0,150.0,150.0],0.003305616],
[[1850.0,200.0,200.0],0.004140377],
[[1850.0,250.0,250.0],0.004431923],
[[1850.0,300.0,300.0],0.00402352],
[[1850.0,350.0,350.0],0.004114547],
[[1850.0,400.0,400.0],0.004361705],
[[1850.0,450.0,450.0],0.005151873],
[[1850.0,500.0,500.0],0.005223353],
[[1850.0,550.0,550.0],0.005075581],
[[1850.0,600.0,600.0],0.004374037],
[[1850.0,650.0,650.0],0.004553034],
[[1850.0,700.0,700.0],0.005108941],
[[1850.0,750.0,750.0],0.004062419],
[[1850.0,800.0,800.0],0.004359971],
[[1850.0,850.0,850.0],0.00555238],
[[1850.0,900.0,900.0],0.004347349],
[[1900.0,1.0,1.0],0.002990152],
[[1900.0,150.0,150.0],0.003185069],
[[1900.0,200.0,200.0],0.003315954],
[[1900.0,250.0,250.0],0.003937664],
[[1900.0,300.0,300.0],0.003941776],
[[1900.0,350.0,350.0],0.005114442],
[[1900.0,400.0,400.0],0.004199893],
[[1900.0,450.0,450.0],0.0046766],
[[1900.0,500.0,500.0],0.004570496],
[[1900.0,550.0,550.0],0.004568991],
[[1900.0,600.0,600.0],0.005081817],
[[1900.0,650.0,650.0],0.004691515],
[[1900.0,700.0,700.0],0.005564255],
[[1900.0,750.0,750.0],0.004752549],
[[1900.0,800.0,800.0],0.004201276],
[[1900.0,850.0,850.0],0.005461911],
[[1900.0,900.0,900.0],0.004521213],
[[1950.0,1.0,1.0],0.003245053],
[[1950.0,150.0,150.0],0.003714107],
[[1950.0,200.0,200.0],0.003603898],
[[1950.0,250.0,250.0],0.004087396],
[[1950.0,300.0,300.0],0.004526537],
[[1950.0,350.0,350.0],0.004093553],
[[1950.0,400.0,400.0],0.004677481],
[[1950.0,450.0,450.0],0.004466384],
[[1950.0,500.0,500.0],0.005087194],
[[1950.0,550.0,550.0],0.005541685],
[[1950.0,600.0,600.0],0.004918025],
[[1950.0,650.0,650.0],0.004891371],
[[1950.0,700.0,700.0],0.004114052],
[[1950.0,750.0,750.0],0.004426961],
[[1950.0,800.0,800.0],0.004667813],
[[1950.0,850.0,850.0],0.004827625],
[[1950.0,900.0,900.0],0.005142393],
[[1950.0,950.0,950.0],0.004899217],
[[2000.0,1.0,1.0],0.003018148],
[[2000.0,10.0,10.0],0.002730076],
[[2000.0,50.0,50.0],0.002873333],
[[2000.0,100.0,100.0],0.003285417],
[[2000.0,150.0,150.0],0.003524649],
[[2000.0,200.0,200.0],0.00367826],
[[2000.0,250.0,250.0],0.003941547],
[[2000.0,300.0,300.0],0.004176559],
[[2000.0,350.0,350.0],0.004517967],
[[2000.0,400.0,400.0],0.004604091],
[[2000.0,450.0,450.0],0.004718161],
[[2000.0,500.0,500.0],0.004732754],
[[2000.0,550.0,550.0],0.005782115],
[[2000.0,600.0,600.0],0.005164417],
[[2000.0,650.0,650.0],0.004726595],
[[2000.0,700.0,700.0],0.005321291],
[[2000.0,750.0,750.0],0.004793897],
[[2000.0,800.0,800.0],0.005111754],
[[2000.0,850.0,850.0],0.004914739],
[[2000.0,900.0,900.0],0.004850354],
[[2000.0,950.0,950.0],0.005042001],
[[2250.0,1.0,1.0],0.002450956],
[[2250.0,10.0,10.0],0.002658019],
[[2250.0,50.0,50.0],0.002887676],
[[2250.0,100.0,100.0],0.003188603],
[[2250.0,150.0,150.0],0.003098446],
[[2250.0,300.0,300.0],0.00429379],
[[2250.0,500.0,500.0],0.004455279],
[[2250.0,750.0,750.0],0.004760913],
[[2250.0,1000.0,1000.0],0.004893958],
[[2500.0,1.0,1.0],0.00256026],
[[2500.0,10.0,10.0],0.002603968],
[[2500.0,50.0,50.0],0.002440276],
[[2500.0,100.0,100.0],0.002747908],
[[2500.0,150.0,150.0],0.003024298],
[[2500.0,300.0,300.0],0.004347374],
[[2500.0,500.0,500.0],0.004816679],
[[2500.0,750.0,750.0],0.004991375],
[[2500.0,1000.0,1000.0],0.004868448],
[[2500.0,1200.0,1200.0],0.005884553],
[[2750.0,1.0,1.0],0.002393403],
[[2750.0,10.0,10.0],0.002326272],
[[2750.0,50.0,50.0],0.002539037],
[[2750.0,100.0,100.0],0.00288045],
[[2750.0,150.0,150.0],0.003113562],
[[2750.0,300.0,300.0],0.004597413],
[[2750.0,500.0,500.0],0.004974979],
[[2750.0,750.0,750.0],0.005184405],
[[2750.0,1000.0,1000.0],0.005301589],
[[2750.0,1200.0,1200.0],0.005197248],
[[3000.0,1.0,1.0],0.002387129],
[[3000.0,10.0,10.0],0.0022374],
[[3000.0,50.0,50.0],0.002865925],
[[3000.0,100.0,100.0],0.003281268],
[[3000.0,150.0,150.0],0.002857447],
[[3000.0,300.0,300.0],0.004245064],
[[3000.0,500.0,500.0],0.004860523],
[[3000.0,750.0,750.0],0.005326117],
[[3000.0,1000.0,1000.0],0.005931488],
[[3000.0,1200.0,1200.0],0.00581918],
[[3000.0,1400.0,1400.0],0.005430639]]
