txName: TRV1
constraint: {(PV > Zprime(1)), (Zprime(1) > MET(2),MET(3))}
condition: None
conditionDescription: None
figureUrl: https://cms-results.web.cern.ch/cms-results/public-results/publications/EXO-20-004/CMS-EXO-20-004_Figure_007-b.png
source: https://doi.org/10.5281/zenodo.13324003
validated: True
axesMap: [{0: 'x', 1: 'y', 2: 'y'}]
dataMap: {0: (1, 'mass', GeV), 1: (2, 'mass', GeV), 2: (3, 'mass', GeV)}
finalState: ['MET', 'MET']
intermediateState: None
efficiencyMap: [[[50.0,1.0,1.0],1.849056e-06],
[[100.0,1.0,1.0],1.180252e-05],
[[100.0,10.0,10.0],1.08329e-05],
[[150.0,1.0,1.0],3.405092e-05],
[[150.0,75.0,75.0],4.036585e-05],
[[200.0,1.0,1.0],6.749131e-05],
[[200.0,75.0,75.0],7.26736e-05],
[[250.0,1.0,1.0],0.0001182983],
[[250.0,10.0,10.0],0.000116278],
[[250.0,75.0,75.0],0.0001119397],
[[300.0,1.0,1.0],0.0001903895],
[[300.0,75.0,75.0],0.0001897439],
[[350.0,1.0,1.0],0.000252367],
[[350.0,75.0,75.0],0.0002449821],
[[350.0,150.0,150.0],0.0002732592],
[[400.0,1.0,1.0],0.0003136796],
[[400.0,75.0,75.0],0.0003333888],
[[400.0,150.0,150.0],0.0003346795],
[[450.0,1.0,1.0],0.000407524],
[[450.0,75.0,75.0],0.000429005],
[[450.0,150.0,150.0],0.0004263851],
[[450.0,200.0,200.0],0.0004096014],
[[500.0,1.0,1.0],0.000472359],
[[500.0,10.0,10.0],0.000464463],
[[500.0,75.0,75.0],0.0005631825],
[[500.0,150.0,150.0],0.000530108],
[[500.0,200.0,200.0],0.0004982404],
[[550.0,1.0,1.0],0.0005906674],
[[550.0,75.0,75.0],0.000521262],
[[550.0,150.0,150.0],0.0005907851],
[[550.0,200.0,200.0],0.0007026149],
[[550.0,250.0,250.0],0.0005622018],
[[600.0,1.0,1.0],0.0006573294],
[[600.0,75.0,75.0],0.0006644866],
[[600.0,150.0,150.0],0.0006472483],
[[600.0,200.0,200.0],0.0006393076],
[[600.0,250.0,250.0],0.0006965622],
[[650.0,1.0,1.0],0.0006834092],
[[650.0,75.0,75.0],0.0006929751],
[[650.0,150.0,150.0],0.0006851755],
[[650.0,200.0,200.0],0.0006967601],
[[650.0,250.0,250.0],0.0006807271],
[[650.0,300.0,300.0],0.0007774652],
[[700.0,1.0,1.0],0.000803684],
[[700.0,75.0,75.0],0.0007636101],
[[700.0,150.0,150.0],0.0007715553],
[[700.0,200.0,200.0],0.0008767991],
[[700.0,250.0,250.0],0.0007965455],
[[700.0,300.0,300.0],0.0009166352],
[[750.0,1.0,1.0],0.0008239461],
[[750.0,10.0,10.0],0.0008458802],
[[750.0,75.0,75.0],0.0008584772],
[[750.0,150.0,150.0],0.0008392842],
[[750.0,200.0,200.0],0.0008719618],
[[750.0,250.0,250.0],0.0007763405],
[[750.0,300.0,300.0],0.0008875823],
[[750.0,350.0,350.0],0.0008295773],
[[800.0,1.0,1.0],0.0009659678],
[[800.0,75.0,75.0],0.0008940943],
[[800.0,150.0,150.0],0.0009585682],
[[800.0,200.0,200.0],0.0009443527],
[[800.0,250.0,250.0],0.0009798785],
[[800.0,300.0,300.0],0.0009440851],
[[800.0,350.0,350.0],0.00100665],
[[850.0,1.0,1.0],0.001000483],
[[850.0,75.0,75.0],0.0009824469],
[[850.0,150.0,150.0],0.000944844],
[[850.0,200.0,200.0],0.0009952084],
[[850.0,250.0,250.0],0.0009429019],
[[850.0,300.0,300.0],0.001106865],
[[850.0,350.0,350.0],0.001061929],
[[850.0,400.0,400.0],0.001084202],
[[900.0,1.0,1.0],0.001028521],
[[900.0,75.0,75.0],0.0009865019],
[[900.0,150.0,150.0],0.001034197],
[[900.0,200.0,200.0],0.0009927016],
[[900.0,250.0,250.0],0.001064071],
[[900.0,300.0,300.0],0.001152916],
[[900.0,350.0,350.0],0.0009811316],
[[900.0,400.0,400.0],0.001078085],
[[950.0,1.0,1.0],0.001086222],
[[950.0,75.0,75.0],0.001072959],
[[950.0,150.0,150.0],0.001218795],
[[950.0,200.0,200.0],0.00105083],
[[950.0,250.0,250.0],0.001203152],
[[950.0,300.0,300.0],0.001254275],
[[950.0,350.0,350.0],0.001149774],
[[950.0,400.0,400.0],0.00122049],
[[950.0,450.0,450.0],0.001041687],
[[1000.0,1.0,1.0],0.001165175],
[[1000.0,10.0,10.0],0.001079426],
[[1000.0,75.0,75.0],0.001075168],
[[1000.0,150.0,150.0],0.001115974],
[[1000.0,200.0,200.0],0.00116575],
[[1000.0,250.0,250.0],0.001183761],
[[1000.0,300.0,300.0],0.001184104],
[[1000.0,350.0,350.0],0.001110983],
[[1000.0,400.0,400.0],0.001192691],
[[1000.0,450.0,450.0],0.001227786],
[[1050.0,1.0,1.0],0.001236471],
[[1050.0,75.0,75.0],0.001212559],
[[1050.0,150.0,150.0],0.001280919],
[[1050.0,200.0,200.0],0.001331118],
[[1050.0,250.0,250.0],0.001258938],
[[1050.0,300.0,300.0],0.001133537],
[[1050.0,350.0,350.0],0.001279452],
[[1050.0,400.0,400.0],0.00126636],
[[1050.0,450.0,450.0],0.00128876],
[[1050.0,500.0,500.0],0.001213047],
[[1100.0,1.0,1.0],0.001182506],
[[1100.0,75.0,75.0],0.001321397],
[[1100.0,150.0,150.0],0.001193941],
[[1100.0,200.0,200.0],0.001322411],
[[1100.0,250.0,250.0],0.001180954],
[[1100.0,300.0,300.0],0.001256936],
[[1100.0,350.0,350.0],0.001200445],
[[1100.0,400.0,400.0],0.001263442],
[[1100.0,450.0,450.0],0.001239612],
[[1100.0,500.0,500.0],0.001314486],
[[1150.0,1.0,1.0],0.001244068],
[[1150.0,75.0,75.0],0.001284269],
[[1150.0,150.0,150.0],0.001214873],
[[1150.0,200.0,200.0],0.001390558],
[[1150.0,250.0,250.0],0.001288045],
[[1150.0,300.0,300.0],0.001373343],
[[1150.0,350.0,350.0],0.001322329],
[[1150.0,400.0,400.0],0.001436996],
[[1150.0,450.0,450.0],0.001347616],
[[1150.0,500.0,500.0],0.001438884],
[[1150.0,550.0,550.0],0.001333156],
[[1200.0,1.0,1.0],0.001336296],
[[1200.0,75.0,75.0],0.001189937],
[[1200.0,150.0,150.0],0.001294197],
[[1200.0,200.0,200.0],0.001327953],
[[1200.0,250.0,250.0],0.001444623],
[[1200.0,300.0,300.0],0.001272259],
[[1200.0,350.0,350.0],0.001374119],
[[1200.0,400.0,400.0],0.001534699],
[[1200.0,450.0,450.0],0.001486466],
[[1200.0,500.0,500.0],0.00143355],
[[1200.0,550.0,550.0],0.001386099],
[[1250.0,1.0,1.0],0.00132192],
[[1250.0,10.0,10.0],0.0012701],
[[1250.0,75.0,75.0],0.001442587],
[[1250.0,150.0,150.0],0.001312981],
[[1250.0,200.0,200.0],0.001455299],
[[1250.0,250.0,250.0],0.001264788],
[[1250.0,300.0,300.0],0.001327305],
[[1250.0,350.0,350.0],0.001354235],
[[1250.0,400.0,400.0],0.001435313],
[[1250.0,450.0,450.0],0.001441656],
[[1250.0,500.0,500.0],0.001404158],
[[1250.0,550.0,550.0],0.001398636],
[[1250.0,600.0,600.0],0.001411305],
[[1300.0,1.0,1.0],0.001307331],
[[1300.0,75.0,75.0],0.001334357],
[[1300.0,150.0,150.0],0.001341538],
[[1300.0,200.0,200.0],0.001515461],
[[1300.0,250.0,250.0],0.001413418],
[[1300.0,300.0,300.0],0.001332525],
[[1300.0,350.0,350.0],0.001420438],
[[1300.0,400.0,400.0],0.001467026],
[[1300.0,450.0,450.0],0.001485446],
[[1300.0,500.0,500.0],0.001484409],
[[1300.0,550.0,550.0],0.001369359],
[[1300.0,600.0,600.0],0.001493091],
[[1350.0,1.0,1.0],0.001473395],
[[1350.0,75.0,75.0],0.001366501],
[[1350.0,150.0,150.0],0.001375597],
[[1350.0,200.0,200.0],0.001409607],
[[1350.0,250.0,250.0],0.00137563],
[[1350.0,300.0,300.0],0.001401591],
[[1350.0,350.0,350.0],0.001422836],
[[1350.0,400.0,400.0],0.00132541],
[[1350.0,450.0,450.0],0.0014927],
[[1350.0,500.0,500.0],0.001363558],
[[1350.0,550.0,550.0],0.001481152],
[[1350.0,600.0,600.0],0.001438474],
[[1350.0,650.0,650.0],0.001536897],
[[1400.0,1.0,1.0],0.001346782],
[[1400.0,75.0,75.0],0.001387403],
[[1400.0,150.0,150.0],0.001374571],
[[1400.0,200.0,200.0],0.001567367],
[[1400.0,250.0,250.0],0.001685776],
[[1400.0,300.0,300.0],0.00142154],
[[1400.0,350.0,350.0],0.001696299],
[[1400.0,400.0,400.0],0.001463273],
[[1400.0,450.0,450.0],0.001585303],
[[1400.0,500.0,500.0],0.001590341],
[[1400.0,550.0,550.0],0.001314092],
[[1400.0,600.0,600.0],0.001538194],
[[1400.0,650.0,650.0],0.001630272],
[[1450.0,1.0,1.0],0.00137162],
[[1450.0,75.0,75.0],0.001372883],
[[1450.0,150.0,150.0],0.001460963],
[[1450.0,200.0,200.0],0.001547692],
[[1450.0,250.0,250.0],0.001543261],
[[1450.0,300.0,300.0],0.001483554],
[[1450.0,350.0,350.0],0.001517817],
[[1450.0,400.0,400.0],0.001353429],
[[1450.0,450.0,450.0],0.001465856],
[[1450.0,500.0,500.0],0.001464537],
[[1450.0,550.0,550.0],0.001509224],
[[1450.0,600.0,600.0],0.001459996],
[[1450.0,650.0,650.0],0.001513204],
[[1450.0,700.0,700.0],0.001595682],
[[1500.0,1.0,1.0],0.001492023],
[[1500.0,10.0,10.0],0.001544461],
[[1500.0,75.0,75.0],0.001491111],
[[1500.0,150.0,150.0],0.001433742],
[[1500.0,200.0,200.0],0.001514398],
[[1500.0,250.0,250.0],0.001430219],
[[1500.0,300.0,300.0],0.001533678],
[[1500.0,350.0,350.0],0.001596375],
[[1500.0,400.0,400.0],0.001471206],
[[1500.0,450.0,450.0],0.001623887],
[[1500.0,500.0,500.0],0.001570545],
[[1500.0,550.0,550.0],0.001568439],
[[1500.0,600.0,600.0],0.001491421],
[[1500.0,650.0,650.0],0.001616281],
[[1500.0,700.0,700.0],0.001566434],
[[1500.0,750.0,750.0],0.001782221],
[[1550.0,1.0,1.0],0.001394679],
[[1550.0,75.0,75.0],0.001443749],
[[1550.0,150.0,150.0],0.001564136],
[[1550.0,200.0,200.0],0.001447639],
[[1550.0,250.0,250.0],0.001613162],
[[1550.0,300.0,300.0],0.001652154],
[[1550.0,350.0,350.0],0.001439051],
[[1550.0,400.0,400.0],0.001407138],
[[1550.0,450.0,450.0],0.001697029],
[[1550.0,500.0,500.0],0.001536585],
[[1550.0,550.0,550.0],0.001628328],
[[1550.0,600.0,600.0],0.001552909],
[[1550.0,650.0,650.0],0.001615237],
[[1550.0,700.0,700.0],0.00160595],
[[1550.0,750.0,750.0],0.001664755],
[[1600.0,1.0,1.0],0.001504381],
[[1600.0,75.0,75.0],0.001495045],
[[1600.0,150.0,150.0],0.001477382],
[[1600.0,200.0,200.0],0.001490593],
[[1600.0,250.0,250.0],0.001513093],
[[1600.0,300.0,300.0],0.001509774],
[[1600.0,350.0,350.0],0.001674212],
[[1600.0,400.0,400.0],0.001601449],
[[1600.0,450.0,450.0],0.001712633],
[[1600.0,500.0,500.0],0.001703175],
[[1600.0,550.0,550.0],0.001495452],
[[1600.0,600.0,600.0],0.00158901],
[[1600.0,650.0,650.0],0.00154277],
[[1600.0,700.0,700.0],0.001623211],
[[1600.0,750.0,750.0],0.001751451],
[[1650.0,1.0,1.0],0.001462616],
[[1650.0,75.0,75.0],0.001568865],
[[1650.0,150.0,150.0],0.00168007],
[[1650.0,200.0,200.0],0.00149475],
[[1650.0,250.0,250.0],0.001601081],
[[1650.0,300.0,300.0],0.00157599],
[[1650.0,350.0,350.0],0.001466967],
[[1650.0,400.0,400.0],0.001599591],
[[1650.0,450.0,450.0],0.001608777],
[[1650.0,500.0,500.0],0.001728803],
[[1650.0,550.0,550.0],0.001617388],
[[1650.0,600.0,600.0],0.001701906],
[[1650.0,650.0,650.0],0.001545299],
[[1650.0,700.0,700.0],0.001694591],
[[1650.0,750.0,750.0],0.001781065],
[[1650.0,800.0,800.0],0.00175778],
[[1700.0,1.0,1.0],0.001536441],
[[1700.0,75.0,75.0],0.001583465],
[[1700.0,150.0,150.0],0.001592521],
[[1700.0,200.0,200.0],0.001770653],
[[1700.0,250.0,250.0],0.001680471],
[[1700.0,300.0,300.0],0.001447571],
[[1700.0,350.0,350.0],0.001609256],
[[1700.0,400.0,400.0],0.001605412],
[[1700.0,450.0,450.0],0.001649105],
[[1700.0,500.0,500.0],0.001757138],
[[1700.0,550.0,550.0],0.001592277],
[[1700.0,600.0,600.0],0.001582458],
[[1700.0,650.0,650.0],0.001644235],
[[1700.0,700.0,700.0],0.001652726],
[[1700.0,750.0,750.0],0.001641912],
[[1700.0,800.0,800.0],0.001676755],
[[1750.0,1.0,1.0],0.001575698],
[[1750.0,10.0,10.0],0.001535899],
[[1750.0,75.0,75.0],0.00157589],
[[1750.0,150.0,150.0],0.001519154],
[[1750.0,200.0,200.0],0.001476852],
[[1750.0,250.0,250.0],0.001608561],
[[1750.0,300.0,300.0],0.001675306],
[[1750.0,350.0,350.0],0.001638902],
[[1750.0,400.0,400.0],0.001937691],
[[1750.0,450.0,450.0],0.001736608],
[[1750.0,500.0,500.0],0.001594175],
[[1750.0,550.0,550.0],0.001672798],
[[1750.0,600.0,600.0],0.001748696],
[[1750.0,650.0,650.0],0.00166119],
[[1750.0,700.0,700.0],0.001602769],
[[1750.0,750.0,750.0],0.001683329],
[[1750.0,800.0,800.0],0.001769004],
[[1750.0,850.0,850.0],0.001775799],
[[1800.0,1.0,1.0],0.001467477],
[[1800.0,75.0,75.0],0.001806216],
[[1800.0,150.0,150.0],0.001442728],
[[1800.0,200.0,200.0],0.001711812],
[[1800.0,250.0,250.0],0.001756168],
[[1800.0,300.0,300.0],0.001671812],
[[1800.0,350.0,350.0],0.00170911],
[[1800.0,400.0,400.0],0.001688963],
[[1800.0,450.0,450.0],0.001682113],
[[1800.0,500.0,500.0],0.001682873],
[[1800.0,550.0,550.0],0.001650089],
[[1800.0,600.0,600.0],0.001779294],
[[1800.0,650.0,650.0],0.001610949],
[[1800.0,700.0,700.0],0.001723475],
[[1800.0,750.0,750.0],0.00180547],
[[1800.0,800.0,800.0],0.001612349],
[[1800.0,850.0,850.0],0.001822465],
[[1850.0,1.0,1.0],0.001580515],
[[1850.0,75.0,75.0],0.001546039],
[[1850.0,150.0,150.0],0.00169559],
[[1850.0,200.0,200.0],0.001616135],
[[1850.0,250.0,250.0],0.001543993],
[[1850.0,300.0,300.0],0.001631994],
[[1850.0,350.0,350.0],0.001687342],
[[1850.0,400.0,400.0],0.001756801],
[[1850.0,450.0,450.0],0.00174637],
[[1850.0,500.0,500.0],0.001687914],
[[1850.0,550.0,550.0],0.001730628],
[[1850.0,600.0,600.0],0.001825579],
[[1850.0,650.0,650.0],0.001667702],
[[1850.0,700.0,700.0],0.001690854],
[[1850.0,750.0,750.0],0.001676154],
[[1850.0,800.0,800.0],0.001600813],
[[1850.0,850.0,850.0],0.00189137],
[[1850.0,900.0,900.0],0.001710858],
[[1900.0,1.0,1.0],0.001581515],
[[1900.0,75.0,75.0],0.001576855],
[[1900.0,150.0,150.0],0.001559668],
[[1900.0,200.0,200.0],0.001656261],
[[1900.0,250.0,250.0],0.001580056],
[[1900.0,300.0,300.0],0.001736486],
[[1900.0,350.0,350.0],0.001737114],
[[1900.0,400.0,400.0],0.001754528],
[[1900.0,450.0,450.0],0.001659159],
[[1900.0,500.0,500.0],0.001740372],
[[1900.0,550.0,550.0],0.001714473],
[[1900.0,600.0,600.0],0.001772855],
[[1900.0,650.0,650.0],0.001781033],
[[1900.0,700.0,700.0],0.001699215],
[[1900.0,750.0,750.0],0.001595516],
[[1900.0,800.0,800.0],0.00169566],
[[1900.0,850.0,850.0],0.001747158],
[[1900.0,900.0,900.0],0.001906269],
[[1950.0,1.0,1.0],0.001670361],
[[1950.0,75.0,75.0],0.001603289],
[[1950.0,150.0,150.0],0.001621328],
[[1950.0,200.0,200.0],0.001671725],
[[1950.0,250.0,250.0],0.001452153],
[[1950.0,300.0,300.0],0.001669909],
[[1950.0,350.0,350.0],0.001828173],
[[1950.0,400.0,400.0],0.001612973],
[[1950.0,450.0,450.0],0.001697645],
[[1950.0,500.0,500.0],0.001750982],
[[1950.0,550.0,550.0],0.001621896],
[[1950.0,600.0,600.0],0.001934376],
[[1950.0,650.0,650.0],0.001708182],
[[1950.0,700.0,700.0],0.001783305],
[[1950.0,750.0,750.0],0.001894969],
[[1950.0,800.0,800.0],0.001744142],
[[1950.0,850.0,850.0],0.001850928],
[[1950.0,900.0,900.0],0.001737115],
[[1950.0,950.0,950.0],0.001875534],
[[2000.0,1.0,1.0],0.001796578],
[[2000.0,75.0,75.0],0.0017332],
[[2000.0,150.0,150.0],0.001880995],
[[2000.0,200.0,200.0],0.001596504],
[[2000.0,250.0,250.0],0.001652795],
[[2000.0,300.0,300.0],0.001704358],
[[2000.0,350.0,350.0],0.00160058],
[[2000.0,400.0,400.0],0.001823756],
[[2000.0,450.0,450.0],0.001639054],
[[2000.0,500.0,500.0],0.001671194],
[[2000.0,550.0,550.0],0.001782858],
[[2000.0,600.0,600.0],0.001605746],
[[2000.0,650.0,650.0],0.001827745],
[[2000.0,700.0,700.0],0.001885373],
[[2000.0,750.0,750.0],0.001762705],
[[2000.0,800.0,800.0],0.001713255],
[[2000.0,850.0,850.0],0.001683992],
[[2000.0,900.0,900.0],0.001738022],
[[2000.0,950.0,950.0],0.001617379],
[[2250.0,1.0,1.0],0.001923049],
[[2250.0,75.0,75.0],0.001862105],
[[2250.0,150.0,150.0],0.001868255],
[[2250.0,300.0,300.0],0.001837785],
[[2250.0,500.0,500.0],0.001873009],
[[2250.0,750.0,750.0],0.00186146],
[[2250.0,1000.0,1000.0],0.001833517],
[[2500.0,1.0,1.0],0.0020534],
[[2500.0,75.0,75.0],0.0019582],
[[2500.0,150.0,150.0],0.002021385],
[[2500.0,300.0,300.0],0.001925776],
[[2500.0,500.0,500.0],0.001857109],
[[2500.0,750.0,750.0],0.001887685],
[[2500.0,1000.0,1000.0],0.001928449],
[[2500.0,1200.0,1200.0],0.001851195],
[[2750.0,1.0,1.0],0.001827246],
[[2750.0,75.0,75.0],0.002028181],
[[2750.0,150.0,150.0],0.002033795],
[[2750.0,300.0,300.0],0.002033971],
[[2750.0,500.0,500.0],0.001992716],
[[2750.0,750.0,750.0],0.00214357],
[[2750.0,1000.0,1000.0],0.001873345],
[[2750.0,1200.0,1200.0],0.001875538],
[[3000.0,1.0,1.0],0.00186404],
[[3000.0,75.0,75.0],0.001926147],
[[3000.0,150.0,150.0],0.001985567],
[[3000.0,300.0,300.0],0.001720515],
[[3000.0,500.0,500.0],0.002031551],
[[3000.0,750.0,750.0],0.002095163],
[[3000.0,1000.0,1000.0],0.002050971],
[[3000.0,1200.0,1200.0],0.002153203],
[[3000.0,1400.0,1400.0],0.002145786]]
