txName: TRS1
constraint: {(PV > H0(1)), (H0(1) > MET(2),MET(3))}
condition: None
conditionDescription: None
figureUrl: https://cms-results.web.cern.ch/cms-results/public-results/publications/EXO-20-004/CMS-EXO-20-004_Figure_009-a.png
source: https://doi.org/10.5281/zenodo.13324003
validated: True
axesMap: [{0: 'x', 1: '1.0', 2: '1.0'}, {0: 'x', 1: 'y', 2: 'y'}]
dataMap: {0: (1, 'mass', GeV), 1: (2, 'mass', GeV), 2: (3, 'mass', GeV)}
finalState: ['MET', 'MET']
intermediateState: None
efficiencyMap: [[[100.0,10.0,10.0],1.527329e-05],
[[150.0,1.0,1.0],2.704975e-05],
[[150.0,50.0,50.0],2.962518e-05],
[[200.0,1.0,1.0],5.324211e-05],
[[200.0,50.0,50.0],5.03644e-05],
[[200.0,100.0,100.0],9.996173e-05],
[[250.0,1.0,1.0],7.380225e-05],
[[250.0,10.0,10.0],7.498651e-05],
[[250.0,50.0,50.0],7.5737e-05],
[[250.0,100.0,100.0],7.142924e-05],
[[300.0,1.0,1.0],9.410269e-05],
[[300.0,50.0,50.0],9.697197e-05],
[[300.0,100.0,100.0],9.630523e-05],
[[350.0,1.0,1.0],0.0001037323],
[[350.0,50.0,50.0],0.0001009645],
[[350.0,100.0,100.0],0.0001092267],
[[350.0,150.0,150.0],0.0001108679],
[[400.0,1.0,1.0],0.0001373394],
[[400.0,50.0,50.0],0.0001252844],
[[400.0,100.0,100.0],0.0001339869],
[[400.0,150.0,150.0],0.0001616256],
[[450.0,1.0,1.0],0.0001665141],
[[450.0,50.0,50.0],0.0001769408],
[[450.0,100.0,100.0],0.0001807536],
[[450.0,150.0,150.0],0.0001639979],
[[450.0,200.0,200.0],0.0001781713],
[[500.0,1.0,1.0],0.0002137951],
[[500.0,10.0,10.0],0.000216153],
[[500.0,50.0,50.0],0.0002087293],
[[500.0,100.0,100.0],0.0002279764],
[[500.0,150.0,150.0],0.000248492],
[[500.0,200.0,200.0],0.0002421283],
[[550.0,1.0,1.0],0.0002882417],
[[550.0,50.0,50.0],0.0003180414],
[[550.0,100.0,100.0],0.0002861193],
[[550.0,150.0,150.0],0.0003028506],
[[550.0,200.0,200.0],0.0003374264],
[[550.0,250.0,250.0],0.0003162505],
[[600.0,1.0,1.0],0.0003922652],
[[600.0,50.0,50.0],0.0003602011],
[[600.0,100.0,100.0],0.0003551341],
[[600.0,150.0,150.0],0.0003616312],
[[600.0,200.0,200.0],0.00034917],
[[600.0,250.0,250.0],0.0003822304],
[[650.0,1.0,1.0],0.0004053863],
[[650.0,50.0,50.0],0.0004576224],
[[650.0,100.0,100.0],0.0004222762],
[[650.0,150.0,150.0],0.0004218499],
[[650.0,200.0,200.0],0.0004492395],
[[650.0,250.0,250.0],0.0004976042],
[[650.0,300.0,300.0],0.0004930058],
[[700.0,1.0,1.0],0.0004958175],
[[700.0,50.0,50.0],0.0005620825],
[[700.0,100.0,100.0],0.0005283296],
[[700.0,150.0,150.0],0.000492236],
[[700.0,200.0,200.0],0.0005115778],
[[700.0,250.0,250.0],0.0005655129],
[[700.0,300.0,300.0],0.0006126327],
[[750.0,1.0,1.0],0.0006096397],
[[750.0,10.0,10.0],0.0005820547],
[[750.0,50.0,50.0],0.0005902717],
[[750.0,100.0,100.0],0.0005894205],
[[750.0,150.0,150.0],0.0006241788],
[[750.0,200.0,200.0],0.000680376],
[[750.0,250.0,250.0],0.0006966245],
[[750.0,300.0,300.0],0.0008617462],
[[750.0,350.0,350.0],0.0007085072],
[[800.0,1.0,1.0],0.0006550313],
[[800.0,150.0,150.0],0.0007032741],
[[800.0,200.0,200.0],0.000708249],
[[800.0,250.0,250.0],0.0007618248],
[[800.0,300.0,300.0],0.0008187352],
[[800.0,350.0,350.0],0.0007608245],
[[850.0,1.0,1.0],0.000898491],
[[850.0,150.0,150.0],0.0008923069],
[[850.0,200.0,200.0],0.0007734442],
[[850.0,250.0,250.0],0.0009615389],
[[850.0,300.0,300.0],0.001004549],
[[850.0,350.0,350.0],0.001161799],
[[850.0,400.0,400.0],0.001338517],
[[900.0,1.0,1.0],0.001119246],
[[900.0,150.0,150.0],0.00121801],
[[900.0,200.0,200.0],0.0008511195],
[[900.0,250.0,250.0],0.000965811],
[[900.0,300.0,300.0],0.000999477],
[[900.0,350.0,350.0],0.0008731404],
[[900.0,400.0,400.0],0.001068238],
[[950.0,1.0,1.0],0.0009026697],
[[950.0,150.0,150.0],0.001036086],
[[950.0,200.0,200.0],0.001034496],
[[950.0,250.0,250.0],0.001093499],
[[950.0,300.0,300.0],0.001091256],
[[950.0,350.0,350.0],0.0009458552],
[[950.0,400.0,400.0],0.001231388],
[[950.0,450.0,450.0],0.001190994],
[[1000.0,1.0,1.0],0.0008757187],
[[1000.0,10.0,10.0],0.001063554],
[[1000.0,50.0,50.0],0.001065236],
[[1000.0,100.0,100.0],0.001166023],
[[1000.0,150.0,150.0],0.00102932],
[[1000.0,200.0,200.0],0.001119011],
[[1000.0,250.0,250.0],0.001109466],
[[1000.0,300.0,300.0],0.001141445],
[[1000.0,350.0,350.0],0.001288876],
[[1000.0,400.0,400.0],0.001532372],
[[1000.0,450.0,450.0],0.001238856],
[[1050.0,1.0,1.0],0.001110975],
[[1050.0,150.0,150.0],0.001250531],
[[1050.0,200.0,200.0],0.001195245],
[[1050.0,250.0,250.0],0.001150864],
[[1050.0,300.0,300.0],0.001331213],
[[1050.0,350.0,350.0],0.001497528],
[[1050.0,400.0,400.0],0.001363402],
[[1050.0,450.0,450.0],0.001578204],
[[1050.0,500.0,500.0],0.001480952],
[[1100.0,1.0,1.0],0.001257383],
[[1100.0,150.0,150.0],0.001293529],
[[1100.0,200.0,200.0],0.001394898],
[[1100.0,250.0,250.0],0.001276805],
[[1100.0,300.0,300.0],0.001757098],
[[1100.0,350.0,350.0],0.001451299],
[[1100.0,400.0,400.0],0.001627104],
[[1100.0,450.0,450.0],0.001614418],
[[1100.0,500.0,500.0],0.001507101],
[[1150.0,1.0,1.0],0.001203803],
[[1150.0,150.0,150.0],0.00147519],
[[1150.0,200.0,200.0],0.001265651],
[[1150.0,250.0,250.0],0.001675025],
[[1150.0,300.0,300.0],0.001627635],
[[1150.0,350.0,350.0],0.001673216],
[[1150.0,400.0,400.0],0.001492309],
[[1150.0,450.0,450.0],0.001918515],
[[1150.0,500.0,500.0],0.001627417],
[[1150.0,550.0,550.0],0.001817576],
[[1200.0,1.0,1.0],0.001353125],
[[1200.0,150.0,150.0],0.001313138],
[[1200.0,200.0,200.0],0.001355092],
[[1200.0,250.0,250.0],0.00150927],
[[1200.0,300.0,300.0],0.001656578],
[[1200.0,350.0,350.0],0.001625374],
[[1200.0,400.0,400.0],0.001791919],
[[1200.0,450.0,450.0],0.001985408],
[[1200.0,500.0,500.0],0.002125972],
[[1200.0,550.0,550.0],0.001617731],
[[1250.0,1.0,1.0],0.001688637],
[[1250.0,10.0,10.0],0.001270778],
[[1250.0,50.0,50.0],0.00137306],
[[1250.0,100.0,100.0],0.001419048],
[[1250.0,150.0,150.0],0.001505754],
[[1250.0,200.0,200.0],0.002325367],
[[1250.0,250.0,250.0],0.001991227],
[[1250.0,300.0,300.0],0.00188756],
[[1250.0,350.0,350.0],0.001792119],
[[1250.0,400.0,400.0],0.001665422],
[[1250.0,450.0,450.0],0.001699923],
[[1250.0,500.0,500.0],0.001923698],
[[1250.0,550.0,550.0],0.001775759],
[[1250.0,600.0,600.0],0.0017529],
[[1300.0,1.0,1.0],0.001430671],
[[1300.0,150.0,150.0],0.001508016],
[[1300.0,200.0,200.0],0.001509968],
[[1300.0,250.0,250.0],0.001712398],
[[1300.0,300.0,300.0],0.001960835],
[[1300.0,350.0,350.0],0.002249652],
[[1300.0,400.0,400.0],0.001856391],
[[1300.0,450.0,450.0],0.002087573],
[[1300.0,500.0,500.0],0.001770768],
[[1300.0,550.0,550.0],0.002150391],
[[1300.0,600.0,600.0],0.002079383],
[[1350.0,1.0,1.0],0.001429348],
[[1350.0,150.0,150.0],0.001908427],
[[1350.0,200.0,200.0],0.002009608],
[[1350.0,250.0,250.0],0.00187683],
[[1350.0,300.0,300.0],0.001894055],
[[1350.0,350.0,350.0],0.002136659],
[[1350.0,400.0,400.0],0.00187768],
[[1350.0,450.0,450.0],0.002634956],
[[1350.0,500.0,500.0],0.002070683],
[[1350.0,550.0,550.0],0.002538864],
[[1350.0,600.0,600.0],0.001941409],
[[1350.0,650.0,650.0],0.002296986],
[[1400.0,1.0,1.0],0.001504602],
[[1400.0,150.0,150.0],0.001596643],
[[1400.0,200.0,200.0],0.001798781],
[[1400.0,250.0,250.0],0.00197403],
[[1400.0,300.0,300.0],0.002169694],
[[1400.0,350.0,350.0],0.00204744],
[[1400.0,400.0,400.0],0.001791838],
[[1400.0,450.0,450.0],0.002482093],
[[1400.0,500.0,500.0],0.002110369],
[[1400.0,550.0,550.0],0.002797884],
[[1400.0,600.0,600.0],0.001982538],
[[1400.0,650.0,650.0],0.001966032],
[[1450.0,1.0,1.0],0.00147995],
[[1450.0,150.0,150.0],0.00158696],
[[1450.0,200.0,200.0],0.001899951],
[[1450.0,250.0,250.0],0.00193494],
[[1450.0,300.0,300.0],0.002217078],
[[1450.0,350.0,350.0],0.002067028],
[[1450.0,400.0,400.0],0.002344643],
[[1450.0,450.0,450.0],0.002627903],
[[1450.0,500.0,500.0],0.001971551],
[[1450.0,550.0,550.0],0.002356902],
[[1450.0,600.0,600.0],0.002046165],
[[1450.0,650.0,650.0],0.002080593],
[[1450.0,700.0,700.0],0.002771522],
[[1500.0,1.0,1.0],0.001343408],
[[1500.0,10.0,10.0],0.0013775],
[[1500.0,50.0,50.0],0.001603637],
[[1500.0,100.0,100.0],0.001676889],
[[1500.0,150.0,150.0],0.001757128],
[[1500.0,200.0,200.0],0.00166175],
[[1500.0,250.0,250.0],0.001993396],
[[1500.0,300.0,300.0],0.002071661],
[[1500.0,350.0,350.0],0.002175719],
[[1500.0,400.0,400.0],0.002088692],
[[1500.0,450.0,450.0],0.00199766],
[[1500.0,500.0,500.0],0.002068959],
[[1500.0,550.0,550.0],0.001963174],
[[1500.0,600.0,600.0],0.002123507],
[[1500.0,650.0,650.0],0.002277287],
[[1500.0,700.0,700.0],0.002161096],
[[1500.0,750.0,750.0],0.002826429],
[[1550.0,1.0,1.0],0.001462537],
[[1550.0,150.0,150.0],0.001843365],
[[1550.0,200.0,200.0],0.001803381],
[[1550.0,250.0,250.0],0.001831756],
[[1550.0,300.0,300.0],0.001774341],
[[1550.0,350.0,350.0],0.002198305],
[[1550.0,400.0,400.0],0.00230765],
[[1550.0,450.0,450.0],0.002254988],
[[1550.0,500.0,500.0],0.002012737],
[[1550.0,550.0,550.0],0.002999449],
[[1550.0,600.0,600.0],0.002344425],
[[1550.0,650.0,650.0],0.002488901],
[[1550.0,700.0,700.0],0.002233682],
[[1550.0,750.0,750.0],0.002435976],
[[1600.0,1.0,1.0],0.001464927],
[[1600.0,150.0,150.0],0.001619963],
[[1600.0,200.0,200.0],0.002011691],
[[1600.0,250.0,250.0],0.001761822],
[[1600.0,300.0,300.0],0.002413718],
[[1600.0,350.0,350.0],0.002693283],
[[1600.0,400.0,400.0],0.002099682],
[[1600.0,450.0,450.0],0.002289943],
[[1600.0,500.0,500.0],0.002483328],
[[1600.0,550.0,550.0],0.002218377],
[[1600.0,600.0,600.0],0.002815839],
[[1600.0,650.0,650.0],0.002446386],
[[1600.0,700.0,700.0],0.002570752],
[[1600.0,750.0,750.0],0.002417072],
[[1650.0,1.0,1.0],0.001522635],
[[1650.0,150.0,150.0],0.001848446],
[[1650.0,200.0,200.0],0.00181437],
[[1650.0,250.0,250.0],0.00188104],
[[1650.0,300.0,300.0],0.002262958],
[[1650.0,350.0,350.0],0.002370525],
[[1650.0,400.0,400.0],0.00233673],
[[1650.0,450.0,450.0],0.002461988],
[[1650.0,500.0,500.0],0.002758871],
[[1650.0,550.0,550.0],0.002049081],
[[1650.0,600.0,600.0],0.002546677],
[[1650.0,650.0,650.0],0.002404472],
[[1650.0,700.0,700.0],0.003043498],
[[1650.0,750.0,750.0],0.00252428],
[[1650.0,800.0,800.0],0.002630995],
[[1700.0,1.0,1.0],0.001573023],
[[1700.0,150.0,150.0],0.001788439],
[[1700.0,200.0,200.0],0.002155219],
[[1700.0,250.0,250.0],0.002564075],
[[1700.0,300.0,300.0],0.002255014],
[[1700.0,350.0,350.0],0.002420108],
[[1700.0,400.0,400.0],0.002453481],
[[1700.0,450.0,450.0],0.002132965],
[[1700.0,500.0,500.0],0.00228802],
[[1700.0,550.0,550.0],0.002193381],
[[1700.0,600.0,600.0],0.002673675],
[[1700.0,650.0,650.0],0.002557613],
[[1700.0,700.0,700.0],0.002590518],
[[1700.0,750.0,750.0],0.002386412],
[[1700.0,800.0,800.0],0.002742596],
[[1750.0,1.0,1.0],0.001471255],
[[1750.0,10.0,10.0],0.001459561],
[[1750.0,50.0,50.0],0.001384722],
[[1750.0,100.0,100.0],0.001594089],
[[1750.0,150.0,150.0],0.001979695],
[[1750.0,200.0,200.0],0.001855694],
[[1750.0,250.0,250.0],0.002275268],
[[1750.0,300.0,300.0],0.002499423],
[[1750.0,350.0,350.0],0.002127073],
[[1750.0,400.0,400.0],0.002582394],
[[1750.0,450.0,450.0],0.002392522],
[[1750.0,500.0,500.0],0.002504169],
[[1750.0,550.0,550.0],0.002611798],
[[1750.0,600.0,600.0],0.002507133],
[[1750.0,650.0,650.0],0.002589524],
[[1750.0,700.0,700.0],0.002501335],
[[1750.0,750.0,750.0],0.002773884],
[[1750.0,800.0,800.0],0.003188553],
[[1750.0,850.0,850.0],0.002761086],
[[1800.0,1.0,1.0],0.001610397],
[[1800.0,150.0,150.0],0.001800825],
[[1800.0,200.0,200.0],0.002121577],
[[1800.0,250.0,250.0],0.002249847],
[[1800.0,300.0,300.0],0.00217831],
[[1800.0,350.0,350.0],0.002475956],
[[1800.0,400.0,400.0],0.002232355],
[[1800.0,450.0,450.0],0.002411043],
[[1800.0,500.0,500.0],0.002616093],
[[1800.0,550.0,550.0],0.002772821],
[[1800.0,600.0,600.0],0.002961171],
[[1800.0,650.0,650.0],0.003070533],
[[1800.0,700.0,700.0],0.002683114],
[[1800.0,750.0,750.0],0.002549786],
[[1800.0,800.0,800.0],0.002751799],
[[1800.0,850.0,850.0],0.003086275],
[[1850.0,1.0,1.0],0.001628014],
[[1850.0,150.0,150.0],0.001696689],
[[1850.0,200.0,200.0],0.002075011],
[[1850.0,250.0,250.0],0.002023107],
[[1850.0,300.0,300.0],0.002066033],
[[1850.0,350.0,350.0],0.002660901],
[[1850.0,400.0,400.0],0.002348214],
[[1850.0,450.0,450.0],0.00242606],
[[1850.0,500.0,500.0],0.003204805],
[[1850.0,550.0,550.0],0.002263308],
[[1850.0,600.0,600.0],0.002544154],
[[1850.0,650.0,650.0],0.002714036],
[[1850.0,700.0,700.0],0.002861234],
[[1850.0,750.0,750.0],0.002696114],
[[1850.0,800.0,800.0],0.00290619],
[[1850.0,850.0,850.0],0.003146198],
[[1850.0,900.0,900.0],0.002923],
[[1900.0,1.0,1.0],0.001437611],
[[1900.0,150.0,150.0],0.001704243],
[[1900.0,200.0,200.0],0.002139208],
[[1900.0,250.0,250.0],0.001919097],
[[1900.0,300.0,300.0],0.002753241],
[[1900.0,350.0,350.0],0.002765979],
[[1900.0,400.0,400.0],0.002755256],
[[1900.0,450.0,450.0],0.002532405],
[[1900.0,500.0,500.0],0.002799668],
[[1900.0,550.0,550.0],0.002708765],
[[1900.0,600.0,600.0],0.002853118],
[[1900.0,650.0,650.0],0.002724222],
[[1900.0,700.0,700.0],0.002799501],
[[1900.0,750.0,750.0],0.002855916],
[[1900.0,800.0,800.0],0.002795566],
[[1900.0,850.0,850.0],0.002807296],
[[1900.0,900.0,900.0],0.002872987],
[[1950.0,1.0,1.0],0.001443958],
[[1950.0,150.0,150.0],0.001787406],
[[1950.0,200.0,200.0],0.002219719],
[[1950.0,250.0,250.0],0.002034568],
[[1950.0,300.0,300.0],0.002848831],
[[1950.0,350.0,350.0],0.002564017],
[[1950.0,400.0,400.0],0.002394556],
[[1950.0,450.0,450.0],0.002706923],
[[1950.0,500.0,500.0],0.002400231],
[[1950.0,550.0,550.0],0.002719465],
[[1950.0,600.0,600.0],0.002616648],
[[1950.0,650.0,650.0],0.003018406],
[[1950.0,700.0,700.0],0.002884032],
[[1950.0,750.0,750.0],0.002933679],
[[1950.0,800.0,800.0],0.002886464],
[[1950.0,850.0,850.0],0.003045534],
[[1950.0,900.0,900.0],0.002846427],
[[1950.0,950.0,950.0],0.002867622],
[[2000.0,1.0,1.0],0.00151614],
[[2000.0,10.0,10.0],0.001360643],
[[2000.0,50.0,50.0],0.001437337],
[[2000.0,100.0,100.0],0.001663366],
[[2000.0,150.0,150.0],0.001870185],
[[2000.0,200.0,200.0],0.002325761],
[[2000.0,250.0,250.0],0.002555902],
[[2000.0,300.0,300.0],0.002325766],
[[2000.0,350.0,350.0],0.002487897],
[[2000.0,400.0,400.0],0.002862164],
[[2000.0,450.0,450.0],0.002596021],
[[2000.0,500.0,500.0],0.002789165],
[[2000.0,550.0,550.0],0.002818599],
[[2000.0,600.0,600.0],0.003214099],
[[2000.0,650.0,650.0],0.00296989],
[[2000.0,700.0,700.0],0.002856611],
[[2000.0,750.0,750.0],0.002963183],
[[2000.0,800.0,800.0],0.002777467],
[[2000.0,850.0,850.0],0.002956587],
[[2000.0,900.0,900.0],0.003455204],
[[2000.0,950.0,950.0],0.00288991],
[[2250.0,1.0,1.0],0.001365326],
[[2250.0,10.0,10.0],0.001238284],
[[2250.0,50.0,50.0],0.001319396],
[[2250.0,100.0,100.0],0.001503582],
[[2250.0,150.0,150.0],0.001682904],
[[2250.0,300.0,300.0],0.00255723],
[[2250.0,500.0,500.0],0.002957189],
[[2250.0,750.0,750.0],0.003237553],
[[2250.0,1000.0,1000.0],0.003177697],
[[2500.0,1.0,1.0],0.001184474],
[[2500.0,10.0,10.0],0.001293636],
[[2500.0,50.0,50.0],0.00118809],
[[2500.0,100.0,100.0],0.001408473],
[[2500.0,150.0,150.0],0.001600267],
[[2500.0,300.0,300.0],0.002410014],
[[2500.0,500.0,500.0],0.002839353],
[[2500.0,750.0,750.0],0.003250691],
[[2500.0,1000.0,1000.0],0.003261264],
[[2500.0,1200.0,1200.0],0.003528839],
[[2750.0,1.0,1.0],0.001001274],
[[2750.0,10.0,10.0],0.001026344],
[[2750.0,50.0,50.0],0.001225697],
[[2750.0,100.0,100.0],0.001180634],
[[2750.0,150.0,150.0],0.001451804],
[[2750.0,300.0,300.0],0.002329884],
[[2750.0,500.0,500.0],0.002884034],
[[2750.0,750.0,750.0],0.003170881],
[[2750.0,1000.0,1000.0],0.003489416],
[[2750.0,1200.0,1200.0],0.003535318],
[[3000.0,1.0,1.0],0.000908777],
[[3000.0,10.0,10.0],0.0008622241],
[[3000.0,50.0,50.0],0.00103821],
[[3000.0,100.0,100.0],0.001023815],
[[3000.0,150.0,150.0],0.001149901],
[[3000.0,300.0,300.0],0.002220412],
[[3000.0,500.0,500.0],0.003187892],
[[3000.0,750.0,750.0],0.003380534],
[[3000.0,1000.0,1000.0],0.002969758],
[[3000.0,1200.0,1200.0],0.003563229],
[[3000.0,1400.0,1400.0],0.003557695]]
