txName: TRV1
constraint: {(PV > Zprime(1)), (Zprime(1) > MET(2),MET(3))}
condition: None
conditionDescription: None
figureUrl: https://cms-results.web.cern.ch/cms-results/public-results/publications/EXO-20-004/CMS-EXO-20-004_Figure_007-b.png
source: https://doi.org/10.5281/zenodo.13324003
validated: True
axesMap: [{0: 'x', 1: 'y', 2: 'y'}]
dataMap: {0: (1, 'mass', GeV), 1: (2, 'mass', GeV), 2: (3, 'mass', GeV)}
finalState: ['MET', 'MET']
intermediateState: None
efficiencyMap: [[[50.0,1.0,1.0],1.948839e-07],
[[100.0,1.0,1.0],1.786518e-06],
[[100.0,10.0,10.0],1.443661e-06],
[[150.0,1.0,1.0],5.302049e-06],
[[150.0,75.0,75.0],7.583037e-06],
[[200.0,1.0,1.0],1.36883e-05],
[[200.0,75.0,75.0],1.433983e-05],
[[250.0,1.0,1.0],2.677766e-05],
[[250.0,10.0,10.0],2.499561e-05],
[[250.0,75.0,75.0],2.512078e-05],
[[300.0,1.0,1.0],4.479397e-05],
[[300.0,75.0,75.0],4.140109e-05],
[[350.0,1.0,1.0],5.726572e-05],
[[350.0,75.0,75.0],6.168612e-05],
[[350.0,150.0,150.0],5.887986e-05],
[[400.0,1.0,1.0],7.748387e-05],
[[400.0,75.0,75.0],8.826113e-05],
[[400.0,150.0,150.0],8.733982e-05],
[[450.0,1.0,1.0],0.0001110707],
[[450.0,75.0,75.0],0.0001229145],
[[450.0,150.0,150.0],0.000103943],
[[450.0,200.0,200.0],0.0001382241],
[[500.0,1.0,1.0],0.0001322669],
[[500.0,10.0,10.0],0.0001336424],
[[500.0,75.0,75.0],0.0001306393],
[[500.0,150.0,150.0],0.000145867],
[[500.0,200.0,200.0],0.000131507],
[[550.0,1.0,1.0],0.0001667862],
[[550.0,75.0,75.0],0.0001754812],
[[550.0,150.0,150.0],0.0001836161],
[[550.0,200.0,200.0],0.000170108],
[[550.0,250.0,250.0],0.0001823846],
[[600.0,1.0,1.0],0.0002139947],
[[600.0,75.0,75.0],0.0002051871],
[[600.0,150.0,150.0],0.0002419189],
[[600.0,200.0,200.0],0.0002716574],
[[600.0,250.0,250.0],0.0002165523],
[[650.0,1.0,1.0],0.0002323031],
[[650.0,75.0,75.0],0.0002303132],
[[650.0,150.0,150.0],0.0002154781],
[[650.0,200.0,200.0],0.000243702],
[[650.0,250.0,250.0],0.0002477098],
[[650.0,300.0,300.0],0.0002577618],
[[700.0,1.0,1.0],0.0002646196],
[[700.0,75.0,75.0],0.0002690287],
[[700.0,150.0,150.0],0.0002857009],
[[700.0,200.0,200.0],0.0002673049],
[[700.0,250.0,250.0],0.0002491918],
[[700.0,300.0,300.0],0.0003008514],
[[750.0,1.0,1.0],0.0003076438],
[[750.0,10.0,10.0],0.0003082248],
[[750.0,75.0,75.0],0.0002979672],
[[750.0,150.0,150.0],0.000351075],
[[750.0,200.0,200.0],0.0002954369],
[[750.0,250.0,250.0],0.0003214396],
[[750.0,300.0,300.0],0.0003507004],
[[750.0,350.0,350.0],0.0003334658],
[[800.0,1.0,1.0],0.0003560865],
[[800.0,75.0,75.0],0.0003366126],
[[800.0,150.0,150.0],0.0003789405],
[[800.0,200.0,200.0],0.000336194],
[[800.0,250.0,250.0],0.0003496467],
[[800.0,300.0,300.0],0.0003687337],
[[800.0,350.0,350.0],0.0003183845],
[[850.0,1.0,1.0],0.0003750052],
[[850.0,75.0,75.0],0.0003759204],
[[850.0,150.0,150.0],0.0003744444],
[[850.0,200.0,200.0],0.0003723202],
[[850.0,250.0,250.0],0.000430606],
[[850.0,300.0,300.0],0.0003892323],
[[850.0,350.0,350.0],0.0004024231],
[[850.0,400.0,400.0],0.0004389353],
[[900.0,1.0,1.0],0.0003896411],
[[900.0,75.0,75.0],0.0004044391],
[[900.0,150.0,150.0],0.0004018123],
[[900.0,200.0,200.0],0.0003967597],
[[900.0,250.0,250.0],0.0004346314],
[[900.0,300.0,300.0],0.0004101133],
[[900.0,350.0,350.0],0.0004424799],
[[900.0,400.0,400.0],0.0004221399],
[[950.0,1.0,1.0],0.0004355951],
[[950.0,75.0,75.0],0.0003996965],
[[950.0,150.0,150.0],0.0004803504],
[[950.0,200.0,200.0],0.0004531719],
[[950.0,250.0,250.0],0.0004142527],
[[950.0,300.0,300.0],0.0004430617],
[[950.0,350.0,350.0],0.0004258663],
[[950.0,400.0,400.0],0.0004524599],
[[950.0,450.0,450.0],0.0004305251],
[[1000.0,1.0,1.0],0.0004629613],
[[1000.0,10.0,10.0],0.0004351531],
[[1000.0,75.0,75.0],0.0004741145],
[[1000.0,150.0,150.0],0.0004937335],
[[1000.0,200.0,200.0],0.0004271608],
[[1000.0,250.0,250.0],0.0004990495],
[[1000.0,300.0,300.0],0.0005113595],
[[1000.0,350.0,350.0],0.0004833238],
[[1000.0,400.0,400.0],0.0005301166],
[[1000.0,450.0,450.0],0.0005463299],
[[1050.0,1.0,1.0],0.0005080004],
[[1050.0,75.0,75.0],0.0004850706],
[[1050.0,150.0,150.0],0.0004956938],
[[1050.0,200.0,200.0],0.0005066674],
[[1050.0,250.0,250.0],0.000522748],
[[1050.0,300.0,300.0],0.0005134175],
[[1050.0,350.0,350.0],0.0005690853],
[[1050.0,400.0,400.0],0.0005637787],
[[1050.0,450.0,450.0],0.0005366272],
[[1050.0,500.0,500.0],0.0005476016],
[[1100.0,1.0,1.0],0.0005182973],
[[1100.0,75.0,75.0],0.0005261008],
[[1100.0,150.0,150.0],0.0005423996],
[[1100.0,200.0,200.0],0.0005322446],
[[1100.0,250.0,250.0],0.0005371192],
[[1100.0,300.0,300.0],0.0005252125],
[[1100.0,350.0,350.0],0.0006269406],
[[1100.0,400.0,400.0],0.0005298216],
[[1100.0,450.0,450.0],0.0005310441],
[[1100.0,500.0,500.0],0.0006665295],
[[1150.0,1.0,1.0],0.0005649291],
[[1150.0,75.0,75.0],0.0005163198],
[[1150.0,150.0,150.0],0.0005709109],
[[1150.0,200.0,200.0],0.0005921736],
[[1150.0,250.0,250.0],0.0005750761],
[[1150.0,300.0,300.0],0.0005402045],
[[1150.0,350.0,350.0],0.0005352896],
[[1150.0,400.0,400.0],0.0005858965],
[[1150.0,450.0,450.0],0.000631867],
[[1150.0,500.0,500.0],0.0006880413],
[[1150.0,550.0,550.0],0.0005448358],
[[1200.0,1.0,1.0],0.0005693493],
[[1200.0,75.0,75.0],0.0005441284],
[[1200.0,150.0,150.0],0.0006065921],
[[1200.0,200.0,200.0],0.0005555881],
[[1200.0,250.0,250.0],0.0006310924],
[[1200.0,300.0,300.0],0.0006130792],
[[1200.0,350.0,350.0],0.0005971307],
[[1200.0,400.0,400.0],0.0005758874],
[[1200.0,450.0,450.0],0.0006544452],
[[1200.0,500.0,500.0],0.0006239417],
[[1200.0,550.0,550.0],0.0007065241],
[[1250.0,1.0,1.0],0.0006062446],
[[1250.0,10.0,10.0],0.0006137502],
[[1250.0,75.0,75.0],0.0005873862],
[[1250.0,150.0,150.0],0.0006235865],
[[1250.0,200.0,200.0],0.0006227283],
[[1250.0,250.0,250.0],0.0005828403],
[[1250.0,300.0,300.0],0.0005726272],
[[1250.0,350.0,350.0],0.0006311175],
[[1250.0,400.0,400.0],0.0006376898],
[[1250.0,450.0,450.0],0.0005625786],
[[1250.0,500.0,500.0],0.0006064519],
[[1250.0,550.0,550.0],0.0005916607],
[[1250.0,600.0,600.0],0.0006274262],
[[1300.0,1.0,1.0],0.0006978018],
[[1300.0,75.0,75.0],0.0006092356],
[[1300.0,150.0,150.0],0.0006711569],
[[1300.0,200.0,200.0],0.0006267034],
[[1300.0,250.0,250.0],0.0006647852],
[[1300.0,300.0,300.0],0.0006985887],
[[1300.0,350.0,350.0],0.0005973487],
[[1300.0,400.0,400.0],0.0006922176],
[[1300.0,450.0,450.0],0.0005910077],
[[1300.0,500.0,500.0],0.0006801157],
[[1300.0,550.0,550.0],0.0006708466],
[[1300.0,600.0,600.0],0.0006941954],
[[1350.0,1.0,1.0],0.0006429626],
[[1350.0,75.0,75.0],0.0006926232],
[[1350.0,150.0,150.0],0.0006957733],
[[1350.0,200.0,200.0],0.0006413782],
[[1350.0,250.0,250.0],0.0006207136],
[[1350.0,300.0,300.0],0.0006653898],
[[1350.0,350.0,350.0],0.0006996415],
[[1350.0,400.0,400.0],0.0006842827],
[[1350.0,450.0,450.0],0.0006817827],
[[1350.0,500.0,500.0],0.000724713],
[[1350.0,550.0,550.0],0.0007635417],
[[1350.0,600.0,600.0],0.0007439786],
[[1350.0,650.0,650.0],0.0007384296],
[[1400.0,1.0,1.0],0.0006593402],
[[1400.0,75.0,75.0],0.0006775692],
[[1400.0,150.0,150.0],0.0007479185],
[[1400.0,200.0,200.0],0.0007168534],
[[1400.0,250.0,250.0],0.0006775287],
[[1400.0,300.0,300.0],0.0006668115],
[[1400.0,350.0,350.0],0.0006961224],
[[1400.0,400.0,400.0],0.0007008612],
[[1400.0,450.0,450.0],0.0007422437],
[[1400.0,500.0,500.0],0.0006671285],
[[1400.0,550.0,550.0],0.0007308785],
[[1400.0,600.0,600.0],0.0007362507],
[[1400.0,650.0,650.0],0.0008184157],
[[1450.0,1.0,1.0],0.0007074963],
[[1450.0,75.0,75.0],0.0006437778],
[[1450.0,150.0,150.0],0.0007271957],
[[1450.0,200.0,200.0],0.0006884292],
[[1450.0,250.0,250.0],0.0007146714],
[[1450.0,300.0,300.0],0.0007566468],
[[1450.0,350.0,350.0],0.0006823445],
[[1450.0,400.0,400.0],0.0007899628],
[[1450.0,450.0,450.0],0.0007443694],
[[1450.0,500.0,500.0],0.0007248403],
[[1450.0,550.0,550.0],0.0007576245],
[[1450.0,600.0,600.0],0.0007379438],
[[1450.0,650.0,650.0],0.0007926071],
[[1450.0,700.0,700.0],0.000729251],
[[1500.0,1.0,1.0],0.0006868832],
[[1500.0,10.0,10.0],0.0007252236],
[[1500.0,75.0,75.0],0.0006439093],
[[1500.0,150.0,150.0],0.0007180274],
[[1500.0,200.0,200.0],0.0007717404],
[[1500.0,250.0,250.0],0.0007314935],
[[1500.0,300.0,300.0],0.0007934361],
[[1500.0,350.0,350.0],0.0007220648],
[[1500.0,400.0,400.0],0.0006874843],
[[1500.0,450.0,450.0],0.0007378919],
[[1500.0,500.0,500.0],0.0007578026],
[[1500.0,550.0,550.0],0.0007312071],
[[1500.0,600.0,600.0],0.0008346212],
[[1500.0,650.0,650.0],0.000809894],
[[1500.0,700.0,700.0],0.0007712086],
[[1500.0,750.0,750.0],0.0008237298],
[[1550.0,1.0,1.0],0.0007316899],
[[1550.0,75.0,75.0],0.0007014212],
[[1550.0,150.0,150.0],0.0007715558],
[[1550.0,200.0,200.0],0.0006946318],
[[1550.0,250.0,250.0],0.0007662529],
[[1550.0,300.0,300.0],0.0007234627],
[[1550.0,350.0,350.0],0.0007681573],
[[1550.0,400.0,400.0],0.0007819772],
[[1550.0,450.0,450.0],0.0007871124],
[[1550.0,500.0,500.0],0.0008019664],
[[1550.0,550.0,550.0],0.0008089143],
[[1550.0,600.0,600.0],0.0008150991],
[[1550.0,650.0,650.0],0.0009175162],
[[1550.0,700.0,700.0],0.0008286079],
[[1550.0,750.0,750.0],0.0007507019],
[[1600.0,1.0,1.0],0.0007338573],
[[1600.0,75.0,75.0],0.0006823577],
[[1600.0,150.0,150.0],0.0007190696],
[[1600.0,200.0,200.0],0.0007492623],
[[1600.0,250.0,250.0],0.0008667364],
[[1600.0,300.0,300.0],0.0007446623],
[[1600.0,350.0,350.0],0.0007412464],
[[1600.0,400.0,400.0],0.0006671686],
[[1600.0,450.0,450.0],0.0007689998],
[[1600.0,500.0,500.0],0.0008449914],
[[1600.0,550.0,550.0],0.0007980455],
[[1600.0,600.0,600.0],0.000780039],
[[1600.0,650.0,650.0],0.0008753262],
[[1600.0,700.0,700.0],0.0008635006],
[[1600.0,750.0,750.0],0.000763937],
[[1650.0,1.0,1.0],0.0007650478],
[[1650.0,75.0,75.0],0.0007528169],
[[1650.0,150.0,150.0],0.000771188],
[[1650.0,200.0,200.0],0.0007918776],
[[1650.0,250.0,250.0],0.0007372472],
[[1650.0,300.0,300.0],0.0008018649],
[[1650.0,350.0,350.0],0.0007969221],
[[1650.0,400.0,400.0],0.0007911527],
[[1650.0,450.0,450.0],0.0008228766],
[[1650.0,500.0,500.0],0.0008222985],
[[1650.0,550.0,550.0],0.0008404463],
[[1650.0,600.0,600.0],0.0008338271],
[[1650.0,650.0,650.0],0.00084329],
[[1650.0,700.0,700.0],0.0007834034],
[[1650.0,750.0,750.0],0.0008623751],
[[1650.0,800.0,800.0],0.0008199054],
[[1700.0,1.0,1.0],0.0007413845],
[[1700.0,75.0,75.0],0.000757254],
[[1700.0,150.0,150.0],0.0007564283],
[[1700.0,200.0,200.0],0.0007108832],
[[1700.0,250.0,250.0],0.0007234028],
[[1700.0,300.0,300.0],0.0008359773],
[[1700.0,350.0,350.0],0.0007581203],
[[1700.0,400.0,400.0],0.0007853388],
[[1700.0,450.0,450.0],0.0007763592],
[[1700.0,500.0,500.0],0.0007865999],
[[1700.0,550.0,550.0],0.0008113347],
[[1700.0,600.0,600.0],0.0008725741],
[[1700.0,650.0,650.0],0.0007420308],
[[1700.0,700.0,700.0],0.0008978644],
[[1700.0,750.0,750.0],0.0008874149],
[[1700.0,800.0,800.0],0.0008487717],
[[1750.0,1.0,1.0],0.0007567572],
[[1750.0,10.0,10.0],0.000763324],
[[1750.0,75.0,75.0],0.00081389],
[[1750.0,150.0,150.0],0.0008013061],
[[1750.0,200.0,200.0],0.0008033223],
[[1750.0,250.0,250.0],0.000846144],
[[1750.0,300.0,300.0],0.0007850093],
[[1750.0,350.0,350.0],0.0008037782],
[[1750.0,400.0,400.0],0.0008190486],
[[1750.0,450.0,450.0],0.0008366356],
[[1750.0,500.0,500.0],0.0008594705],
[[1750.0,550.0,550.0],0.0008798308],
[[1750.0,600.0,600.0],0.0009135963],
[[1750.0,650.0,650.0],0.0007834634],
[[1750.0,700.0,700.0],0.0008831474],
[[1750.0,750.0,750.0],0.0009064884],
[[1750.0,800.0,800.0],0.0009010677],
[[1750.0,850.0,850.0],0.0009655031],
[[1800.0,1.0,1.0],0.0007868906],
[[1800.0,75.0,75.0],0.0007795139],
[[1800.0,150.0,150.0],0.0008040276],
[[1800.0,200.0,200.0],0.0008173532],
[[1800.0,250.0,250.0],0.0008912416],
[[1800.0,300.0,300.0],0.0008273545],
[[1800.0,350.0,350.0],0.0007859244],
[[1800.0,400.0,400.0],0.0007996198],
[[1800.0,450.0,450.0],0.0008149888],
[[1800.0,500.0,500.0],0.0007611816],
[[1800.0,550.0,550.0],0.0009748586],
[[1800.0,600.0,600.0],0.0008681335],
[[1800.0,650.0,650.0],0.0009809063],
[[1800.0,700.0,700.0],0.0009321377],
[[1800.0,750.0,750.0],0.0009579185],
[[1800.0,800.0,800.0],0.000849753],
[[1800.0,850.0,850.0],0.0008711531],
[[1850.0,1.0,1.0],0.0007637182],
[[1850.0,75.0,75.0],0.0008028012],
[[1850.0,150.0,150.0],0.0008978139],
[[1850.0,200.0,200.0],0.0009604825],
[[1850.0,250.0,250.0],0.0007617348],
[[1850.0,300.0,300.0],0.0009114452],
[[1850.0,350.0,350.0],0.000800643],
[[1850.0,400.0,400.0],0.0008652461],
[[1850.0,450.0,450.0],0.0007925134],
[[1850.0,500.0,500.0],0.0008943776],
[[1850.0,550.0,550.0],0.000846609],
[[1850.0,600.0,600.0],0.0007794329],
[[1850.0,650.0,650.0],0.0009204581],
[[1850.0,700.0,700.0],0.0007899864],
[[1850.0,750.0,750.0],0.0009669915],
[[1850.0,800.0,800.0],0.001056643],
[[1850.0,850.0,850.0],0.0009274542],
[[1850.0,900.0,900.0],0.0009818988],
[[1900.0,1.0,1.0],0.0007352832],
[[1900.0,75.0,75.0],0.0008919285],
[[1900.0,150.0,150.0],0.0008204632],
[[1900.0,200.0,200.0],0.0009250783],
[[1900.0,250.0,250.0],0.0009069486],
[[1900.0,300.0,300.0],0.0008330083],
[[1900.0,350.0,350.0],0.000915706],
[[1900.0,400.0,400.0],0.0008257049],
[[1900.0,450.0,450.0],0.0008751825],
[[1900.0,500.0,500.0],0.0009962685],
[[1900.0,550.0,550.0],0.001005863],
[[1900.0,600.0,600.0],0.0008176818],
[[1900.0,650.0,650.0],0.0009045598],
[[1900.0,700.0,700.0],0.0009493845],
[[1900.0,750.0,750.0],0.000888548],
[[1900.0,800.0,800.0],0.000940181],
[[1900.0,850.0,850.0],0.0008848322],
[[1900.0,900.0,900.0],0.0009400878],
[[1950.0,1.0,1.0],0.0008595113],
[[1950.0,75.0,75.0],0.0008353336],
[[1950.0,150.0,150.0],0.00080008],
[[1950.0,200.0,200.0],0.0008516021],
[[1950.0,250.0,250.0],0.0008273864],
[[1950.0,300.0,300.0],0.0008648243],
[[1950.0,350.0,350.0],0.0008509667],
[[1950.0,400.0,400.0],0.0008407304],
[[1950.0,450.0,450.0],0.0009777417],
[[1950.0,500.0,500.0],0.0008536354],
[[1950.0,550.0,550.0],0.0009764866],
[[1950.0,600.0,600.0],0.0008586134],
[[1950.0,650.0,650.0],0.0008717722],
[[1950.0,700.0,700.0],0.0008842626],
[[1950.0,750.0,750.0],0.0009593403],
[[1950.0,800.0,800.0],0.0009527945],
[[1950.0,850.0,850.0],0.0009978753],
[[1950.0,900.0,900.0],0.0009102621],
[[1950.0,950.0,950.0],0.0009937611],
[[2000.0,1.0,1.0],0.0009441467],
[[2000.0,75.0,75.0],0.0009054827],
[[2000.0,150.0,150.0],0.000853034],
[[2000.0,200.0,200.0],0.0009519363],
[[2000.0,250.0,250.0],0.0008622937],
[[2000.0,300.0,300.0],0.0008689729],
[[2000.0,350.0,350.0],0.0008741199],
[[2000.0,400.0,400.0],0.0008971716],
[[2000.0,450.0,450.0],0.0008493957],
[[2000.0,500.0,500.0],0.0009221071],
[[2000.0,550.0,550.0],0.0009002191],
[[2000.0,600.0,600.0],0.0008886923],
[[2000.0,650.0,650.0],0.0008464357],
[[2000.0,700.0,700.0],0.0009607168],
[[2000.0,750.0,750.0],0.0009430985],
[[2000.0,800.0,800.0],0.0009232502],
[[2000.0,850.0,850.0],0.0009558674],
[[2000.0,900.0,900.0],0.000943393],
[[2000.0,950.0,950.0],0.000952138],
[[2250.0,1.0,1.0],0.0009639477],
[[2250.0,75.0,75.0],0.001020779],
[[2250.0,150.0,150.0],0.0009546683],
[[2250.0,300.0,300.0],0.0008881562],
[[2250.0,500.0,500.0],0.0009651637],
[[2250.0,750.0,750.0],0.001042982],
[[2250.0,1000.0,1000.0],0.001005594],
[[2500.0,1.0,1.0],0.001044373],
[[2500.0,75.0,75.0],0.001060987],
[[2500.0,150.0,150.0],0.001046119],
[[2500.0,300.0,300.0],0.0009988711],
[[2500.0,500.0,500.0],0.000963018],
[[2500.0,750.0,750.0],0.001048815],
[[2500.0,1000.0,1000.0],0.001082745],
[[2500.0,1200.0,1200.0],0.001096078],
[[2750.0,1.0,1.0],0.001074813],
[[2750.0,75.0,75.0],0.001017653],
[[2750.0,150.0,150.0],0.001076061],
[[2750.0,300.0,300.0],0.0009975809],
[[2750.0,500.0,500.0],0.001057903],
[[2750.0,750.0,750.0],0.001016758],
[[2750.0,1000.0,1000.0],0.001051325],
[[2750.0,1200.0,1200.0],0.001002996],
[[3000.0,1.0,1.0],0.001045963],
[[3000.0,75.0,75.0],0.001073708],
[[3000.0,150.0,150.0],0.00104574],
[[3000.0,300.0,300.0],0.001030867],
[[3000.0,500.0,500.0],0.000972834],
[[3000.0,750.0,750.0],0.001126598],
[[3000.0,1000.0,1000.0],0.001085864],
[[3000.0,1200.0,1200.0],0.001074362],
[[3000.0,1400.0,1400.0],0.001112468]]
