txName: TRV1
constraint: {(PV > Zprime(1)), (Zprime(1) > MET(2),MET(3))}
condition: None
conditionDescription: None
figureUrl: None
source: Recast by CM2
validated: True
axesMap: [{0: 'x', 1: 'y', 2: 'y'}]
dataMap: {0: (1, 'mass', GeV), 1: (2, 'mass', GeV), 2: (3, 'mass', GeV)}
finalState: ['MET', 'MET']
intermediateState: None
efficiencyMap: [[[50.0,0,0],0],
[[50.0,1.0,1.0],0],
[[50.0,10.0,10.0],0],
[[50.0,20.0,20.0],0],
[[100.0,0,0],0],
[[100.0,1.0,1.0],0],
[[100.0,10.0,10.0],0],
[[150.0,0,0],0],
[[150.0,1.0,1.0],0],
[[150.0,10.0,10.0],0],
[[150.0,50.0,50.0],0],
[[150.0,70.0,70.0],0],
[[200.0,0,0],2.888129e-06],
[[200.0,1.0,1.0],2.353201e-06],
[[200.0,10.0,10.0],2.734966e-06],
[[200.0,50.0,50.0],2.718453e-06],
[[200.0,75.0,75.0],3.056547e-06],
[[250.0,0,0],2.383772e-05],
[[250.0,1.0,1.0],6.372678e-06],
[[250.0,10.0,10.0],5.439586e-06],
[[250.0,50.0,50.0],5.542888e-06],
[[250.0,75.0,75.0],6.342981e-06],
[[250.0,100.0,100.0],5.863832e-06],
[[250.0,120.0,120.0],6.35155e-06],
[[300.0,0,0],7.811147e-06],
[[300.0,1.0,1.0],7.852893e-06],
[[300.0,10.0,10.0],9.34617e-06],
[[300.0,50.0,50.0],2.61894e-05],
[[300.0,75.0,75.0],9.073571e-06],
[[300.0,100.0,100.0],8.411096e-06],
[[350.0,0,0],1.416663e-05],
[[350.0,1.0,1.0],1.322586e-05],
[[350.0,10.0,10.0],1.701173e-05],
[[350.0,50.0,50.0],1.331203e-05],
[[350.0,75.0,75.0],1.348435e-05],
[[350.0,100.0,100.0],1.435826e-05],
[[350.0,150.0,150.0],1.54721e-05],
[[350.0,170.0,170.0],1.80615e-05],
[[400.0,0,0],2.201869e-05],
[[400.0,1.0,1.0],2.027517e-05],
[[400.0,10.0,10.0],1.878595e-05],
[[400.0,50.0,50.0],1.914891e-05],
[[400.0,75.0,75.0],2.43407e-05],
[[400.0,100.0,100.0],2.182492e-05],
[[400.0,150.0,150.0],2.439759e-05],
[[450.0,0,0],3.060671e-05],
[[450.0,1.0,1.0],2.518764e-05],
[[450.0,10.0,10.0],2.848783e-05],
[[450.0,50.0,50.0],3.072424e-05],
[[450.0,75.0,75.0],2.723934e-05],
[[450.0,100.0,100.0],3.159693e-05],
[[450.0,150.0,150.0],2.687329e-05],
[[450.0,200.0,200.0],2.89684e-05],
[[450.0,220.0,220.0],3.415712e-05],
[[500.0,0,0],3.60748e-05],
[[500.0,1.0,1.0],3.780496e-05],
[[500.0,10.0,10.0],3.906553e-05],
[[500.0,50.0,50.0],4.111703e-05],
[[500.0,75.0,75.0],3.684445e-05],
[[500.0,100.0,100.0],4.337381e-05],
[[500.0,150.0,150.0],4.016203e-05],
[[500.0,200.0,200.0],4.313088e-05],
[[550.0,1.0,1.0],5.673786e-05],
[[550.0,10.0,10.0],5.061119e-05],
[[550.0,75.0,75.0],5.045088e-05],
[[550.0,150.0,150.0],5.158448e-05],
[[550.0,200.0,200.0],5.086092e-05],
[[550.0,250.0,250.0],5.428421e-05],
[[550.0,270.0,270.0],5.622344e-05],
[[600.0,0,0],6.763041e-05],
[[600.0,1.0,1.0],6.503827e-05],
[[600.0,10.0,10.0],6.262306e-05],
[[600.0,50.0,50.0],6.729655e-05],
[[600.0,75.0,75.0],7.092455e-05],
[[600.0,100.0,100.0],6.352033e-05],
[[600.0,150.0,150.0],6.951692e-05],
[[600.0,200.0,200.0],6.343786e-05],
[[600.0,250.0,250.0],6.715689e-05],
[[600.0,295.0,295.0],6.788536e-05],
[[650.0,1.0,1.0],8.20456e-05],
[[650.0,10.0,10.0],7.192151e-05],
[[650.0,75.0,75.0],7.766559e-05],
[[650.0,150.0,150.0],7.906927e-05],
[[650.0,200.0,200.0],8.220171e-05],
[[650.0,250.0,250.0],8.275464e-05],
[[650.0,300.0,300.0],8.271887e-05],
[[650.0,320.0,320.0],9.331328e-05],
[[700.0,0,0],0.000107845],
[[700.0,1.0,1.0],8.745128e-05],
[[700.0,10.0,10.0],8.82321e-05],
[[700.0,50.0,50.0],9.720716e-05],
[[700.0,75.0,75.0],9.499874e-05],
[[700.0,100.0,100.0],4.476915e-05],
[[700.0,150.0,150.0],9.001667e-05],
[[700.0,200.0,200.0],9.877141e-05],
[[700.0,250.0,250.0],9.279958e-05],
[[700.0,300.0,300.0],9.018534e-05],
[[750.0,1.0,1.0],9.684909e-05],
[[750.0,10.0,10.0],0.0001125456],
[[750.0,75.0,75.0],0.0001023776],
[[750.0,150.0,150.0],9.681934e-05],
[[750.0,200.0,200.0],0.000109275],
[[750.0,250.0,250.0],0.000117894],
[[750.0,300.0,300.0],0.0001159577],
[[750.0,350.0,350.0],0.0001267019],
[[750.0,370.0,370.0],0.0001314248],
[[800.0,0,0],0.0001269478],
[[800.0,1.0,1.0],0.0001168866],
[[800.0,10.0,10.0],0.0001180638],
[[800.0,50.0,50.0],0.0001195095],
[[800.0,75.0,75.0],0.0001207298],
[[800.0,100.0,100.0],0.0001292362],
[[800.0,150.0,150.0],0.0001205376],
[[800.0,200.0,200.0],0.0001386751],
[[800.0,250.0,250.0],0.0001247807],
[[800.0,300.0,300.0],0.0001338778],
[[800.0,350.0,350.0],0.0001419838],
[[850.0,1.0,1.0],0.0001460284],
[[850.0,10.0,10.0],0.0001447626],
[[850.0,75.0,75.0],0.0001345304],
[[850.0,150.0,150.0],0.0001455104],
[[850.0,200.0,200.0],0.000138312],
[[850.0,250.0,250.0],0.0001388794],
[[850.0,300.0,300.0],0.0001464345],
[[850.0,350.0,350.0],0.000143265],
[[850.0,400.0,400.0],0.0001597535],
[[850.0,420.0,420.0],0.0001666559],
[[900.0,0,0],0.0001538526],
[[900.0,1.0,1.0],0.000157359],
[[900.0,10.0,10.0],0.0001574897],
[[900.0,50.0,50.0],0.0001616353],
[[900.0,75.0,75.0],0.0001660467],
[[900.0,100.0,100.0],0.0001583425],
[[900.0,150.0,150.0],0.0001557197],
[[900.0,200.0,200.0],0.0001679985],
[[900.0,250.0,250.0],0.0001725954],
[[900.0,300.0,300.0],0.0001547382],
[[900.0,350.0,350.0],0.0001612893],
[[900.0,400.0,400.0],0.0001613323],
[[950.0,1.0,1.0],0.0001757367],
[[950.0,10.0,10.0],0.0001785429],
[[950.0,75.0,75.0],0.0001722193],
[[950.0,150.0,150.0],0.0001658119],
[[950.0,200.0,200.0],0.0001850202],
[[950.0,250.0,250.0],0.0001804252],
[[950.0,300.0,300.0],0.0001977306],
[[950.0,350.0,350.0],0.0002006495],
[[950.0,400.0,400.0],0.0001994027],
[[950.0,450.0,450.0],0.0002154356],
[[950.0,470.0,470.0],0.0002109841],
[[1000.0,0,0],0.0002244766],
[[1000.0,50.0,50.0],0.0002016396],
[[1000.0,100.0,100.0],0.0002040305],
[[1000.0,150.0,150.0],0.0002066896],
[[1000.0,200.0,200.0],0.0001972801],
[[1000.0,250.0,250.0],0.0002208292],
[[1000.0,300.0,300.0],0.0002142267],
[[1000.0,350.0,350.0],0.000208551],
[[1000.0,400.0,400.0],0.0002062763],
[[1000.0,450.0,450.0],0.0002127794],
[[1050.0,520.0,520.0],0.0002468015],
[[1100.0,0,0],0.000238491],
[[1100.0,100.0,100.0],0.0002505722],
[[1100.0,200.0,200.0],0.0002505107],
[[1100.0,300.0,300.0],0.0002367767],
[[1100.0,400.0,400.0],0.0002744569],
[[1100.0,500.0,500.0],0.0002681157],
[[1150.0,570.0,570.0],0.0003247816],
[[1200.0,0,0],0.0003095059],
[[1200.0,100.0,100.0],0.0003021541],
[[1200.0,200.0,200.0],0.0002925975],
[[1200.0,300.0,300.0],0.0002837948],
[[1200.0,400.0,400.0],0.0002927107],
[[1200.0,500.0,500.0],0.0003167387],
[[1250.0,620.0,620.0],0.0003510408],
[[1300.0,0,0],0.0003019606],
[[1300.0,100.0,100.0],0.000308806],
[[1300.0,200.0,200.0],0.0003145314],
[[1300.0,300.0,300.0],0.0003230773],
[[1300.0,400.0,400.0],0.0003323425],
[[1300.0,500.0,500.0],0.000337296],
[[1300.0,600.0,600.0],0.0003750365],
[[1350.0,670.0,670.0],0.0003932354],
[[1400.0,0,0],0.0003626776],
[[1400.0,100.0,100.0],0.0003413805],
[[1400.0,200.0,200.0],0.0003768993],
[[1400.0,300.0,300.0],0.0003984371],
[[1400.0,400.0,400.0],0.0003763266],
[[1400.0,500.0,500.0],0.0003919241],
[[1400.0,600.0,600.0],0.0003963461],
[[1450.0,720.0,720.0],0.0004359559],
[[1500.0,0,0],0.0003806231],
[[1500.0,100.0,100.0],0.0003994355],
[[1500.0,200.0,200.0],0.0004024847],
[[1500.0,300.0,300.0],0.0004284628],
[[1500.0,400.0,400.0],0.0004099122],
[[1500.0,500.0,500.0],0.0004426047],
[[1500.0,600.0,600.0],0.0004313157],
[[1500.0,700.0,700.0],0.0004402335],
[[1550.0,770.0,770.0],0.0004985597],
[[1600.0,0,0],0.0004228654],
[[1600.0,100.0,100.0],0.0004183165],
[[1600.0,200.0,200.0],0.0004685435],
[[1600.0,300.0,300.0],0.0004837703],
[[1600.0,400.0,400.0],0.0004598172],
[[1600.0,500.0,500.0],0.0004800246],
[[1600.0,600.0,600.0],0.0004775659],
[[1600.0,700.0,700.0],0.0004569534],
[[1650.0,820.0,820.0],0.0004924238],
[[1700.0,0,0],0.0004850593],
[[1700.0,100.0,100.0],0.0004733433],
[[1700.0,200.0,200.0],0.000484614],
[[1700.0,300.0,300.0],0.0005098778],
[[1700.0,400.0,400.0],0.0005271423],
[[1700.0,500.0,500.0],0.0005302975],
[[1700.0,600.0,600.0],0.0005377918],
[[1700.0,700.0,700.0],0.0005372241],
[[1700.0,800.0,800.0],0.0005199903],
[[1750.0,870.0,870.0],0.0005514898],
[[1800.0,0,0],0.0005170183],
[[1800.0,100.0,100.0],0.0004900782],
[[1800.0,200.0,200.0],0.000503703],
[[1800.0,300.0,300.0],0.0005271059],
[[1800.0,400.0,400.0],0.0005693595],
[[1800.0,500.0,500.0],0.0005122502],
[[1800.0,600.0,600.0],0.0005639253],
[[1800.0,700.0,700.0],0.0005741606],
[[1800.0,800.0,800.0],0.0006005669],
[[1850.0,920.0,920.0],0.0006200116],
[[1900.0,0,0],0.0005380366],
[[1900.0,100.0,100.0],0.0005415061],
[[1900.0,200.0,200.0],0.0005105485],
[[1900.0,300.0,300.0],0.0005724073],
[[1900.0,400.0,400.0],0.0005804691],
[[1900.0,500.0,500.0],0.0005823058],
[[1900.0,600.0,600.0],0.0005697626],
[[1900.0,700.0,700.0],0.000624287],
[[1900.0,800.0,800.0],0.0005818496],
[[1900.0,900.0,900.0],0.0006032963],
[[1950.0,970.0,970.0],0.000656578],
[[2000.0,0,0],0.0006041464],
[[2000.0,100.0,100.0],0.0005912494],
[[2000.0,200.0,200.0],0.0006079431],
[[2000.0,300.0,300.0],0.0005599019],
[[2000.0,400.0,400.0],0.000645643],
[[2000.0,500.0,500.0],0.0006094495],
[[2000.0,600.0,600.0],0.0006004275],
[[2000.0,700.0,700.0],0.0005934149],
[[2000.0,800.0,800.0],0.0006407186],
[[2000.0,900.0,900.0],0.0006074546],
[[2050.0,1020.0,1020.0],0.0006987949],
[[2100.0,0,0],0.0006515363],
[[2100.0,100.0,100.0],0.0005885423],
[[2100.0,200.0,200.0],0.0006190412],
[[2100.0,300.0,300.0],0.0006523536],
[[2100.0,400.0,400.0],0.0006700909],
[[2100.0,500.0,500.0],0.0006708949],
[[2100.0,600.0,600.0],0.0007478888],
[[2100.0,700.0,700.0],0.0006408515],
[[2100.0,800.0,800.0],0.0006849674],
[[2100.0,900.0,900.0],0.0006568841],
[[2100.0,1000.0,1000.0],0.0006629422],
[[2150.0,1070.0,1070.0],0.0007202613],
[[2200.0,0,0],0.0006087607],
[[2200.0,100.0,100.0],0.0006494647],
[[2200.0,200.0,200.0],0.0006829602],
[[2200.0,300.0,300.0],0.0006813786],
[[2200.0,400.0,400.0],0.0006813635],
[[2200.0,500.0,500.0],0.0006756814],
[[2200.0,600.0,600.0],0.0006466773],
[[2200.0,700.0,700.0],0.0007019981],
[[2200.0,800.0,800.0],0.0006733335],
[[2200.0,900.0,900.0],0.00071667],
[[2200.0,1000.0,1000.0],0.0007284704],
[[2250.0,1120.0,1120.0],0.0007661421],
[[2300.0,0,0],0.0006433908],
[[2300.0,100.0,100.0],0.0006593376],
[[2300.0,200.0,200.0],0.0006599258],
[[2300.0,300.0,300.0],0.0006475811],
[[2300.0,400.0,400.0],0.0007141909],
[[2300.0,500.0,500.0],0.0006706227],
[[2300.0,600.0,600.0],0.0006860167],
[[2300.0,700.0,700.0],0.0006665544],
[[2300.0,800.0,800.0],0.0007248731],
[[2300.0,900.0,900.0],0.0007168623],
[[2300.0,1000.0,1000.0],0.0007716517],
[[2300.0,1100.0,1100.0],0.0007616077],
[[2350.0,1170.0,1170.0],0.0007601942],
[[2400.0,0,0],0.0006577302],
[[2400.0,100.0,100.0],0.0006793008],
[[2400.0,200.0,200.0],0.0007340817],
[[2400.0,300.0,300.0],0.0007175894],
[[2400.0,400.0,400.0],0.0007181498],
[[2400.0,500.0,500.0],0.0007775376],
[[2400.0,600.0,600.0],0.000802647],
[[2400.0,700.0,700.0],0.000736537],
[[2400.0,800.0,800.0],0.0007443966],
[[2400.0,900.0,900.0],0.0007599656],
[[2400.0,1000.0,1000.0],0.0008095149],
[[2400.0,1100.0,1100.0],0.0008127066],
[[2450.0,1220.0,1220.0],0.0008435327],
[[2500.0,0,0],0.0006033644],
[[2500.0,100.0,100.0],0.0006891164],
[[2500.0,200.0,200.0],0.0007284414],
[[2500.0,300.0,300.0],0.000750084],
[[2500.0,400.0,400.0],0.0007636369],
[[2500.0,500.0,500.0],0.000788451],
[[2500.0,600.0,600.0],0.0007986545],
[[2500.0,700.0,700.0],0.0008066833],
[[2500.0,800.0,800.0],0.0008130263],
[[2500.0,900.0,900.0],0.0008078467],
[[2500.0,1000.0,1000.0],0.0008597767],
[[2500.0,1100.0,1100.0],0.000798054],
[[2500.0,1200.0,1200.0],0.0008247841],
[[2550.0,1270.0,1270.0],0.0009082528],
[[2600.0,0,0],0.0006461121],
[[2600.0,100.0,100.0],0.0006975682],
[[2600.0,200.0,200.0],0.000739839],
[[2600.0,300.0,300.0],0.0007159439],
[[2600.0,400.0,400.0],0.0007733788],
[[2600.0,500.0,500.0],0.0007718449],
[[2600.0,600.0,600.0],0.0008307456],
[[2600.0,700.0,700.0],0.00079243],
[[2600.0,800.0,800.0],0.000822868],
[[2600.0,900.0,900.0],0.0008287259],
[[2600.0,1000.0,1000.0],0.0007983618],
[[2600.0,1100.0,1100.0],0.0008226059],
[[2600.0,1200.0,1200.0],0.000871645],
[[2650.0,1320.0,1320.0],0.0009019427],
[[2700.0,0,0],0.000685234],
[[2700.0,100.0,100.0],0.0007135424],
[[2700.0,200.0,200.0],0.000767693],
[[2700.0,300.0,300.0],0.0007972758],
[[2700.0,400.0,400.0],0.0008113924],
[[2700.0,500.0,500.0],0.0008159485],
[[2700.0,600.0,600.0],0.0008240275],
[[2700.0,700.0,700.0],0.0008308106],
[[2700.0,800.0,800.0],0.0008758414],
[[2700.0,900.0,900.0],0.0008683954],
[[2700.0,1000.0,1000.0],0.0008534369],
[[2700.0,1100.0,1100.0],0.0008378923],
[[2700.0,1200.0,1200.0],0.0008856047],
[[2700.0,1300.0,1300.0],0.0008930254],
[[2750.0,1370.0,1370.0],0.0008531927],
[[2800.0,0,0],0.0007156086],
[[2800.0,100.0,100.0],0.0007720307],
[[2800.0,200.0,200.0],0.0008198532],
[[2800.0,300.0,300.0],0.0007890851],
[[2800.0,400.0,400.0],0.0008232273],
[[2800.0,500.0,500.0],0.0008473187],
[[2800.0,600.0,600.0],0.0008517804],
[[2800.0,700.0,700.0],0.0008703791],
[[2800.0,800.0,800.0],0.0008519267],
[[2800.0,900.0,900.0],0.000888047],
[[2800.0,1000.0,1000.0],0.0009358824],
[[2800.0,1100.0,1100.0],0.0008655782],
[[2800.0,1200.0,1200.0],0.0008174714],
[[2800.0,1300.0,1300.0],0.0009221319],
[[2850.0,1420.0,1420.0],0.0009149629],
[[2900.0,0,0],0.0007384569],
[[2900.0,100.0,100.0],0.0007867457],
[[2900.0,200.0,200.0],0.0007757343],
[[2900.0,300.0,300.0],0.0008345815],
[[2900.0,400.0,400.0],0.000822818],
[[2900.0,500.0,500.0],0.001558519],
[[2900.0,600.0,600.0],0.0008580727],
[[2900.0,700.0,700.0],0.0008901752],
[[2900.0,800.0,800.0],0.0009280897],
[[2900.0,900.0,900.0],0.0003970651],
[[2900.0,1000.0,1000.0],0.0008544568],
[[2900.0,1100.0,1100.0],0.0008950232],
[[2900.0,1200.0,1200.0],0.0009152168],
[[2900.0,1300.0,1300.0],0.0009317006],
[[2900.0,1400.0,1400.0],0.0009426327],
[[2950.0,1470.0,1470.0],0.0009386674],
[[3000.0,0,0],0.0007226395],
[[3000.0,100.0,100.0],0.0007866859],
[[3000.0,200.0,200.0],0.0008012339],
[[3000.0,300.0,300.0],0.0008345487],
[[3000.0,400.0,400.0],0.000884083],
[[3000.0,500.0,500.0],0.0008323002],
[[3000.0,600.0,600.0],0.0008820067],
[[3000.0,700.0,700.0],0.0008432918],
[[3000.0,800.0,800.0],0.0009076536],
[[3000.0,900.0,900.0],0.0009316694],
[[3000.0,1000.0,1000.0],0.000902287],
[[3000.0,1100.0,1100.0],0.0009915757],
[[3000.0,1200.0,1200.0],0.000999304],
[[3000.0,1300.0,1300.0],0.000946487],
[[3000.0,1400.0,1400.0],0.0009603879]]
