txName: TRV1
constraint: {(PV > Zprime(1)), (Zprime(1) > MET(2),MET(3))}
condition: None
conditionDescription: None
figureUrl: None
source: Recast by CM2
validated: True
axesMap: [{0: 'x', 1: 'y', 2: 'y'}]
dataMap: {0: (1, 'mass', GeV), 1: (2, 'mass', GeV), 2: (3, 'mass', GeV)}
finalState: ['MET', 'MET']
intermediateState: None
efficiencyMap: [[[50.0,0,0],0.0],
[[50.0,1.0,1.0],0],
[[50.0,10.0,10.0],0.0],
[[50.0,20.0,20.0],0.0],
[[100.0,0,0],0],
[[100.0,1.0,1.0],0.0],
[[100.0,10.0,10.0],0.0],
[[150.0,0,0],0],
[[150.0,1.0,1.0],0],
[[150.0,10.0,10.0],0],
[[150.0,50.0,50.0],0],
[[150.0,70.0,70.0],0],
[[200.0,0,0],0],
[[200.0,1.0,1.0],0],
[[200.0,10.0,10.0],0],
[[200.0,50.0,50.0],0],
[[200.0,75.0,75.0],0],
[[250.0,0,0],0],
[[250.0,1.0,1.0],0],
[[250.0,10.0,10.0],0],
[[250.0,50.0,50.0],0],
[[250.0,75.0,75.0],0],
[[250.0,100.0,100.0],0],
[[250.0,120.0,120.0],0],
[[300.0,0,0],0],
[[300.0,1.0,1.0],0],
[[300.0,10.0,10.0],0],
[[300.0,50.0,50.0],0],
[[300.0,75.0,75.0],0],
[[300.0,100.0,100.0],0],
[[350.0,0,0],0],
[[350.0,1.0,1.0],0],
[[350.0,10.0,10.0],0],
[[350.0,50.0,50.0],0],
[[350.0,75.0,75.0],0],
[[350.0,100.0,100.0],0],
[[350.0,150.0,150.0],0],
[[350.0,170.0,170.0],0],
[[400.0,0,0],0],
[[400.0,1.0,1.0],0],
[[400.0,10.0,10.0],0],
[[400.0,50.0,50.0],0],
[[400.0,75.0,75.0],0],
[[400.0,100.0,100.0],0],
[[400.0,150.0,150.0],0],
[[450.0,0,0],0],
[[450.0,1.0,1.0],0],
[[450.0,10.0,10.0],0],
[[450.0,50.0,50.0],0],
[[450.0,75.0,75.0],0],
[[450.0,100.0,100.0],0],
[[450.0,150.0,150.0],0],
[[450.0,200.0,200.0],1.868621e-06],
[[450.0,220.0,220.0],0],
[[500.0,0,0],0],
[[500.0,1.0,1.0],0],
[[500.0,10.0,10.0],1.916084e-06],
[[500.0,50.0,50.0],1.816346e-06],
[[500.0,75.0,75.0],1.879569e-06],
[[500.0,100.0,100.0],1.706694e-06],
[[500.0,150.0,150.0],0],
[[500.0,200.0,200.0],1.712345e-06],
[[550.0,1.0,1.0],2.796344e-06],
[[550.0,10.0,10.0],2.838688e-06],
[[550.0,75.0,75.0],2.466519e-06],
[[550.0,150.0,150.0],2.966663e-06],
[[550.0,200.0,200.0],2.574713e-06],
[[550.0,250.0,250.0],2.534085e-06],
[[550.0,270.0,270.0],2.57311e-06],
[[600.0,0,0],2.945438e-06],
[[600.0,1.0,1.0],3.789799e-06],
[[600.0,10.0,10.0],3.656723e-06],
[[600.0,50.0,50.0],3.111623e-06],
[[600.0,75.0,75.0],2.744225e-06],
[[600.0,100.0,100.0],3.672677e-06],
[[600.0,150.0,150.0],3.754256e-06],
[[600.0,200.0,200.0],3.233301e-06],
[[600.0,250.0,250.0],3.332567e-06],
[[600.0,295.0,295.0],3.160962e-06],
[[650.0,1.0,1.0],3.951071e-06],
[[650.0,10.0,10.0],5.087634e-06],
[[650.0,75.0,75.0],4.491067e-06],
[[650.0,150.0,150.0],3.883055e-06],
[[650.0,200.0,200.0],3.648997e-06],
[[650.0,250.0,250.0],4.261728e-06],
[[650.0,300.0,300.0],5.493811e-06],
[[650.0,320.0,320.0],5.296726e-06],
[[700.0,0,0],5.595436e-06],
[[700.0,1.0,1.0],4.646243e-06],
[[700.0,10.0,10.0],5.674674e-06],
[[700.0,50.0,50.0],6.064126e-06],
[[700.0,75.0,75.0],4.87829e-06],
[[700.0,100.0,100.0],2.40185e-06],
[[700.0,150.0,150.0],4.894167e-06],
[[700.0,200.0,200.0],5.989178e-06],
[[700.0,250.0,250.0],5.217793e-06],
[[700.0,300.0,300.0],5.124962e-06],
[[750.0,1.0,1.0],7.020976e-06],
[[750.0,10.0,10.0],5.294449e-06],
[[750.0,75.0,75.0],5.985796e-06],
[[750.0,150.0,150.0],4.913808e-06],
[[750.0,200.0,200.0],6.705413e-06],
[[750.0,250.0,250.0],6.24921e-06],
[[750.0,300.0,300.0],5.77008e-06],
[[750.0,350.0,350.0],6.291731e-06],
[[750.0,370.0,370.0],5.801421e-06],
[[800.0,0,0],6.658792e-06],
[[800.0,1.0,1.0],8.290046e-06],
[[800.0,10.0,10.0],7.539574e-06],
[[800.0,50.0,50.0],6.265229e-06],
[[800.0,75.0,75.0],6.690162e-06],
[[800.0,100.0,100.0],8.935727e-06],
[[800.0,150.0,150.0],8.44444e-06],
[[800.0,200.0,200.0],7.415733e-06],
[[800.0,250.0,250.0],8.392281e-06],
[[800.0,300.0,300.0],8.244027e-06],
[[800.0,350.0,350.0],7.325314e-06],
[[850.0,1.0,1.0],8.716025e-06],
[[850.0,10.0,10.0],9.197975e-06],
[[850.0,75.0,75.0],8.735568e-06],
[[850.0,150.0,150.0],8.311538e-06],
[[850.0,200.0,200.0],8.184844e-06],
[[850.0,250.0,250.0],8.805612e-06],
[[850.0,300.0,300.0],8.642174e-06],
[[850.0,350.0,350.0],9.480429e-06],
[[850.0,400.0,400.0],9.429719e-06],
[[850.0,420.0,420.0],9.806407e-06],
[[900.0,0,0],1.11275e-05],
[[900.0,1.0,1.0],1.322537e-05],
[[900.0,10.0,10.0],1.016626e-05],
[[900.0,50.0,50.0],1.023411e-05],
[[900.0,75.0,75.0],1.117097e-05],
[[900.0,100.0,100.0],9.528246e-06],
[[900.0,150.0,150.0],8.606852e-06],
[[900.0,200.0,200.0],9.960786e-06],
[[900.0,250.0,250.0],1.061064e-05],
[[900.0,300.0,300.0],8.970048e-06],
[[900.0,350.0,350.0],1.036099e-05],
[[900.0,400.0,400.0],1.100028e-05],
[[950.0,1.0,1.0],1.125298e-05],
[[950.0,10.0,10.0],1.11141e-05],
[[950.0,75.0,75.0],1.226278e-05],
[[950.0,150.0,150.0],1.21477e-05],
[[950.0,200.0,200.0],1.404403e-05],
[[950.0,250.0,250.0],1.1866e-05],
[[950.0,300.0,300.0],1.388976e-05],
[[950.0,350.0,350.0],1.197296e-05],
[[950.0,400.0,400.0],1.255139e-05],
[[950.0,450.0,450.0],1.386307e-05],
[[950.0,470.0,470.0],1.523057e-05],
[[1000.0,0,0],1.326214e-05],
[[1000.0,50.0,50.0],1.341692e-05],
[[1000.0,100.0,100.0],1.430916e-05],
[[1000.0,150.0,150.0],1.374618e-05],
[[1000.0,200.0,200.0],1.297169e-05],
[[1000.0,250.0,250.0],1.446895e-05],
[[1000.0,300.0,300.0],1.663634e-05],
[[1000.0,350.0,350.0],1.53559e-05],
[[1000.0,400.0,400.0],1.423496e-05],
[[1000.0,450.0,450.0],1.334401e-05],
[[1050.0,520.0,520.0],1.710838e-05],
[[1100.0,0,0],1.60717e-05],
[[1100.0,100.0,100.0],1.692643e-05],
[[1100.0,200.0,200.0],1.424134e-05],
[[1100.0,300.0,300.0],1.513026e-05],
[[1100.0,400.0,400.0],1.797693e-05],
[[1100.0,500.0,500.0],1.748366e-05],
[[1150.0,570.0,570.0],2.048868e-05],
[[1200.0,0,0],2.196274e-05],
[[1200.0,100.0,100.0],1.858055e-05],
[[1200.0,200.0,200.0],2.25876e-05],
[[1200.0,300.0,300.0],2.158792e-05],
[[1200.0,400.0,400.0],2.396183e-05],
[[1200.0,500.0,500.0],2.120124e-05],
[[1250.0,620.0,620.0],2.408162e-05],
[[1300.0,0,0],2.469678e-05],
[[1300.0,100.0,100.0],2.522982e-05],
[[1300.0,200.0,200.0],2.43306e-05],
[[1300.0,300.0,300.0],3.436514e-05],
[[1300.0,400.0,400.0],2.556352e-05],
[[1300.0,500.0,500.0],2.842076e-05],
[[1300.0,600.0,600.0],2.865958e-05],
[[1350.0,670.0,670.0],3.968009e-05],
[[1400.0,0,0],2.639155e-05],
[[1400.0,100.0,100.0],2.719736e-05],
[[1400.0,200.0,200.0],3.127686e-05],
[[1400.0,300.0,300.0],2.848359e-05],
[[1400.0,400.0,400.0],3.454001e-05],
[[1400.0,500.0,500.0],3.29583e-05],
[[1400.0,600.0,600.0],3.867587e-05],
[[1450.0,720.0,720.0],3.71888e-05],
[[1500.0,0,0],3.45477e-05],
[[1500.0,100.0,100.0],3.11998e-05],
[[1500.0,200.0,200.0],3.767018e-05],
[[1500.0,300.0,300.0],4.386442e-05],
[[1500.0,400.0,400.0],3.407945e-05],
[[1500.0,500.0,500.0],3.736829e-05],
[[1500.0,600.0,600.0],4.154589e-05],
[[1500.0,700.0,700.0],3.934776e-05],
[[1550.0,770.0,770.0],4.043191e-05],
[[1600.0,0,0],3.727605e-05],
[[1600.0,100.0,100.0],3.783378e-05],
[[1600.0,200.0,200.0],4.003555e-05],
[[1600.0,300.0,300.0],4.154331e-05],
[[1600.0,400.0,400.0],3.891656e-05],
[[1600.0,500.0,500.0],3.863448e-05],
[[1600.0,600.0,600.0],3.756239e-05],
[[1600.0,700.0,700.0],4.845909e-05],
[[1650.0,820.0,820.0],5.201906e-05],
[[1700.0,0,0],3.870526e-05],
[[1700.0,100.0,100.0],4.535647e-05],
[[1700.0,200.0,200.0],4.638321e-05],
[[1700.0,300.0,300.0],4.363953e-05],
[[1700.0,400.0,400.0],5.075734e-05],
[[1700.0,500.0,500.0],4.319693e-05],
[[1700.0,600.0,600.0],4.59854e-05],
[[1700.0,700.0,700.0],4.505214e-05],
[[1700.0,800.0,800.0],4.971894e-05],
[[1750.0,870.0,870.0],5.403993e-05],
[[1800.0,0,0],5.036861e-05],
[[1800.0,100.0,100.0],4.939002e-05],
[[1800.0,200.0,200.0],5.890844e-05],
[[1800.0,300.0,300.0],5.177515e-05],
[[1800.0,400.0,400.0],5.438052e-05],
[[1800.0,500.0,500.0],6.407228e-05],
[[1800.0,600.0,600.0],5.644665e-05],
[[1800.0,700.0,700.0],5.602035e-05],
[[1800.0,800.0,800.0],5.834195e-05],
[[1850.0,920.0,920.0],5.490448e-05],
[[1900.0,0,0],5.254073e-05],
[[1900.0,100.0,100.0],5.164626e-05],
[[1900.0,200.0,200.0],5.386895e-05],
[[1900.0,300.0,300.0],5.917089e-05],
[[1900.0,400.0,400.0],4.843624e-05],
[[1900.0,500.0,500.0],5.730985e-05],
[[1900.0,600.0,600.0],5.975096e-05],
[[1900.0,700.0,700.0],5.914852e-05],
[[1900.0,800.0,800.0],6.036661e-05],
[[1900.0,900.0,900.0],5.748257e-05],
[[1950.0,970.0,970.0],6.907168e-05],
[[2000.0,0,0],5.221285e-05],
[[2000.0,100.0,100.0],5.628916e-05],
[[2000.0,200.0,200.0],5.358247e-05],
[[2000.0,300.0,300.0],6.244239e-05],
[[2000.0,400.0,400.0],6.413392e-05],
[[2000.0,500.0,500.0],7.745594e-05],
[[2000.0,600.0,600.0],6.565736e-05],
[[2000.0,700.0,700.0],6.014477e-05],
[[2000.0,800.0,800.0],7.055676e-05],
[[2000.0,900.0,900.0],6.629081e-05],
[[2050.0,1020.0,1020.0],7.258647e-05],
[[2100.0,0,0],5.952377e-05],
[[2100.0,100.0,100.0],6.634219e-05],
[[2100.0,200.0,200.0],6.413534e-05],
[[2100.0,300.0,300.0],8.484621e-05],
[[2100.0,400.0,400.0],6.504652e-05],
[[2100.0,500.0,500.0],6.075977e-05],
[[2100.0,600.0,600.0],6.26498e-05],
[[2100.0,700.0,700.0],8.141892e-05],
[[2100.0,800.0,800.0],7.247818e-05],
[[2100.0,900.0,900.0],7.473547e-05],
[[2100.0,1000.0,1000.0],7.252279e-05],
[[2150.0,1070.0,1070.0],7.90819e-05],
[[2200.0,0,0],6.649167e-05],
[[2200.0,100.0,100.0],6.46734e-05],
[[2200.0,200.0,200.0],6.864855e-05],
[[2200.0,300.0,300.0],6.955815e-05],
[[2200.0,400.0,400.0],7.933301e-05],
[[2200.0,500.0,500.0],7.728634e-05],
[[2200.0,600.0,600.0],7.312143e-05],
[[2200.0,700.0,700.0],7.881705e-05],
[[2200.0,800.0,800.0],8.388245e-05],
[[2200.0,900.0,900.0],7.693005e-05],
[[2200.0,1000.0,1000.0],8.364494e-05],
[[2250.0,1120.0,1120.0],8.88292e-05],
[[2300.0,0,0],7.176764e-05],
[[2300.0,100.0,100.0],6.361901e-05],
[[2300.0,200.0,200.0],8.792862e-05],
[[2300.0,300.0,300.0],7.299419e-05],
[[2300.0,400.0,400.0],7.979136e-05],
[[2300.0,500.0,500.0],8.22226e-05],
[[2300.0,600.0,600.0],9.306888e-05],
[[2300.0,700.0,700.0],7.470307e-05],
[[2300.0,800.0,800.0],7.785731e-05],
[[2300.0,900.0,900.0],8.116073e-05],
[[2300.0,1000.0,1000.0],8.399798e-05],
[[2300.0,1100.0,1100.0],8.420429e-05],
[[2350.0,1170.0,1170.0],7.991705e-05],
[[2400.0,0,0],7.193541e-05],
[[2400.0,100.0,100.0],7.935325e-05],
[[2400.0,200.0,200.0],8.336981e-05],
[[2400.0,300.0,300.0],6.989278e-05],
[[2400.0,400.0,400.0],9.229587e-05],
[[2400.0,500.0,500.0],9.646512e-05],
[[2400.0,600.0,600.0],8.830503e-05],
[[2400.0,700.0,700.0],9.392337e-05],
[[2400.0,800.0,800.0],7.542737e-05],
[[2400.0,900.0,900.0],8.335102e-05],
[[2400.0,1000.0,1000.0],8.601878e-05],
[[2400.0,1100.0,1100.0],7.493908e-05],
[[2450.0,1220.0,1220.0],8.608467e-05],
[[2500.0,0,0],7.28868e-05],
[[2500.0,100.0,100.0],7.455014e-05],
[[2500.0,200.0,200.0],8.136614e-05],
[[2500.0,300.0,300.0],9.38846e-05],
[[2500.0,400.0,400.0],7.63727e-05],
[[2500.0,500.0,500.0],8.755803e-05],
[[2500.0,600.0,600.0],8.440196e-05],
[[2500.0,700.0,700.0],9.139197e-05],
[[2500.0,800.0,800.0],8.5219e-05],
[[2500.0,900.0,900.0],9.18747e-05],
[[2500.0,1000.0,1000.0],9.409702e-05],
[[2500.0,1100.0,1100.0],9.19607e-05],
[[2500.0,1200.0,1200.0],7.859314e-05],
[[2550.0,1270.0,1270.0],0.0001083572],
[[2600.0,0,0],7.560208e-05],
[[2600.0,100.0,100.0],7.671992e-05],
[[2600.0,200.0,200.0],8.71378e-05],
[[2600.0,300.0,300.0],8.323382e-05],
[[2600.0,400.0,400.0],8.882656e-05],
[[2600.0,500.0,500.0],9.01499e-05],
[[2600.0,600.0,600.0],9.68733e-05],
[[2600.0,700.0,700.0],9.286242e-05],
[[2600.0,800.0,800.0],8.650214e-05],
[[2600.0,900.0,900.0],8.904629e-05],
[[2600.0,1000.0,1000.0],9.423708e-05],
[[2600.0,1100.0,1100.0],0.0001024872],
[[2600.0,1200.0,1200.0],0.0001195368],
[[2650.0,1320.0,1320.0],9.969272e-05],
[[2700.0,0,0],6.928573e-05],
[[2700.0,100.0,100.0],7.674617e-05],
[[2700.0,200.0,200.0],8.30177e-05],
[[2700.0,300.0,300.0],9.5597e-05],
[[2700.0,400.0,400.0],8.77895e-05],
[[2700.0,500.0,500.0],0.0001031962],
[[2700.0,600.0,600.0],9.592416e-05],
[[2700.0,700.0,700.0],0.0001001419],
[[2700.0,800.0,800.0],9.355065e-05],
[[2700.0,900.0,900.0],9.163973e-05],
[[2700.0,1000.0,1000.0],0.0001113918],
[[2700.0,1100.0,1100.0],0.0001010761],
[[2700.0,1200.0,1200.0],9.551819e-05],
[[2700.0,1300.0,1300.0],0.0001175349],
[[2750.0,1370.0,1370.0],9.233141e-05],
[[2800.0,0,0],7.269154e-05],
[[2800.0,100.0,100.0],8.541782e-05],
[[2800.0,200.0,200.0],8.725019e-05],
[[2800.0,300.0,300.0],9.628287e-05],
[[2800.0,400.0,400.0],8.693985e-05],
[[2800.0,500.0,500.0],9.764117e-05],
[[2800.0,600.0,600.0],9.897258e-05],
[[2800.0,700.0,700.0],0.0001007211],
[[2800.0,800.0,800.0],0.0001050635],
[[2800.0,900.0,900.0],0.0001079556],
[[2800.0,1000.0,1000.0],0.0001049482],
[[2800.0,1100.0,1100.0],0.000101008],
[[2800.0,1200.0,1200.0],9.711148e-05],
[[2800.0,1300.0,1300.0],0.0001020317],
[[2850.0,1420.0,1420.0],0.0001096839],
[[2900.0,0,0],7.789816e-05],
[[2900.0,100.0,100.0],8.450953e-05],
[[2900.0,200.0,200.0],8.838802e-05],
[[2900.0,300.0,300.0],8.967326e-05],
[[2900.0,400.0,400.0],0.000101535],
[[2900.0,500.0,500.0],0.0001578899],
[[2900.0,600.0,600.0],0.0001013067],
[[2900.0,700.0,700.0],0.0001016614],
[[2900.0,800.0,800.0],9.164368e-05],
[[2900.0,900.0,900.0],4.582323e-05],
[[2900.0,1000.0,1000.0],9.942689e-05],
[[2900.0,1100.0,1100.0],0.0001019223],
[[2900.0,1200.0,1200.0],0.0001019872],
[[2900.0,1300.0,1300.0],0.0001048238],
[[2900.0,1400.0,1400.0],0.0001004382],
[[2950.0,1470.0,1470.0],0.0001022305],
[[3000.0,0,0],8.23957e-05],
[[3000.0,100.0,100.0],8.155294e-05],
[[3000.0,200.0,200.0],8.358467e-05],
[[3000.0,300.0,300.0],9.369921e-05],
[[3000.0,400.0,400.0],9.401488e-05],
[[3000.0,500.0,500.0],0.0001081793],
[[3000.0,600.0,600.0],9.62629e-05],
[[3000.0,700.0,700.0],8.730552e-05],
[[3000.0,800.0,800.0],0.0001025573],
[[3000.0,900.0,900.0],0.0001063207],
[[3000.0,1000.0,1000.0],0.0001017932],
[[3000.0,1100.0,1100.0],0.0001082667],
[[3000.0,1200.0,1200.0],0.0001121242],
[[3000.0,1300.0,1300.0],9.939505e-05],
[[3000.0,1400.0,1400.0],9.301651e-05]]
