txName: TRV1
constraint: {(PV > Zprime(1)), (Zprime(1) > MET(2),MET(3))}
condition: None
conditionDescription: None
figureUrl: None
source: Recast by CM2
validated: True
axesMap: [{0: 'x', 1: 'y', 2: 'y'}]
dataMap: {0: (1, 'mass', GeV), 1: (2, 'mass', GeV), 2: (3, 'mass', GeV)}
finalState: ['MET', 'MET']
intermediateState: None
efficiencyMap: [[[50.0,0,0],0],
[[50.0,1.0,1.0],0],
[[50.0,10.0,10.0],0],
[[50.0,20.0,20.0],0],
[[100.0,0,0],0],
[[100.0,1.0,1.0],0],
[[100.0,10.0,10.0],0],
[[150.0,0,0],0],
[[150.0,1.0,1.0],0],
[[150.0,10.0,10.0],0],
[[150.0,50.0,50.0],0],
[[150.0,70.0,70.0],0],
[[200.0,0,0],0],
[[200.0,1.0,1.0],0],
[[200.0,10.0,10.0],0],
[[200.0,50.0,50.0],0],
[[200.0,75.0,75.0],0],
[[250.0,0,0],5.125638e-06],
[[250.0,1.0,1.0],0],
[[250.0,10.0,10.0],0],
[[250.0,50.0,50.0],0],
[[250.0,75.0,75.0],0],
[[250.0,100.0,100.0],0],
[[250.0,120.0,120.0],0],
[[300.0,0,0],2.479343e-06],
[[300.0,1.0,1.0],0],
[[300.0,10.0,10.0],2.723659e-06],
[[300.0,50.0,50.0],5.100634e-06],
[[300.0,75.0,75.0],1.798319e-06],
[[300.0,100.0,100.0],3.029534e-06],
[[350.0,0,0],2.903216e-06],
[[350.0,1.0,1.0],3.131146e-06],
[[350.0,10.0,10.0],3.05116e-06],
[[350.0,50.0,50.0],4.751407e-06],
[[350.0,75.0,75.0],6.793443e-06],
[[350.0,100.0,100.0],2.847901e-06],
[[350.0,150.0,150.0],3.65154e-06],
[[350.0,170.0,170.0],3.364211e-06],
[[400.0,0,0],3.558849e-06],
[[400.0,1.0,1.0],3.257454e-06],
[[400.0,10.0,10.0],5.868479e-06],
[[400.0,50.0,50.0],4.894291e-06],
[[400.0,75.0,75.0],4.138881e-06],
[[400.0,100.0,100.0],4.894892e-06],
[[400.0,150.0,150.0],3.320852e-06],
[[450.0,0,0],7.022932e-06],
[[450.0,1.0,1.0],4.946148e-06],
[[450.0,10.0,10.0],7.639211e-06],
[[450.0,50.0,50.0],6.074288e-06],
[[450.0,75.0,75.0],6.64409e-06],
[[450.0,100.0,100.0],7.934435e-06],
[[450.0,150.0,150.0],5.618259e-06],
[[450.0,200.0,200.0],1.0201e-05],
[[450.0,220.0,220.0],8.222387e-06],
[[500.0,0,0],1.017938e-05],
[[500.0,1.0,1.0],7.015342e-06],
[[500.0,10.0,10.0],9.866583e-06],
[[500.0,50.0,50.0],9.865055e-06],
[[500.0,75.0,75.0],9.071072e-06],
[[500.0,100.0,100.0],6.971038e-06],
[[500.0,150.0,150.0],8.679159e-06],
[[500.0,200.0,200.0],1.007852e-05],
[[550.0,1.0,1.0],1.187841e-05],
[[550.0,10.0,10.0],1.316571e-05],
[[550.0,75.0,75.0],1.146417e-05],
[[550.0,150.0,150.0],9.060374e-06],
[[550.0,200.0,200.0],1.149668e-05],
[[550.0,250.0,250.0],1.169469e-05],
[[550.0,270.0,270.0],1.105235e-05],
[[600.0,0,0],8.116394e-06],
[[600.0,1.0,1.0],1.523053e-05],
[[600.0,10.0,10.0],1.752821e-05],
[[600.0,50.0,50.0],1.40871e-05],
[[600.0,75.0,75.0],1.404378e-05],
[[600.0,100.0,100.0],1.421541e-05],
[[600.0,150.0,150.0],1.171254e-05],
[[600.0,200.0,200.0],1.359989e-05],
[[600.0,250.0,250.0],1.823521e-05],
[[600.0,295.0,295.0],2.026727e-05],
[[650.0,1.0,1.0],1.25345e-05],
[[650.0,10.0,10.0],2.359268e-05],
[[650.0,75.0,75.0],1.828259e-05],
[[650.0,150.0,150.0],2.534067e-05],
[[650.0,200.0,200.0],1.631837e-05],
[[650.0,250.0,250.0],3.261329e-05],
[[650.0,300.0,300.0],1.668994e-05],
[[650.0,320.0,320.0],2.196907e-05],
[[700.0,0,0],1.900671e-05],
[[700.0,1.0,1.0],2.666154e-05],
[[700.0,10.0,10.0],2.901755e-05],
[[700.0,50.0,50.0],1.710151e-05],
[[700.0,75.0,75.0],2.422149e-05],
[[700.0,100.0,100.0],9.310038e-06],
[[700.0,150.0,150.0],2.130567e-05],
[[700.0,200.0,200.0],1.766419e-05],
[[700.0,250.0,250.0],2.57713e-05],
[[700.0,300.0,300.0],2.265134e-05],
[[750.0,1.0,1.0],2.253246e-05],
[[750.0,10.0,10.0],2.82898e-05],
[[750.0,75.0,75.0],3.109931e-05],
[[750.0,150.0,150.0],2.56162e-05],
[[750.0,200.0,200.0],2.309965e-05],
[[750.0,250.0,250.0],2.745644e-05],
[[750.0,300.0,300.0],3.962255e-05],
[[750.0,350.0,350.0],2.753715e-05],
[[750.0,370.0,370.0],2.915441e-05],
[[800.0,0,0],3.191017e-05],
[[800.0,1.0,1.0],3.004401e-05],
[[800.0,10.0,10.0],2.885599e-05],
[[800.0,50.0,50.0],3.622183e-05],
[[800.0,75.0,75.0],2.81286e-05],
[[800.0,100.0,100.0],3.081868e-05],
[[800.0,150.0,150.0],2.7292e-05],
[[800.0,200.0,200.0],3.36109e-05],
[[800.0,250.0,250.0],3.529438e-05],
[[800.0,300.0,300.0],4.462008e-05],
[[800.0,350.0,350.0],2.175892e-05],
[[850.0,1.0,1.0],3.050931e-05],
[[850.0,10.0,10.0],2.899778e-05],
[[850.0,75.0,75.0],3.569841e-05],
[[850.0,150.0,150.0],4.31458e-05],
[[850.0,200.0,200.0],4.064758e-05],
[[850.0,250.0,250.0],3.385403e-05],
[[850.0,300.0,300.0],3.443276e-05],
[[850.0,350.0,350.0],4.312591e-05],
[[850.0,400.0,400.0],4.969078e-05],
[[850.0,420.0,420.0],7.765439e-05],
[[900.0,0,0],3.540163e-05],
[[900.0,1.0,1.0],3.562148e-05],
[[900.0,10.0,10.0],3.79793e-05],
[[900.0,50.0,50.0],3.432719e-05],
[[900.0,75.0,75.0],3.265712e-05],
[[900.0,100.0,100.0],4.380175e-05],
[[900.0,150.0,150.0],3.730741e-05],
[[900.0,200.0,200.0],2.644945e-05],
[[900.0,250.0,250.0],4.210578e-05],
[[900.0,300.0,300.0],3.397138e-05],
[[900.0,350.0,350.0],3.762304e-05],
[[900.0,400.0,400.0],5.512357e-05],
[[950.0,1.0,1.0],4.389741e-05],
[[950.0,10.0,10.0],4.160138e-05],
[[950.0,75.0,75.0],4.064177e-05],
[[950.0,150.0,150.0],4.507009e-05],
[[950.0,200.0,200.0],3.750858e-05],
[[950.0,250.0,250.0],4.171071e-05],
[[950.0,300.0,300.0],4.75301e-05],
[[950.0,350.0,350.0],7.100985e-05],
[[950.0,400.0,400.0],4.152657e-05],
[[950.0,450.0,450.0],7.811711e-05],
[[950.0,470.0,470.0],5.629509e-05],
[[1000.0,0,0],4.795661e-05],
[[1000.0,50.0,50.0],3.872808e-05],
[[1000.0,100.0,100.0],5.19262e-05],
[[1000.0,150.0,150.0],3.682926e-05],
[[1000.0,200.0,200.0],4.690502e-05],
[[1000.0,250.0,250.0],4.773184e-05],
[[1000.0,300.0,300.0],4.984832e-05],
[[1000.0,350.0,350.0],5.445529e-05],
[[1000.0,400.0,400.0],5.25252e-05],
[[1000.0,450.0,450.0],4.597362e-05],
[[1050.0,520.0,520.0],4.792848e-05],
[[1100.0,0,0],5.596393e-05],
[[1100.0,100.0,100.0],6.518878e-05],
[[1100.0,200.0,200.0],6.533945e-05],
[[1100.0,300.0,300.0],6.558031e-05],
[[1100.0,400.0,400.0],5.251848e-05],
[[1100.0,500.0,500.0],5.226827e-05],
[[1150.0,570.0,570.0],7.559502e-05],
[[1200.0,0,0],6.653038e-05],
[[1200.0,100.0,100.0],7.036132e-05],
[[1200.0,200.0,200.0],5.618514e-05],
[[1200.0,300.0,300.0],5.120329e-05],
[[1200.0,400.0,400.0],7.227388e-05],
[[1200.0,500.0,500.0],8.332655e-05],
[[1250.0,620.0,620.0],8.838953e-05],
[[1300.0,0,0],8.71229e-05],
[[1300.0,100.0,100.0],6.412498e-05],
[[1300.0,200.0,200.0],8.013008e-05],
[[1300.0,300.0,300.0],8.578507e-05],
[[1300.0,400.0,400.0],0.0001077531],
[[1300.0,500.0,500.0],8.722798e-05],
[[1300.0,600.0,600.0],7.735125e-05],
[[1350.0,670.0,670.0],9.614562e-05],
[[1400.0,0,0],8.223836e-05],
[[1400.0,100.0,100.0],8.512257e-05],
[[1400.0,200.0,200.0],0.0001003723],
[[1400.0,300.0,300.0],9.92565e-05],
[[1400.0,400.0,400.0],9.448412e-05],
[[1400.0,500.0,500.0],0.0001026357],
[[1400.0,600.0,600.0],0.0001104283],
[[1450.0,720.0,720.0],7.39023e-05],
[[1500.0,0,0],9.200357e-05],
[[1500.0,100.0,100.0],8.228818e-05],
[[1500.0,200.0,200.0],9.126951e-05],
[[1500.0,300.0,300.0],8.823559e-05],
[[1500.0,400.0,400.0],9.397727e-05],
[[1500.0,500.0,500.0],0.0001087298],
[[1500.0,600.0,600.0],9.483827e-05],
[[1500.0,700.0,700.0],9.307045e-05],
[[1550.0,770.0,770.0],0.0001089783],
[[1600.0,0,0],0.0001106101],
[[1600.0,100.0,100.0],0.0001000199],
[[1600.0,200.0,200.0],8.21136e-05],
[[1600.0,300.0,300.0],9.198249e-05],
[[1600.0,400.0,400.0],0.0001064486],
[[1600.0,500.0,500.0],0.0001326179],
[[1600.0,600.0,600.0],0.0001106672],
[[1600.0,700.0,700.0],0.0001047559],
[[1650.0,820.0,820.0],0.0001378469],
[[1700.0,0,0],0.0001191323],
[[1700.0,100.0,100.0],0.0001091634],
[[1700.0,200.0,200.0],0.0001071467],
[[1700.0,300.0,300.0],0.000140262],
[[1700.0,400.0,400.0],0.0001391596],
[[1700.0,500.0,500.0],0.0001130173],
[[1700.0,600.0,600.0],0.0001114995],
[[1700.0,700.0,700.0],0.0001549807],
[[1700.0,800.0,800.0],0.0001065766],
[[1750.0,870.0,870.0],0.0001589445],
[[1800.0,0,0],0.0001250162],
[[1800.0,100.0,100.0],0.0001312895],
[[1800.0,200.0,200.0],0.0001163186],
[[1800.0,300.0,300.0],0.0001353696],
[[1800.0,400.0,400.0],0.000126159],
[[1800.0,500.0,500.0],0.0001362026],
[[1800.0,600.0,600.0],0.0001217264],
[[1800.0,700.0,700.0],0.0001293329],
[[1800.0,800.0,800.0],0.0001320122],
[[1850.0,920.0,920.0],0.0001367156],
[[1900.0,0,0],0.0001321861],
[[1900.0,100.0,100.0],0.0001305412],
[[1900.0,200.0,200.0],0.0001294715],
[[1900.0,300.0,300.0],0.0001309055],
[[1900.0,400.0,400.0],0.0001427515],
[[1900.0,500.0,500.0],0.0001511433],
[[1900.0,600.0,600.0],0.0001224017],
[[1900.0,700.0,700.0],0.000175962],
[[1900.0,800.0,800.0],0.0001651849],
[[1900.0,900.0,900.0],0.000146427],
[[1950.0,970.0,970.0],0.0001452724],
[[2000.0,0,0],0.0001266557],
[[2000.0,100.0,100.0],0.0001298537],
[[2000.0,200.0,200.0],0.0001700785],
[[2000.0,300.0,300.0],0.0001441431],
[[2000.0,400.0,400.0],0.0001517511],
[[2000.0,500.0,500.0],0.0001356757],
[[2000.0,600.0,600.0],0.0001488663],
[[2000.0,700.0,700.0],0.000170068],
[[2000.0,800.0,800.0],0.0001514322],
[[2000.0,900.0,900.0],0.0001908037],
[[2050.0,1020.0,1020.0],0.0001591689],
[[2100.0,0,0],0.0001264621],
[[2100.0,100.0,100.0],0.0001367548],
[[2100.0,200.0,200.0],0.0001544825],
[[2100.0,300.0,300.0],0.0001515517],
[[2100.0,400.0,400.0],0.0001546663],
[[2100.0,500.0,500.0],0.00014636],
[[2100.0,600.0,600.0],0.0001752109],
[[2100.0,700.0,700.0],0.0001972084],
[[2100.0,800.0,800.0],0.0001803959],
[[2100.0,900.0,900.0],0.0001525071],
[[2100.0,1000.0,1000.0],0.0001751748],
[[2150.0,1070.0,1070.0],0.0001702269],
[[2200.0,0,0],0.0001387287],
[[2200.0,100.0,100.0],0.0001717893],
[[2200.0,200.0,200.0],0.0001564669],
[[2200.0,300.0,300.0],0.0001257281],
[[2200.0,400.0,400.0],0.0001758832],
[[2200.0,500.0,500.0],0.0001682925],
[[2200.0,600.0,600.0],0.0001509642],
[[2200.0,700.0,700.0],0.0001552446],
[[2200.0,800.0,800.0],0.0001456287],
[[2200.0,900.0,900.0],0.0001807726],
[[2200.0,1000.0,1000.0],0.0001885826],
[[2250.0,1120.0,1120.0],0.0002081959],
[[2300.0,0,0],0.0001760049],
[[2300.0,100.0,100.0],0.0001505136],
[[2300.0,200.0,200.0],0.0001566794],
[[2300.0,300.0,300.0],0.000169463],
[[2300.0,400.0,400.0],0.0001648076],
[[2300.0,500.0,500.0],0.0001884629],
[[2300.0,600.0,600.0],0.0001714233],
[[2300.0,700.0,700.0],0.0001601089],
[[2300.0,800.0,800.0],0.0001882811],
[[2300.0,900.0,900.0],0.0001616475],
[[2300.0,1000.0,1000.0],0.0001763819],
[[2300.0,1100.0,1100.0],0.0001815589],
[[2350.0,1170.0,1170.0],0.0002295422],
[[2400.0,0,0],0.000158391],
[[2400.0,100.0,100.0],0.0001842562],
[[2400.0,200.0,200.0],0.0001546511],
[[2400.0,300.0,300.0],0.0001824526],
[[2400.0,400.0,400.0],0.000187207],
[[2400.0,500.0,500.0],0.0001611453],
[[2400.0,600.0,600.0],0.0001698623],
[[2400.0,700.0,700.0],0.0001857677],
[[2400.0,800.0,800.0],0.0001891267],
[[2400.0,900.0,900.0],0.0001869073],
[[2400.0,1000.0,1000.0],0.0001833097],
[[2400.0,1100.0,1100.0],0.0001806855],
[[2450.0,1220.0,1220.0],0.0002248234],
[[2500.0,0,0],0.0001675218],
[[2500.0,100.0,100.0],0.0001525411],
[[2500.0,200.0,200.0],0.0002139781],
[[2500.0,300.0,300.0],0.0001666641],
[[2500.0,400.0,400.0],0.0001790706],
[[2500.0,500.0,500.0],0.000152308],
[[2500.0,600.0,600.0],0.0002035026],
[[2500.0,700.0,700.0],0.0002113125],
[[2500.0,800.0,800.0],0.00016765],
[[2500.0,900.0,900.0],0.0001908793],
[[2500.0,1000.0,1000.0],0.0002000021],
[[2500.0,1100.0,1100.0],0.0001812756],
[[2500.0,1200.0,1200.0],0.0002059018],
[[2550.0,1270.0,1270.0],0.0002119322],
[[2600.0,0,0],0.0001561846],
[[2600.0,100.0,100.0],0.0001668802],
[[2600.0,200.0,200.0],0.0001752305],
[[2600.0,300.0,300.0],0.0001354552],
[[2600.0,400.0,400.0],0.0002177802],
[[2600.0,500.0,500.0],0.0001748517],
[[2600.0,600.0,600.0],0.0001805359],
[[2600.0,700.0,700.0],0.0002193464],
[[2600.0,800.0,800.0],0.0001943899],
[[2600.0,900.0,900.0],0.0001788648],
[[2600.0,1000.0,1000.0],0.00020888],
[[2600.0,1100.0,1100.0],0.0001848124],
[[2600.0,1200.0,1200.0],0.0001857866],
[[2650.0,1320.0,1320.0],0.000207969],
[[2700.0,0,0],0.0001688222],
[[2700.0,100.0,100.0],0.0001849456],
[[2700.0,200.0,200.0],0.0002048393],
[[2700.0,300.0,300.0],0.0001909733],
[[2700.0,400.0,400.0],0.0001773659],
[[2700.0,500.0,500.0],0.0001927145],
[[2700.0,600.0,600.0],0.0001907542],
[[2700.0,700.0,700.0],0.0001820771],
[[2700.0,800.0,800.0],0.000197764],
[[2700.0,900.0,900.0],0.0002077205],
[[2700.0,1000.0,1000.0],0.0002124916],
[[2700.0,1100.0,1100.0],0.0001942078],
[[2700.0,1200.0,1200.0],0.0001900789],
[[2700.0,1300.0,1300.0],0.0002023328],
[[2750.0,1370.0,1370.0],0.0002234283],
[[2800.0,0,0],0.0001738805],
[[2800.0,100.0,100.0],0.0001853978],
[[2800.0,200.0,200.0],0.0001940019],
[[2800.0,300.0,300.0],0.0001807625],
[[2800.0,400.0,400.0],0.0002024903],
[[2800.0,500.0,500.0],0.0001822909],
[[2800.0,600.0,600.0],0.0002163356],
[[2800.0,700.0,700.0],0.0001971503],
[[2800.0,800.0,800.0],0.0002118279],
[[2800.0,900.0,900.0],0.0002352141],
[[2800.0,1000.0,1000.0],0.0002330858],
[[2800.0,1100.0,1100.0],0.0001926324],
[[2800.0,1200.0,1200.0],0.0001827599],
[[2800.0,1300.0,1300.0],0.0002210722],
[[2850.0,1420.0,1420.0],0.0002224425],
[[2900.0,0,0],0.0001615248],
[[2900.0,100.0,100.0],0.0001583946],
[[2900.0,200.0,200.0],0.0001889023],
[[2900.0,300.0,300.0],0.0001963752],
[[2900.0,400.0,400.0],0.0001929677],
[[2900.0,500.0,500.0],0.0003749703],
[[2900.0,600.0,600.0],0.0002089901],
[[2900.0,700.0,700.0],0.0002359479],
[[2900.0,800.0,800.0],0.0002697319],
[[2900.0,900.0,900.0],9.316294e-05],
[[2900.0,1000.0,1000.0],0.0002567796],
[[2900.0,1100.0,1100.0],0.0002297907],
[[2900.0,1200.0,1200.0],0.0002387986],
[[2900.0,1300.0,1300.0],0.000223014],
[[2900.0,1400.0,1400.0],0.0002318922],
[[2950.0,1470.0,1470.0],0.0002308463],
[[3000.0,0,0],0.0001579125],
[[3000.0,100.0,100.0],0.0001829943],
[[3000.0,200.0,200.0],0.0002140249],
[[3000.0,300.0,300.0],0.0002002902],
[[3000.0,400.0,400.0],0.0001976056],
[[3000.0,500.0,500.0],0.0001869296],
[[3000.0,600.0,600.0],0.0002269317],
[[3000.0,700.0,700.0],0.0002219104],
[[3000.0,800.0,800.0],0.0002122227],
[[3000.0,900.0,900.0],0.0002042476],
[[3000.0,1000.0,1000.0],0.000231715],
[[3000.0,1100.0,1100.0],0.0002542606],
[[3000.0,1200.0,1200.0],0.0002491508],
[[3000.0,1300.0,1300.0],0.000205397],
[[3000.0,1400.0,1400.0],0.0002329201]]
