txName: TRS1
constraint: {(PV > H0(1)), (H0(1) > MET(2),MET(3))}
condition: None
conditionDescription: None
figureUrl: https://cms-results.web.cern.ch/cms-results/public-results/publications/EXO-20-004/CMS-EXO-20-004_Figure_009-a.png
source: CMS
validated: True
axesMap: [{0: 'x', 1: '1.0', 2: '1.0'}, {0: 'x', 1: 'y', 2: 'y'}]
dataMap: {0: (1, 'mass', GeV), 1: (2, 'mass', GeV), 2: (3, 'mass', GeV)}
finalState: ['MET', 'MET']
intermediateState: None
efficiencyMap: [[[100.0,1.0,1.0],6.02689e-05],
[[100.0,10.0,10.0],6.734733e-05],
[[150.0,1.0,1.0],0.00011115],
[[150.0,50.0,50.0],0.000129537],
[[200.0,1.0,1.0],0.000197352],
[[200.0,50.0,50.0],0.0001736527],
[[200.0,100.0,100.0],0.0002861732],
[[250.0,1.0,1.0],0.0002632615],
[[250.0,10.0,10.0],0.0002465481],
[[250.0,50.0,50.0],0.0002499428],
[[250.0,100.0,100.0],0.0002541742],
[[300.0,1.0,1.0],0.0002956522],
[[300.0,50.0,50.0],0.0002699392],
[[300.0,100.0,100.0],0.0003418539],
[[350.0,1.0,1.0],0.0003555685],
[[350.0,50.0,50.0],0.0003396598],
[[350.0,100.0,100.0],0.0003365979],
[[350.0,150.0,150.0],0.0003177482],
[[400.0,1.0,1.0],0.0004531148],
[[400.0,50.0,50.0],0.0004952746],
[[400.0,100.0,100.0],0.0004197672],
[[400.0,150.0,150.0],0.0004124762],
[[450.0,1.0,1.0],0.0005089114],
[[450.0,50.0,50.0],0.0005638088],
[[450.0,100.0,100.0],0.0005588049],
[[450.0,150.0,150.0],0.0005585925],
[[450.0,200.0,200.0],0.0004654193],
[[500.0,1.0,1.0],0.000605135],
[[500.0,10.0,10.0],0.0006304871],
[[500.0,50.0,50.0],0.0006779442],
[[500.0,100.0,100.0],0.0006221297],
[[500.0,150.0,150.0],0.0006644414],
[[500.0,200.0,200.0],0.0007514584],
[[550.0,1.0,1.0],0.0007872808],
[[550.0,50.0,50.0],0.000773612],
[[550.0,100.0,100.0],0.0008050617],
[[550.0,150.0,150.0],0.0007377818],
[[550.0,200.0,200.0],0.0006773469],
[[550.0,250.0,250.0],0.0007725499],
[[600.0,1.0,1.0],0.0009276421],
[[600.0,50.0,50.0],0.000966371],
[[600.0,100.0,100.0],0.0009579982],
[[600.0,150.0,150.0],0.0008985758],
[[600.0,200.0,200.0],0.0009583465],
[[600.0,250.0,250.0],0.001037859],
[[650.0,1.0,1.0],0.001005405],
[[650.0,50.0,50.0],0.001262903],
[[650.0,100.0,100.0],0.001474196],
[[650.0,150.0,150.0],0.001140261],
[[650.0,200.0,200.0],0.001306595],
[[650.0,250.0,250.0],0.001187225],
[[650.0,300.0,300.0],0.001207797],
[[700.0,1.0,1.0],0.00106047],
[[700.0,50.0,50.0],0.001213537],
[[700.0,100.0,100.0],0.001143083],
[[700.0,150.0,150.0],0.00135412],
[[700.0,200.0,200.0],0.001182991],
[[700.0,250.0,250.0],0.001559824],
[[700.0,300.0,300.0],0.001272538],
[[750.0,1.0,1.0],0.001371511],
[[750.0,10.0,10.0],0.001398206],
[[750.0,50.0,50.0],0.001569952],
[[750.0,100.0,100.0],0.001231076],
[[750.0,150.0,150.0],0.001210686],
[[750.0,200.0,200.0],0.001285797],
[[750.0,250.0,250.0],0.001538044],
[[750.0,300.0,300.0],0.001362869],
[[750.0,350.0,350.0],0.001493823],
[[800.0,1.0,1.0],0.001383887],
[[800.0,150.0,150.0],0.001653849],
[[800.0,200.0,200.0],0.001498784],
[[800.0,250.0,250.0],0.001416589],
[[800.0,300.0,300.0],0.001511024],
[[800.0,350.0,350.0],0.002418044],
[[850.0,1.0,1.0],0.001347383],
[[850.0,150.0,150.0],0.001511792],
[[850.0,200.0,200.0],0.001745577],
[[850.0,250.0,250.0],0.001577027],
[[850.0,300.0,300.0],0.001793228],
[[850.0,350.0,350.0],0.001687198],
[[850.0,400.0,400.0],0.001778808],
[[900.0,1.0,1.0],0.001833552],
[[900.0,150.0,150.0],0.001689867],
[[900.0,200.0,200.0],0.00186093],
[[900.0,250.0,250.0],0.001750203],
[[900.0,300.0,300.0],0.001920466],
[[900.0,350.0,350.0],0.00197179],
[[900.0,400.0,400.0],0.00187796],
[[950.0,1.0,1.0],0.00185377],
[[950.0,150.0,150.0],0.00154691],
[[950.0,200.0,200.0],0.001816041],
[[950.0,250.0,250.0],0.00180065],
[[950.0,300.0,300.0],0.00190071],
[[950.0,350.0,350.0],0.00343969],
[[950.0,400.0,400.0],0.00196857],
[[950.0,450.0,450.0],0.002435113],
[[1000.0,1.0,1.0],0.001707957],
[[1000.0,10.0,10.0],0.00177892],
[[1000.0,50.0,50.0],0.001746352],
[[1000.0,100.0,100.0],0.002052131],
[[1000.0,150.0,150.0],0.002338727],
[[1000.0,200.0,200.0],0.002285646],
[[1000.0,250.0,250.0],0.002201263],
[[1000.0,300.0,300.0],0.001833096],
[[1000.0,350.0,350.0],0.002145156],
[[1000.0,400.0,400.0],0.002120271],
[[1000.0,450.0,450.0],0.002154172],
[[1050.0,1.0,1.0],0.001850914],
[[1050.0,150.0,150.0],0.002098741],
[[1050.0,200.0,200.0],0.001880149],
[[1050.0,250.0,250.0],0.002340982],
[[1050.0,300.0,300.0],0.001960091],
[[1050.0,350.0,350.0],0.002230743],
[[1050.0,400.0,400.0],0.002073755],
[[1050.0,450.0,450.0],0.002471628],
[[1050.0,500.0,500.0],0.002204203],
[[1100.0,1.0,1.0],0.00194549],
[[1100.0,150.0,150.0],0.002232868],
[[1100.0,200.0,200.0],0.002475665],
[[1100.0,250.0,250.0],0.002596209],
[[1100.0,300.0,300.0],0.002229792],
[[1100.0,350.0,350.0],0.002284157],
[[1100.0,400.0,400.0],0.002028061],
[[1100.0,450.0,450.0],0.002292615],
[[1100.0,500.0,500.0],0.00252648],
[[1150.0,1.0,1.0],0.001913669],
[[1150.0,150.0,150.0],0.002543149],
[[1150.0,200.0,200.0],0.002261573],
[[1150.0,250.0,250.0],0.002147339],
[[1150.0,300.0,300.0],0.002544135],
[[1150.0,350.0,350.0],0.002628347],
[[1150.0,400.0,400.0],0.002506174],
[[1150.0,450.0,450.0],0.003362731],
[[1150.0,500.0,500.0],0.002595591],
[[1150.0,550.0,550.0],0.002822992],
[[1200.0,1.0,1.0],0.002141798],
[[1200.0,150.0,150.0],0.002385051],
[[1200.0,200.0,200.0],0.002383703],
[[1200.0,250.0,250.0],0.002175991],
[[1200.0,300.0,300.0],0.00264103],
[[1200.0,350.0,350.0],0.002374647],
[[1200.0,400.0,400.0],0.002464552],
[[1200.0,450.0,450.0],0.002867492],
[[1200.0,500.0,500.0],0.002660072],
[[1200.0,550.0,550.0],0.003939834],
[[1250.0,1.0,1.0],0.002608629],
[[1250.0,10.0,10.0],0.002352235],
[[1250.0,50.0,50.0],0.00208773],
[[1250.0,100.0,100.0],0.001974063],
[[1250.0,150.0,150.0],0.002412529],
[[1250.0,200.0,200.0],0.00238461],
[[1250.0,250.0,250.0],0.00234295],
[[1250.0,300.0,300.0],0.002377234],
[[1250.0,350.0,350.0],0.00257941],
[[1250.0,400.0,400.0],0.002506966],
[[1250.0,450.0,450.0],0.002645904],
[[1250.0,500.0,500.0],0.002538616],
[[1250.0,550.0,550.0],0.003473853],
[[1250.0,600.0,600.0],0.002553205],
[[1300.0,1.0,1.0],0.002038178],
[[1300.0,150.0,150.0],0.002076169],
[[1300.0,200.0,200.0],0.002414703],
[[1300.0,250.0,250.0],0.002298036],
[[1300.0,300.0,300.0],0.002969497],
[[1300.0,350.0,350.0],0.002838657],
[[1300.0,400.0,400.0],0.002531114],
[[1300.0,450.0,450.0],0.002749361],
[[1300.0,500.0,500.0],0.002629514],
[[1300.0,550.0,550.0],0.003079766],
[[1300.0,600.0,600.0],0.002939058],
[[1350.0,1.0,1.0],0.002135474],
[[1350.0,150.0,150.0],0.002567263],
[[1350.0,200.0,200.0],0.002730537],
[[1350.0,250.0,250.0],0.002531623],
[[1350.0,300.0,300.0],0.002563804],
[[1350.0,350.0,350.0],0.002572275],
[[1350.0,400.0,400.0],0.002867252],
[[1350.0,450.0,450.0],0.002748746],
[[1350.0,500.0,500.0],0.002632286],
[[1350.0,550.0,550.0],0.003204489],
[[1350.0,600.0,600.0],0.002837628],
[[1350.0,650.0,650.0],0.00284461],
[[1400.0,1.0,1.0],0.002081071],
[[1400.0,150.0,150.0],0.002454251],
[[1400.0,200.0,200.0],0.00286265],
[[1400.0,250.0,250.0],0.002706318],
[[1400.0,300.0,300.0],0.00244216],
[[1400.0,350.0,350.0],0.002834377],
[[1400.0,400.0,400.0],0.002821694],
[[1400.0,450.0,450.0],0.003477393],
[[1400.0,500.0,500.0],0.002743907],
[[1400.0,550.0,550.0],0.002760281],
[[1400.0,600.0,600.0],0.00292927],
[[1400.0,650.0,650.0],0.003135378],
[[1450.0,1.0,1.0],0.002133475],
[[1450.0,150.0,150.0],0.002351681],
[[1450.0,200.0,200.0],0.002757304],
[[1450.0,250.0,250.0],0.002763971],
[[1450.0,300.0,300.0],0.002850251],
[[1450.0,350.0,350.0],0.003013108],
[[1450.0,400.0,400.0],0.002955398],
[[1450.0,450.0,450.0],0.003441385],
[[1450.0,500.0,500.0],0.002830426],
[[1450.0,550.0,550.0],0.003502687],
[[1450.0,600.0,600.0],0.003325596],
[[1450.0,650.0,650.0],0.002825948],
[[1450.0,700.0,700.0],0.003138543],
[[1500.0,1.0,1.0],0.002189153],
[[1500.0,10.0,10.0],0.002286905],
[[1500.0,50.0,50.0],0.002496696],
[[1500.0,100.0,100.0],0.002235027],
[[1500.0,150.0,150.0],0.002488317],
[[1500.0,200.0,200.0],0.002201442],
[[1500.0,250.0,250.0],0.002602585],
[[1500.0,300.0,300.0],0.002788438],
[[1500.0,350.0,350.0],0.002833545],
[[1500.0,400.0,400.0],0.002611793],
[[1500.0,450.0,450.0],0.002995466],
[[1500.0,500.0,500.0],0.003240605],
[[1500.0,550.0,550.0],0.002996284],
[[1500.0,600.0,600.0],0.002995669],
[[1500.0,650.0,650.0],0.003318539],
[[1500.0,700.0,700.0],0.002945056],
[[1500.0,750.0,750.0],0.003286528],
[[1550.0,1.0,1.0],0.002264706],
[[1550.0,150.0,150.0],0.002773126],
[[1550.0,200.0,200.0],0.002554427],
[[1550.0,250.0,250.0],0.002570806],
[[1550.0,300.0,300.0],0.002515327],
[[1550.0,350.0,350.0],0.002984097],
[[1550.0,400.0,400.0],0.003083637],
[[1550.0,450.0,450.0],0.003341083],
[[1550.0,500.0,500.0],0.003280554],
[[1550.0,550.0,550.0],0.003390721],
[[1550.0,600.0,600.0],0.003072824],
[[1550.0,650.0,650.0],0.003530568],
[[1550.0,700.0,700.0],0.003079137],
[[1550.0,750.0,750.0],0.0032098],
[[1600.0,1.0,1.0],0.002191143],
[[1600.0,150.0,150.0],0.002355531],
[[1600.0,200.0,200.0],0.002307774],
[[1600.0,250.0,250.0],0.002908853],
[[1600.0,300.0,300.0],0.002760832],
[[1600.0,350.0,350.0],0.003457054],
[[1600.0,400.0,400.0],0.002851027],
[[1600.0,450.0,450.0],0.0031019],
[[1600.0,500.0,500.0],0.002926459],
[[1600.0,550.0,550.0],0.00285684],
[[1600.0,600.0,600.0],0.003207099],
[[1600.0,650.0,650.0],0.004099361],
[[1600.0,700.0,700.0],0.002871564],
[[1600.0,750.0,750.0],0.003008887],
[[1650.0,1.0,1.0],0.002037323],
[[1650.0,150.0,150.0],0.002931311],
[[1650.0,200.0,200.0],0.002635204],
[[1650.0,250.0,250.0],0.002742284],
[[1650.0,300.0,300.0],0.003415806],
[[1650.0,350.0,350.0],0.002857336],
[[1650.0,400.0,400.0],0.00301248],
[[1650.0,450.0,450.0],0.003490368],
[[1650.0,500.0,500.0],0.003178807],
[[1650.0,550.0,550.0],0.003402526],
[[1650.0,600.0,600.0],0.003588706],
[[1650.0,650.0,650.0],0.003114643],
[[1650.0,700.0,700.0],0.003492733],
[[1650.0,750.0,750.0],0.003305858],
[[1650.0,800.0,800.0],0.003501034],
[[1700.0,1.0,1.0],0.002235181],
[[1700.0,150.0,150.0],0.002510844],
[[1700.0,200.0,200.0],0.002464061],
[[1700.0,250.0,250.0],0.003408107],
[[1700.0,300.0,300.0],0.003348866],
[[1700.0,350.0,350.0],0.003280268],
[[1700.0,400.0,400.0],0.003226203],
[[1700.0,450.0,450.0],0.003101076],
[[1700.0,500.0,500.0],0.00318829],
[[1700.0,550.0,550.0],0.003167232],
[[1700.0,600.0,600.0],0.004145143],
[[1700.0,650.0,650.0],0.003651602],
[[1700.0,700.0,700.0],0.003411016],
[[1700.0,750.0,750.0],0.003418661],
[[1700.0,800.0,800.0],0.003585093],
[[1750.0,1.0,1.0],0.002059563],
[[1750.0,10.0,10.0],0.001924905],
[[1750.0,50.0,50.0],0.002219681],
[[1750.0,100.0,100.0],0.002126096],
[[1750.0,150.0,150.0],0.002563797],
[[1750.0,200.0,200.0],0.003007539],
[[1750.0,250.0,250.0],0.002969274],
[[1750.0,300.0,300.0],0.002709397],
[[1750.0,350.0,350.0],0.00316308],
[[1750.0,400.0,400.0],0.003199188],
[[1750.0,450.0,450.0],0.003137886],
[[1750.0,500.0,500.0],0.003399341],
[[1750.0,550.0,550.0],0.003891987],
[[1750.0,600.0,600.0],0.003092208],
[[1750.0,650.0,650.0],0.003321732],
[[1750.0,700.0,700.0],0.003148883],
[[1750.0,750.0,750.0],0.003445178],
[[1750.0,800.0,800.0],0.003659493],
[[1750.0,850.0,850.0],0.003326468],
[[1800.0,1.0,1.0],0.002437121],
[[1800.0,150.0,150.0],0.00222254],
[[1800.0,200.0,200.0],0.002367975],
[[1800.0,250.0,250.0],0.003044062],
[[1800.0,300.0,300.0],0.002983571],
[[1800.0,350.0,350.0],0.003564269],
[[1800.0,400.0,400.0],0.002882938],
[[1800.0,450.0,450.0],0.003213058],
[[1800.0,500.0,500.0],0.003419384],
[[1800.0,550.0,550.0],0.003506094],
[[1800.0,600.0,600.0],0.003348789],
[[1800.0,650.0,650.0],0.003885841],
[[1800.0,700.0,700.0],0.004210231],
[[1800.0,750.0,750.0],0.003868953],
[[1800.0,800.0,800.0],0.002992537],
[[1800.0,850.0,850.0],0.003492224],
[[1850.0,1.0,1.0],0.002404185],
[[1850.0,150.0,150.0],0.002550391],
[[1850.0,200.0,200.0],0.002665622],
[[1850.0,250.0,250.0],0.003125193],
[[1850.0,300.0,300.0],0.002934536],
[[1850.0,350.0,350.0],0.00275274],
[[1850.0,400.0,400.0],0.003156814],
[[1850.0,450.0,450.0],0.003152902],
[[1850.0,500.0,500.0],0.004003812],
[[1850.0,550.0,550.0],0.003831352],
[[1850.0,600.0,600.0],0.003482323],
[[1850.0,650.0,650.0],0.003167821],
[[1850.0,700.0,700.0],0.003527859],
[[1850.0,750.0,750.0],0.0032524],
[[1850.0,800.0,800.0],0.003698285],
[[1850.0,850.0,850.0],0.003773341],
[[1850.0,900.0,900.0],0.003405062],
[[1900.0,1.0,1.0],0.002002954],
[[1900.0,150.0,150.0],0.002634455],
[[1900.0,200.0,200.0],0.003100585],
[[1900.0,250.0,250.0],0.002766266],
[[1900.0,300.0,300.0],0.002735361],
[[1900.0,350.0,350.0],0.003114507],
[[1900.0,400.0,400.0],0.00367101],
[[1900.0,450.0,450.0],0.002995347],
[[1900.0,500.0,500.0],0.003084829],
[[1900.0,550.0,550.0],0.003583833],
[[1900.0,600.0,600.0],0.003365473],
[[1900.0,650.0,650.0],0.003176409],
[[1900.0,700.0,700.0],0.003833818],
[[1900.0,750.0,750.0],0.003512579],
[[1900.0,800.0,800.0],0.003361142],
[[1900.0,850.0,850.0],0.004007033],
[[1900.0,900.0,900.0],0.003353718],
[[1950.0,1.0,1.0],0.002090936],
[[1950.0,150.0,150.0],0.002495522],
[[1950.0,200.0,200.0],0.00292012],
[[1950.0,250.0,250.0],0.002588884],
[[1950.0,300.0,300.0],0.003155492],
[[1950.0,350.0,350.0],0.003442267],
[[1950.0,400.0,400.0],0.0035867],
[[1950.0,450.0,450.0],0.002966928],
[[1950.0,500.0,500.0],0.003221357],
[[1950.0,550.0,550.0],0.003337627],
[[1950.0,600.0,600.0],0.003370855],
[[1950.0,650.0,650.0],0.00376895],
[[1950.0,700.0,700.0],0.003831404],
[[1950.0,750.0,750.0],0.003859057],
[[1950.0,800.0,800.0],0.003734111],
[[1950.0,850.0,850.0],0.003497832],
[[1950.0,900.0,900.0],0.004551872],
[[1950.0,950.0,950.0],0.003654259],
[[2000.0,1.0,1.0],0.001963925],
[[2000.0,10.0,10.0],0.001971161],
[[2000.0,50.0,50.0],0.002087145],
[[2000.0,100.0,100.0],0.002331984],
[[2000.0,150.0,150.0],0.002337114],
[[2000.0,200.0,200.0],0.002533945],
[[2000.0,250.0,250.0],0.003304215],
[[2000.0,300.0,300.0],0.00304968],
[[2000.0,350.0,350.0],0.003012164],
[[2000.0,400.0,400.0],0.00335287],
[[2000.0,450.0,450.0],0.003289398],
[[2000.0,500.0,500.0],0.003318644],
[[2000.0,550.0,550.0],0.003399569],
[[2000.0,600.0,600.0],0.003483024],
[[2000.0,650.0,650.0],0.003056665],
[[2000.0,700.0,700.0],0.002754207],
[[2000.0,750.0,750.0],0.003710138],
[[2000.0,800.0,800.0],0.003670408],
[[2000.0,850.0,850.0],0.003472233],
[[2000.0,900.0,900.0],0.003800969],
[[2000.0,950.0,950.0],0.004052847],
[[2250.0,1.0,1.0],0.001861837],
[[2250.0,10.0,10.0],0.001684018],
[[2250.0,50.0,50.0],0.002259186],
[[2250.0,100.0,100.0],0.002075694],
[[2250.0,150.0,150.0],0.002133947],
[[2250.0,300.0,300.0],0.003034515],
[[2250.0,500.0,500.0],0.003887013],
[[2250.0,750.0,750.0],0.003783298],
[[2250.0,1000.0,1000.0],0.003565664],
[[2500.0,1.0,1.0],0.001811618],
[[2500.0,10.0,10.0],0.001659207],
[[2500.0,50.0,50.0],0.001695301],
[[2500.0,100.0,100.0],0.002020249],
[[2500.0,150.0,150.0],0.002240898],
[[2500.0,300.0,300.0],0.003202473],
[[2500.0,500.0,500.0],0.003494633],
[[2500.0,750.0,750.0],0.003630914],
[[2500.0,1000.0,1000.0],0.004176299],
[[2500.0,1200.0,1200.0],0.004217312],
[[2750.0,1.0,1.0],0.00153329],
[[2750.0,10.0,10.0],0.001714448],
[[2750.0,50.0,50.0],0.00179549],
[[2750.0,100.0,100.0],0.001897366],
[[2750.0,150.0,150.0],0.002102569],
[[2750.0,300.0,300.0],0.003194126],
[[2750.0,500.0,500.0],0.003684154],
[[2750.0,750.0,750.0],0.003633556],
[[2750.0,1000.0,1000.0],0.004027862],
[[2750.0,1200.0,1200.0],0.003984159],
[[3000.0,1.0,1.0],0.001608847],
[[3000.0,10.0,10.0],0.001371162],
[[3000.0,50.0,50.0],0.001941658],
[[3000.0,100.0,100.0],0.002109688],
[[3000.0,150.0,150.0],0.001940521],
[[3000.0,300.0,300.0],0.003007896],
[[3000.0,500.0,500.0],0.003410411],
[[3000.0,750.0,750.0],0.003505149],
[[3000.0,1000.0,1000.0],0.004827752],
[[3000.0,1200.0,1200.0],0.003938601],
[[3000.0,1400.0,1400.0],0.004114164]]
