txName: TRV1
constraint: {(PV > Zprime(1)), (Zprime(1) > MET(2),MET(3))}
condition: None
conditionDescription: None
figureUrl: https://cms-results.web.cern.ch/cms-results/public-results/publications/EXO-20-004/CMS-EXO-20-004_Figure_007-b.png
source: https://doi.org/10.5281/zenodo.13324003
validated: True
axesMap: [{0: 'x', 1: 'y', 2: 'y'}]
dataMap: {0: (1, 'mass', GeV), 1: (2, 'mass', GeV), 2: (3, 'mass', GeV)}
finalState: ['MET', 'MET']
intermediateState: None
efficiencyMap: [[[50.0,1.0,1.0],9.675086e-07],
[[100.0,1.0,1.0],6.675311e-06],
[[100.0,10.0,10.0],5.345576e-06],
[[150.0,1.0,1.0],1.591144e-05],
[[150.0,75.0,75.0],2.239105e-05],
[[200.0,1.0,1.0],3.792128e-05],
[[200.0,75.0,75.0],4.473423e-05],
[[250.0,1.0,1.0],7.228883e-05],
[[250.0,10.0,10.0],6.977548e-05],
[[250.0,75.0,75.0],7.130427e-05],
[[300.0,1.0,1.0],0.0001018043],
[[300.0,75.0,75.0],0.0001072839],
[[350.0,1.0,1.0],0.0001689169],
[[350.0,75.0,75.0],0.0001542249],
[[350.0,150.0,150.0],0.0001334109],
[[400.0,1.0,1.0],0.000199288],
[[400.0,75.0,75.0],0.0001944017],
[[400.0,150.0,150.0],0.0002137876],
[[450.0,1.0,1.0],0.0002642691],
[[450.0,75.0,75.0],0.0002436312],
[[450.0,150.0,150.0],0.000273467],
[[450.0,200.0,200.0],0.0003001832],
[[500.0,1.0,1.0],0.000308327],
[[500.0,10.0,10.0],0.0002989691],
[[500.0,75.0,75.0],0.0002948445],
[[500.0,150.0,150.0],0.000382379],
[[500.0,200.0,200.0],0.0003241718],
[[550.0,1.0,1.0],0.0003574537],
[[550.0,75.0,75.0],0.0003817675],
[[550.0,150.0,150.0],0.0003591129],
[[550.0,200.0,200.0],0.0003544648],
[[550.0,250.0,250.0],0.0003900216],
[[600.0,1.0,1.0],0.000477724],
[[600.0,75.0,75.0],0.0004350424],
[[600.0,150.0,150.0],0.0003981777],
[[600.0,200.0,200.0],0.0003895757],
[[600.0,250.0,250.0],0.0004204644],
[[650.0,1.0,1.0],0.0004666095],
[[650.0,75.0,75.0],0.0004411848],
[[650.0,150.0,150.0],0.0004778277],
[[650.0,200.0,200.0],0.0005007913],
[[650.0,250.0,250.0],0.0005130103],
[[650.0,300.0,300.0],0.0005342329],
[[700.0,1.0,1.0],0.000481472],
[[700.0,75.0,75.0],0.0005420874],
[[700.0,150.0,150.0],0.0004853109],
[[700.0,200.0,200.0],0.0005992541],
[[700.0,250.0,250.0],0.0004963064],
[[700.0,300.0,300.0],0.0006206563],
[[750.0,1.0,1.0],0.0005746414],
[[750.0,10.0,10.0],0.0005620681],
[[750.0,75.0,75.0],0.0005566567],
[[750.0,150.0,150.0],0.0005207952],
[[750.0,200.0,200.0],0.0005846469],
[[750.0,250.0,250.0],0.0005790233],
[[750.0,300.0,300.0],0.0006512911],
[[750.0,350.0,350.0],0.0006293418],
[[800.0,1.0,1.0],0.0005454519],
[[800.0,75.0,75.0],0.0006149319],
[[800.0,150.0,150.0],0.0005390519],
[[800.0,200.0,200.0],0.0005764463],
[[800.0,250.0,250.0],0.0006685402],
[[800.0,300.0,300.0],0.0007665828],
[[800.0,350.0,350.0],0.0007577352],
[[850.0,1.0,1.0],0.0006304739],
[[850.0,75.0,75.0],0.0006115535],
[[850.0,150.0,150.0],0.0006841903],
[[850.0,200.0,200.0],0.0008364233],
[[850.0,250.0,250.0],0.0006439428],
[[850.0,300.0,300.0],0.0006420092],
[[850.0,350.0,350.0],0.0006574462],
[[850.0,400.0,400.0],0.0007481469],
[[900.0,1.0,1.0],0.0006699692],
[[900.0,75.0,75.0],0.0007352588],
[[900.0,150.0,150.0],0.0006085948],
[[900.0,200.0,200.0],0.0006188328],
[[900.0,250.0,250.0],0.0007335495],
[[900.0,300.0,300.0],0.0007058612],
[[900.0,350.0,350.0],0.0006821493],
[[900.0,400.0,400.0],0.0006945124],
[[950.0,1.0,1.0],0.0007102308],
[[950.0,75.0,75.0],0.0006981383],
[[950.0,150.0,150.0],0.0006664119],
[[950.0,200.0,200.0],0.0007649513],
[[950.0,250.0,250.0],0.0006790825],
[[950.0,300.0,300.0],0.0007468294],
[[950.0,350.0,350.0],0.0007522094],
[[950.0,400.0,400.0],0.000805993],
[[950.0,450.0,450.0],0.0007000352],
[[1000.0,1.0,1.0],0.0007663832],
[[1000.0,10.0,10.0],0.0007519834],
[[1000.0,75.0,75.0],0.000745515],
[[1000.0,150.0,150.0],0.0008626688],
[[1000.0,200.0,200.0],0.0008067117],
[[1000.0,250.0,250.0],0.0008142519],
[[1000.0,300.0,300.0],0.0009146337],
[[1000.0,350.0,350.0],0.0008407692],
[[1000.0,400.0,400.0],0.0008839251],
[[1000.0,450.0,450.0],0.0007723505],
[[1050.0,1.0,1.0],0.0008350428],
[[1050.0,75.0,75.0],0.0007355368],
[[1050.0,150.0,150.0],0.0008059897],
[[1050.0,200.0,200.0],0.0008035063],
[[1050.0,250.0,250.0],0.0008249309],
[[1050.0,300.0,300.0],0.0009394046],
[[1050.0,350.0,350.0],0.000748425],
[[1050.0,400.0,400.0],0.0009162801],
[[1050.0,450.0,450.0],0.0008027219],
[[1050.0,500.0,500.0],0.0007950093],
[[1100.0,1.0,1.0],0.0008054505],
[[1100.0,75.0,75.0],0.0008917867],
[[1100.0,150.0,150.0],0.0008706373],
[[1100.0,200.0,200.0],0.0008331011],
[[1100.0,250.0,250.0],0.0008731474],
[[1100.0,300.0,300.0],0.0007800697],
[[1100.0,350.0,350.0],0.0008898669],
[[1100.0,400.0,400.0],0.0008682355],
[[1100.0,450.0,450.0],0.0008626401],
[[1100.0,500.0,500.0],0.0009968802],
[[1150.0,1.0,1.0],0.0008526506],
[[1150.0,75.0,75.0],0.0007588662],
[[1150.0,150.0,150.0],0.0008481081],
[[1150.0,200.0,200.0],0.0008652986],
[[1150.0,250.0,250.0],0.0009328102],
[[1150.0,300.0,300.0],0.0009588571],
[[1150.0,350.0,350.0],0.0008561268],
[[1150.0,400.0,400.0],0.0009328119],
[[1150.0,450.0,450.0],0.0008119298],
[[1150.0,500.0,500.0],0.00094991],
[[1150.0,550.0,550.0],0.00103562],
[[1200.0,1.0,1.0],0.0008954282],
[[1200.0,75.0,75.0],0.0008846796],
[[1200.0,150.0,150.0],0.0009396008],
[[1200.0,200.0,200.0],0.000938599],
[[1200.0,250.0,250.0],0.0009117106],
[[1200.0,300.0,300.0],0.000833411],
[[1200.0,350.0,350.0],0.00092442],
[[1200.0,400.0,400.0],0.0009750085],
[[1200.0,450.0,450.0],0.0009395153],
[[1200.0,500.0,500.0],0.0008700508],
[[1200.0,550.0,550.0],0.001030658],
[[1250.0,1.0,1.0],0.0009304768],
[[1250.0,10.0,10.0],0.0009064872],
[[1250.0,75.0,75.0],0.0008964389],
[[1250.0,150.0,150.0],0.0009031176],
[[1250.0,200.0,200.0],0.0009212079],
[[1250.0,250.0,250.0],0.0009293277],
[[1250.0,300.0,300.0],0.0009921049],
[[1250.0,350.0,350.0],0.0009595568],
[[1250.0,400.0,400.0],0.0008914741],
[[1250.0,450.0,450.0],0.0009255111],
[[1250.0,500.0,500.0],0.0009235694],
[[1250.0,550.0,550.0],0.0009949558],
[[1250.0,600.0,600.0],0.0009459516],
[[1300.0,1.0,1.0],0.0009740176],
[[1300.0,75.0,75.0],0.0009202459],
[[1300.0,150.0,150.0],0.0009742244],
[[1300.0,200.0,200.0],0.001039314],
[[1300.0,250.0,250.0],0.0009867327],
[[1300.0,300.0,300.0],0.0009669989],
[[1300.0,350.0,350.0],0.001020669],
[[1300.0,400.0,400.0],0.0009908928],
[[1300.0,450.0,450.0],0.0009432288],
[[1300.0,500.0,500.0],0.001038027],
[[1300.0,550.0,550.0],0.0009661232],
[[1300.0,600.0,600.0],0.0009967355],
[[1350.0,1.0,1.0],0.0009177739],
[[1350.0,75.0,75.0],0.0009833387],
[[1350.0,150.0,150.0],0.001021378],
[[1350.0,200.0,200.0],0.0009217605],
[[1350.0,250.0,250.0],0.001055635],
[[1350.0,300.0,300.0],0.001052194],
[[1350.0,350.0,350.0],0.0009877185],
[[1350.0,400.0,400.0],0.0009564034],
[[1350.0,450.0,450.0],0.0009831909],
[[1350.0,500.0,500.0],0.0009799726],
[[1350.0,550.0,550.0],0.0009981117],
[[1350.0,600.0,600.0],0.001081694],
[[1350.0,650.0,650.0],0.001079058],
[[1400.0,1.0,1.0],0.0009427983],
[[1400.0,75.0,75.0],0.0009358234],
[[1400.0,150.0,150.0],0.0009942661],
[[1400.0,200.0,200.0],0.001016427],
[[1400.0,250.0,250.0],0.001083993],
[[1400.0,300.0,300.0],0.001035536],
[[1400.0,350.0,350.0],0.001069104],
[[1400.0,400.0,400.0],0.0009857435],
[[1400.0,450.0,450.0],0.001018473],
[[1400.0,500.0,500.0],0.001071799],
[[1400.0,550.0,550.0],0.001069151],
[[1400.0,600.0,600.0],0.001064144],
[[1400.0,650.0,650.0],0.001138408],
[[1450.0,1.0,1.0],0.001005281],
[[1450.0,75.0,75.0],0.0009854189],
[[1450.0,150.0,150.0],0.001055413],
[[1450.0,200.0,200.0],0.001045652],
[[1450.0,250.0,250.0],0.001064129],
[[1450.0,300.0,300.0],0.0009744583],
[[1450.0,350.0,350.0],0.001104291],
[[1450.0,400.0,400.0],0.001067512],
[[1450.0,450.0,450.0],0.001033291],
[[1450.0,500.0,500.0],0.001224987],
[[1450.0,550.0,550.0],0.0009143907],
[[1450.0,600.0,600.0],0.001149165],
[[1450.0,650.0,650.0],0.001050806],
[[1450.0,700.0,700.0],0.001085296],
[[1500.0,1.0,1.0],0.001002707],
[[1500.0,10.0,10.0],0.001077158],
[[1500.0,75.0,75.0],0.00112004],
[[1500.0,150.0,150.0],0.001053782],
[[1500.0,200.0,200.0],0.001013218],
[[1500.0,250.0,250.0],0.001066874],
[[1500.0,300.0,300.0],0.001166347],
[[1500.0,350.0,350.0],0.001074639],
[[1500.0,400.0,400.0],0.00105514],
[[1500.0,450.0,450.0],0.001055007],
[[1500.0,500.0,500.0],0.001037824],
[[1500.0,550.0,550.0],0.001170313],
[[1500.0,600.0,600.0],0.001171104],
[[1500.0,650.0,650.0],0.001095782],
[[1500.0,700.0,700.0],0.001063622],
[[1500.0,750.0,750.0],0.001189715],
[[1550.0,1.0,1.0],0.001000636],
[[1550.0,75.0,75.0],0.001081993],
[[1550.0,150.0,150.0],0.001097581],
[[1550.0,200.0,200.0],0.001017174],
[[1550.0,250.0,250.0],0.001045372],
[[1550.0,300.0,300.0],0.001069521],
[[1550.0,350.0,350.0],0.001178444],
[[1550.0,400.0,400.0],0.001029465],
[[1550.0,450.0,450.0],0.0011284],
[[1550.0,500.0,500.0],0.001036092],
[[1550.0,550.0,550.0],0.001154498],
[[1550.0,600.0,600.0],0.001135353],
[[1550.0,650.0,650.0],0.001092058],
[[1550.0,700.0,700.0],0.001075492],
[[1550.0,750.0,750.0],0.001143539],
[[1600.0,1.0,1.0],0.001053314],
[[1600.0,75.0,75.0],0.001111804],
[[1600.0,150.0,150.0],0.001072712],
[[1600.0,200.0,200.0],0.001162252],
[[1600.0,250.0,250.0],0.001039675],
[[1600.0,300.0,300.0],0.001135417],
[[1600.0,350.0,350.0],0.00102384],
[[1600.0,400.0,400.0],0.001126801],
[[1600.0,450.0,450.0],0.001122097],
[[1600.0,500.0,500.0],0.001265837],
[[1600.0,550.0,550.0],0.00113767],
[[1600.0,600.0,600.0],0.001104162],
[[1600.0,650.0,650.0],0.001171366],
[[1600.0,700.0,700.0],0.001117509],
[[1600.0,750.0,750.0],0.00115162],
[[1650.0,1.0,1.0],0.001124529],
[[1650.0,75.0,75.0],0.001077523],
[[1650.0,150.0,150.0],0.001140246],
[[1650.0,200.0,200.0],0.001186487],
[[1650.0,250.0,250.0],0.001152669],
[[1650.0,300.0,300.0],0.001172207],
[[1650.0,350.0,350.0],0.001174704],
[[1650.0,400.0,400.0],0.001175424],
[[1650.0,450.0,450.0],0.00120728],
[[1650.0,500.0,500.0],0.001223451],
[[1650.0,550.0,550.0],0.001253232],
[[1650.0,600.0,600.0],0.001317304],
[[1650.0,650.0,650.0],0.001082126],
[[1650.0,700.0,700.0],0.001137359],
[[1650.0,750.0,750.0],0.001192476],
[[1650.0,800.0,800.0],0.001191886],
[[1700.0,1.0,1.0],0.001105411],
[[1700.0,75.0,75.0],0.00111351],
[[1700.0,150.0,150.0],0.00108176],
[[1700.0,200.0,200.0],0.001144671],
[[1700.0,250.0,250.0],0.001162816],
[[1700.0,300.0,300.0],0.001134619],
[[1700.0,350.0,350.0],0.001102322],
[[1700.0,400.0,400.0],0.00125776],
[[1700.0,450.0,450.0],0.001150449],
[[1700.0,500.0,500.0],0.00116475],
[[1700.0,550.0,550.0],0.001206882],
[[1700.0,600.0,600.0],0.00119746],
[[1700.0,650.0,650.0],0.001078527],
[[1700.0,700.0,700.0],0.0011369],
[[1700.0,750.0,750.0],0.001181926],
[[1700.0,800.0,800.0],0.001228506],
[[1750.0,1.0,1.0],0.001126913],
[[1750.0,10.0,10.0],0.001064773],
[[1750.0,75.0,75.0],0.001066144],
[[1750.0,150.0,150.0],0.001118067],
[[1750.0,200.0,200.0],0.00114014],
[[1750.0,250.0,250.0],0.001095589],
[[1750.0,300.0,300.0],0.001157463],
[[1750.0,350.0,350.0],0.001204888],
[[1750.0,400.0,400.0],0.00118609],
[[1750.0,450.0,450.0],0.00132482],
[[1750.0,500.0,500.0],0.001177328],
[[1750.0,550.0,550.0],0.001254531],
[[1750.0,600.0,600.0],0.001238269],
[[1750.0,650.0,650.0],0.001228901],
[[1750.0,700.0,700.0],0.001224458],
[[1750.0,750.0,750.0],0.001216018],
[[1750.0,800.0,800.0],0.001183275],
[[1750.0,850.0,850.0],0.001214962],
[[1800.0,1.0,1.0],0.001168509],
[[1800.0,75.0,75.0],0.001108969],
[[1800.0,150.0,150.0],0.001210695],
[[1800.0,200.0,200.0],0.00122781],
[[1800.0,250.0,250.0],0.001085306],
[[1800.0,300.0,300.0],0.001103141],
[[1800.0,350.0,350.0],0.001255381],
[[1800.0,400.0,400.0],0.001226816],
[[1800.0,450.0,450.0],0.001319796],
[[1800.0,500.0,500.0],0.001252088],
[[1800.0,550.0,550.0],0.001287303],
[[1800.0,600.0,600.0],0.001245517],
[[1800.0,650.0,650.0],0.001221877],
[[1800.0,700.0,700.0],0.001252717],
[[1800.0,750.0,750.0],0.001120823],
[[1800.0,800.0,800.0],0.001254509],
[[1800.0,850.0,850.0],0.001127217],
[[1850.0,1.0,1.0],0.001065956],
[[1850.0,75.0,75.0],0.001181729],
[[1850.0,150.0,150.0],0.001233654],
[[1850.0,200.0,200.0],0.001044209],
[[1850.0,250.0,250.0],0.001119978],
[[1850.0,300.0,300.0],0.001352878],
[[1850.0,350.0,350.0],0.001332968],
[[1850.0,400.0,400.0],0.00108186],
[[1850.0,450.0,450.0],0.001320555],
[[1850.0,500.0,500.0],0.001363152],
[[1850.0,550.0,550.0],0.001209353],
[[1850.0,600.0,600.0],0.001131602],
[[1850.0,650.0,650.0],0.001088717],
[[1850.0,700.0,700.0],0.001095379],
[[1850.0,750.0,750.0],0.001233575],
[[1850.0,800.0,800.0],0.001158042],
[[1850.0,850.0,850.0],0.001293409],
[[1850.0,900.0,900.0],0.001168814],
[[1900.0,1.0,1.0],0.001046029],
[[1900.0,75.0,75.0],0.001066964],
[[1900.0,150.0,150.0],0.001234538],
[[1900.0,200.0,200.0],0.001209428],
[[1900.0,250.0,250.0],0.001165578],
[[1900.0,300.0,300.0],0.001235875],
[[1900.0,350.0,350.0],0.001311652],
[[1900.0,400.0,400.0],0.001157739],
[[1900.0,450.0,450.0],0.001209817],
[[1900.0,500.0,500.0],0.001273286],
[[1900.0,550.0,550.0],0.001231232],
[[1900.0,600.0,600.0],0.001287869],
[[1900.0,650.0,650.0],0.001247909],
[[1900.0,700.0,700.0],0.00116568],
[[1900.0,750.0,750.0],0.001326297],
[[1900.0,800.0,800.0],0.001212716],
[[1900.0,850.0,850.0],0.001263423],
[[1900.0,900.0,900.0],0.001272581],
[[1950.0,1.0,1.0],0.001126295],
[[1950.0,75.0,75.0],0.001181142],
[[1950.0,150.0,150.0],0.001246896],
[[1950.0,200.0,200.0],0.001106705],
[[1950.0,250.0,250.0],0.001178972],
[[1950.0,300.0,300.0],0.001112103],
[[1950.0,350.0,350.0],0.001269406],
[[1950.0,400.0,400.0],0.001215911],
[[1950.0,450.0,450.0],0.001307911],
[[1950.0,500.0,500.0],0.001168538],
[[1950.0,550.0,550.0],0.001236741],
[[1950.0,600.0,600.0],0.001121507],
[[1950.0,650.0,650.0],0.001237917],
[[1950.0,700.0,700.0],0.001266025],
[[1950.0,750.0,750.0],0.001161769],
[[1950.0,800.0,800.0],0.001385629],
[[1950.0,850.0,850.0],0.001246739],
[[1950.0,900.0,900.0],0.001298622],
[[1950.0,950.0,950.0],0.001226538],
[[2000.0,1.0,1.0],0.001237953],
[[2000.0,75.0,75.0],0.001244325],
[[2000.0,150.0,150.0],0.001289352],
[[2000.0,200.0,200.0],0.001138278],
[[2000.0,250.0,250.0],0.001213129],
[[2000.0,300.0,300.0],0.001192455],
[[2000.0,350.0,350.0],0.001129141],
[[2000.0,400.0,400.0],0.001191025],
[[2000.0,450.0,450.0],0.001218464],
[[2000.0,500.0,500.0],0.001212243],
[[2000.0,550.0,550.0],0.001310755],
[[2000.0,600.0,600.0],0.001292719],
[[2000.0,650.0,650.0],0.001240004],
[[2000.0,700.0,700.0],0.001295863],
[[2000.0,750.0,750.0],0.00128368],
[[2000.0,800.0,800.0],0.001222873],
[[2000.0,850.0,850.0],0.001243858],
[[2000.0,900.0,900.0],0.001333027],
[[2000.0,950.0,950.0],0.001360161],
[[2250.0,1.0,1.0],0.001249074],
[[2250.0,75.0,75.0],0.00131047],
[[2250.0,150.0,150.0],0.001285736],
[[2250.0,300.0,300.0],0.001271591],
[[2250.0,500.0,500.0],0.001296387],
[[2250.0,750.0,750.0],0.001271388],
[[2250.0,1000.0,1000.0],0.001305179],
[[2500.0,1.0,1.0],0.001370865],
[[2500.0,75.0,75.0],0.001340026],
[[2500.0,150.0,150.0],0.001306921],
[[2500.0,300.0,300.0],0.001301526],
[[2500.0,500.0,500.0],0.001292141],
[[2500.0,750.0,750.0],0.001353895],
[[2500.0,1000.0,1000.0],0.001309311],
[[2500.0,1200.0,1200.0],0.001259998],
[[2750.0,1.0,1.0],0.001240684],
[[2750.0,75.0,75.0],0.001419282],
[[2750.0,150.0,150.0],0.001375996],
[[2750.0,300.0,300.0],0.001297995],
[[2750.0,500.0,500.0],0.001307901],
[[2750.0,750.0,750.0],0.001438923],
[[2750.0,1000.0,1000.0],0.001402639],
[[2750.0,1200.0,1200.0],0.001502133],
[[3000.0,1.0,1.0],0.001400639],
[[3000.0,75.0,75.0],0.001338241],
[[3000.0,150.0,150.0],0.001451024],
[[3000.0,300.0,300.0],0.001447571],
[[3000.0,500.0,500.0],0.001357047],
[[3000.0,750.0,750.0],0.00138069],
[[3000.0,1000.0,1000.0],0.001469823],
[[3000.0,1200.0,1200.0],0.001363745],
[[3000.0,1400.0,1400.0],0.001605804]]
