txName: TRS1
constraint: {(PV > H0(1)), (H0(1) > MET(2),MET(3))}
condition: None
conditionDescription: None
figureUrl: https://cms-results.web.cern.ch/cms-results/public-results/publications/EXO-20-004/CMS-EXO-20-004_Figure_009-a.png
source: https://doi.org/10.5281/zenodo.13324003
validated: True
axesMap: [{0: 'x', 1: '1.0', 2: '1.0'}, {0: 'x', 1: 'y', 2: 'y'}]
dataMap: {0: (1, 'mass', GeV), 1: (2, 'mass', GeV), 2: (3, 'mass', GeV)}
finalState: ['MET', 'MET']
intermediateState: None
efficiencyMap: [[[100.0,10.0,10.0],0.0006056237],
[[150.0,1.0,1.0],0.001043029],
[[150.0,50.0,50.0],0.001188159],
[[200.0,1.0,1.0],0.001633041],
[[200.0,50.0,50.0],0.001669881],
[[200.0,100.0,100.0],0.002434954],
[[250.0,1.0,1.0],0.002231143],
[[250.0,10.0,10.0],0.002081584],
[[250.0,50.0,50.0],0.00213252],
[[250.0,100.0,100.0],0.002091471],
[[300.0,1.0,1.0],0.002460942],
[[300.0,50.0,50.0],0.002616283],
[[300.0,100.0,100.0],0.002472666],
[[350.0,1.0,1.0],0.002606058],
[[350.0,50.0,50.0],0.002809511],
[[350.0,100.0,100.0],0.002629911],
[[350.0,150.0,150.0],0.002651601],
[[400.0,1.0,1.0],0.002916803],
[[400.0,50.0,50.0],0.003531971],
[[400.0,100.0,100.0],0.003007024],
[[400.0,150.0,150.0],0.003189286],
[[450.0,1.0,1.0],0.003390147],
[[450.0,50.0,50.0],0.003297213],
[[450.0,100.0,100.0],0.003458039],
[[450.0,150.0,150.0],0.00350686],
[[450.0,200.0,200.0],0.003671649],
[[500.0,1.0,1.0],0.004117233],
[[500.0,10.0,10.0],0.00438406],
[[500.0,50.0,50.0],0.004451737],
[[500.0,100.0,100.0],0.00403459],
[[500.0,150.0,150.0],0.003946106],
[[500.0,200.0,200.0],0.003767365],
[[550.0,1.0,1.0],0.004595029],
[[550.0,50.0,50.0],0.004045001],
[[550.0,100.0,100.0],0.004432825],
[[550.0,150.0,150.0],0.004205639],
[[550.0,200.0,200.0],0.003879203],
[[550.0,250.0,250.0],0.004174846],
[[600.0,1.0,1.0],0.005459817],
[[600.0,50.0,50.0],0.00480415],
[[600.0,100.0,100.0],0.004648362],
[[600.0,150.0,150.0],0.005127569],
[[600.0,200.0,200.0],0.004784379],
[[600.0,250.0,250.0],0.005844566],
[[650.0,1.0,1.0],0.005442445],
[[650.0,50.0,50.0],0.005645913],
[[650.0,100.0,100.0],0.005857955],
[[650.0,150.0,150.0],0.005216346],
[[650.0,200.0,200.0],0.005603226],
[[650.0,250.0,250.0],0.004868387],
[[650.0,300.0,300.0],0.006071422],
[[700.0,1.0,1.0],0.005459165],
[[700.0,50.0,50.0],0.005479634],
[[700.0,100.0,100.0],0.005696873],
[[700.0,150.0,150.0],0.005531703],
[[700.0,200.0,200.0],0.005764333],
[[700.0,250.0,250.0],0.006110196],
[[700.0,300.0,300.0],0.005417666],
[[750.0,1.0,1.0],0.005490317],
[[750.0,10.0,10.0],0.005316612],
[[750.0,50.0,50.0],0.005160974],
[[750.0,100.0,100.0],0.005724785],
[[750.0,150.0,150.0],0.005985053],
[[750.0,200.0,200.0],0.00653587],
[[750.0,250.0,250.0],0.005891996],
[[750.0,300.0,300.0],0.006344143],
[[750.0,350.0,350.0],0.007355112],
[[800.0,1.0,1.0],0.005705215],
[[800.0,150.0,150.0],0.005304548],
[[800.0,200.0,200.0],0.006629902],
[[800.0,250.0,250.0],0.006555686],
[[800.0,300.0,300.0],0.006357947],
[[800.0,350.0,350.0],0.00652047],
[[850.0,1.0,1.0],0.006370226],
[[850.0,150.0,150.0],0.007217356],
[[850.0,200.0,200.0],0.007327456],
[[850.0,250.0,250.0],0.006273383],
[[850.0,300.0,300.0],0.006006141],
[[850.0,350.0,350.0],0.00611897],
[[850.0,400.0,400.0],0.006490237],
[[900.0,1.0,1.0],0.006552667],
[[900.0,150.0,150.0],0.006398369],
[[900.0,200.0,200.0],0.00647743],
[[900.0,250.0,250.0],0.007455633],
[[900.0,300.0,300.0],0.007209452],
[[900.0,350.0,350.0],0.006659373],
[[900.0,400.0,400.0],0.006583908],
[[950.0,1.0,1.0],0.006204256],
[[950.0,150.0,150.0],0.007353184],
[[950.0,200.0,200.0],0.007133414],
[[950.0,250.0,250.0],0.006297213],
[[950.0,300.0,300.0],0.006991426],
[[950.0,350.0,350.0],0.006410935],
[[950.0,400.0,400.0],0.00788024],
[[950.0,450.0,450.0],0.00758764],
[[1000.0,1.0,1.0],0.006747633],
[[1000.0,10.0,10.0],0.006746134],
[[1000.0,50.0,50.0],0.006710653],
[[1000.0,100.0,100.0],0.006492175],
[[1000.0,150.0,150.0],0.006834664],
[[1000.0,200.0,200.0],0.006402149],
[[1000.0,250.0,250.0],0.00785777],
[[1000.0,300.0,300.0],0.00760457],
[[1000.0,350.0,350.0],0.007420055],
[[1000.0,400.0,400.0],0.007789323],
[[1000.0,450.0,450.0],0.007874878],
[[1050.0,1.0,1.0],0.006667105],
[[1050.0,150.0,150.0],0.007545778],
[[1050.0,200.0,200.0],0.008035245],
[[1050.0,250.0,250.0],0.007069411],
[[1050.0,300.0,300.0],0.006910183],
[[1050.0,350.0,350.0],0.006628117],
[[1050.0,400.0,400.0],0.008568677],
[[1050.0,450.0,450.0],0.008079231],
[[1050.0,500.0,500.0],0.007387032],
[[1100.0,1.0,1.0],0.006687484],
[[1100.0,150.0,150.0],0.006129264],
[[1100.0,200.0,200.0],0.007359075],
[[1100.0,250.0,250.0],0.007217995],
[[1100.0,300.0,300.0],0.007798862],
[[1100.0,350.0,350.0],0.007140622],
[[1100.0,400.0,400.0],0.007442753],
[[1100.0,450.0,450.0],0.007460339],
[[1100.0,500.0,500.0],0.00747532],
[[1150.0,1.0,1.0],0.007177631],
[[1150.0,150.0,150.0],0.00672295],
[[1150.0,200.0,200.0],0.007703325],
[[1150.0,250.0,250.0],0.007917134],
[[1150.0,300.0,300.0],0.007367816],
[[1150.0,350.0,350.0],0.00776601],
[[1150.0,400.0,400.0],0.007513383],
[[1150.0,450.0,450.0],0.008635015],
[[1150.0,500.0,500.0],0.009215595],
[[1150.0,550.0,550.0],0.00841189],
[[1200.0,1.0,1.0],0.006848268],
[[1200.0,150.0,150.0],0.00767396],
[[1200.0,200.0,200.0],0.008223419],
[[1200.0,250.0,250.0],0.008781591],
[[1200.0,300.0,300.0],0.008018042],
[[1200.0,350.0,350.0],0.006631966],
[[1200.0,400.0,400.0],0.007349262],
[[1200.0,450.0,450.0],0.006615238],
[[1200.0,500.0,500.0],0.007197091],
[[1200.0,550.0,550.0],0.007479696],
[[1250.0,1.0,1.0],0.008084974],
[[1250.0,10.0,10.0],0.006781946],
[[1250.0,50.0,50.0],0.006685803],
[[1250.0,100.0,100.0],0.006316224],
[[1250.0,150.0,150.0],0.007571459],
[[1250.0,200.0,200.0],0.007079161],
[[1250.0,250.0,250.0],0.00790181],
[[1250.0,300.0,300.0],0.007554585],
[[1250.0,350.0,350.0],0.008346339],
[[1250.0,400.0,400.0],0.008656296],
[[1250.0,450.0,450.0],0.007481567],
[[1250.0,500.0,500.0],0.007918896],
[[1250.0,550.0,550.0],0.009261758],
[[1250.0,600.0,600.0],0.007159699],
[[1300.0,1.0,1.0],0.006353485],
[[1300.0,150.0,150.0],0.008695409],
[[1300.0,200.0,200.0],0.008652552],
[[1300.0,250.0,250.0],0.00773854],
[[1300.0,300.0,300.0],0.007573451],
[[1300.0,350.0,350.0],0.008251958],
[[1300.0,400.0,400.0],0.007884277],
[[1300.0,450.0,450.0],0.007117974],
[[1300.0,500.0,500.0],0.00753509],
[[1300.0,550.0,550.0],0.009354245],
[[1300.0,600.0,600.0],0.008929356],
[[1350.0,1.0,1.0],0.007494794],
[[1350.0,150.0,150.0],0.007849006],
[[1350.0,200.0,200.0],0.008245172],
[[1350.0,250.0,250.0],0.008545271],
[[1350.0,300.0,300.0],0.008286049],
[[1350.0,350.0,350.0],0.007090073],
[[1350.0,400.0,400.0],0.009372486],
[[1350.0,450.0,450.0],0.008093309],
[[1350.0,500.0,500.0],0.007629575],
[[1350.0,550.0,550.0],0.006803895],
[[1350.0,600.0,600.0],0.007265939],
[[1350.0,650.0,650.0],0.009107441],
[[1400.0,1.0,1.0],0.007406726],
[[1400.0,150.0,150.0],0.007389509],
[[1400.0,200.0,200.0],0.007820077],
[[1400.0,250.0,250.0],0.008648949],
[[1400.0,300.0,300.0],0.007097121],
[[1400.0,350.0,350.0],0.00782091],
[[1400.0,400.0,400.0],0.007549907],
[[1400.0,450.0,450.0],0.008802398],
[[1400.0,500.0,500.0],0.007898669],
[[1400.0,550.0,550.0],0.008164647],
[[1400.0,600.0,600.0],0.008113736],
[[1400.0,650.0,650.0],0.009154446],
[[1450.0,1.0,1.0],0.006378502],
[[1450.0,150.0,150.0],0.007662967],
[[1450.0,200.0,200.0],0.008618542],
[[1450.0,250.0,250.0],0.007223138],
[[1450.0,300.0,300.0],0.00787707],
[[1450.0,350.0,350.0],0.007412541],
[[1450.0,400.0,400.0],0.008461662],
[[1450.0,450.0,450.0],0.008999518],
[[1450.0,500.0,500.0],0.008757023],
[[1450.0,550.0,550.0],0.008318064],
[[1450.0,600.0,600.0],0.00844725],
[[1450.0,650.0,650.0],0.008984065],
[[1450.0,700.0,700.0],0.008319685],
[[1500.0,1.0,1.0],0.007341876],
[[1500.0,10.0,10.0],0.006998663],
[[1500.0,50.0,50.0],0.006958941],
[[1500.0,100.0,100.0],0.00710922],
[[1500.0,150.0,150.0],0.007293158],
[[1500.0,200.0,200.0],0.008762364],
[[1500.0,250.0,250.0],0.008580477],
[[1500.0,300.0,300.0],0.008306334],
[[1500.0,350.0,350.0],0.008337471],
[[1500.0,400.0,400.0],0.008157322],
[[1500.0,450.0,450.0],0.008536821],
[[1500.0,500.0,500.0],0.008439098],
[[1500.0,550.0,550.0],0.007972716],
[[1500.0,600.0,600.0],0.009025311],
[[1500.0,650.0,650.0],0.007952561],
[[1500.0,700.0,700.0],0.008370341],
[[1500.0,750.0,750.0],0.008596962],
[[1550.0,1.0,1.0],0.006681431],
[[1550.0,150.0,150.0],0.008455985],
[[1550.0,200.0,200.0],0.008123208],
[[1550.0,250.0,250.0],0.00820017],
[[1550.0,300.0,300.0],0.008089823],
[[1550.0,350.0,350.0],0.007704352],
[[1550.0,400.0,400.0],0.008154336],
[[1550.0,450.0,450.0],0.008072138],
[[1550.0,500.0,500.0],0.007532178],
[[1550.0,550.0,550.0],0.008133671],
[[1550.0,600.0,600.0],0.008008546],
[[1550.0,650.0,650.0],0.00841411],
[[1550.0,700.0,700.0],0.008121733],
[[1550.0,750.0,750.0],0.009203164],
[[1600.0,1.0,1.0],0.006924255],
[[1600.0,150.0,150.0],0.007857602],
[[1600.0,200.0,200.0],0.007784935],
[[1600.0,250.0,250.0],0.008036575],
[[1600.0,300.0,300.0],0.009112164],
[[1600.0,350.0,350.0],0.009121245],
[[1600.0,400.0,400.0],0.008271206],
[[1600.0,450.0,450.0],0.008900949],
[[1600.0,500.0,500.0],0.009313015],
[[1600.0,550.0,550.0],0.00886502],
[[1600.0,600.0,600.0],0.009041537],
[[1600.0,650.0,650.0],0.007679434],
[[1600.0,700.0,700.0],0.006852504],
[[1600.0,750.0,750.0],0.008985172],
[[1650.0,1.0,1.0],0.007393116],
[[1650.0,150.0,150.0],0.007388933],
[[1650.0,200.0,200.0],0.007737709],
[[1650.0,250.0,250.0],0.008341705],
[[1650.0,300.0,300.0],0.008582593],
[[1650.0,350.0,350.0],0.007731782],
[[1650.0,400.0,400.0],0.007535372],
[[1650.0,450.0,450.0],0.008439714],
[[1650.0,500.0,500.0],0.008344521],
[[1650.0,550.0,550.0],0.008180845],
[[1650.0,600.0,600.0],0.008079239],
[[1650.0,650.0,650.0],0.009389203],
[[1650.0,700.0,700.0],0.009444991],
[[1650.0,750.0,750.0],0.009082071],
[[1650.0,800.0,800.0],0.01086138],
[[1700.0,1.0,1.0],0.006576602],
[[1700.0,150.0,150.0],0.007624116],
[[1700.0,200.0,200.0],0.007845119],
[[1700.0,250.0,250.0],0.008845649],
[[1700.0,300.0,300.0],0.008694709],
[[1700.0,350.0,350.0],0.008655595],
[[1700.0,400.0,400.0],0.009677436],
[[1700.0,450.0,450.0],0.008263291],
[[1700.0,500.0,500.0],0.01029683],
[[1700.0,550.0,550.0],0.008813167],
[[1700.0,600.0,600.0],0.009157349],
[[1700.0,650.0,650.0],0.009575375],
[[1700.0,700.0,700.0],0.009062784],
[[1700.0,750.0,750.0],0.009434236],
[[1700.0,800.0,800.0],0.01008443],
[[1750.0,1.0,1.0],0.006323804],
[[1750.0,10.0,10.0],0.006582679],
[[1750.0,50.0,50.0],0.007429086],
[[1750.0,100.0,100.0],0.007105586],
[[1750.0,150.0,150.0],0.007772925],
[[1750.0,200.0,200.0],0.007533059],
[[1750.0,250.0,250.0],0.008155238],
[[1750.0,300.0,300.0],0.00841181],
[[1750.0,350.0,350.0],0.008730185],
[[1750.0,400.0,400.0],0.009495896],
[[1750.0,450.0,450.0],0.008232522],
[[1750.0,500.0,500.0],0.009235868],
[[1750.0,550.0,550.0],0.008459743],
[[1750.0,600.0,600.0],0.00999613],
[[1750.0,650.0,650.0],0.009189302],
[[1750.0,700.0,700.0],0.008242003],
[[1750.0,750.0,750.0],0.008957368],
[[1750.0,800.0,800.0],0.009510407],
[[1750.0,850.0,850.0],0.009204699],
[[1800.0,1.0,1.0],0.007062866],
[[1800.0,150.0,150.0],0.008014691],
[[1800.0,200.0,200.0],0.008965378],
[[1800.0,250.0,250.0],0.008724688],
[[1800.0,300.0,300.0],0.007570723],
[[1800.0,350.0,350.0],0.008840859],
[[1800.0,400.0,400.0],0.008682558],
[[1800.0,450.0,450.0],0.009169109],
[[1800.0,500.0,500.0],0.01026753],
[[1800.0,550.0,550.0],0.009749287],
[[1800.0,600.0,600.0],0.00919539],
[[1800.0,650.0,650.0],0.009494699],
[[1800.0,700.0,700.0],0.009047552],
[[1800.0,750.0,750.0],0.009186244],
[[1800.0,800.0,800.0],0.008714381],
[[1800.0,850.0,850.0],0.008482193],
[[1850.0,1.0,1.0],0.006938774],
[[1850.0,150.0,150.0],0.008128692],
[[1850.0,200.0,200.0],0.007512787],
[[1850.0,250.0,250.0],0.007716569],
[[1850.0,300.0,300.0],0.007523627],
[[1850.0,350.0,350.0],0.008846924],
[[1850.0,400.0,400.0],0.00844281],
[[1850.0,450.0,450.0],0.009285665],
[[1850.0,500.0,500.0],0.009912317],
[[1850.0,550.0,550.0],0.008914354],
[[1850.0,600.0,600.0],0.008812861],
[[1850.0,650.0,650.0],0.009380418],
[[1850.0,700.0,700.0],0.008794673],
[[1850.0,750.0,750.0],0.008960309],
[[1850.0,800.0,800.0],0.009122919],
[[1850.0,850.0,850.0],0.008699903],
[[1850.0,900.0,900.0],0.009184932],
[[1900.0,1.0,1.0],0.006786438],
[[1900.0,150.0,150.0],0.007692968],
[[1900.0,200.0,200.0],0.008869733],
[[1900.0,250.0,250.0],0.008529122],
[[1900.0,300.0,300.0],0.009312714],
[[1900.0,350.0,350.0],0.009254026],
[[1900.0,400.0,400.0],0.007994787],
[[1900.0,450.0,450.0],0.009289535],
[[1900.0,500.0,500.0],0.009722078],
[[1900.0,550.0,550.0],0.009883022],
[[1900.0,600.0,600.0],0.008705728],
[[1900.0,650.0,650.0],0.009527282],
[[1900.0,700.0,700.0],0.008898408],
[[1900.0,750.0,750.0],0.008934139],
[[1900.0,800.0,800.0],0.008197061],
[[1900.0,850.0,850.0],0.008721024],
[[1900.0,900.0,900.0],0.01006302],
[[1950.0,1.0,1.0],0.00656832],
[[1950.0,150.0,150.0],0.007507455],
[[1950.0,200.0,200.0],0.008138893],
[[1950.0,250.0,250.0],0.00894067],
[[1950.0,300.0,300.0],0.008649633],
[[1950.0,350.0,350.0],0.008521175],
[[1950.0,400.0,400.0],0.009550339],
[[1950.0,450.0,450.0],0.00781743],
[[1950.0,500.0,500.0],0.008348577],
[[1950.0,550.0,550.0],0.009108958],
[[1950.0,600.0,600.0],0.009866112],
[[1950.0,650.0,650.0],0.009736452],
[[1950.0,700.0,700.0],0.009573651],
[[1950.0,750.0,750.0],0.008406221],
[[1950.0,800.0,800.0],0.009025198],
[[1950.0,850.0,850.0],0.008802264],
[[1950.0,900.0,900.0],0.01017923],
[[1950.0,950.0,950.0],0.0089435],
[[2000.0,1.0,1.0],0.006669255],
[[2000.0,10.0,10.0],0.006947289],
[[2000.0,50.0,50.0],0.007173395],
[[2000.0,100.0,100.0],0.007391611],
[[2000.0,150.0,150.0],0.006593043],
[[2000.0,200.0,200.0],0.007729464],
[[2000.0,250.0,250.0],0.007918002],
[[2000.0,300.0,300.0],0.008618062],
[[2000.0,350.0,350.0],0.009386085],
[[2000.0,400.0,400.0],0.008269817],
[[2000.0,450.0,450.0],0.008482193],
[[2000.0,500.0,500.0],0.0090831],
[[2000.0,550.0,550.0],0.009399271],
[[2000.0,600.0,600.0],0.009224291],
[[2000.0,650.0,650.0],0.009588757],
[[2000.0,700.0,700.0],0.009313426],
[[2000.0,750.0,750.0],0.009388204],
[[2000.0,800.0,800.0],0.008419082],
[[2000.0,850.0,850.0],0.009884836],
[[2000.0,900.0,900.0],0.008855266],
[[2000.0,950.0,950.0],0.0079436],
[[2250.0,1.0,1.0],0.005918291],
[[2250.0,10.0,10.0],0.006273192],
[[2250.0,50.0,50.0],0.0080074],
[[2250.0,100.0,100.0],0.007918226],
[[2250.0,150.0,150.0],0.007439784],
[[2250.0,300.0,300.0],0.008858332],
[[2250.0,500.0,500.0],0.0090108],
[[2250.0,750.0,750.0],0.009986807],
[[2250.0,1000.0,1000.0],0.01049266],
[[2500.0,1.0,1.0],0.006658575],
[[2500.0,10.0,10.0],0.006444047],
[[2500.0,50.0,50.0],0.007946669],
[[2500.0,100.0,100.0],0.007734401],
[[2500.0,150.0,150.0],0.007702245],
[[2500.0,300.0,300.0],0.009420662],
[[2500.0,500.0,500.0],0.009641177],
[[2500.0,750.0,750.0],0.01045489],
[[2500.0,1000.0,1000.0],0.01023651],
[[2500.0,1200.0,1200.0],0.01031676],
[[2750.0,1.0,1.0],0.006775769],
[[2750.0,10.0,10.0],0.00648714],
[[2750.0,50.0,50.0],0.007818276],
[[2750.0,100.0,100.0],0.007271477],
[[2750.0,150.0,150.0],0.007833996],
[[2750.0,300.0,300.0],0.00887151],
[[2750.0,500.0,500.0],0.01004083],
[[2750.0,750.0,750.0],0.01033867],
[[2750.0,1000.0,1000.0],0.01128356],
[[2750.0,1200.0,1200.0],0.009631196],
[[3000.0,1.0,1.0],0.007634861],
[[3000.0,10.0,10.0],0.0067474],
[[3000.0,50.0,50.0],0.008174609],
[[3000.0,100.0,100.0],0.008220747],
[[3000.0,150.0,150.0],0.007819788],
[[3000.0,300.0,300.0],0.009829995],
[[3000.0,500.0,500.0],0.01049343],
[[3000.0,750.0,750.0],0.01084745],
[[3000.0,1000.0,1000.0],0.01068615],
[[3000.0,1200.0,1200.0],0.01088162],
[[3000.0,1400.0,1400.0],0.01156896]]
