txName: TRV1
constraint: {(PV > Zprime(1)), (Zprime(1) > MET(2),MET(3))}
condition: None
conditionDescription: None
figureUrl: https://cms-results.web.cern.ch/cms-results/public-results/publications/EXO-20-004/CMS-EXO-20-004_Figure_007-b.png
source: CMS
validated: True
axesMap: [{0: 'x', 1: 'y', 2: 'y'}]
dataMap: {0: (1, 'mass', GeV), 1: (2, 'mass', GeV), 2: (3, 'mass', GeV)}
finalState: ['MET', 'MET']
intermediateState: None
efficiencyMap: [[[50.0,1.0,1.0],1.237273e-05],
[[100.0,1.0,1.0],6.869143e-05],
[[100.0,10.0,10.0],7.127501e-05],
[[150.0,1.0,1.0],0.00020407],
[[150.0,75.0,75.0],0.000264212],
[[200.0,1.0,1.0],0.000412777],
[[200.0,75.0,75.0],0.0003967406],
[[250.0,1.0,1.0],0.0005928693],
[[250.0,10.0,10.0],0.0006037085],
[[250.0,75.0,75.0],0.0006591061],
[[300.0,1.0,1.0],0.0008367003],
[[300.0,75.0,75.0],0.0008263786],
[[350.0,1.0,1.0],0.00104852],
[[350.0,75.0,75.0],0.001118518],
[[350.0,150.0,150.0],0.001220292],
[[400.0,1.0,1.0],0.00133778],
[[400.0,75.0,75.0],0.001307547],
[[400.0,150.0,150.0],0.00148761],
[[450.0,1.0,1.0],0.001492386],
[[450.0,75.0,75.0],0.00169055],
[[450.0,150.0,150.0],0.001611844],
[[450.0,200.0,200.0],0.001654708],
[[500.0,1.0,1.0],0.001770994],
[[500.0,10.0,10.0],0.001819133],
[[500.0,75.0,75.0],0.001828021],
[[500.0,150.0,150.0],0.001744458],
[[500.0,200.0,200.0],0.001790558],
[[550.0,1.0,1.0],0.001926329],
[[550.0,75.0,75.0],0.001873688],
[[550.0,150.0,150.0],0.002073009],
[[550.0,200.0,200.0],0.001862922],
[[550.0,250.0,250.0],0.002100694],
[[600.0,1.0,1.0],0.002130388],
[[600.0,75.0,75.0],0.002128751],
[[600.0,150.0,150.0],0.002083089],
[[600.0,200.0,200.0],0.002205224],
[[600.0,250.0,250.0],0.002324718],
[[650.0,1.0,1.0],0.002284317],
[[650.0,75.0,75.0],0.002257084],
[[650.0,150.0,150.0],0.002221767],
[[650.0,200.0,200.0],0.002595536],
[[650.0,250.0,250.0],0.002382989],
[[650.0,300.0,300.0],0.002261749],
[[700.0,1.0,1.0],0.002272747],
[[700.0,75.0,75.0],0.002447232],
[[700.0,150.0,150.0],0.002230346],
[[700.0,200.0,200.0],0.002186241],
[[700.0,250.0,250.0],0.002657074],
[[700.0,300.0,300.0],0.002705651],
[[750.0,1.0,1.0],0.002569832],
[[750.0,10.0,10.0],0.002346328],
[[750.0,75.0,75.0],0.002388655],
[[750.0,150.0,150.0],0.002566706],
[[750.0,200.0,200.0],0.002520218],
[[750.0,250.0,250.0],0.002564244],
[[750.0,300.0,300.0],0.002624366],
[[750.0,350.0,350.0],0.002541307],
[[800.0,1.0,1.0],0.002732515],
[[800.0,75.0,75.0],0.00268268],
[[800.0,150.0,150.0],0.002792044],
[[800.0,200.0,200.0],0.002797805],
[[800.0,250.0,250.0],0.002767044],
[[800.0,300.0,300.0],0.002638735],
[[800.0,350.0,350.0],0.002787326],
[[850.0,1.0,1.0],0.002880336],
[[850.0,75.0,75.0],0.002605842],
[[850.0,150.0,150.0],0.002569573],
[[850.0,200.0,200.0],0.002738213],
[[850.0,250.0,250.0],0.002786221],
[[850.0,300.0,300.0],0.002863752],
[[850.0,350.0,350.0],0.002978362],
[[850.0,400.0,400.0],0.002858261],
[[900.0,1.0,1.0],0.00280956],
[[900.0,75.0,75.0],0.002930605],
[[900.0,150.0,150.0],0.003096892],
[[900.0,200.0,200.0],0.002864273],
[[900.0,250.0,250.0],0.002809757],
[[900.0,300.0,300.0],0.002904067],
[[900.0,350.0,350.0],0.00300416],
[[900.0,400.0,400.0],0.003056328],
[[950.0,1.0,1.0],0.002963522],
[[950.0,75.0,75.0],0.003023954],
[[950.0,150.0,150.0],0.002918579],
[[950.0,200.0,200.0],0.003039785],
[[950.0,250.0,250.0],0.002878512],
[[950.0,300.0,300.0],0.003160713],
[[950.0,350.0,350.0],0.003033356],
[[950.0,400.0,400.0],0.002952083],
[[950.0,450.0,450.0],0.00317688],
[[1000.0,1.0,1.0],0.003000661],
[[1000.0,10.0,10.0],0.002848575],
[[1000.0,75.0,75.0],0.00299588],
[[1000.0,150.0,150.0],0.002995541],
[[1000.0,200.0,200.0],0.003082907],
[[1000.0,250.0,250.0],0.003397084],
[[1000.0,300.0,300.0],0.003115555],
[[1000.0,350.0,350.0],0.003028496],
[[1000.0,400.0,400.0],0.003241992],
[[1000.0,450.0,450.0],0.003412285],
[[1050.0,1.0,1.0],0.003051656],
[[1050.0,75.0,75.0],0.003081645],
[[1050.0,150.0,150.0],0.003275576],
[[1050.0,200.0,200.0],0.003147507],
[[1050.0,250.0,250.0],0.003148026],
[[1050.0,300.0,300.0],0.003238323],
[[1050.0,350.0,350.0],0.003180458],
[[1050.0,400.0,400.0],0.003260795],
[[1050.0,450.0,450.0],0.003255046],
[[1050.0,500.0,500.0],0.003199197],
[[1100.0,1.0,1.0],0.003153294],
[[1100.0,75.0,75.0],0.0030666],
[[1100.0,150.0,150.0],0.003410173],
[[1100.0,200.0,200.0],0.003385614],
[[1100.0,250.0,250.0],0.003410972],
[[1100.0,300.0,300.0],0.003207611],
[[1100.0,350.0,350.0],0.003175025],
[[1100.0,400.0,400.0],0.003437793],
[[1100.0,450.0,450.0],0.00320556],
[[1100.0,500.0,500.0],0.003352385],
[[1150.0,1.0,1.0],0.003171271],
[[1150.0,75.0,75.0],0.003269357],
[[1150.0,150.0,150.0],0.003442823],
[[1150.0,200.0,200.0],0.003055099],
[[1150.0,250.0,250.0],0.003263505],
[[1150.0,300.0,300.0],0.003540451],
[[1150.0,350.0,350.0],0.003443385],
[[1150.0,400.0,400.0],0.003404179],
[[1150.0,450.0,450.0],0.003247029],
[[1150.0,500.0,500.0],0.003122552],
[[1150.0,550.0,550.0],0.003355478],
[[1200.0,1.0,1.0],0.003317838],
[[1200.0,75.0,75.0],0.003355493],
[[1200.0,150.0,150.0],0.003377161],
[[1200.0,200.0,200.0],0.003160939],
[[1200.0,250.0,250.0],0.003140051],
[[1200.0,300.0,300.0],0.003360902],
[[1200.0,350.0,350.0],0.003333932],
[[1200.0,400.0,400.0],0.003181339],
[[1200.0,450.0,450.0],0.003591719],
[[1200.0,500.0,500.0],0.003429708],
[[1200.0,550.0,550.0],0.003520554],
[[1250.0,1.0,1.0],0.00331345],
[[1250.0,10.0,10.0],0.003350685],
[[1250.0,75.0,75.0],0.003148066],
[[1250.0,150.0,150.0],0.003372043],
[[1250.0,200.0,200.0],0.003546825],
[[1250.0,250.0,250.0],0.003465423],
[[1250.0,300.0,300.0],0.003228982],
[[1250.0,350.0,350.0],0.003277398],
[[1250.0,400.0,400.0],0.003667231],
[[1250.0,450.0,450.0],0.003511266],
[[1250.0,500.0,500.0],0.003501332],
[[1250.0,550.0,550.0],0.003677458],
[[1250.0,600.0,600.0],0.003734857],
[[1300.0,1.0,1.0],0.00333596],
[[1300.0,75.0,75.0],0.003601631],
[[1300.0,150.0,150.0],0.003331611],
[[1300.0,200.0,200.0],0.003486869],
[[1300.0,250.0,250.0],0.003581614],
[[1300.0,300.0,300.0],0.003440866],
[[1300.0,350.0,350.0],0.003686862],
[[1300.0,400.0,400.0],0.003538379],
[[1300.0,450.0,450.0],0.003686638],
[[1300.0,500.0,500.0],0.003710585],
[[1300.0,550.0,550.0],0.003309527],
[[1300.0,600.0,600.0],0.003582966],
[[1350.0,1.0,1.0],0.003548896],
[[1350.0,75.0,75.0],0.003522047],
[[1350.0,150.0,150.0],0.00352356],
[[1350.0,200.0,200.0],0.003728],
[[1350.0,250.0,250.0],0.00350899],
[[1350.0,300.0,300.0],0.003529341],
[[1350.0,350.0,350.0],0.003565853],
[[1350.0,400.0,400.0],0.003606085],
[[1350.0,450.0,450.0],0.003563667],
[[1350.0,500.0,500.0],0.003487635],
[[1350.0,550.0,550.0],0.003577631],
[[1350.0,600.0,600.0],0.003870981],
[[1350.0,650.0,650.0],0.003662126],
[[1400.0,1.0,1.0],0.003617025],
[[1400.0,75.0,75.0],0.00343586],
[[1400.0,150.0,150.0],0.003873121],
[[1400.0,200.0,200.0],0.003556605],
[[1400.0,250.0,250.0],0.003581429],
[[1400.0,300.0,300.0],0.004166125],
[[1400.0,350.0,350.0],0.003881841],
[[1400.0,400.0,400.0],0.003729035],
[[1400.0,450.0,450.0],0.003456008],
[[1400.0,500.0,500.0],0.003872441],
[[1400.0,550.0,550.0],0.003897649],
[[1400.0,600.0,600.0],0.003774893],
[[1400.0,650.0,650.0],0.003822698],
[[1450.0,1.0,1.0],0.003441566],
[[1450.0,75.0,75.0],0.003520657],
[[1450.0,150.0,150.0],0.003744578],
[[1450.0,200.0,200.0],0.003455474],
[[1450.0,250.0,250.0],0.003783597],
[[1450.0,300.0,300.0],0.003444959],
[[1450.0,350.0,350.0],0.003767804],
[[1450.0,400.0,400.0],0.003899367],
[[1450.0,450.0,450.0],0.003667493],
[[1450.0,500.0,500.0],0.003995222],
[[1450.0,550.0,550.0],0.003778482],
[[1450.0,600.0,600.0],0.003661754],
[[1450.0,650.0,650.0],0.003544936],
[[1450.0,700.0,700.0],0.004016168],
[[1500.0,1.0,1.0],0.003465314],
[[1500.0,10.0,10.0],0.003545693],
[[1500.0,75.0,75.0],0.003527868],
[[1500.0,150.0,150.0],0.003598199],
[[1500.0,200.0,200.0],0.003572762],
[[1500.0,250.0,250.0],0.003671244],
[[1500.0,300.0,300.0],0.003607256],
[[1500.0,350.0,350.0],0.004011247],
[[1500.0,400.0,400.0],0.003811148],
[[1500.0,450.0,450.0],0.003639869],
[[1500.0,500.0,500.0],0.003588951],
[[1500.0,550.0,550.0],0.003756351],
[[1500.0,600.0,600.0],0.003863924],
[[1500.0,650.0,650.0],0.003749781],
[[1500.0,700.0,700.0],0.003640973],
[[1500.0,750.0,750.0],0.00383264],
[[1550.0,1.0,1.0],0.003705671],
[[1550.0,75.0,75.0],0.003828904],
[[1550.0,150.0,150.0],0.003702997],
[[1550.0,200.0,200.0],0.003755411],
[[1550.0,250.0,250.0],0.003700258],
[[1550.0,300.0,300.0],0.003609559],
[[1550.0,350.0,350.0],0.003678378],
[[1550.0,400.0,400.0],0.003858838],
[[1550.0,450.0,450.0],0.003801827],
[[1550.0,500.0,500.0],0.003700524],
[[1550.0,550.0,550.0],0.003625614],
[[1550.0,600.0,600.0],0.003709367],
[[1550.0,650.0,650.0],0.003368879],
[[1550.0,700.0,700.0],0.003753091],
[[1550.0,750.0,750.0],0.00402504],
[[1600.0,1.0,1.0],0.00346611],
[[1600.0,75.0,75.0],0.003647626],
[[1600.0,150.0,150.0],0.004043081],
[[1600.0,200.0,200.0],0.003709608],
[[1600.0,250.0,250.0],0.00411511],
[[1600.0,300.0,300.0],0.003885903],
[[1600.0,350.0,350.0],0.003739175],
[[1600.0,400.0,400.0],0.003805705],
[[1600.0,450.0,450.0],0.003762027],
[[1600.0,500.0,500.0],0.003539302],
[[1600.0,550.0,550.0],0.003878845],
[[1600.0,600.0,600.0],0.003733475],
[[1600.0,650.0,650.0],0.003645824],
[[1600.0,700.0,700.0],0.004120449],
[[1600.0,750.0,750.0],0.003492047],
[[1650.0,1.0,1.0],0.003672525],
[[1650.0,75.0,75.0],0.003674911],
[[1650.0,150.0,150.0],0.00359535],
[[1650.0,200.0,200.0],0.003664313],
[[1650.0,250.0,250.0],0.00371141],
[[1650.0,300.0,300.0],0.003658725],
[[1650.0,350.0,350.0],0.003695359],
[[1650.0,400.0,400.0],0.004015867],
[[1650.0,450.0,450.0],0.003732493],
[[1650.0,500.0,500.0],0.003799107],
[[1650.0,550.0,550.0],0.003939818],
[[1650.0,600.0,600.0],0.003626377],
[[1650.0,650.0,650.0],0.00345491],
[[1650.0,700.0,700.0],0.003725998],
[[1650.0,750.0,750.0],0.003811572],
[[1650.0,800.0,800.0],0.004129145],
[[1700.0,1.0,1.0],0.003656577],
[[1700.0,75.0,75.0],0.003589372],
[[1700.0,150.0,150.0],0.003640762],
[[1700.0,200.0,200.0],0.003729202],
[[1700.0,250.0,250.0],0.003935058],
[[1700.0,300.0,300.0],0.003945938],
[[1700.0,350.0,350.0],0.003840505],
[[1700.0,400.0,400.0],0.003933057],
[[1700.0,450.0,450.0],0.003821635],
[[1700.0,500.0,500.0],0.003721187],
[[1700.0,550.0,550.0],0.003638112],
[[1700.0,600.0,600.0],0.004069958],
[[1700.0,650.0,650.0],0.004089979],
[[1700.0,700.0,700.0],0.003962216],
[[1700.0,750.0,750.0],0.004077445],
[[1700.0,800.0,800.0],0.003729086],
[[1750.0,1.0,1.0],0.003704759],
[[1750.0,10.0,10.0],0.003764371],
[[1750.0,75.0,75.0],0.003754739],
[[1750.0,150.0,150.0],0.003885202],
[[1750.0,200.0,200.0],0.003931881],
[[1750.0,250.0,250.0],0.003544011],
[[1750.0,300.0,300.0],0.003922941],
[[1750.0,350.0,350.0],0.003940047],
[[1750.0,400.0,400.0],0.00385148],
[[1750.0,450.0,450.0],0.0038866],
[[1750.0,500.0,500.0],0.003683766],
[[1750.0,550.0,550.0],0.003933832],
[[1750.0,600.0,600.0],0.003852217],
[[1750.0,650.0,650.0],0.004246995],
[[1750.0,700.0,700.0],0.004239666],
[[1750.0,750.0,750.0],0.004209222],
[[1750.0,800.0,800.0],0.004001316],
[[1750.0,850.0,850.0],0.003912729],
[[1800.0,1.0,1.0],0.003985245],
[[1800.0,75.0,75.0],0.003680341],
[[1800.0,150.0,150.0],0.003931674],
[[1800.0,200.0,200.0],0.00401555],
[[1800.0,250.0,250.0],0.003781668],
[[1800.0,300.0,300.0],0.003979517],
[[1800.0,350.0,350.0],0.0039477],
[[1800.0,400.0,400.0],0.00400603],
[[1800.0,450.0,450.0],0.004415229],
[[1800.0,500.0,500.0],0.003939372],
[[1800.0,550.0,550.0],0.00416561],
[[1800.0,600.0,600.0],0.003891288],
[[1800.0,650.0,650.0],0.003942732],
[[1800.0,700.0,700.0],0.004096012],
[[1800.0,750.0,750.0],0.003920421],
[[1800.0,800.0,800.0],0.00438495],
[[1800.0,850.0,850.0],0.003901382],
[[1850.0,1.0,1.0],0.003889534],
[[1850.0,75.0,75.0],0.003761785],
[[1850.0,150.0,150.0],0.00384623],
[[1850.0,200.0,200.0],0.003772309],
[[1850.0,250.0,250.0],0.003649775],
[[1850.0,300.0,300.0],0.004288218],
[[1850.0,350.0,350.0],0.00361718],
[[1850.0,400.0,400.0],0.004226564],
[[1850.0,450.0,450.0],0.004179311],
[[1850.0,500.0,500.0],0.00394813],
[[1850.0,550.0,550.0],0.004354656],
[[1850.0,600.0,600.0],0.004060985],
[[1850.0,650.0,650.0],0.00423042],
[[1850.0,700.0,700.0],0.003996119],
[[1850.0,750.0,750.0],0.00402854],
[[1850.0,800.0,800.0],0.004050075],
[[1850.0,850.0,850.0],0.004335291],
[[1850.0,900.0,900.0],0.003954678],
[[1900.0,1.0,1.0],0.003999904],
[[1900.0,75.0,75.0],0.003919174],
[[1900.0,150.0,150.0],0.004000827],
[[1900.0,200.0,200.0],0.00399067],
[[1900.0,250.0,250.0],0.004375827],
[[1900.0,300.0,300.0],0.004003445],
[[1900.0,350.0,350.0],0.004017867],
[[1900.0,400.0,400.0],0.004300062],
[[1900.0,450.0,450.0],0.004049073],
[[1900.0,500.0,500.0],0.003996516],
[[1900.0,550.0,550.0],0.00403551],
[[1900.0,600.0,600.0],0.004071925],
[[1900.0,650.0,650.0],0.003964487],
[[1900.0,700.0,700.0],0.004160492],
[[1900.0,750.0,750.0],0.003965858],
[[1900.0,800.0,800.0],0.004077285],
[[1900.0,850.0,850.0],0.004297122],
[[1900.0,900.0,900.0],0.003856548],
[[1950.0,1.0,1.0],0.003838768],
[[1950.0,75.0,75.0],0.003746673],
[[1950.0,150.0,150.0],0.0039506],
[[1950.0,200.0,200.0],0.003974264],
[[1950.0,250.0,250.0],0.004141456],
[[1950.0,300.0,300.0],0.004088388],
[[1950.0,350.0,350.0],0.003956646],
[[1950.0,400.0,400.0],0.004212827],
[[1950.0,450.0,450.0],0.004013814],
[[1950.0,500.0,500.0],0.004158698],
[[1950.0,550.0,550.0],0.004158981],
[[1950.0,600.0,600.0],0.004255225],
[[1950.0,650.0,650.0],0.004052281],
[[1950.0,700.0,700.0],0.004247846],
[[1950.0,750.0,750.0],0.004096882],
[[1950.0,800.0,800.0],0.004039698],
[[1950.0,850.0,850.0],0.003916354],
[[1950.0,900.0,900.0],0.004071734],
[[1950.0,950.0,950.0],0.004058938],
[[2000.0,1.0,1.0],0.004449165],
[[2000.0,75.0,75.0],0.004205777],
[[2000.0,150.0,150.0],0.004265928],
[[2000.0,200.0,200.0],0.004432722],
[[2000.0,250.0,250.0],0.003850668],
[[2000.0,300.0,300.0],0.003886175],
[[2000.0,350.0,350.0],0.003931125],
[[2000.0,400.0,400.0],0.004468508],
[[2000.0,450.0,450.0],0.003894569],
[[2000.0,500.0,500.0],0.004271693],
[[2000.0,550.0,550.0],0.004049868],
[[2000.0,600.0,600.0],0.00432713],
[[2000.0,650.0,650.0],0.004209775],
[[2000.0,700.0,700.0],0.004180125],
[[2000.0,750.0,750.0],0.004464011],
[[2000.0,800.0,800.0],0.004154983],
[[2000.0,850.0,850.0],0.004088656],
[[2000.0,900.0,900.0],0.004241853],
[[2000.0,950.0,950.0],0.004045508],
[[2250.0,1.0,1.0],0.00459239],
[[2250.0,75.0,75.0],0.004279272],
[[2250.0,150.0,150.0],0.004121839],
[[2250.0,300.0,300.0],0.004367014],
[[2250.0,500.0,500.0],0.004056586],
[[2250.0,750.0,750.0],0.004108076],
[[2250.0,1000.0,1000.0],0.004610246],
[[2500.0,1.0,1.0],0.004679334],
[[2500.0,75.0,75.0],0.004700431],
[[2500.0,150.0,150.0],0.004838568],
[[2500.0,300.0,300.0],0.004217884],
[[2500.0,500.0,500.0],0.004244617],
[[2500.0,750.0,750.0],0.004047098],
[[2500.0,1000.0,1000.0],0.004586529],
[[2500.0,1200.0,1200.0],0.004546053],
[[2750.0,1.0,1.0],0.004894918],
[[2750.0,75.0,75.0],0.004968609],
[[2750.0,150.0,150.0],0.004551713],
[[2750.0,300.0,300.0],0.004789342],
[[2750.0,500.0,500.0],0.004833182],
[[2750.0,750.0,750.0],0.004981804],
[[2750.0,1000.0,1000.0],0.004685549],
[[2750.0,1200.0,1200.0],0.005297481],
[[3000.0,1.0,1.0],0.005072833],
[[3000.0,75.0,75.0],0.005052428],
[[3000.0,150.0,150.0],0.005656413],
[[3000.0,300.0,300.0],0.00492803],
[[3000.0,500.0,500.0],0.005116708],
[[3000.0,750.0,750.0],0.005586065],
[[3000.0,1000.0,1000.0],0.005325774],
[[3000.0,1200.0,1200.0],0.005253351],
[[3000.0,1400.0,1400.0],0.005372869]]
