txName: TRS1
constraint: {(PV > H0(1)), (H0(1) > MET(2),MET(3))}
condition: None
conditionDescription: None
figureUrl: https://cms-results.web.cern.ch/cms-results/public-results/publications/EXO-20-004/CMS-EXO-20-004_Figure_009-a.png
source: https://doi.org/10.5281/zenodo.13324003
validated: True
axesMap: [{0: 'x', 1: '1.0', 2: '1.0'}, {0: 'x', 1: 'y', 2: 'y'}]
dataMap: {0: (1, 'mass', GeV), 1: (2, 'mass', GeV), 2: (3, 'mass', GeV)}
finalState: ['MET', 'MET']
intermediateState: None
efficiencyMap: [[[100.0,1.0,1.0],7.203786e-07],
[[100.0,10.0,10.0],9.848185e-07],
[[150.0,1.0,1.0],1.641406e-06],
[[150.0,50.0,50.0],1.526505e-06],
[[200.0,1.0,1.0],2.7068e-06],
[[200.0,50.0,50.0],3.093203e-06],
[[200.0,100.0,100.0],6.207847e-06],
[[250.0,1.0,1.0],4.218135e-06],
[[250.0,10.0,10.0],5.050171e-06],
[[250.0,50.0,50.0],4.115588e-06],
[[250.0,100.0,100.0],4.155626e-06],
[[300.0,1.0,1.0],7.153592e-06],
[[300.0,50.0,50.0],4.990638e-06],
[[300.0,100.0,100.0],6.016725e-06],
[[350.0,1.0,1.0],5.503739e-06],
[[350.0,50.0,50.0],6.45618e-06],
[[350.0,100.0,100.0],6.672831e-06],
[[350.0,150.0,150.0],6.598197e-06],
[[400.0,1.0,1.0],9.339483e-06],
[[400.0,50.0,50.0],6.506945e-06],
[[400.0,100.0,100.0],8.067876e-06],
[[400.0,150.0,150.0],6.899099e-06],
[[450.0,1.0,1.0],1.022215e-05],
[[450.0,50.0,50.0],9.838621e-06],
[[450.0,100.0,100.0],1.013891e-05],
[[450.0,150.0,150.0],1.094155e-05],
[[450.0,200.0,200.0],1.085096e-05],
[[500.0,1.0,1.0],1.308381e-05],
[[500.0,10.0,10.0],1.383334e-05],
[[500.0,50.0,50.0],1.719632e-05],
[[500.0,100.0,100.0],1.489103e-05],
[[500.0,150.0,150.0],1.391038e-05],
[[500.0,200.0,200.0],1.812752e-05],
[[550.0,1.0,1.0],2.204469e-05],
[[550.0,50.0,50.0],1.83877e-05],
[[550.0,100.0,100.0],2.238624e-05],
[[550.0,150.0,150.0],2.353954e-05],
[[550.0,200.0,200.0],1.867495e-05],
[[550.0,250.0,250.0],2.454386e-05],
[[600.0,1.0,1.0],3.300395e-05],
[[600.0,50.0,50.0],3.128202e-05],
[[600.0,100.0,100.0],2.667123e-05],
[[600.0,150.0,150.0],2.36726e-05],
[[600.0,200.0,200.0],3.141179e-05],
[[600.0,250.0,250.0],3.455804e-05],
[[650.0,1.0,1.0],3.551659e-05],
[[650.0,50.0,50.0],4.079563e-05],
[[650.0,100.0,100.0],3.723969e-05],
[[650.0,150.0,150.0],4.129431e-05],
[[650.0,200.0,200.0],3.620781e-05],
[[650.0,250.0,250.0],3.616732e-05],
[[650.0,300.0,300.0],4.465579e-05],
[[700.0,1.0,1.0],4.153943e-05],
[[700.0,50.0,50.0],4.614019e-05],
[[700.0,100.0,100.0],4.261447e-05],
[[700.0,150.0,150.0],4.719208e-05],
[[700.0,200.0,200.0],5.015092e-05],
[[700.0,250.0,250.0],5.191549e-05],
[[700.0,300.0,300.0],5.526691e-05],
[[750.0,1.0,1.0],5.532013e-05],
[[750.0,10.0,10.0],6.285455e-05],
[[750.0,50.0,50.0],5.08496e-05],
[[750.0,100.0,100.0],5.077921e-05],
[[750.0,150.0,150.0],5.690837e-05],
[[750.0,200.0,200.0],6.215618e-05],
[[750.0,250.0,250.0],6.063913e-05],
[[750.0,300.0,300.0],6.401109e-05],
[[750.0,350.0,350.0],7.203008e-05],
[[800.0,1.0,1.0],7.111187e-05],
[[800.0,150.0,150.0],7.71031e-05],
[[800.0,200.0,200.0],7.124852e-05],
[[800.0,250.0,250.0],8.876055e-05],
[[800.0,300.0,300.0],7.953806e-05],
[[800.0,350.0,350.0],8.158279e-05],
[[850.0,1.0,1.0],8.123037e-05],
[[850.0,150.0,150.0],8.621093e-05],
[[850.0,200.0,200.0],0.000102871],
[[850.0,250.0,250.0],8.575581e-05],
[[850.0,300.0,300.0],7.808211e-05],
[[850.0,350.0,350.0],0.0001169901],
[[850.0,400.0,400.0],9.503501e-05],
[[900.0,1.0,1.0],8.762691e-05],
[[900.0,150.0,150.0],9.588858e-05],
[[900.0,200.0,200.0],0.0001086645],
[[900.0,250.0,250.0],0.0001006185],
[[900.0,300.0,300.0],0.0001017905],
[[900.0,350.0,350.0],0.0001060032],
[[900.0,400.0,400.0],0.0001433627],
[[950.0,1.0,1.0],0.0001137779],
[[950.0,150.0,150.0],0.000124181],
[[950.0,200.0,200.0],0.0001243202],
[[950.0,250.0,250.0],0.000153552],
[[950.0,300.0,300.0],0.00014576],
[[950.0,350.0,350.0],0.000154395],
[[950.0,400.0,400.0],0.0001287561],
[[950.0,450.0,450.0],0.0001254343],
[[1000.0,1.0,1.0],0.0001591077],
[[1000.0,10.0,10.0],0.0001327558],
[[1000.0,50.0,50.0],0.0001263911],
[[1000.0,100.0,100.0],0.0001374097],
[[1000.0,150.0,150.0],0.0001382506],
[[1000.0,200.0,200.0],0.0001292947],
[[1000.0,250.0,250.0],0.0001507946],
[[1000.0,300.0,300.0],0.0001642781],
[[1000.0,350.0,350.0],0.0001537773],
[[1000.0,400.0,400.0],0.0001441528],
[[1000.0,450.0,450.0],0.0001839218],
[[1050.0,1.0,1.0],0.0001270727],
[[1050.0,150.0,150.0],0.0001461936],
[[1050.0,200.0,200.0],0.0002427501],
[[1050.0,250.0,250.0],0.0001721592],
[[1050.0,300.0,300.0],0.0001865819],
[[1050.0,350.0,350.0],0.0001791789],
[[1050.0,400.0,400.0],0.0002356043],
[[1050.0,450.0,450.0],0.0001930523],
[[1050.0,500.0,500.0],0.0002137717],
[[1100.0,1.0,1.0],0.0002580965],
[[1100.0,150.0,150.0],0.0001955343],
[[1100.0,200.0,200.0],0.0001800829],
[[1100.0,250.0,250.0],0.0001778637],
[[1100.0,300.0,300.0],0.0002223657],
[[1100.0,350.0,350.0],0.0002020496],
[[1100.0,400.0,400.0],0.0002149215],
[[1100.0,450.0,450.0],0.000213905],
[[1100.0,500.0,500.0],0.0002068601],
[[1150.0,1.0,1.0],0.0001974256],
[[1150.0,150.0,150.0],0.0002041345],
[[1150.0,200.0,200.0],0.0002158321],
[[1150.0,250.0,250.0],0.0002192026],
[[1150.0,300.0,300.0],0.0002165963],
[[1150.0,350.0,350.0],0.0002190478],
[[1150.0,400.0,400.0],0.0002572178],
[[1150.0,450.0,450.0],0.0002386409],
[[1150.0,500.0,500.0],0.0003170591],
[[1150.0,550.0,550.0],0.0003352625],
[[1200.0,1.0,1.0],0.000170814],
[[1200.0,150.0,150.0],0.0002034987],
[[1200.0,200.0,200.0],0.0001889507],
[[1200.0,250.0,250.0],0.0002230007],
[[1200.0,300.0,300.0],0.0002485547],
[[1200.0,350.0,350.0],0.0002659149],
[[1200.0,400.0,400.0],0.0002418876],
[[1200.0,450.0,450.0],0.0002956745],
[[1200.0,500.0,500.0],0.0002739436],
[[1200.0,550.0,550.0],0.0002524309],
[[1250.0,1.0,1.0],0.000178588],
[[1250.0,10.0,10.0],0.0002117568],
[[1250.0,50.0,50.0],0.0001889632],
[[1250.0,100.0,100.0],0.0002149652],
[[1250.0,150.0,150.0],0.0002195708],
[[1250.0,200.0,200.0],0.000269005],
[[1250.0,250.0,250.0],0.0002133075],
[[1250.0,300.0,300.0],0.000277801],
[[1250.0,350.0,350.0],0.0002563248],
[[1250.0,400.0,400.0],0.0002579938],
[[1250.0,450.0,450.0],0.0002896862],
[[1250.0,500.0,500.0],0.0003450165],
[[1250.0,550.0,550.0],0.0003316619],
[[1250.0,600.0,600.0],0.0003189313],
[[1300.0,1.0,1.0],0.0003242934],
[[1300.0,150.0,150.0],0.0002449408],
[[1300.0,200.0,200.0],0.000229047],
[[1300.0,250.0,250.0],0.0002403178],
[[1300.0,300.0,300.0],0.0002645922],
[[1300.0,350.0,350.0],0.000293302],
[[1300.0,400.0,400.0],0.0005980172],
[[1300.0,450.0,450.0],0.0003191015],
[[1300.0,500.0,500.0],0.0002969896],
[[1300.0,550.0,550.0],0.0003347629],
[[1300.0,600.0,600.0],0.0003327735],
[[1350.0,1.0,1.0],0.0002593414],
[[1350.0,150.0,150.0],0.0003094104],
[[1350.0,200.0,200.0],0.0002663821],
[[1350.0,250.0,250.0],0.0002869892],
[[1350.0,300.0,300.0],0.000337085],
[[1350.0,350.0,350.0],0.0003858865],
[[1350.0,400.0,400.0],0.0003415421],
[[1350.0,450.0,450.0],0.0003430806],
[[1350.0,500.0,500.0],0.0003158546],
[[1350.0,550.0,550.0],0.0004181256],
[[1350.0,600.0,600.0],0.0003269916],
[[1350.0,650.0,650.0],0.000567418],
[[1400.0,1.0,1.0],0.0002072944],
[[1400.0,150.0,150.0],0.0002671031],
[[1400.0,200.0,200.0],0.0002846986],
[[1400.0,250.0,250.0],0.0004408251],
[[1400.0,300.0,300.0],0.0002963956],
[[1400.0,350.0,350.0],0.0002826592],
[[1400.0,400.0,400.0],0.0004652159],
[[1400.0,450.0,450.0],0.0004405271],
[[1400.0,500.0,500.0],0.0003559652],
[[1400.0,550.0,550.0],0.0004545836],
[[1400.0,600.0,600.0],0.0004753933],
[[1400.0,650.0,650.0],0.0003435847],
[[1450.0,1.0,1.0],0.0002361614],
[[1450.0,150.0,150.0],0.000301802],
[[1450.0,200.0,200.0],0.0003880101],
[[1450.0,250.0,250.0],0.0003373727],
[[1450.0,300.0,300.0],0.0003219347],
[[1450.0,350.0,350.0],0.0007249567],
[[1450.0,400.0,400.0],0.0004800247],
[[1450.0,450.0,450.0],0.0004150083],
[[1450.0,500.0,500.0],0.000397795],
[[1450.0,550.0,550.0],0.0003758925],
[[1450.0,600.0,600.0],0.0003895186],
[[1450.0,650.0,650.0],0.000543892],
[[1450.0,700.0,700.0],0.000430241],
[[1500.0,1.0,1.0],0.000510242],
[[1500.0,10.0,10.0],0.0002345841],
[[1500.0,50.0,50.0],0.0002843972],
[[1500.0,100.0,100.0],0.0002779716],
[[1500.0,150.0,150.0],0.000306311],
[[1500.0,200.0,200.0],0.0003068794],
[[1500.0,250.0,250.0],0.000390096],
[[1500.0,300.0,300.0],0.0005254518],
[[1500.0,350.0,350.0],0.0003404179],
[[1500.0,400.0,400.0],0.0003129004],
[[1500.0,450.0,450.0],0.0004462674],
[[1500.0,500.0,500.0],0.0003900661],
[[1500.0,550.0,550.0],0.0005140776],
[[1500.0,600.0,600.0],0.0004122005],
[[1500.0,650.0,650.0],0.0003896518],
[[1500.0,700.0,700.0],0.0004498178],
[[1500.0,750.0,750.0],0.0005325036],
[[1550.0,1.0,1.0],0.0002521322],
[[1550.0,150.0,150.0],0.0002991836],
[[1550.0,200.0,200.0],0.0003453626],
[[1550.0,250.0,250.0],0.0003900941],
[[1550.0,300.0,300.0],0.0003473846],
[[1550.0,350.0,350.0],0.0006202565],
[[1550.0,400.0,400.0],0.0004071145],
[[1550.0,450.0,450.0],0.000535126],
[[1550.0,500.0,500.0],0.0004382922],
[[1550.0,550.0,550.0],0.0004017847],
[[1550.0,600.0,600.0],0.000644741],
[[1550.0,650.0,650.0],0.0004553846],
[[1550.0,700.0,700.0],0.0004385226],
[[1550.0,750.0,750.0],0.0005081838],
[[1600.0,1.0,1.0],0.0003444904],
[[1600.0,150.0,150.0],0.0002953149],
[[1600.0,200.0,200.0],0.000459042],
[[1600.0,250.0,250.0],0.0003328121],
[[1600.0,300.0,300.0],0.000342363],
[[1600.0,350.0,350.0],0.000494876],
[[1600.0,400.0,400.0],0.0004267145],
[[1600.0,450.0,450.0],0.0004463434],
[[1600.0,500.0,500.0],0.0004401564],
[[1600.0,550.0,550.0],0.000501764],
[[1600.0,600.0,600.0],0.0004240736],
[[1600.0,650.0,650.0],0.0005128573],
[[1600.0,700.0,700.0],0.0004183384],
[[1600.0,750.0,750.0],0.0005739241],
[[1650.0,1.0,1.0],0.000259884],
[[1650.0,150.0,150.0],0.0003906413],
[[1650.0,200.0,200.0],0.0003696679],
[[1650.0,250.0,250.0],0.0004130798],
[[1650.0,300.0,300.0],0.0003613507],
[[1650.0,350.0,350.0],0.0004400219],
[[1650.0,400.0,400.0],0.000459952],
[[1650.0,450.0,450.0],0.0004999043],
[[1650.0,500.0,500.0],0.0004951906],
[[1650.0,550.0,550.0],0.0004423765],
[[1650.0,600.0,600.0],0.0004829331],
[[1650.0,650.0,650.0],0.0006201647],
[[1650.0,700.0,700.0],0.0007818113],
[[1650.0,750.0,750.0],0.0005402821],
[[1650.0,800.0,800.0],0.0006605186],
[[1700.0,1.0,1.0],0.0003408342],
[[1700.0,150.0,150.0],0.0003454556],
[[1700.0,200.0,200.0],0.0003898719],
[[1700.0,250.0,250.0],0.0004510009],
[[1700.0,300.0,300.0],0.0004383836],
[[1700.0,350.0,350.0],0.0004399156],
[[1700.0,400.0,400.0],0.0004543353],
[[1700.0,450.0,450.0],0.0004523433],
[[1700.0,500.0,500.0],0.0006401732],
[[1700.0,550.0,550.0],0.0005849482],
[[1700.0,600.0,600.0],0.0006122953],
[[1700.0,650.0,650.0],0.0005834344],
[[1700.0,700.0,700.0],0.000526461],
[[1700.0,750.0,750.0],0.0006236239],
[[1700.0,800.0,800.0],0.0005303516],
[[1750.0,1.0,1.0],0.0002772988],
[[1750.0,10.0,10.0],0.0003172986],
[[1750.0,50.0,50.0],0.0002782875],
[[1750.0,100.0,100.0],0.0003221122],
[[1750.0,150.0,150.0],0.0003667638],
[[1750.0,200.0,200.0],0.0003550748],
[[1750.0,250.0,250.0],0.0003986416],
[[1750.0,300.0,300.0],0.0004379994],
[[1750.0,350.0,350.0],0.0005274421],
[[1750.0,400.0,400.0],0.00052923],
[[1750.0,450.0,450.0],0.0005104623],
[[1750.0,500.0,500.0],0.0005178212],
[[1750.0,550.0,550.0],0.0005871901],
[[1750.0,600.0,600.0],0.0005027012],
[[1750.0,650.0,650.0],0.0005979945],
[[1750.0,700.0,700.0],0.000587561],
[[1750.0,750.0,750.0],0.0006694248],
[[1750.0,800.0,800.0],0.0006042481],
[[1750.0,850.0,850.0],0.0006365027],
[[1800.0,1.0,1.0],0.0003892352],
[[1800.0,150.0,150.0],0.0003392517],
[[1800.0,200.0,200.0],0.0003829436],
[[1800.0,250.0,250.0],0.0004860488],
[[1800.0,300.0,300.0],0.0005251151],
[[1800.0,350.0,350.0],0.0004843521],
[[1800.0,400.0,400.0],0.0005629357],
[[1800.0,450.0,450.0],0.0008004886],
[[1800.0,500.0,500.0],0.0006258755],
[[1800.0,550.0,550.0],0.001057204],
[[1800.0,600.0,600.0],0.0005884727],
[[1800.0,650.0,650.0],0.0006991781],
[[1800.0,700.0,700.0],0.0005429336],
[[1800.0,750.0,750.0],0.0006072408],
[[1800.0,800.0,800.0],0.0006705025],
[[1800.0,850.0,850.0],0.0005524729],
[[1850.0,1.0,1.0],0.0003233547],
[[1850.0,150.0,150.0],0.0004648643],
[[1850.0,200.0,200.0],0.0005757546],
[[1850.0,250.0,250.0],0.0004259138],
[[1850.0,300.0,300.0],0.0005186605],
[[1850.0,350.0,350.0],0.0004405155],
[[1850.0,400.0,400.0],0.0005735317],
[[1850.0,450.0,450.0],0.0005302348],
[[1850.0,500.0,500.0],0.0005720309],
[[1850.0,550.0,550.0],0.0005293834],
[[1850.0,600.0,600.0],0.000627376],
[[1850.0,650.0,650.0],0.0006197667],
[[1850.0,700.0,700.0],0.0006253941],
[[1850.0,750.0,750.0],0.000600755],
[[1850.0,800.0,800.0],0.0006831003],
[[1850.0,850.0,850.0],0.000584483],
[[1850.0,900.0,900.0],0.0008212534],
[[1900.0,1.0,1.0],0.000457581],
[[1900.0,150.0,150.0],0.0003486113],
[[1900.0,200.0,200.0],0.0003925123],
[[1900.0,250.0,250.0],0.0004642319],
[[1900.0,300.0,300.0],0.0006523049],
[[1900.0,350.0,350.0],0.0005475454],
[[1900.0,400.0,400.0],0.0006612195],
[[1900.0,450.0,450.0],0.000579968],
[[1900.0,500.0,500.0],0.0005844256],
[[1900.0,550.0,550.0],0.0006710888],
[[1900.0,600.0,600.0],0.0006472539],
[[1900.0,650.0,650.0],0.0006359387],
[[1900.0,700.0,700.0],0.0006277429],
[[1900.0,750.0,750.0],0.0007049106],
[[1900.0,800.0,800.0],0.0005877125],
[[1900.0,850.0,850.0],0.0006021226],
[[1900.0,900.0,900.0],0.0006219019],
[[1950.0,1.0,1.0],0.0003059572],
[[1950.0,150.0,150.0],0.0004017622],
[[1950.0,200.0,200.0],0.0003973196],
[[1950.0,250.0,250.0],0.0004956419],
[[1950.0,300.0,300.0],0.0005225244],
[[1950.0,350.0,350.0],0.0005727946],
[[1950.0,400.0,400.0],0.0005136935],
[[1950.0,450.0,450.0],0.0006026982],
[[1950.0,500.0,500.0],0.0005143492],
[[1950.0,550.0,550.0],0.0006240239],
[[1950.0,600.0,600.0],0.0006281837],
[[1950.0,650.0,650.0],0.0007986875],
[[1950.0,700.0,700.0],0.0006079487],
[[1950.0,750.0,750.0],0.0006877206],
[[1950.0,800.0,800.0],0.0006235178],
[[1950.0,850.0,850.0],0.0006699283],
[[1950.0,900.0,900.0],0.0006699759],
[[1950.0,950.0,950.0],0.0007088514],
[[2000.0,1.0,1.0],0.000286166],
[[2000.0,10.0,10.0],0.0003155686],
[[2000.0,50.0,50.0],0.0002985269],
[[2000.0,100.0,100.0],0.0002763603],
[[2000.0,150.0,150.0],0.0004146322],
[[2000.0,200.0,200.0],0.0005460597],
[[2000.0,250.0,250.0],0.0005373824],
[[2000.0,300.0,300.0],0.0005374925],
[[2000.0,350.0,350.0],0.0004570336],
[[2000.0,400.0,400.0],0.0005951661],
[[2000.0,450.0,450.0],0.000658428],
[[2000.0,500.0,500.0],0.0006189501],
[[2000.0,550.0,550.0],0.0006162663],
[[2000.0,600.0,600.0],0.0007614508],
[[2000.0,650.0,650.0],0.0006760873],
[[2000.0,700.0,700.0],0.0006332596],
[[2000.0,750.0,750.0],0.0008393839],
[[2000.0,800.0,800.0],0.0008508567],
[[2000.0,850.0,850.0],0.0007724004],
[[2000.0,900.0,900.0],0.0007330527],
[[2000.0,950.0,950.0],0.0007295171],
[[2250.0,1.0,1.0],0.0002477404],
[[2250.0,10.0,10.0],0.000263199],
[[2250.0,50.0,50.0],0.000290656],
[[2250.0,100.0,100.0],0.0003331233],
[[2250.0,150.0,150.0],0.000360202],
[[2250.0,300.0,300.0],0.0005836724],
[[2250.0,500.0,500.0],0.0007501173],
[[2250.0,750.0,750.0],0.000803985],
[[2250.0,1000.0,1000.0],0.0008942036],
[[2500.0,1.0,1.0],0.0002358129],
[[2500.0,10.0,10.0],0.0002650647],
[[2500.0,50.0,50.0],0.0002867625],
[[2500.0,100.0,100.0],0.000252291],
[[2500.0,150.0,150.0],0.0004360493],
[[2500.0,300.0,300.0],0.0005732267],
[[2500.0,500.0,500.0],0.0008572468],
[[2500.0,750.0,750.0],0.0009193026],
[[2500.0,1000.0,1000.0],0.001035274],
[[2500.0,1200.0,1200.0],0.001057427],
[[2750.0,1.0,1.0],0.0002351455],
[[2750.0,10.0,10.0],0.0002122093],
[[2750.0,50.0,50.0],0.0002089194],
[[2750.0,100.0,100.0],0.0002628624],
[[2750.0,150.0,150.0],0.0003350601],
[[2750.0,300.0,300.0],0.0005445115],
[[2750.0,500.0,500.0],0.0008397717],
[[2750.0,750.0,750.0],0.0009210583],
[[2750.0,1000.0,1000.0],0.0009530504],
[[2750.0,1200.0,1200.0],0.001019148],
[[3000.0,1.0,1.0],0.0001559882],
[[3000.0,10.0,10.0],0.0001854557],
[[3000.0,50.0,50.0],0.0001887716],
[[3000.0,100.0,100.0],0.0001971069],
[[3000.0,150.0,150.0],0.0002560084],
[[3000.0,300.0,300.0],0.000504357],
[[3000.0,500.0,500.0],0.000820579],
[[3000.0,750.0,750.0],0.00101713],
[[3000.0,1000.0,1000.0],0.001145672],
[[3000.0,1200.0,1200.0],0.001183702],
[[3000.0,1400.0,1400.0],0.00114836]]
