txName: TRV1
constraint: {(PV > Zprime(1)), (Zprime(1) > MET(2),MET(3))}
condition: None
conditionDescription: None
figureUrl: https://cms-results.web.cern.ch/cms-results/public-results/publications/EXO-20-004/CMS-EXO-20-004_Figure_007-b.png
source: CMS
validated: True
axesMap: [{0: 'x', 1: 'y', 2: 'y'}]
dataMap: {0: (1, 'mass', GeV), 1: (2, 'mass', GeV), 2: (3, 'mass', GeV)}
finalState: ['MET', 'MET']
intermediateState: None
efficiencyMap: [[[50.0,1.0,1.0],1.263103e-08],
[[100.0,1.0,1.0],1.346796e-07],
[[100.0,10.0,10.0],1.416182e-07],
[[150.0,1.0,1.0],6.008113e-07],
[[150.0,75.0,75.0],5.159739e-07],
[[200.0,1.0,1.0],9.348384e-07],
[[200.0,75.0,75.0],1.13181e-06],
[[250.0,1.0,1.0],2.97063e-06],
[[250.0,10.0,10.0],1.851969e-06],
[[250.0,75.0,75.0],2.251868e-06],
[[300.0,1.0,1.0],3.67824e-06],
[[300.0,75.0,75.0],3.521644e-06],
[[350.0,1.0,1.0],5.400453e-06],
[[350.0,75.0,75.0],5.666558e-06],
[[350.0,150.0,150.0],4.787063e-06],
[[400.0,1.0,1.0],6.955988e-06],
[[400.0,75.0,75.0],7.852363e-06],
[[400.0,150.0,150.0],9.891317e-06],
[[450.0,1.0,1.0],1.027567e-05],
[[450.0,75.0,75.0],1.199771e-05],
[[450.0,150.0,150.0],9.699956e-06],
[[450.0,200.0,200.0],1.187994e-05],
[[500.0,1.0,1.0],1.79041e-05],
[[500.0,10.0,10.0],1.463156e-05],
[[500.0,75.0,75.0],1.245093e-05],
[[500.0,150.0,150.0],1.418667e-05],
[[500.0,200.0,200.0],1.573894e-05],
[[550.0,1.0,1.0],1.878988e-05],
[[550.0,75.0,75.0],2.105302e-05],
[[550.0,150.0,150.0],1.759861e-05],
[[550.0,200.0,200.0],2.036426e-05],
[[550.0,250.0,250.0],2.545041e-05],
[[600.0,1.0,1.0],2.705415e-05],
[[600.0,75.0,75.0],2.588413e-05],
[[600.0,150.0,150.0],2.434684e-05],
[[600.0,200.0,200.0],2.035695e-05],
[[600.0,250.0,250.0],2.71559e-05],
[[650.0,1.0,1.0],2.890409e-05],
[[650.0,75.0,75.0],3.059103e-05],
[[650.0,150.0,150.0],3.126926e-05],
[[650.0,200.0,200.0],3.162602e-05],
[[650.0,250.0,250.0],3.398147e-05],
[[650.0,300.0,300.0],3.167157e-05],
[[700.0,1.0,1.0],3.30584e-05],
[[700.0,75.0,75.0],3.662408e-05],
[[700.0,150.0,150.0],3.749371e-05],
[[700.0,200.0,200.0],3.572074e-05],
[[700.0,250.0,250.0],4.168419e-05],
[[700.0,300.0,300.0],3.596846e-05],
[[750.0,1.0,1.0],3.606493e-05],
[[750.0,10.0,10.0],3.710072e-05],
[[750.0,75.0,75.0],3.846952e-05],
[[750.0,150.0,150.0],4.139773e-05],
[[750.0,200.0,200.0],4.520741e-05],
[[750.0,250.0,250.0],4.617008e-05],
[[750.0,300.0,300.0],4.420774e-05],
[[750.0,350.0,350.0],3.798627e-05],
[[800.0,1.0,1.0],4.488697e-05],
[[800.0,75.0,75.0],4.636782e-05],
[[800.0,150.0,150.0],4.577796e-05],
[[800.0,200.0,200.0],4.715815e-05],
[[800.0,250.0,250.0],4.211383e-05],
[[800.0,300.0,300.0],3.853102e-05],
[[800.0,350.0,350.0],5.112516e-05],
[[850.0,1.0,1.0],4.822011e-05],
[[850.0,75.0,75.0],5.460056e-05],
[[850.0,150.0,150.0],5.64415e-05],
[[850.0,200.0,200.0],5.827556e-05],
[[850.0,250.0,250.0],5.352662e-05],
[[850.0,300.0,300.0],7.331135e-05],
[[850.0,350.0,350.0],5.25869e-05],
[[850.0,400.0,400.0],6.497049e-05],
[[900.0,1.0,1.0],6.048181e-05],
[[900.0,75.0,75.0],6.404319e-05],
[[900.0,150.0,150.0],5.874822e-05],
[[900.0,200.0,200.0],5.849695e-05],
[[900.0,250.0,250.0],6.941103e-05],
[[900.0,300.0,300.0],6.239437e-05],
[[900.0,350.0,350.0],6.143589e-05],
[[900.0,400.0,400.0],6.044702e-05],
[[950.0,1.0,1.0],6.791953e-05],
[[950.0,75.0,75.0],9.160698e-05],
[[950.0,150.0,150.0],7.213479e-05],
[[950.0,200.0,200.0],6.984223e-05],
[[950.0,250.0,250.0],6.390835e-05],
[[950.0,300.0,300.0],6.206272e-05],
[[950.0,350.0,350.0],7.080674e-05],
[[950.0,400.0,400.0],7.779797e-05],
[[950.0,450.0,450.0],7.295678e-05],
[[1000.0,1.0,1.0],7.58404e-05],
[[1000.0,10.0,10.0],6.70792e-05],
[[1000.0,75.0,75.0],6.859026e-05],
[[1000.0,150.0,150.0],7.299533e-05],
[[1000.0,200.0,200.0],8.412651e-05],
[[1000.0,250.0,250.0],6.981014e-05],
[[1000.0,300.0,300.0],7.938759e-05],
[[1000.0,350.0,350.0],7.384764e-05],
[[1000.0,400.0,400.0],7.327812e-05],
[[1000.0,450.0,450.0],8.358173e-05],
[[1050.0,1.0,1.0],7.747205e-05],
[[1050.0,75.0,75.0],7.780544e-05],
[[1050.0,150.0,150.0],8.327606e-05],
[[1050.0,200.0,200.0],7.075618e-05],
[[1050.0,250.0,250.0],7.229662e-05],
[[1050.0,300.0,300.0],9.750223e-05],
[[1050.0,350.0,350.0],9.631277e-05],
[[1050.0,400.0,400.0],8.748038e-05],
[[1050.0,450.0,450.0],8.340106e-05],
[[1050.0,500.0,500.0],8.699695e-05],
[[1100.0,1.0,1.0],7.191645e-05],
[[1100.0,75.0,75.0],8.234855e-05],
[[1100.0,150.0,150.0],8.338209e-05],
[[1100.0,200.0,200.0],9.213978e-05],
[[1100.0,250.0,250.0],7.340904e-05],
[[1100.0,300.0,300.0],0.0001053344],
[[1100.0,350.0,350.0],8.632222e-05],
[[1100.0,400.0,400.0],9.303076e-05],
[[1100.0,450.0,450.0],9.716978e-05],
[[1100.0,500.0,500.0],9.325472e-05],
[[1150.0,1.0,1.0],8.638083e-05],
[[1150.0,75.0,75.0],0.0001035511],
[[1150.0,150.0,150.0],0.0001203767],
[[1150.0,200.0,200.0],9.075295e-05],
[[1150.0,250.0,250.0],0.0001059431],
[[1150.0,300.0,300.0],0.0001069782],
[[1150.0,350.0,350.0],0.0001041986],
[[1150.0,400.0,400.0],9.105302e-05],
[[1150.0,450.0,450.0],0.0001018898],
[[1150.0,500.0,500.0],0.0001047767],
[[1150.0,550.0,550.0],0.0001095679],
[[1200.0,1.0,1.0],0.000104325],
[[1200.0,75.0,75.0],0.0001057456],
[[1200.0,150.0,150.0],0.0001066055],
[[1200.0,200.0,200.0],9.605129e-05],
[[1200.0,250.0,250.0],9.845704e-05],
[[1200.0,300.0,300.0],0.000105636],
[[1200.0,350.0,350.0],0.0001144905],
[[1200.0,400.0,400.0],0.0001097157],
[[1200.0,450.0,450.0],0.0001134039],
[[1200.0,500.0,500.0],9.939026e-05],
[[1200.0,550.0,550.0],0.0001011884],
[[1250.0,1.0,1.0],0.0001088099],
[[1250.0,10.0,10.0],0.0001163531],
[[1250.0,75.0,75.0],0.0001129993],
[[1250.0,150.0,150.0],9.395207e-05],
[[1250.0,200.0,200.0],0.0001387173],
[[1250.0,250.0,250.0],0.0001237271],
[[1250.0,300.0,300.0],0.0001177216],
[[1250.0,350.0,350.0],0.0001050155],
[[1250.0,400.0,400.0],0.0001236904],
[[1250.0,450.0,450.0],0.0001328751],
[[1250.0,500.0,500.0],0.0001109416],
[[1250.0,550.0,550.0],0.0001257704],
[[1250.0,600.0,600.0],0.0001208606],
[[1300.0,1.0,1.0],0.0001151352],
[[1300.0,75.0,75.0],0.0001287504],
[[1300.0,150.0,150.0],0.0001163492],
[[1300.0,200.0,200.0],0.0001093329],
[[1300.0,250.0,250.0],0.000114427],
[[1300.0,300.0,300.0],0.0001131702],
[[1300.0,350.0,350.0],0.0001149489],
[[1300.0,400.0,400.0],0.0001345606],
[[1300.0,450.0,450.0],0.0001189316],
[[1300.0,500.0,500.0],0.0001176908],
[[1300.0,550.0,550.0],0.0001155573],
[[1300.0,600.0,600.0],0.0001646639],
[[1350.0,1.0,1.0],0.0001202753],
[[1350.0,75.0,75.0],0.0001164998],
[[1350.0,150.0,150.0],0.0001200772],
[[1350.0,200.0,200.0],0.0001080971],
[[1350.0,250.0,250.0],0.0001195555],
[[1350.0,300.0,300.0],0.0001407799],
[[1350.0,350.0,350.0],0.0001235813],
[[1350.0,400.0,400.0],0.0001010797],
[[1350.0,450.0,450.0],0.0001448931],
[[1350.0,500.0,500.0],0.0001501665],
[[1350.0,550.0,550.0],0.000131909],
[[1350.0,600.0,600.0],0.0001236754],
[[1350.0,650.0,650.0],0.0001434595],
[[1400.0,1.0,1.0],0.0001089198],
[[1400.0,75.0,75.0],0.0001414314],
[[1400.0,150.0,150.0],0.0001289058],
[[1400.0,200.0,200.0],0.0001309888],
[[1400.0,250.0,250.0],0.0001324809],
[[1400.0,300.0,300.0],0.0001364428],
[[1400.0,350.0,350.0],0.0001433157],
[[1400.0,400.0,400.0],0.0001362746],
[[1400.0,450.0,450.0],0.0001261741],
[[1400.0,500.0,500.0],0.0001299961],
[[1400.0,550.0,550.0],0.0001361319],
[[1400.0,600.0,600.0],0.00013731],
[[1400.0,650.0,650.0],0.0001768708],
[[1450.0,1.0,1.0],0.0001269804],
[[1450.0,75.0,75.0],0.0001340501],
[[1450.0,150.0,150.0],0.0001525293],
[[1450.0,200.0,200.0],0.0001289343],
[[1450.0,250.0,250.0],0.0001698491],
[[1450.0,300.0,300.0],0.0001602649],
[[1450.0,350.0,350.0],0.0001533344],
[[1450.0,400.0,400.0],0.0001333945],
[[1450.0,450.0,450.0],0.0001361882],
[[1450.0,500.0,500.0],0.0001314588],
[[1450.0,550.0,550.0],0.0001470734],
[[1450.0,600.0,600.0],0.0001654369],
[[1450.0,650.0,650.0],0.0001454979],
[[1450.0,700.0,700.0],0.0001583399],
[[1500.0,1.0,1.0],0.0001280235],
[[1500.0,10.0,10.0],0.0001398618],
[[1500.0,75.0,75.0],0.0001447931],
[[1500.0,150.0,150.0],0.0001512087],
[[1500.0,200.0,200.0],0.0001500881],
[[1500.0,250.0,250.0],0.0001385388],
[[1500.0,300.0,300.0],0.0001415496],
[[1500.0,350.0,350.0],0.0001491436],
[[1500.0,400.0,400.0],0.0001492109],
[[1500.0,450.0,450.0],0.0001401948],
[[1500.0,500.0,500.0],0.000149288],
[[1500.0,550.0,550.0],0.000145598],
[[1500.0,600.0,600.0],0.0001493125],
[[1500.0,650.0,650.0],0.0001631898],
[[1500.0,700.0,700.0],0.0001334163],
[[1500.0,750.0,750.0],0.0001515385],
[[1550.0,1.0,1.0],0.0001484652],
[[1550.0,75.0,75.0],0.0001427553],
[[1550.0,150.0,150.0],0.0001211656],
[[1550.0,200.0,200.0],0.0001411233],
[[1550.0,250.0,250.0],0.000160106],
[[1550.0,300.0,300.0],0.0001391622],
[[1550.0,350.0,350.0],0.0001393839],
[[1550.0,400.0,400.0],0.0001465827],
[[1550.0,450.0,450.0],0.0001597485],
[[1550.0,500.0,500.0],0.0001531495],
[[1550.0,550.0,550.0],0.0001532807],
[[1550.0,600.0,600.0],0.0001551081],
[[1550.0,650.0,650.0],0.0001650434],
[[1550.0,700.0,700.0],0.000148379],
[[1550.0,750.0,750.0],0.0001729866],
[[1600.0,1.0,1.0],0.0001476949],
[[1600.0,75.0,75.0],0.0001593333],
[[1600.0,150.0,150.0],0.0001373343],
[[1600.0,200.0,200.0],0.000177721],
[[1600.0,250.0,250.0],0.0001604393],
[[1600.0,300.0,300.0],0.0001916803],
[[1600.0,350.0,350.0],0.0001428767],
[[1600.0,400.0,400.0],0.0001819221],
[[1600.0,450.0,450.0],0.0001649115],
[[1600.0,500.0,500.0],0.0001621958],
[[1600.0,550.0,550.0],0.0001402222],
[[1600.0,600.0,600.0],0.0001663825],
[[1600.0,650.0,650.0],0.0001680575],
[[1600.0,700.0,700.0],0.0001727859],
[[1600.0,750.0,750.0],0.0001561373],
[[1650.0,1.0,1.0],0.0001377535],
[[1650.0,75.0,75.0],0.0001626755],
[[1650.0,150.0,150.0],0.0001502304],
[[1650.0,200.0,200.0],0.000160778],
[[1650.0,250.0,250.0],0.0001631438],
[[1650.0,300.0,300.0],0.0001588917],
[[1650.0,350.0,350.0],0.0001740529],
[[1650.0,400.0,400.0],0.0001571662],
[[1650.0,450.0,450.0],0.0001633639],
[[1650.0,500.0,500.0],0.0001664676],
[[1650.0,550.0,550.0],0.0001667431],
[[1650.0,600.0,600.0],0.000185526],
[[1650.0,650.0,650.0],0.0001598816],
[[1650.0,700.0,700.0],0.0002042497],
[[1650.0,750.0,750.0],0.0002044767],
[[1650.0,800.0,800.0],0.000163132],
[[1700.0,1.0,1.0],0.0001575991],
[[1700.0,75.0,75.0],0.000158031],
[[1700.0,150.0,150.0],0.0001713949],
[[1700.0,200.0,200.0],0.0001615782],
[[1700.0,250.0,250.0],0.0001669358],
[[1700.0,300.0,300.0],0.0001598226],
[[1700.0,350.0,350.0],0.0001671323],
[[1700.0,400.0,400.0],0.0001810773],
[[1700.0,450.0,450.0],0.0001894341],
[[1700.0,500.0,500.0],0.0001502243],
[[1700.0,550.0,550.0],0.0001572274],
[[1700.0,600.0,600.0],0.0001769464],
[[1700.0,650.0,650.0],0.0001667486],
[[1700.0,700.0,700.0],0.0001758267],
[[1700.0,750.0,750.0],0.0002209264],
[[1700.0,800.0,800.0],0.0002002904],
[[1750.0,1.0,1.0],0.0001602713],
[[1750.0,10.0,10.0],0.0001708514],
[[1750.0,75.0,75.0],0.0001561144],
[[1750.0,150.0,150.0],0.000187857],
[[1750.0,200.0,200.0],0.0001790489],
[[1750.0,250.0,250.0],0.0001614754],
[[1750.0,300.0,300.0],0.0001834061],
[[1750.0,350.0,350.0],0.0001720356],
[[1750.0,400.0,400.0],0.0001417171],
[[1750.0,450.0,450.0],0.0001658911],
[[1750.0,500.0,500.0],0.000197152],
[[1750.0,550.0,550.0],0.0001660715],
[[1750.0,600.0,600.0],0.0001822446],
[[1750.0,650.0,650.0],0.0001607479],
[[1750.0,700.0,700.0],0.000183139],
[[1750.0,750.0,750.0],0.0001821414],
[[1750.0,800.0,800.0],0.0001463156],
[[1750.0,850.0,850.0],0.0001632621],
[[1800.0,1.0,1.0],0.000164565],
[[1800.0,75.0,75.0],0.0001551765],
[[1800.0,150.0,150.0],0.0001672528],
[[1800.0,200.0,200.0],0.0001748434],
[[1800.0,250.0,250.0],0.0001693162],
[[1800.0,300.0,300.0],0.0001569066],
[[1800.0,350.0,350.0],0.000176794],
[[1800.0,400.0,400.0],0.0001882579],
[[1800.0,450.0,450.0],0.0001953341],
[[1800.0,500.0,500.0],0.0001967095],
[[1800.0,550.0,550.0],0.0001506638],
[[1800.0,600.0,600.0],0.0002048165],
[[1800.0,650.0,650.0],0.000186578],
[[1800.0,700.0,700.0],0.0002033021],
[[1800.0,750.0,750.0],0.0001790451],
[[1800.0,800.0,800.0],0.0001992007],
[[1800.0,850.0,850.0],0.0001996132],
[[1850.0,1.0,1.0],0.00016787],
[[1850.0,75.0,75.0],0.0001882818],
[[1850.0,150.0,150.0],0.0001606457],
[[1850.0,200.0,200.0],0.0001928046],
[[1850.0,250.0,250.0],0.0001810613],
[[1850.0,300.0,300.0],0.0001711939],
[[1850.0,350.0,350.0],0.0001746372],
[[1850.0,400.0,400.0],0.0001866186],
[[1850.0,450.0,450.0],0.0001949643],
[[1850.0,500.0,500.0],0.0001688994],
[[1850.0,550.0,550.0],0.000200614],
[[1850.0,600.0,600.0],0.0002057205],
[[1850.0,650.0,650.0],0.000190118],
[[1850.0,700.0,700.0],0.0001907745],
[[1850.0,750.0,750.0],0.0001887678],
[[1850.0,800.0,800.0],0.000179435],
[[1850.0,850.0,850.0],0.0002062585],
[[1850.0,900.0,900.0],0.0001905197],
[[1900.0,1.0,1.0],0.0001685929],
[[1900.0,75.0,75.0],0.0001746631],
[[1900.0,150.0,150.0],0.0001831657],
[[1900.0,200.0,200.0],0.0001865238],
[[1900.0,250.0,250.0],0.0001813776],
[[1900.0,300.0,300.0],0.0001741541],
[[1900.0,350.0,350.0],0.0002021158],
[[1900.0,400.0,400.0],0.0001740504],
[[1900.0,450.0,450.0],0.0001761412],
[[1900.0,500.0,500.0],0.000196311],
[[1900.0,550.0,550.0],0.0001737324],
[[1900.0,600.0,600.0],0.0001972306],
[[1900.0,650.0,650.0],0.0001911548],
[[1900.0,700.0,700.0],0.0002004032],
[[1900.0,750.0,750.0],0.000189565],
[[1900.0,800.0,800.0],0.0002146337],
[[1900.0,850.0,850.0],0.0001791522],
[[1900.0,900.0,900.0],0.0002454996],
[[1950.0,1.0,1.0],0.0001722533],
[[1950.0,75.0,75.0],0.000179828],
[[1950.0,150.0,150.0],0.0001851486],
[[1950.0,200.0,200.0],0.0001965989],
[[1950.0,250.0,250.0],0.0001964343],
[[1950.0,300.0,300.0],0.0001976589],
[[1950.0,350.0,350.0],0.0002110938],
[[1950.0,400.0,400.0],0.000191119],
[[1950.0,450.0,450.0],0.0001998907],
[[1950.0,500.0,500.0],0.0001736669],
[[1950.0,550.0,550.0],0.0001944967],
[[1950.0,600.0,600.0],0.0001808663],
[[1950.0,650.0,650.0],0.0002135759],
[[1950.0,700.0,700.0],0.0002045367],
[[1950.0,750.0,750.0],0.0001955409],
[[1950.0,800.0,800.0],0.0001873439],
[[1950.0,850.0,850.0],0.0002213678],
[[1950.0,900.0,900.0],0.0002278185],
[[1950.0,950.0,950.0],0.0002158318],
[[2000.0,1.0,1.0],0.0001986306],
[[2000.0,75.0,75.0],0.0001960863],
[[2000.0,150.0,150.0],0.0002125947],
[[2000.0,200.0,200.0],0.0002161484],
[[2000.0,250.0,250.0],0.0002015808],
[[2000.0,300.0,300.0],0.000202564],
[[2000.0,350.0,350.0],0.0001994071],
[[2000.0,400.0,400.0],0.0002065819],
[[2000.0,450.0,450.0],0.0001978426],
[[2000.0,500.0,500.0],0.0001819281],
[[2000.0,550.0,550.0],0.0002166034],
[[2000.0,600.0,600.0],0.0002083736],
[[2000.0,650.0,650.0],0.0002089165],
[[2000.0,700.0,700.0],0.0001899162],
[[2000.0,750.0,750.0],0.0001968086],
[[2000.0,800.0,800.0],0.0002166529],
[[2000.0,850.0,850.0],0.0002520827],
[[2000.0,900.0,900.0],0.0002028958],
[[2000.0,950.0,950.0],0.0002444397],
[[2250.0,1.0,1.0],0.0002219884],
[[2250.0,75.0,75.0],0.0002040145],
[[2250.0,150.0,150.0],0.0002031264],
[[2250.0,300.0,300.0],0.0002284429],
[[2250.0,500.0,500.0],0.0002306129],
[[2250.0,750.0,750.0],0.0002422752],
[[2250.0,1000.0,1000.0],0.0002500524],
[[2500.0,1.0,1.0],0.0002364365],
[[2500.0,75.0,75.0],0.0002516299],
[[2500.0,150.0,150.0],0.000230056],
[[2500.0,300.0,300.0],0.0002215223],
[[2500.0,500.0,500.0],0.0002430797],
[[2500.0,750.0,750.0],0.0002281572],
[[2500.0,1000.0,1000.0],0.0002561058],
[[2500.0,1200.0,1200.0],0.0002711816],
[[2750.0,1.0,1.0],0.0002180404],
[[2750.0,75.0,75.0],0.000244444],
[[2750.0,150.0,150.0],0.0002156394],
[[2750.0,300.0,300.0],0.0002276761],
[[2750.0,500.0,500.0],0.0002370871],
[[2750.0,750.0,750.0],0.0002334188],
[[2750.0,1000.0,1000.0],0.0002617871],
[[2750.0,1200.0,1200.0],0.0002442278],
[[3000.0,1.0,1.0],0.0002364197],
[[3000.0,75.0,75.0],0.0002547755],
[[3000.0,150.0,150.0],0.0002470369],
[[3000.0,300.0,300.0],0.0002238532],
[[3000.0,500.0,500.0],0.0002460492],
[[3000.0,750.0,750.0],0.0002566895],
[[3000.0,1000.0,1000.0],0.0002767747],
[[3000.0,1200.0,1200.0],0.0002562879],
[[3000.0,1400.0,1400.0],0.0002195099]]
