txName: TRPV1jjj
constraint: {(PV > anyBSM(1),anyBSM(2)), (anyBSM(1) > jet,jet,anyBSM(3)), (anyBSM(2) > jet,jet,anyBSM(4)), (anyBSM(3) > jet,jet,jet), (anyBSM(4) > jet,jet,jet)}
condition: None
conditionDescription: None
figureUrl: https://atlas.web.cern.ch/Atlas/GROUPS/PHYSICS/PAPERS/SUSY-2018-13/fig_12.png;https://atlas.web.cern.ch/Atlas/GROUPS/PHYSICS/PAPERS/SUSY-2018-13/fig_7b.png;https://atlas.web.cern.ch/Atlas/GROUPS/PHYSICS/PAPERS/SUSY-2018-13/fig_7a.png;https://atlas.web.cern.ch/Atlas/GROUPS/PHYSICS/PAPERS/SUSY-2018-13/fig_8a.png;https://atlas.web.cern.ch/Atlas/GROUPS/PHYSICS/PAPERS/SUSY-2018-13/fig_8b.png;https://atlas.web.cern.ch/Atlas/GROUPS/PHYSICS/PAPERS/SUSY-2018-13/fig_9a.png;https://atlas.web.cern.ch/Atlas/GROUPS/PHYSICS/PAPERS/SUSY-2018-13/fig_9b.png;https://atlas.web.cern.ch/Atlas/GROUPS/PHYSICS/PAPERS/SUSY-2018-13/fig_9c.png;https://atlas.web.cern.ch/Atlas/GROUPS/PHYSICS/PAPERS/SUSY-2018-13/fig_9d.png
source: Recast by A. Lessa
validated: True
axesMap: [{0: 2400.0, 1: 'x', 2: 'y', 3: 2400.0, 4: 'x', 5: 'y'}, {0: 2200.0, 1: 'x', 2: 'y', 3: 2200.0, 4: 'x', 5: 'y'}, {0: 2000.0, 1: 'x', 2: 'y', 3: 2000.0, 4: 'x', 5: 'y'}, {0: 'x', 1: 450.0, 2: 'y', 3: 'x', 4: 450.0, 5: 'y'}, {0: 'x', 1: 'y', 2: 6.582e-14, 3: 'x', 4: 'y', 5: 6.582e-14}, {0: 'x', 1: 'y', 2: 6.582e-15, 3: 'x', 4: 'y', 5: 6.582e-15}, {0: 'x', 1: 'y', 2: 6.582e-16, 3: 'x', 4: 'y', 5: 6.582e-16}, {0: 'x', 1: 'y', 2: 6.582e-17, 3: 'x', 4: 'y', 5: 6.582e-17}]
dataMap: {0: (1, 'mass', GeV), 1: (3, 'mass', GeV), 2: (3, 'totalwidth', GeV), 3: (2, 'mass', GeV), 4: (4, 'mass', GeV), 5: (4, 'totalwidth', GeV)}
finalState: None
intermediateState: None
efficiencyMap: [[[500.0,50.0,6.582e-17,500.0,50.0,6.582e-17],0.0002004],
[[500.0,50.0,1.6132e-16,500.0,50.0,1.6132e-16],0.000654],
[[500.0,50.0,3.9413e-16,500.0,50.0,3.9413e-16],0.001592],
[[500.0,50.0,9.6652e-16,500.0,50.0,9.6652e-16],0.004429],
[[500.0,50.0,2.3676e-15,500.0,50.0,2.3676e-15],0.01009],
[[500.0,50.0,5.7737e-15,500.0,50.0,5.7737e-15],0.01827],
[[500.0,50.0,1.4185e-14,500.0,50.0,1.4185e-14],0.02664],
[[500.0,50.0,3.4642e-14,500.0,50.0,3.4642e-14],0.03199],
[[500.0,50.0,8.5039e-14,500.0,50.0,8.5039e-14],0.02993],
[[500.0,50.0,2.0829e-13,500.0,50.0,2.0829e-13],0.02001],
[[750.0,50.0,6.582e-17,750.0,50.0,6.582e-17],0.0009947],
[[750.0,50.0,1.6132e-16,750.0,50.0,1.6132e-16],0.002374],
[[750.0,50.0,3.9413e-16,750.0,50.0,3.9413e-16],0.006405],
[[750.0,50.0,9.6652e-16,750.0,50.0,9.6652e-16],0.01583],
[[750.0,50.0,2.3676e-15,750.0,50.0,2.3676e-15],0.03683],
[[750.0,50.0,5.7737e-15,750.0,50.0,5.7737e-15],0.06899],
[[750.0,50.0,1.4185e-14,750.0,50.0,1.4185e-14],0.1057],
[[750.0,50.0,3.4642e-14,750.0,50.0,3.4642e-14],0.1311],
[[750.0,50.0,8.5039e-14,750.0,50.0,8.5039e-14],0.1309],
[[750.0,50.0,2.0829e-13,750.0,50.0,2.0829e-13],0.09355],
[[1000.0,50.0,6.582e-17,1000.0,50.0,6.582e-17],0.002023],
[[1000.0,50.0,1.6132e-16,1000.0,50.0,1.6132e-16],0.004918],
[[1000.0,50.0,3.9413e-16,1000.0,50.0,3.9413e-16],0.01167],
[[1000.0,50.0,9.6652e-16,1000.0,50.0,9.6652e-16],0.02789],
[[1000.0,50.0,2.3676e-15,1000.0,50.0,2.3676e-15],0.0609],
[[1000.0,50.0,5.7737e-15,1000.0,50.0,5.7737e-15],0.1172],
[[1000.0,50.0,1.4185e-14,1000.0,50.0,1.4185e-14],0.1833],
[[1000.0,50.0,3.4642e-14,1000.0,50.0,3.4642e-14],0.2382],
[[1000.0,50.0,8.5039e-14,1000.0,50.0,8.5039e-14],0.2483],
[[1000.0,50.0,2.0829e-13,1000.0,50.0,2.0829e-13],0.1936],
[[1250.0,50.0,6.582e-17,1250.0,50.0,6.582e-17],0.002309],
[[1250.0,50.0,1.6132e-16,1250.0,50.0,1.6132e-16],0.005352],
[[1250.0,50.0,3.9413e-16,1250.0,50.0,3.9413e-16],0.01291],
[[1250.0,50.0,9.6652e-16,1250.0,50.0,9.6652e-16],0.0302],
[[1250.0,50.0,2.3676e-15,1250.0,50.0,2.3676e-15],0.06844],
[[1250.0,50.0,5.7737e-15,1250.0,50.0,5.7737e-15],0.1345],
[[1250.0,50.0,1.4185e-14,1250.0,50.0,1.4185e-14],0.22],
[[1250.0,50.0,3.4642e-14,1250.0,50.0,3.4642e-14],0.2929],
[[1250.0,50.0,8.5039e-14,1250.0,50.0,8.5039e-14],0.3186],
[[1250.0,50.0,2.0829e-13,1250.0,50.0,2.0829e-13],0.2648],
[[1500.0,50.0,6.582e-17,1500.0,50.0,6.582e-17],0.002304],
[[1500.0,50.0,1.6132e-16,1500.0,50.0,1.6132e-16],0.005583],
[[1500.0,50.0,3.9413e-16,1500.0,50.0,3.9413e-16],0.01286],
[[1500.0,50.0,9.6652e-16,1500.0,50.0,9.6652e-16],0.03019],
[[1500.0,50.0,2.3676e-15,1500.0,50.0,2.3676e-15],0.06858],
[[1500.0,50.0,5.7737e-15,1500.0,50.0,5.7737e-15],0.1369],
[[1500.0,50.0,1.4185e-14,1500.0,50.0,1.4185e-14],0.2302],
[[1500.0,50.0,3.4642e-14,1500.0,50.0,3.4642e-14],0.318],
[[1500.0,50.0,8.5039e-14,1500.0,50.0,8.5039e-14],0.3543],
[[1500.0,50.0,2.0829e-13,1500.0,50.0,2.0829e-13],0.3102],
[[1700.0,50.0,6.582e-17,1700.0,50.0,6.582e-17],0.00252],
[[1700.0,50.0,1.6132e-16,1700.0,50.0,1.6132e-16],0.005636],
[[1700.0,50.0,3.9413e-16,1700.0,50.0,3.9413e-16],0.01306],
[[1700.0,50.0,9.6652e-16,1700.0,50.0,9.6652e-16],0.02919],
[[1700.0,50.0,2.3676e-15,1700.0,50.0,2.3676e-15],0.06473],
[[1700.0,50.0,5.7737e-15,1700.0,50.0,5.7737e-15],0.1318],
[[1700.0,50.0,1.4185e-14,1700.0,50.0,1.4185e-14],0.2279],
[[1700.0,50.0,3.4642e-14,1700.0,50.0,3.4642e-14],0.3186],
[[1700.0,50.0,8.5039e-14,1700.0,50.0,8.5039e-14],0.3653],
[[1700.0,50.0,2.0829e-13,1700.0,50.0,2.0829e-13],0.3337],
[[1900.0,50.0,6.582e-17,1900.0,50.0,6.582e-17],0.002062],
[[1900.0,50.0,1.6132e-16,1900.0,50.0,1.6132e-16],0.005112],
[[1900.0,50.0,3.9413e-16,1900.0,50.0,3.9413e-16],0.01194],
[[1900.0,50.0,9.6652e-16,1900.0,50.0,9.6652e-16],0.0271],
[[1900.0,50.0,2.3676e-15,1900.0,50.0,2.3676e-15],0.06194],
[[1900.0,50.0,5.7737e-15,1900.0,50.0,5.7737e-15],0.1267],
[[1900.0,50.0,1.4185e-14,1900.0,50.0,1.4185e-14],0.2225],
[[1900.0,50.0,3.4642e-14,1900.0,50.0,3.4642e-14],0.3161],
[[1900.0,50.0,8.5039e-14,1900.0,50.0,8.5039e-14],0.3684],
[[1900.0,50.0,2.0829e-13,1900.0,50.0,2.0829e-13],0.3448],
[[2100.0,50.0,6.582e-17,2100.0,50.0,6.582e-17],0.001983],
[[2100.0,50.0,1.6132e-16,2100.0,50.0,1.6132e-16],0.004701],
[[2100.0,50.0,3.9413e-16,2100.0,50.0,3.9413e-16],0.01125],
[[2100.0,50.0,9.6652e-16,2100.0,50.0,9.6652e-16],0.02553],
[[2100.0,50.0,2.3676e-15,2100.0,50.0,2.3676e-15],0.05696],
[[2100.0,50.0,5.7737e-15,2100.0,50.0,5.7737e-15],0.1176],
[[2100.0,50.0,1.4185e-14,2100.0,50.0,1.4185e-14],0.2081],
[[2100.0,50.0,3.4642e-14,2100.0,50.0,3.4642e-14],0.3053],
[[2100.0,50.0,8.5039e-14,2100.0,50.0,8.5039e-14],0.3629],
[[2100.0,50.0,2.0829e-13,2100.0,50.0,2.0829e-13],0.3462],
[[2300.0,50.0,6.582e-17,2300.0,50.0,6.582e-17],0.001515],
[[2300.0,50.0,1.6132e-16,2300.0,50.0,1.6132e-16],0.004158],
[[2300.0,50.0,3.9413e-16,2300.0,50.0,3.9413e-16],0.009542],
[[2300.0,50.0,9.6652e-16,2300.0,50.0,9.6652e-16],0.02314],
[[2300.0,50.0,2.3676e-15,2300.0,50.0,2.3676e-15],0.05106],
[[2300.0,50.0,5.7737e-15,2300.0,50.0,5.7737e-15],0.1055],
[[2300.0,50.0,1.4185e-14,2300.0,50.0,1.4185e-14],0.1895],
[[2300.0,50.0,3.4642e-14,2300.0,50.0,3.4642e-14],0.2788],
[[2300.0,50.0,8.5039e-14,2300.0,50.0,8.5039e-14],0.3359],
[[2300.0,50.0,2.0829e-13,2300.0,50.0,2.0829e-13],0.3228],
[[2500.0,50.0,6.582e-17,2500.0,50.0,6.582e-17],0.001131],
[[2500.0,50.0,1.6132e-16,2500.0,50.0,1.6132e-16],0.003146],
[[2500.0,50.0,3.9413e-16,2500.0,50.0,3.9413e-16],0.007606],
[[2500.0,50.0,9.6652e-16,2500.0,50.0,9.6652e-16],0.01841],
[[2500.0,50.0,2.3676e-15,2500.0,50.0,2.3676e-15],0.04246],
[[2500.0,50.0,5.7737e-15,2500.0,50.0,5.7737e-15],0.08604],
[[2500.0,50.0,1.4185e-14,2500.0,50.0,1.4185e-14],0.1568],
[[2500.0,50.0,3.4642e-14,2500.0,50.0,3.4642e-14],0.2337],
[[2500.0,50.0,8.5039e-14,2500.0,50.0,8.5039e-14],0.2891],
[[2500.0,50.0,2.0829e-13,2500.0,50.0,2.0829e-13],0.2793],
[[2700.0,50.0,6.582e-17,2700.0,50.0,6.582e-17],0.0009466],
[[2700.0,50.0,1.6132e-16,2700.0,50.0,1.6132e-16],0.002411],
[[2700.0,50.0,3.9413e-16,2700.0,50.0,3.9413e-16],0.005604],
[[2700.0,50.0,9.6652e-16,2700.0,50.0,9.6652e-16],0.0134],
[[2700.0,50.0,2.3676e-15,2700.0,50.0,2.3676e-15],0.02968],
[[2700.0,50.0,5.7737e-15,2700.0,50.0,5.7737e-15],0.06146],
[[2700.0,50.0,1.4185e-14,2700.0,50.0,1.4185e-14],0.1152],
[[2700.0,50.0,3.4642e-14,2700.0,50.0,3.4642e-14],0.1746],
[[2700.0,50.0,8.5039e-14,2700.0,50.0,8.5039e-14],0.213],
[[2700.0,50.0,2.0829e-13,2700.0,50.0,2.0829e-13],0.2114],
[[2900.0,50.0,6.582e-17,2900.0,50.0,6.582e-17],0.0007348],
[[2900.0,50.0,1.6132e-16,2900.0,50.0,1.6132e-16],0.00179],
[[2900.0,50.0,3.9413e-16,2900.0,50.0,3.9413e-16],0.004292],
[[2900.0,50.0,9.6652e-16,2900.0,50.0,9.6652e-16],0.009549],
[[2900.0,50.0,2.3676e-15,2900.0,50.0,2.3676e-15],0.02081],
[[2900.0,50.0,5.7737e-15,2900.0,50.0,5.7737e-15],0.04402],
[[2900.0,50.0,1.4185e-14,2900.0,50.0,1.4185e-14],0.08119],
[[2900.0,50.0,3.4642e-14,2900.0,50.0,3.4642e-14],0.1252],
[[2900.0,50.0,8.5039e-14,2900.0,50.0,8.5039e-14],0.1521],
[[2900.0,50.0,2.0829e-13,2900.0,50.0,2.0829e-13],0.1505],
[[500.0,250.0,6.582e-17,500.0,250.0,6.582e-17],0.002483],
[[500.0,250.0,1.6132e-16,500.0,250.0,1.6132e-16],0.007613],
[[500.0,250.0,3.9413e-16,500.0,250.0,3.9413e-16],0.01842],
[[500.0,250.0,9.6652e-16,500.0,250.0,9.6652e-16],0.03631],
[[500.0,250.0,2.3676e-15,500.0,250.0,2.3676e-15],0.05786],
[[500.0,250.0,5.7737e-15,500.0,250.0,5.7737e-15],0.07627],
[[500.0,250.0,1.4185e-14,500.0,250.0,1.4185e-14],0.08351],
[[500.0,250.0,3.4642e-14,500.0,250.0,3.4642e-14],0.07317],
[[500.0,250.0,8.5039e-14,500.0,250.0,8.5039e-14],0.0397],
[[500.0,250.0,2.0829e-13,500.0,250.0,2.0829e-13],0.01006],
[[750.0,250.0,6.582e-17,750.0,250.0,6.582e-17],0.0114],
[[750.0,250.0,1.6132e-16,750.0,250.0,1.6132e-16],0.03091],
[[750.0,250.0,3.9413e-16,750.0,250.0,3.9413e-16],0.07461],
[[750.0,250.0,9.6652e-16,750.0,250.0,9.6652e-16],0.15],
[[750.0,250.0,2.3676e-15,750.0,250.0,2.3676e-15],0.2354],
[[750.0,250.0,5.7737e-15,750.0,250.0,5.7737e-15],0.3072],
[[750.0,250.0,1.4185e-14,750.0,250.0,1.4185e-14],0.3319],
[[750.0,250.0,3.4642e-14,750.0,250.0,3.4642e-14],0.282],
[[750.0,250.0,8.5039e-14,750.0,250.0,8.5039e-14],0.1544],
[[750.0,250.0,2.0829e-13,750.0,250.0,2.0829e-13],0.0388],
[[1000.0,250.0,6.582e-17,1000.0,250.0,6.582e-17],0.01974],
[[1000.0,250.0,1.6132e-16,1000.0,250.0,1.6132e-16],0.04784],
[[1000.0,250.0,3.9413e-16,1000.0,250.0,3.9413e-16],0.1075],
[[1000.0,250.0,9.6652e-16,1000.0,250.0,9.6652e-16],0.2164],
[[1000.0,250.0,2.3676e-15,1000.0,250.0,2.3676e-15],0.3526],
[[1000.0,250.0,5.7737e-15,1000.0,250.0,5.7737e-15],0.4675],
[[1000.0,250.0,1.4185e-14,1000.0,250.0,1.4185e-14],0.5162],
[[1000.0,250.0,3.4642e-14,1000.0,250.0,3.4642e-14],0.4701],
[[1000.0,250.0,8.5039e-14,1000.0,250.0,8.5039e-14],0.2868],
[[1000.0,250.0,2.0829e-13,1000.0,250.0,2.0829e-13],0.08177],
[[1250.0,250.0,6.582e-17,1250.0,250.0,6.582e-17],0.02174],
[[1250.0,250.0,1.6132e-16,1250.0,250.0,1.6132e-16],0.0512],
[[1250.0,250.0,3.9413e-16,1250.0,250.0,3.9413e-16],0.115],
[[1250.0,250.0,9.6652e-16,1250.0,250.0,9.6652e-16],0.235],
[[1250.0,250.0,2.3676e-15,1250.0,250.0,2.3676e-15],0.3931],
[[1250.0,250.0,5.7737e-15,1250.0,250.0,5.7737e-15],0.5381],
[[1250.0,250.0,1.4185e-14,1250.0,250.0,1.4185e-14],0.6113],
[[1250.0,250.0,3.4642e-14,1250.0,250.0,3.4642e-14],0.5786],
[[1250.0,250.0,8.5039e-14,1250.0,250.0,8.5039e-14],0.3823],
[[1250.0,250.0,2.0829e-13,1250.0,250.0,2.0829e-13],0.1278],
[[1500.0,250.0,6.582e-17,1500.0,250.0,6.582e-17],0.02037],
[[1500.0,250.0,1.6132e-16,1500.0,250.0,1.6132e-16],0.04984],
[[1500.0,250.0,3.9413e-16,1500.0,250.0,3.9413e-16],0.1148],
[[1500.0,250.0,9.6652e-16,1500.0,250.0,9.6652e-16],0.2319],
[[1500.0,250.0,2.3676e-15,1500.0,250.0,2.3676e-15],0.3973],
[[1500.0,250.0,5.7737e-15,1500.0,250.0,5.7737e-15],0.5544],
[[1500.0,250.0,1.4185e-14,1500.0,250.0,1.4185e-14],0.6456],
[[1500.0,250.0,3.4642e-14,1500.0,250.0,3.4642e-14],0.633],
[[1500.0,250.0,8.5039e-14,1500.0,250.0,8.5039e-14],0.4566],
[[1500.0,250.0,2.0829e-13,1500.0,250.0,2.0829e-13],0.1739],
[[1700.0,250.0,6.582e-17,1700.0,250.0,6.582e-17],0.01958],
[[1700.0,250.0,1.6132e-16,1700.0,250.0,1.6132e-16],0.0468],
[[1700.0,250.0,3.9413e-16,1700.0,250.0,3.9413e-16],0.1071],
[[1700.0,250.0,9.6652e-16,1700.0,250.0,9.6652e-16],0.225],
[[1700.0,250.0,2.3676e-15,1700.0,250.0,2.3676e-15],0.3931],
[[1700.0,250.0,5.7737e-15,1700.0,250.0,5.7737e-15],0.557],
[[1700.0,250.0,1.4185e-14,1700.0,250.0,1.4185e-14],0.6593],
[[1700.0,250.0,3.4642e-14,1700.0,250.0,3.4642e-14],0.656],
[[1700.0,250.0,8.5039e-14,1700.0,250.0,8.5039e-14],0.4896],
[[1700.0,250.0,2.0829e-13,1700.0,250.0,2.0829e-13],0.2069],
[[1900.0,250.0,6.582e-17,1900.0,250.0,6.582e-17],0.01899],
[[1900.0,250.0,1.6132e-16,1900.0,250.0,1.6132e-16],0.04454],
[[1900.0,250.0,3.9413e-16,1900.0,250.0,3.9413e-16],0.1005],
[[1900.0,250.0,9.6652e-16,1900.0,250.0,9.6652e-16],0.2076],
[[1900.0,250.0,2.3676e-15,1900.0,250.0,2.3676e-15],0.3731],
[[1900.0,250.0,5.7737e-15,1900.0,250.0,5.7737e-15],0.5445],
[[1900.0,250.0,1.4185e-14,1900.0,250.0,1.4185e-14],0.6537],
[[1900.0,250.0,3.4642e-14,1900.0,250.0,3.4642e-14],0.6617],
[[1900.0,250.0,8.5039e-14,1900.0,250.0,8.5039e-14],0.5168],
[[1900.0,250.0,2.0829e-13,1900.0,250.0,2.0829e-13],0.2319],
[[2100.0,250.0,6.582e-17,2100.0,250.0,6.582e-17],0.01761],
[[2100.0,250.0,1.6132e-16,2100.0,250.0,1.6132e-16],0.04019],
[[2100.0,250.0,3.9413e-16,2100.0,250.0,3.9413e-16],0.09193],
[[2100.0,250.0,9.6652e-16,2100.0,250.0,9.6652e-16],0.1948],
[[2100.0,250.0,2.3676e-15,2100.0,250.0,2.3676e-15],0.3513],
[[2100.0,250.0,5.7737e-15,2100.0,250.0,5.7737e-15],0.5189],
[[2100.0,250.0,1.4185e-14,2100.0,250.0,1.4185e-14],0.6351],
[[2100.0,250.0,3.4642e-14,2100.0,250.0,3.4642e-14],0.6539],
[[2100.0,250.0,8.5039e-14,2100.0,250.0,8.5039e-14],0.5248],
[[2100.0,250.0,2.0829e-13,2100.0,250.0,2.0829e-13],0.2552],
[[2300.0,250.0,6.582e-17,2300.0,250.0,6.582e-17],0.01472],
[[2300.0,250.0,1.6132e-16,2300.0,250.0,1.6132e-16],0.03618],
[[2300.0,250.0,3.9413e-16,2300.0,250.0,3.9413e-16],0.08164],
[[2300.0,250.0,9.6652e-16,2300.0,250.0,9.6652e-16],0.1734],
[[2300.0,250.0,2.3676e-15,2300.0,250.0,2.3676e-15],0.3189],
[[2300.0,250.0,5.7737e-15,2300.0,250.0,5.7737e-15],0.4766],
[[2300.0,250.0,1.4185e-14,2300.0,250.0,1.4185e-14],0.5889],
[[2300.0,250.0,3.4642e-14,2300.0,250.0,3.4642e-14],0.6163],
[[2300.0,250.0,8.5039e-14,2300.0,250.0,8.5039e-14],0.5082],
[[2300.0,250.0,2.0829e-13,2300.0,250.0,2.0829e-13],0.2516],
[[2500.0,250.0,6.582e-17,2500.0,250.0,6.582e-17],0.01216],
[[2500.0,250.0,1.6132e-16,2500.0,250.0,1.6132e-16],0.02924],
[[2500.0,250.0,3.9413e-16,2500.0,250.0,3.9413e-16],0.06632],
[[2500.0,250.0,9.6652e-16,2500.0,250.0,9.6652e-16],0.146],
[[2500.0,250.0,2.3676e-15,2500.0,250.0,2.3676e-15],0.2711],
[[2500.0,250.0,5.7737e-15,2500.0,250.0,5.7737e-15],0.4087],
[[2500.0,250.0,1.4185e-14,2500.0,250.0,1.4185e-14],0.5088],
[[2500.0,250.0,3.4642e-14,2500.0,250.0,3.4642e-14],0.5354],
[[2500.0,250.0,8.5039e-14,2500.0,250.0,8.5039e-14],0.4444],
[[2500.0,250.0,2.0829e-13,2500.0,250.0,2.0829e-13],0.229],
[[2700.0,250.0,6.582e-17,2700.0,250.0,6.582e-17],0.00935],
[[2700.0,250.0,1.6132e-16,2700.0,250.0,1.6132e-16],0.02193],
[[2700.0,250.0,3.9413e-16,2700.0,250.0,3.9413e-16],0.04988],
[[2700.0,250.0,9.6652e-16,2700.0,250.0,9.6652e-16],0.1071],
[[2700.0,250.0,2.3676e-15,2700.0,250.0,2.3676e-15],0.1997],
[[2700.0,250.0,5.7737e-15,2700.0,250.0,5.7737e-15],0.3045],
[[2700.0,250.0,1.4185e-14,2700.0,250.0,1.4185e-14],0.3802],
[[2700.0,250.0,3.4642e-14,2700.0,250.0,3.4642e-14],0.4014],
[[2700.0,250.0,8.5039e-14,2700.0,250.0,8.5039e-14],0.3392],
[[2700.0,250.0,2.0829e-13,2700.0,250.0,2.0829e-13],0.1816],
[[2900.0,250.0,6.582e-17,2900.0,250.0,6.582e-17],0.006983],
[[2900.0,250.0,1.6132e-16,2900.0,250.0,1.6132e-16],0.01522],
[[2900.0,250.0,3.9413e-16,2900.0,250.0,3.9413e-16],0.03385],
[[2900.0,250.0,9.6652e-16,2900.0,250.0,9.6652e-16],0.07356],
[[2900.0,250.0,2.3676e-15,2900.0,250.0,2.3676e-15],0.1401],
[[2900.0,250.0,5.7737e-15,2900.0,250.0,5.7737e-15],0.2141],
[[2900.0,250.0,1.4185e-14,2900.0,250.0,1.4185e-14],0.269],
[[2900.0,250.0,3.4642e-14,2900.0,250.0,3.4642e-14],0.2846],
[[2900.0,250.0,8.5039e-14,2900.0,250.0,8.5039e-14],0.2379],
[[2900.0,250.0,2.0829e-13,2900.0,250.0,2.0829e-13],0.1266],
[[500.0,450.0,6.582e-17,500.0,450.0,6.582e-17],0.002877],
[[500.0,450.0,1.6132e-16,500.0,450.0,1.6132e-16],0.007693],
[[500.0,450.0,3.9413e-16,500.0,450.0,3.9413e-16],0.01821],
[[500.0,450.0,9.6652e-16,500.0,450.0,9.6652e-16],0.03431],
[[500.0,450.0,2.3676e-15,500.0,450.0,2.3676e-15],0.05166],
[[500.0,450.0,5.7737e-15,500.0,450.0,5.7737e-15],0.06365],
[[500.0,450.0,1.4185e-14,500.0,450.0,1.4185e-14],0.06565],
[[500.0,450.0,3.4642e-14,500.0,450.0,3.4642e-14],0.05246],
[[500.0,450.0,8.5039e-14,500.0,450.0,8.5039e-14],0.02334],
[[500.0,450.0,2.0829e-13,500.0,450.0,2.0829e-13],0.003224],
[[750.0,450.0,6.582e-17,750.0,450.0,6.582e-17],0.02496],
[[750.0,450.0,1.6132e-16,750.0,450.0,1.6132e-16],0.06624],
[[750.0,450.0,3.9413e-16,750.0,450.0,3.9413e-16],0.1433],
[[750.0,450.0,9.6652e-16,750.0,450.0,9.6652e-16],0.2448],
[[750.0,450.0,2.3676e-15,750.0,450.0,2.3676e-15],0.3416],
[[750.0,450.0,5.7737e-15,750.0,450.0,5.7737e-15],0.3965],
[[750.0,450.0,1.4185e-14,750.0,450.0,1.4185e-14],0.3813],
[[750.0,450.0,3.4642e-14,750.0,450.0,3.4642e-14],0.2621],
[[750.0,450.0,8.5039e-14,750.0,450.0,8.5039e-14],0.09721],
[[750.0,450.0,2.0829e-13,750.0,450.0,2.0829e-13],0.01194],
[[1000.0,450.0,6.582e-17,1000.0,450.0,6.582e-17],0.04009],
[[1000.0,450.0,1.6132e-16,1000.0,450.0,1.6132e-16],0.09632],
[[1000.0,450.0,3.9413e-16,1000.0,450.0,3.9413e-16],0.2029],
[[1000.0,450.0,9.6652e-16,1000.0,450.0,9.6652e-16],0.3581],
[[1000.0,450.0,2.3676e-15,1000.0,450.0,2.3676e-15],0.5083],
[[1000.0,450.0,5.7737e-15,1000.0,450.0,5.7737e-15],0.5989],
[[1000.0,450.0,1.4185e-14,1000.0,450.0,1.4185e-14],0.5895],
[[1000.0,450.0,3.4642e-14,1000.0,450.0,3.4642e-14],0.426],
[[1000.0,450.0,8.5039e-14,1000.0,450.0,8.5039e-14],0.1683],
[[1000.0,450.0,2.0829e-13,1000.0,450.0,2.0829e-13],0.02574],
[[1250.0,450.0,6.582e-17,1250.0,450.0,6.582e-17],0.04031],
[[1250.0,450.0,1.6132e-16,1250.0,450.0,1.6132e-16],0.09579],
[[1250.0,450.0,3.9413e-16,1250.0,450.0,3.9413e-16],0.2066],
[[1250.0,450.0,9.6652e-16,1250.0,450.0,9.6652e-16],0.3733],
[[1250.0,450.0,2.3676e-15,1250.0,450.0,2.3676e-15],0.5428],
[[1250.0,450.0,5.7737e-15,1250.0,450.0,5.7737e-15],0.6581],
[[1250.0,450.0,1.4185e-14,1250.0,450.0,1.4185e-14],0.6716],
[[1250.0,450.0,3.4642e-14,1250.0,450.0,3.4642e-14],0.527],
[[1250.0,450.0,8.5039e-14,1250.0,450.0,8.5039e-14],0.2429],
[[1250.0,450.0,2.0829e-13,1250.0,450.0,2.0829e-13],0.04275],
[[1500.0,450.0,6.582e-17,1500.0,450.0,6.582e-17],0.04007],
[[1500.0,450.0,1.6132e-16,1500.0,450.0,1.6132e-16],0.09186],
[[1500.0,450.0,3.9413e-16,1500.0,450.0,3.9413e-16],0.1946],
[[1500.0,450.0,9.6652e-16,1500.0,450.0,9.6652e-16],0.3587],
[[1500.0,450.0,2.3676e-15,1500.0,450.0,2.3676e-15],0.5427],
[[1500.0,450.0,5.7737e-15,1500.0,450.0,5.7737e-15],0.6744],
[[1500.0,450.0,1.4185e-14,1500.0,450.0,1.4185e-14],0.7088],
[[1500.0,450.0,3.4642e-14,1500.0,450.0,3.4642e-14],0.5906],
[[1500.0,450.0,8.5039e-14,1500.0,450.0,8.5039e-14],0.301],
[[1500.0,450.0,2.0829e-13,1500.0,450.0,2.0829e-13],0.06303],
[[1700.0,450.0,6.582e-17,1700.0,450.0,6.582e-17],0.03656],
[[1700.0,450.0,1.6132e-16,1700.0,450.0,1.6132e-16],0.0851],
[[1700.0,450.0,3.9413e-16,1700.0,450.0,3.9413e-16],0.1845],
[[1700.0,450.0,9.6652e-16,1700.0,450.0,9.6652e-16],0.3477],
[[1700.0,450.0,2.3676e-15,1700.0,450.0,2.3676e-15],0.5321],
[[1700.0,450.0,5.7737e-15,1700.0,450.0,5.7737e-15],0.6717],
[[1700.0,450.0,1.4185e-14,1700.0,450.0,1.4185e-14],0.7188],
[[1700.0,450.0,3.4642e-14,1700.0,450.0,3.4642e-14],0.6176],
[[1700.0,450.0,8.5039e-14,1700.0,450.0,8.5039e-14],0.3356],
[[1700.0,450.0,2.0829e-13,1700.0,450.0,2.0829e-13],0.07819],
[[1900.0,450.0,6.582e-17,1900.0,450.0,6.582e-17],0.03332],
[[1900.0,450.0,1.6132e-16,1900.0,450.0,1.6132e-16],0.07861],
[[1900.0,450.0,3.9413e-16,1900.0,450.0,3.9413e-16],0.1719],
[[1900.0,450.0,9.6652e-16,1900.0,450.0,9.6652e-16],0.3312],
[[1900.0,450.0,2.3676e-15,1900.0,450.0,2.3676e-15],0.5125],
[[1900.0,450.0,5.7737e-15,1900.0,450.0,5.7737e-15],0.6595],
[[1900.0,450.0,1.4185e-14,1900.0,450.0,1.4185e-14],0.7171],
[[1900.0,450.0,3.4642e-14,1900.0,450.0,3.4642e-14],0.636],
[[1900.0,450.0,8.5039e-14,1900.0,450.0,8.5039e-14],0.3699],
[[1900.0,450.0,2.0829e-13,1900.0,450.0,2.0829e-13],0.09353],
[[2100.0,450.0,6.582e-17,2100.0,450.0,6.582e-17],0.03277],
[[2100.0,450.0,1.6132e-16,2100.0,450.0,1.6132e-16],0.07504],
[[2100.0,450.0,3.9413e-16,2100.0,450.0,3.9413e-16],0.1594],
[[2100.0,450.0,9.6652e-16,2100.0,450.0,9.6652e-16],0.3119],
[[2100.0,450.0,2.3676e-15,2100.0,450.0,2.3676e-15],0.484],
[[2100.0,450.0,5.7737e-15,2100.0,450.0,5.7737e-15],0.6338],
[[2100.0,450.0,1.4185e-14,2100.0,450.0,1.4185e-14],0.6998],
[[2100.0,450.0,3.4642e-14,2100.0,450.0,3.4642e-14],0.633],
[[2100.0,450.0,8.5039e-14,2100.0,450.0,8.5039e-14],0.382],
[[2100.0,450.0,2.0829e-13,2100.0,450.0,2.0829e-13],0.1063],
[[2300.0,450.0,6.582e-17,2300.0,450.0,6.582e-17],0.02886],
[[2300.0,450.0,1.6132e-16,2300.0,450.0,1.6132e-16],0.06422],
[[2300.0,450.0,3.9413e-16,2300.0,450.0,3.9413e-16],0.1441],
[[2300.0,450.0,9.6652e-16,2300.0,450.0,9.6652e-16],0.2781],
[[2300.0,450.0,2.3676e-15,2300.0,450.0,2.3676e-15],0.444],
[[2300.0,450.0,5.7737e-15,2300.0,450.0,5.7737e-15],0.5858],
[[2300.0,450.0,1.4185e-14,2300.0,450.0,1.4185e-14],0.6531],
[[2300.0,450.0,3.4642e-14,2300.0,450.0,3.4642e-14],0.6007],
[[2300.0,450.0,8.5039e-14,2300.0,450.0,8.5039e-14],0.3848],
[[2300.0,450.0,2.0829e-13,2300.0,450.0,2.0829e-13],0.1163],
[[2500.0,450.0,6.582e-17,2500.0,450.0,6.582e-17],0.02325],
[[2500.0,450.0,1.6132e-16,2500.0,450.0,1.6132e-16],0.05336],
[[2500.0,450.0,3.9413e-16,2500.0,450.0,3.9413e-16],0.1189],
[[2500.0,450.0,9.6652e-16,2500.0,450.0,9.6652e-16],0.2327],
[[2500.0,450.0,2.3676e-15,2500.0,450.0,2.3676e-15],0.3774],
[[2500.0,450.0,5.7737e-15,2500.0,450.0,5.7737e-15],0.5045],
[[2500.0,450.0,1.4185e-14,2500.0,450.0,1.4185e-14],0.5679],
[[2500.0,450.0,3.4642e-14,2500.0,450.0,3.4642e-14],0.5341],
[[2500.0,450.0,8.5039e-14,2500.0,450.0,8.5039e-14],0.3537],
[[2500.0,450.0,2.0829e-13,2500.0,450.0,2.0829e-13],0.111],
[[2700.0,450.0,6.582e-17,2700.0,450.0,6.582e-17],0.01623],
[[2700.0,450.0,1.6132e-16,2700.0,450.0,1.6132e-16],0.03846],
[[2700.0,450.0,3.9413e-16,2700.0,450.0,3.9413e-16],0.0892],
[[2700.0,450.0,9.6652e-16,2700.0,450.0,9.6652e-16],0.1741],
[[2700.0,450.0,2.3676e-15,2700.0,450.0,2.3676e-15],0.2878],
[[2700.0,450.0,5.7737e-15,2700.0,450.0,5.7737e-15],0.3864],
[[2700.0,450.0,1.4185e-14,2700.0,450.0,1.4185e-14],0.4332],
[[2700.0,450.0,3.4642e-14,2700.0,450.0,3.4642e-14],0.4042],
[[2700.0,450.0,8.5039e-14,2700.0,450.0,8.5039e-14],0.2701],
[[2700.0,450.0,2.0829e-13,2700.0,450.0,2.0829e-13],0.08541],
[[2900.0,450.0,6.582e-17,2900.0,450.0,6.582e-17],0.01147],
[[2900.0,450.0,1.6132e-16,2900.0,450.0,1.6132e-16],0.02702],
[[2900.0,450.0,3.9413e-16,2900.0,450.0,3.9413e-16],0.06],
[[2900.0,450.0,9.6652e-16,2900.0,450.0,9.6652e-16],0.1185],
[[2900.0,450.0,2.3676e-15,2900.0,450.0,2.3676e-15],0.197],
[[2900.0,450.0,5.7737e-15,2900.0,450.0,5.7737e-15],0.2638],
[[2900.0,450.0,1.4185e-14,2900.0,450.0,1.4185e-14],0.2999],
[[2900.0,450.0,3.4642e-14,2900.0,450.0,3.4642e-14],0.2846],
[[2900.0,450.0,8.5039e-14,2900.0,450.0,8.5039e-14],0.1913],
[[2900.0,450.0,2.0829e-13,2900.0,450.0,2.0829e-13],0.05976],
[[750.0,650.0,6.582e-17,750.0,650.0,6.582e-17],0.01895],
[[750.0,650.0,1.6132e-16,750.0,650.0,1.6132e-16],0.04764],
[[750.0,650.0,3.9413e-16,750.0,650.0,3.9413e-16],0.1005],
[[750.0,650.0,9.6652e-16,750.0,650.0,9.6652e-16],0.1726],
[[750.0,650.0,2.3676e-15,750.0,650.0,2.3676e-15],0.2372],
[[750.0,650.0,5.7737e-15,750.0,650.0,5.7737e-15],0.2743],
[[750.0,650.0,1.4185e-14,750.0,650.0,1.4185e-14],0.26],
[[750.0,650.0,3.4642e-14,750.0,650.0,3.4642e-14],0.1703],
[[750.0,650.0,8.5039e-14,750.0,650.0,8.5039e-14],0.05636],
[[750.0,650.0,2.0829e-13,750.0,650.0,2.0829e-13],0.006187],
[[1000.0,650.0,6.582e-17,1000.0,650.0,6.582e-17],0.05635],
[[1000.0,650.0,1.6132e-16,1000.0,650.0,1.6132e-16],0.1302],
[[1000.0,650.0,3.9413e-16,1000.0,650.0,3.9413e-16],0.2575],
[[1000.0,650.0,9.6652e-16,1000.0,650.0,9.6652e-16],0.4215],
[[1000.0,650.0,2.3676e-15,1000.0,650.0,2.3676e-15],0.5626],
[[1000.0,650.0,5.7737e-15,1000.0,650.0,5.7737e-15],0.6259],
[[1000.0,650.0,1.4185e-14,1000.0,650.0,1.4185e-14],0.5733],
[[1000.0,650.0,3.4642e-14,1000.0,650.0,3.4642e-14],0.3605],
[[1000.0,650.0,8.5039e-14,1000.0,650.0,8.5039e-14],0.1072],
[[1000.0,650.0,2.0829e-13,1000.0,650.0,2.0829e-13],0.01123],
[[1250.0,650.0,6.582e-17,1250.0,650.0,6.582e-17],0.05862],
[[1250.0,650.0,1.6132e-16,1250.0,650.0,1.6132e-16],0.1362],
[[1250.0,650.0,3.9413e-16,1250.0,650.0,3.9413e-16],0.2747],
[[1250.0,650.0,9.6652e-16,1250.0,650.0,9.6652e-16],0.4577],
[[1250.0,650.0,2.3676e-15,1250.0,650.0,2.3676e-15],0.6246],
[[1250.0,650.0,5.7737e-15,1250.0,650.0,5.7737e-15],0.707],
[[1250.0,650.0,1.4185e-14,1250.0,650.0,1.4185e-14],0.6692],
[[1250.0,650.0,3.4642e-14,1250.0,650.0,3.4642e-14],0.4491],
[[1250.0,650.0,8.5039e-14,1250.0,650.0,8.5039e-14],0.1495],
[[1250.0,650.0,2.0829e-13,1250.0,650.0,2.0829e-13],0.01575],
[[1500.0,650.0,6.582e-17,1500.0,650.0,6.582e-17],0.05676],
[[1500.0,650.0,1.6132e-16,1500.0,650.0,1.6132e-16],0.1306],
[[1500.0,650.0,3.9413e-16,1500.0,650.0,3.9413e-16],0.2656],
[[1500.0,650.0,9.6652e-16,1500.0,650.0,9.6652e-16],0.4513],
[[1500.0,650.0,2.3676e-15,1500.0,650.0,2.3676e-15],0.6245],
[[1500.0,650.0,5.7737e-15,1500.0,650.0,5.7737e-15],0.7273],
[[1500.0,650.0,1.4185e-14,1500.0,650.0,1.4185e-14],0.7075],
[[1500.0,650.0,3.4642e-14,1500.0,650.0,3.4642e-14],0.508],
[[1500.0,650.0,8.5039e-14,1500.0,650.0,8.5039e-14],0.1886],
[[1500.0,650.0,2.0829e-13,1500.0,650.0,2.0829e-13],0.02453],
[[1700.0,650.0,6.582e-17,1700.0,650.0,6.582e-17],0.05358],
[[1700.0,650.0,1.6132e-16,1700.0,650.0,1.6132e-16],0.1193],
[[1700.0,650.0,3.9413e-16,1700.0,650.0,3.9413e-16],0.2504],
[[1700.0,650.0,9.6652e-16,1700.0,650.0,9.6652e-16],0.4351],
[[1700.0,650.0,2.3676e-15,1700.0,650.0,2.3676e-15],0.6171],
[[1700.0,650.0,5.7737e-15,1700.0,650.0,5.7737e-15],0.7256],
[[1700.0,650.0,1.4185e-14,1700.0,650.0,1.4185e-14],0.7215],
[[1700.0,650.0,3.4642e-14,1700.0,650.0,3.4642e-14],0.5393],
[[1700.0,650.0,8.5039e-14,1700.0,650.0,8.5039e-14],0.2277],
[[1700.0,650.0,2.0829e-13,1700.0,650.0,2.0829e-13],0.03252],
[[1900.0,650.0,6.582e-17,1900.0,650.0,6.582e-17],0.04962],
[[1900.0,650.0,1.6132e-16,1900.0,650.0,1.6132e-16],0.1146],
[[1900.0,650.0,3.9413e-16,1900.0,650.0,3.9413e-16],0.2371],
[[1900.0,650.0,9.6652e-16,1900.0,650.0,9.6652e-16],0.4205],
[[1900.0,650.0,2.3676e-15,1900.0,650.0,2.3676e-15],0.5978],
[[1900.0,650.0,5.7737e-15,1900.0,650.0,5.7737e-15],0.7127],
[[1900.0,650.0,1.4185e-14,1900.0,650.0,1.4185e-14],0.7264],
[[1900.0,650.0,3.4642e-14,1900.0,650.0,3.4642e-14],0.5606],
[[1900.0,650.0,8.5039e-14,1900.0,650.0,8.5039e-14],0.2481],
[[1900.0,650.0,2.0829e-13,1900.0,650.0,2.0829e-13],0.03856],
[[2100.0,650.0,6.582e-17,2100.0,650.0,6.582e-17],0.04581],
[[2100.0,650.0,1.6132e-16,2100.0,650.0,1.6132e-16],0.1055],
[[2100.0,650.0,3.9413e-16,2100.0,650.0,3.9413e-16],0.2229],
[[2100.0,650.0,9.6652e-16,2100.0,650.0,9.6652e-16],0.393],
[[2100.0,650.0,2.3676e-15,2100.0,650.0,2.3676e-15],0.5699],
[[2100.0,650.0,5.7737e-15,2100.0,650.0,5.7737e-15],0.6923],
[[2100.0,650.0,1.4185e-14,2100.0,650.0,1.4185e-14],0.7132],
[[2100.0,650.0,3.4642e-14,2100.0,650.0,3.4642e-14],0.5721],
[[2100.0,650.0,8.5039e-14,2100.0,650.0,8.5039e-14],0.2654],
[[2100.0,650.0,2.0829e-13,2100.0,650.0,2.0829e-13],0.04534],
[[2300.0,650.0,6.582e-17,2300.0,650.0,6.582e-17],0.04106],
[[2300.0,650.0,1.6132e-16,2300.0,650.0,1.6132e-16],0.09287],
[[2300.0,650.0,3.9413e-16,2300.0,650.0,3.9413e-16],0.1974],
[[2300.0,650.0,9.6652e-16,2300.0,650.0,9.6652e-16],0.3562],
[[2300.0,650.0,2.3676e-15,2300.0,650.0,2.3676e-15],0.5246],
[[2300.0,650.0,5.7737e-15,2300.0,650.0,5.7737e-15],0.6428],
[[2300.0,650.0,1.4185e-14,2300.0,650.0,1.4185e-14],0.6722],
[[2300.0,650.0,3.4642e-14,2300.0,650.0,3.4642e-14],0.5536],
[[2300.0,650.0,8.5039e-14,2300.0,650.0,8.5039e-14],0.2767],
[[2300.0,650.0,2.0829e-13,2300.0,650.0,2.0829e-13],0.05315],
[[2500.0,650.0,6.582e-17,2500.0,650.0,6.582e-17],0.03411],
[[2500.0,650.0,1.6132e-16,2500.0,650.0,1.6132e-16],0.0781],
[[2500.0,650.0,3.9413e-16,2500.0,650.0,3.9413e-16],0.1637],
[[2500.0,650.0,9.6652e-16,2500.0,650.0,9.6652e-16],0.3011],
[[2500.0,650.0,2.3676e-15,2500.0,650.0,2.3676e-15],0.449],
[[2500.0,650.0,5.7737e-15,2500.0,650.0,5.7737e-15],0.5592],
[[2500.0,650.0,1.4185e-14,2500.0,650.0,1.4185e-14],0.5968],
[[2500.0,650.0,3.4642e-14,2500.0,650.0,3.4642e-14],0.5012],
[[2500.0,650.0,8.5039e-14,2500.0,650.0,8.5039e-14],0.2545],
[[2500.0,650.0,2.0829e-13,2500.0,650.0,2.0829e-13],0.04896],
[[2700.0,650.0,6.582e-17,2700.0,650.0,6.582e-17],0.02483],
[[2700.0,650.0,1.6132e-16,2700.0,650.0,1.6132e-16],0.05742],
[[2700.0,650.0,3.9413e-16,2700.0,650.0,3.9413e-16],0.1234],
[[2700.0,650.0,9.6652e-16,2700.0,650.0,9.6652e-16],0.228],
[[2700.0,650.0,2.3676e-15,2700.0,650.0,2.3676e-15],0.3429],
[[2700.0,650.0,5.7737e-15,2700.0,650.0,5.7737e-15],0.4256],
[[2700.0,650.0,1.4185e-14,2700.0,650.0,1.4185e-14],0.4529],
[[2700.0,650.0,3.4642e-14,2700.0,650.0,3.4642e-14],0.3839],
[[2700.0,650.0,8.5039e-14,2700.0,650.0,8.5039e-14],0.2004],
[[2700.0,650.0,2.0829e-13,2700.0,650.0,2.0829e-13],0.04065],
[[2900.0,650.0,6.582e-17,2900.0,650.0,6.582e-17],0.01706],
[[2900.0,650.0,1.6132e-16,2900.0,650.0,1.6132e-16],0.03974],
[[2900.0,650.0,3.9413e-16,2900.0,650.0,3.9413e-16],0.08271],
[[2900.0,650.0,9.6652e-16,2900.0,650.0,9.6652e-16],0.1549],
[[2900.0,650.0,2.3676e-15,2900.0,650.0,2.3676e-15],0.2382],
[[2900.0,650.0,5.7737e-15,2900.0,650.0,5.7737e-15],0.2974],
[[2900.0,650.0,1.4185e-14,2900.0,650.0,1.4185e-14],0.3145],
[[2900.0,650.0,3.4642e-14,2900.0,650.0,3.4642e-14],0.271],
[[2900.0,650.0,8.5039e-14,2900.0,650.0,8.5039e-14],0.1432],
[[2900.0,650.0,2.0829e-13,2900.0,650.0,2.0829e-13],0.02724],
[[1000.0,850.0,6.582e-17,1000.0,850.0,6.582e-17],0.04934],
[[1000.0,850.0,1.6132e-16,1000.0,850.0,1.6132e-16],0.1141],
[[1000.0,850.0,3.9413e-16,1000.0,850.0,3.9413e-16],0.2215],
[[1000.0,850.0,9.6652e-16,1000.0,850.0,9.6652e-16],0.3618],
[[1000.0,850.0,2.3676e-15,1000.0,850.0,2.3676e-15],0.4731],
[[1000.0,850.0,5.7737e-15,1000.0,850.0,5.7737e-15],0.5203],
[[1000.0,850.0,1.4185e-14,1000.0,850.0,1.4185e-14],0.4638],
[[1000.0,850.0,3.4642e-14,1000.0,850.0,3.4642e-14],0.2777],
[[1000.0,850.0,8.5039e-14,1000.0,850.0,8.5039e-14],0.07861],
[[1000.0,850.0,2.0829e-13,1000.0,850.0,2.0829e-13],0.005947],
[[1250.0,850.0,6.582e-17,1250.0,850.0,6.582e-17],0.07301],
[[1250.0,850.0,1.6132e-16,1250.0,850.0,1.6132e-16],0.1607],
[[1250.0,850.0,3.9413e-16,1250.0,850.0,3.9413e-16],0.3144],
[[1250.0,850.0,9.6652e-16,1250.0,850.0,9.6652e-16],0.505],
[[1250.0,850.0,2.3676e-15,1250.0,850.0,2.3676e-15],0.6506],
[[1250.0,850.0,5.7737e-15,1250.0,850.0,5.7737e-15],0.7113],
[[1250.0,850.0,1.4185e-14,1250.0,850.0,1.4185e-14],0.6351],
[[1250.0,850.0,3.4642e-14,1250.0,850.0,3.4642e-14],0.3751],
[[1250.0,850.0,8.5039e-14,1250.0,850.0,8.5039e-14],0.1021],
[[1250.0,850.0,2.0829e-13,1250.0,850.0,2.0829e-13],0.007433],
[[1500.0,850.0,6.582e-17,1500.0,850.0,6.582e-17],0.07386],
[[1500.0,850.0,1.6132e-16,1500.0,850.0,1.6132e-16],0.165],
[[1500.0,850.0,3.9413e-16,1500.0,850.0,3.9413e-16],0.3188],
[[1500.0,850.0,9.6652e-16,1500.0,850.0,9.6652e-16],0.5092],
[[1500.0,850.0,2.3676e-15,1500.0,850.0,2.3676e-15],0.6698],
[[1500.0,850.0,5.7737e-15,1500.0,850.0,5.7737e-15],0.7422],
[[1500.0,850.0,1.4185e-14,1500.0,850.0,1.4185e-14],0.6758],
[[1500.0,850.0,3.4642e-14,1500.0,850.0,3.4642e-14],0.4212],
[[1500.0,850.0,8.5039e-14,1500.0,850.0,8.5039e-14],0.1269],
[[1500.0,850.0,2.0829e-13,1500.0,850.0,2.0829e-13],0.01187],
[[1700.0,850.0,6.582e-17,1700.0,850.0,6.582e-17],0.07265],
[[1700.0,850.0,1.6132e-16,1700.0,850.0,1.6132e-16],0.1587],
[[1700.0,850.0,3.9413e-16,1700.0,850.0,3.9413e-16],0.3114],
[[1700.0,850.0,9.6652e-16,1700.0,850.0,9.6652e-16],0.5002],
[[1700.0,850.0,2.3676e-15,1700.0,850.0,2.3676e-15],0.6624],
[[1700.0,850.0,5.7737e-15,1700.0,850.0,5.7737e-15],0.7442],
[[1700.0,850.0,1.4185e-14,1700.0,850.0,1.4185e-14],0.6966],
[[1700.0,850.0,3.4642e-14,1700.0,850.0,3.4642e-14],0.4542],
[[1700.0,850.0,8.5039e-14,1700.0,850.0,8.5039e-14],0.1434],
[[1700.0,850.0,2.0829e-13,1700.0,850.0,2.0829e-13],0.01261],
[[1900.0,850.0,6.582e-17,1900.0,850.0,6.582e-17],0.06405],
[[1900.0,850.0,1.6132e-16,1900.0,850.0,1.6132e-16],0.148],
[[1900.0,850.0,3.9413e-16,1900.0,850.0,3.9413e-16],0.2957],
[[1900.0,850.0,9.6652e-16,1900.0,850.0,9.6652e-16],0.483],
[[1900.0,850.0,2.3676e-15,1900.0,850.0,2.3676e-15],0.6501],
[[1900.0,850.0,5.7737e-15,1900.0,850.0,5.7737e-15],0.7357],
[[1900.0,850.0,1.4185e-14,1900.0,850.0,1.4185e-14],0.7062],
[[1900.0,850.0,3.4642e-14,1900.0,850.0,3.4642e-14],0.4786],
[[1900.0,850.0,8.5039e-14,1900.0,850.0,8.5039e-14],0.1647],
[[1900.0,850.0,2.0829e-13,1900.0,850.0,2.0829e-13],0.01775],
[[2100.0,850.0,6.582e-17,2100.0,850.0,6.582e-17],0.05949],
[[2100.0,850.0,1.6132e-16,2100.0,850.0,1.6132e-16],0.1353],
[[2100.0,850.0,3.9413e-16,2100.0,850.0,3.9413e-16],0.2726],
[[2100.0,850.0,9.6652e-16,2100.0,850.0,9.6652e-16],0.4591],
[[2100.0,850.0,2.3676e-15,2100.0,850.0,2.3676e-15],0.6246],
[[2100.0,850.0,5.7737e-15,2100.0,850.0,5.7737e-15],0.7203],
[[2100.0,850.0,1.4185e-14,2100.0,850.0,1.4185e-14],0.6995],
[[2100.0,850.0,3.4642e-14,2100.0,850.0,3.4642e-14],0.4981],
[[2100.0,850.0,8.5039e-14,2100.0,850.0,8.5039e-14],0.187],
[[2100.0,850.0,2.0829e-13,2100.0,850.0,2.0829e-13],0.02089],
[[2300.0,850.0,6.582e-17,2300.0,850.0,6.582e-17],0.05363],
[[2300.0,850.0,1.6132e-16,2300.0,850.0,1.6132e-16],0.1189],
[[2300.0,850.0,3.9413e-16,2300.0,850.0,3.9413e-16],0.2428],
[[2300.0,850.0,9.6652e-16,2300.0,850.0,9.6652e-16],0.4138],
[[2300.0,850.0,2.3676e-15,2300.0,850.0,2.3676e-15],0.5762],
[[2300.0,850.0,5.7737e-15,2300.0,850.0,5.7737e-15],0.6719],
[[2300.0,850.0,1.4185e-14,2300.0,850.0,1.4185e-14],0.6644],
[[2300.0,850.0,3.4642e-14,2300.0,850.0,3.4642e-14],0.4939],
[[2300.0,850.0,8.5039e-14,2300.0,850.0,8.5039e-14],0.1954],
[[2300.0,850.0,2.0829e-13,2300.0,850.0,2.0829e-13],0.02448],
[[2500.0,850.0,6.582e-17,2500.0,850.0,6.582e-17],0.04438],
[[2500.0,850.0,1.6132e-16,2500.0,850.0,1.6132e-16],0.102],
[[2500.0,850.0,3.9413e-16,2500.0,850.0,3.9413e-16],0.21],
[[2500.0,850.0,9.6652e-16,2500.0,850.0,9.6652e-16],0.3581],
[[2500.0,850.0,2.3676e-15,2500.0,850.0,2.3676e-15],0.5046],
[[2500.0,850.0,5.7737e-15,2500.0,850.0,5.7737e-15],0.5963],
[[2500.0,850.0,1.4185e-14,2500.0,850.0,1.4185e-14],0.5939],
[[2500.0,850.0,3.4642e-14,2500.0,850.0,3.4642e-14],0.4497],
[[2500.0,850.0,8.5039e-14,2500.0,850.0,8.5039e-14],0.1852],
[[2500.0,850.0,2.0829e-13,2500.0,850.0,2.0829e-13],0.02437],
[[2700.0,850.0,6.582e-17,2700.0,850.0,6.582e-17],0.03424],
[[2700.0,850.0,1.6132e-16,2700.0,850.0,1.6132e-16],0.07522],
[[2700.0,850.0,3.9413e-16,2700.0,850.0,3.9413e-16],0.1547],
[[2700.0,850.0,9.6652e-16,2700.0,850.0,9.6652e-16],0.273],
[[2700.0,850.0,2.3676e-15,2700.0,850.0,2.3676e-15],0.3865],
[[2700.0,850.0,5.7737e-15,2700.0,850.0,5.7737e-15],0.4558],
[[2700.0,850.0,1.4185e-14,2700.0,850.0,1.4185e-14],0.4609],
[[2700.0,850.0,3.4642e-14,2700.0,850.0,3.4642e-14],0.3551],
[[2700.0,850.0,8.5039e-14,2700.0,850.0,8.5039e-14],0.1487],
[[2700.0,850.0,2.0829e-13,2700.0,850.0,2.0829e-13],0.01844],
[[2900.0,850.0,6.582e-17,2900.0,850.0,6.582e-17],0.02179],
[[2900.0,850.0,1.6132e-16,2900.0,850.0,1.6132e-16],0.04893],
[[2900.0,850.0,3.9413e-16,2900.0,850.0,3.9413e-16],0.1007],
[[2900.0,850.0,9.6652e-16,2900.0,850.0,9.6652e-16],0.1806],
[[2900.0,850.0,2.3676e-15,2900.0,850.0,2.3676e-15],0.2617],
[[2900.0,850.0,5.7737e-15,2900.0,850.0,5.7737e-15],0.3123],
[[2900.0,850.0,1.4185e-14,2900.0,850.0,1.4185e-14],0.3179],
[[2900.0,850.0,3.4642e-14,2900.0,850.0,3.4642e-14],0.2484],
[[2900.0,850.0,8.5039e-14,2900.0,850.0,8.5039e-14],0.1077],
[[2900.0,850.0,2.0829e-13,2900.0,850.0,2.0829e-13],0.01462],
[[1250.0,1050.0,6.582e-17,1250.0,1050.0,6.582e-17],0.07398],
[[1250.0,1050.0,1.6132e-16,1250.0,1050.0,1.6132e-16],0.1626],
[[1250.0,1050.0,3.9413e-16,1250.0,1050.0,3.9413e-16],0.308],
[[1250.0,1050.0,9.6652e-16,1250.0,1050.0,9.6652e-16],0.4836],
[[1250.0,1050.0,2.3676e-15,1250.0,1050.0,2.3676e-15],0.6183],
[[1250.0,1050.0,5.7737e-15,1250.0,1050.0,5.7737e-15],0.6665],
[[1250.0,1050.0,1.4185e-14,1250.0,1050.0,1.4185e-14],0.5688],
[[1250.0,1050.0,3.4642e-14,1250.0,1050.0,3.4642e-14],0.3134],
[[1250.0,1050.0,8.5039e-14,1250.0,1050.0,8.5039e-14],0.07683],
[[1250.0,1050.0,2.0829e-13,1250.0,1050.0,2.0829e-13],0.004622],
[[1500.0,1050.0,6.582e-17,1500.0,1050.0,6.582e-17],0.0844],
[[1500.0,1050.0,1.6132e-16,1500.0,1050.0,1.6132e-16],0.1863],
[[1500.0,1050.0,3.9413e-16,1500.0,1050.0,3.9413e-16],0.3492],
[[1500.0,1050.0,9.6652e-16,1500.0,1050.0,9.6652e-16],0.5454],
[[1500.0,1050.0,2.3676e-15,1500.0,1050.0,2.3676e-15],0.6938],
[[1500.0,1050.0,5.7737e-15,1500.0,1050.0,5.7737e-15],0.7425],
[[1500.0,1050.0,1.4185e-14,1500.0,1050.0,1.4185e-14],0.6394],
[[1500.0,1050.0,3.4642e-14,1500.0,1050.0,3.4642e-14],0.3605],
[[1500.0,1050.0,8.5039e-14,1500.0,1050.0,8.5039e-14],0.09128],
[[1500.0,1050.0,2.0829e-13,1500.0,1050.0,2.0829e-13],0.00539],
[[1700.0,1050.0,6.582e-17,1700.0,1050.0,6.582e-17],0.08306],
[[1700.0,1050.0,1.6132e-16,1700.0,1050.0,1.6132e-16],0.1827],
[[1700.0,1050.0,3.9413e-16,1700.0,1050.0,3.9413e-16],0.3482],
[[1700.0,1050.0,9.6652e-16,1700.0,1050.0,9.6652e-16],0.5396],
[[1700.0,1050.0,2.3676e-15,1700.0,1050.0,2.3676e-15],0.6902],
[[1700.0,1050.0,5.7737e-15,1700.0,1050.0,5.7737e-15],0.7488],
[[1700.0,1050.0,1.4185e-14,1700.0,1050.0,1.4185e-14],0.658],
[[1700.0,1050.0,3.4642e-14,1700.0,1050.0,3.4642e-14],0.3851],
[[1700.0,1050.0,8.5039e-14,1700.0,1050.0,8.5039e-14],0.1018],
[[1700.0,1050.0,2.0829e-13,1700.0,1050.0,2.0829e-13],0.006618],
[[1900.0,1050.0,6.582e-17,1900.0,1050.0,6.582e-17],0.08176],
[[1900.0,1050.0,1.6132e-16,1900.0,1050.0,1.6132e-16],0.1778],
[[1900.0,1050.0,3.9413e-16,1900.0,1050.0,3.9413e-16],0.3398],
[[1900.0,1050.0,9.6652e-16,1900.0,1050.0,9.6652e-16],0.5283],
[[1900.0,1050.0,2.3676e-15,1900.0,1050.0,2.3676e-15],0.6805],
[[1900.0,1050.0,5.7737e-15,1900.0,1050.0,5.7737e-15],0.7475],
[[1900.0,1050.0,1.4185e-14,1900.0,1050.0,1.4185e-14],0.6707],
[[1900.0,1050.0,3.4642e-14,1900.0,1050.0,3.4642e-14],0.4024],
[[1900.0,1050.0,8.5039e-14,1900.0,1050.0,8.5039e-14],0.1128],
[[1900.0,1050.0,2.0829e-13,1900.0,1050.0,2.0829e-13],0.008429],
[[2100.0,1050.0,6.582e-17,2100.0,1050.0,6.582e-17],0.07282],
[[2100.0,1050.0,1.6132e-16,2100.0,1050.0,1.6132e-16],0.1646],
[[2100.0,1050.0,3.9413e-16,2100.0,1050.0,3.9413e-16],0.3164],
[[2100.0,1050.0,9.6652e-16,2100.0,1050.0,9.6652e-16],0.5053],
[[2100.0,1050.0,2.3676e-15,2100.0,1050.0,2.3676e-15],0.6601],
[[2100.0,1050.0,5.7737e-15,2100.0,1050.0,5.7737e-15],0.7326],
[[2100.0,1050.0,1.4185e-14,2100.0,1050.0,1.4185e-14],0.6748],
[[2100.0,1050.0,3.4642e-14,2100.0,1050.0,3.4642e-14],0.4262],
[[2100.0,1050.0,8.5039e-14,2100.0,1050.0,8.5039e-14],0.1224],
[[2100.0,1050.0,2.0829e-13,2100.0,1050.0,2.0829e-13],0.01073],
[[2300.0,1050.0,6.582e-17,2300.0,1050.0,6.582e-17],0.06731],
[[2300.0,1050.0,1.6132e-16,2300.0,1050.0,1.6132e-16],0.1484],
[[2300.0,1050.0,3.9413e-16,2300.0,1050.0,3.9413e-16],0.291],
[[2300.0,1050.0,9.6652e-16,2300.0,1050.0,9.6652e-16],0.4629],
[[2300.0,1050.0,2.3676e-15,2300.0,1050.0,2.3676e-15],0.6079],
[[2300.0,1050.0,5.7737e-15,2300.0,1050.0,5.7737e-15],0.6848],
[[2300.0,1050.0,1.4185e-14,2300.0,1050.0,1.4185e-14],0.6413],
[[2300.0,1050.0,3.4642e-14,2300.0,1050.0,3.4642e-14],0.4244],
[[2300.0,1050.0,8.5039e-14,2300.0,1050.0,8.5039e-14],0.1269],
[[2300.0,1050.0,2.0829e-13,2300.0,1050.0,2.0829e-13],0.01064],
[[2500.0,1050.0,6.582e-17,2500.0,1050.0,6.582e-17],0.05611],
[[2500.0,1050.0,1.6132e-16,2500.0,1050.0,1.6132e-16],0.124],
[[2500.0,1050.0,3.9413e-16,2500.0,1050.0,3.9413e-16],0.246],
[[2500.0,1050.0,9.6652e-16,2500.0,1050.0,9.6652e-16],0.4036],
[[2500.0,1050.0,2.3676e-15,2500.0,1050.0,2.3676e-15],0.5436],
[[2500.0,1050.0,5.7737e-15,2500.0,1050.0,5.7737e-15],0.6135],
[[2500.0,1050.0,1.4185e-14,2500.0,1050.0,1.4185e-14],0.5833],
[[2500.0,1050.0,3.4642e-14,2500.0,1050.0,3.4642e-14],0.3928],
[[2500.0,1050.0,8.5039e-14,2500.0,1050.0,8.5039e-14],0.1253],
[[2500.0,1050.0,2.0829e-13,2500.0,1050.0,2.0829e-13],0.01081],
[[2700.0,1050.0,6.582e-17,2700.0,1050.0,6.582e-17],0.04206],
[[2700.0,1050.0,1.6132e-16,2700.0,1050.0,1.6132e-16],0.09389],
[[2700.0,1050.0,3.9413e-16,2700.0,1050.0,3.9413e-16],0.1875],
[[2700.0,1050.0,9.6652e-16,2700.0,1050.0,9.6652e-16],0.3124],
[[2700.0,1050.0,2.3676e-15,2700.0,1050.0,2.3676e-15],0.4192],
[[2700.0,1050.0,5.7737e-15,2700.0,1050.0,5.7737e-15],0.4761],
[[2700.0,1050.0,1.4185e-14,2700.0,1050.0,1.4185e-14],0.461],
[[2700.0,1050.0,3.4642e-14,2700.0,1050.0,3.4642e-14],0.3165],
[[2700.0,1050.0,8.5039e-14,2700.0,1050.0,8.5039e-14],0.09735],
[[2700.0,1050.0,2.0829e-13,2700.0,1050.0,2.0829e-13],0.008306],
[[2900.0,1050.0,6.582e-17,2900.0,1050.0,6.582e-17],0.02837],
[[2900.0,1050.0,1.6132e-16,2900.0,1050.0,1.6132e-16],0.06324],
[[2900.0,1050.0,3.9413e-16,2900.0,1050.0,3.9413e-16],0.125],
[[2900.0,1050.0,9.6652e-16,2900.0,1050.0,9.6652e-16],0.2104],
[[2900.0,1050.0,2.3676e-15,2900.0,1050.0,2.3676e-15],0.2835],
[[2900.0,1050.0,5.7737e-15,2900.0,1050.0,5.7737e-15],0.3259],
[[2900.0,1050.0,1.4185e-14,2900.0,1050.0,1.4185e-14],0.3143],
[[2900.0,1050.0,3.4642e-14,2900.0,1050.0,3.4642e-14],0.2153],
[[2900.0,1050.0,8.5039e-14,2900.0,1050.0,8.5039e-14],0.07233],
[[2900.0,1050.0,2.0829e-13,2900.0,1050.0,2.0829e-13],0.006898],
[[1500.0,1250.0,6.582e-17,1500.0,1250.0,6.582e-17],0.08892],
[[1500.0,1250.0,1.6132e-16,1500.0,1250.0,1.6132e-16],0.1934],
[[1500.0,1250.0,3.9413e-16,1500.0,1250.0,3.9413e-16],0.3569],
[[1500.0,1250.0,9.6652e-16,1500.0,1250.0,9.6652e-16],0.5486],
[[1500.0,1250.0,2.3676e-15,1500.0,1250.0,2.3676e-15],0.6893],
[[1500.0,1250.0,5.7737e-15,1500.0,1250.0,5.7737e-15],0.7273],
[[1500.0,1250.0,1.4185e-14,1500.0,1250.0,1.4185e-14],0.6026],
[[1500.0,1250.0,3.4642e-14,1500.0,1250.0,3.4642e-14],0.3184],
[[1500.0,1250.0,8.5039e-14,1500.0,1250.0,8.5039e-14],0.07173],
[[1500.0,1250.0,2.0829e-13,1500.0,1250.0,2.0829e-13],0.003864],
[[1700.0,1250.0,6.582e-17,1700.0,1250.0,6.582e-17],0.09511],
[[1700.0,1250.0,1.6132e-16,1700.0,1250.0,1.6132e-16],0.2005],
[[1700.0,1250.0,3.9413e-16,1700.0,1250.0,3.9413e-16],0.3699],
[[1700.0,1250.0,9.6652e-16,1700.0,1250.0,9.6652e-16],0.5658],
[[1700.0,1250.0,2.3676e-15,1700.0,1250.0,2.3676e-15],0.7057],
[[1700.0,1250.0,5.7737e-15,1700.0,1250.0,5.7737e-15],0.7451],
[[1700.0,1250.0,1.4185e-14,1700.0,1250.0,1.4185e-14],0.6311],
[[1700.0,1250.0,3.4642e-14,1700.0,1250.0,3.4642e-14],0.3341],
[[1700.0,1250.0,8.5039e-14,1700.0,1250.0,8.5039e-14],0.075],
[[1700.0,1250.0,2.0829e-13,1700.0,1250.0,2.0829e-13],0.0034],
[[1900.0,1250.0,6.582e-17,1900.0,1250.0,6.582e-17],0.09062],
[[1900.0,1250.0,1.6132e-16,1900.0,1250.0,1.6132e-16],0.1978],
[[1900.0,1250.0,3.9413e-16,1900.0,1250.0,3.9413e-16],0.3669],
[[1900.0,1250.0,9.6652e-16,1900.0,1250.0,9.6652e-16],0.559],
[[1900.0,1250.0,2.3676e-15,1900.0,1250.0,2.3676e-15],0.6965],
[[1900.0,1250.0,5.7737e-15,1900.0,1250.0,5.7737e-15],0.7464],
[[1900.0,1250.0,1.4185e-14,1900.0,1250.0,1.4185e-14],0.6378],
[[1900.0,1250.0,3.4642e-14,1900.0,1250.0,3.4642e-14],0.3459],
[[1900.0,1250.0,8.5039e-14,1900.0,1250.0,8.5039e-14],0.07874],
[[1900.0,1250.0,2.0829e-13,1900.0,1250.0,2.0829e-13],0.005194],
[[2100.0,1250.0,6.582e-17,2100.0,1250.0,6.582e-17],0.0878],
[[2100.0,1250.0,1.6132e-16,2100.0,1250.0,1.6132e-16],0.1894],
[[2100.0,1250.0,3.9413e-16,2100.0,1250.0,3.9413e-16],0.3513],
[[2100.0,1250.0,9.6652e-16,2100.0,1250.0,9.6652e-16],0.5404],
[[2100.0,1250.0,2.3676e-15,2100.0,1250.0,2.3676e-15],0.6801],
[[2100.0,1250.0,5.7737e-15,2100.0,1250.0,5.7737e-15],0.7285],
[[2100.0,1250.0,1.4185e-14,2100.0,1250.0,1.4185e-14],0.6355],
[[2100.0,1250.0,3.4642e-14,2100.0,1250.0,3.4642e-14],0.3569],
[[2100.0,1250.0,8.5039e-14,2100.0,1250.0,8.5039e-14],0.08588],
[[2100.0,1250.0,2.0829e-13,2100.0,1250.0,2.0829e-13],0.005569],
[[2300.0,1250.0,6.582e-17,2300.0,1250.0,6.582e-17],0.08125],
[[2300.0,1250.0,1.6132e-16,2300.0,1250.0,1.6132e-16],0.1722],
[[2300.0,1250.0,3.9413e-16,2300.0,1250.0,3.9413e-16],0.3223],
[[2300.0,1250.0,9.6652e-16,2300.0,1250.0,9.6652e-16],0.5014],
[[2300.0,1250.0,2.3676e-15,2300.0,1250.0,2.3676e-15],0.6389],
[[2300.0,1250.0,5.7737e-15,2300.0,1250.0,5.7737e-15],0.6924],
[[2300.0,1250.0,1.4185e-14,2300.0,1250.0,1.4185e-14],0.615],
[[2300.0,1250.0,3.4642e-14,2300.0,1250.0,3.4642e-14],0.3526],
[[2300.0,1250.0,8.5039e-14,2300.0,1250.0,8.5039e-14],0.08397],
[[2300.0,1250.0,2.0829e-13,2300.0,1250.0,2.0829e-13],0.004966],
[[2500.0,1250.0,6.582e-17,2500.0,1250.0,6.582e-17],0.06884],
[[2500.0,1250.0,1.6132e-16,2500.0,1250.0,1.6132e-16],0.15],
[[2500.0,1250.0,3.9413e-16,2500.0,1250.0,3.9413e-16],0.2822],
[[2500.0,1250.0,9.6652e-16,2500.0,1250.0,9.6652e-16],0.4406],
[[2500.0,1250.0,2.3676e-15,2500.0,1250.0,2.3676e-15],0.5647],
[[2500.0,1250.0,5.7737e-15,2500.0,1250.0,5.7737e-15],0.619],
[[2500.0,1250.0,1.4185e-14,2500.0,1250.0,1.4185e-14],0.5595],
[[2500.0,1250.0,3.4642e-14,2500.0,1250.0,3.4642e-14],0.3392],
[[2500.0,1250.0,8.5039e-14,2500.0,1250.0,8.5039e-14],0.08914],
[[2500.0,1250.0,2.0829e-13,2500.0,1250.0,2.0829e-13],0.005418],
[[2700.0,1250.0,6.582e-17,2700.0,1250.0,6.582e-17],0.05182],
[[2700.0,1250.0,1.6132e-16,2700.0,1250.0,1.6132e-16],0.1127],
[[2700.0,1250.0,3.9413e-16,2700.0,1250.0,3.9413e-16],0.2171],
[[2700.0,1250.0,9.6652e-16,2700.0,1250.0,9.6652e-16],0.3416],
[[2700.0,1250.0,2.3676e-15,2700.0,1250.0,2.3676e-15],0.4459],
[[2700.0,1250.0,5.7737e-15,2700.0,1250.0,5.7737e-15],0.4893],
[[2700.0,1250.0,1.4185e-14,2700.0,1250.0,1.4185e-14],0.4444],
[[2700.0,1250.0,3.4642e-14,2700.0,1250.0,3.4642e-14],0.2691],
[[2700.0,1250.0,8.5039e-14,2700.0,1250.0,8.5039e-14],0.07126],
[[2700.0,1250.0,2.0829e-13,2700.0,1250.0,2.0829e-13],0.004668],
[[2900.0,1250.0,6.582e-17,2900.0,1250.0,6.582e-17],0.03306],
[[2900.0,1250.0,1.6132e-16,2900.0,1250.0,1.6132e-16],0.07358],
[[2900.0,1250.0,3.9413e-16,2900.0,1250.0,3.9413e-16],0.1429],
[[2900.0,1250.0,9.6652e-16,2900.0,1250.0,9.6652e-16],0.2297],
[[2900.0,1250.0,2.3676e-15,2900.0,1250.0,2.3676e-15],0.3005],
[[2900.0,1250.0,5.7737e-15,2900.0,1250.0,5.7737e-15],0.3315],
[[2900.0,1250.0,1.4185e-14,2900.0,1250.0,1.4185e-14],0.3018],
[[2900.0,1250.0,3.4642e-14,2900.0,1250.0,3.4642e-14],0.184],
[[2900.0,1250.0,8.5039e-14,2900.0,1250.0,8.5039e-14],0.04963],
[[2900.0,1250.0,2.0829e-13,2900.0,1250.0,2.0829e-13],0.00339],
[[1500.0,1450.0,6.582e-17,1500.0,1450.0,6.582e-17],0.08777],
[[1500.0,1450.0,1.6132e-16,1500.0,1450.0,1.6132e-16],0.1868],
[[1500.0,1450.0,3.9413e-16,1500.0,1450.0,3.9413e-16],0.3473],
[[1500.0,1450.0,9.6652e-16,1500.0,1450.0,9.6652e-16],0.5231],
[[1500.0,1450.0,2.3676e-15,1500.0,1450.0,2.3676e-15],0.6504],
[[1500.0,1450.0,5.7737e-15,1500.0,1450.0,5.7737e-15],0.6853],
[[1500.0,1450.0,1.4185e-14,1500.0,1450.0,1.4185e-14],0.5683],
[[1500.0,1450.0,3.4642e-14,1500.0,1450.0,3.4642e-14],0.2932],
[[1500.0,1450.0,8.5039e-14,1500.0,1450.0,8.5039e-14],0.06312],
[[1500.0,1450.0,2.0829e-13,1500.0,1450.0,2.0829e-13],0.003173],
[[1700.0,1450.0,6.582e-17,1700.0,1450.0,6.582e-17],0.09651],
[[1700.0,1450.0,1.6132e-16,1700.0,1450.0,1.6132e-16],0.2059],
[[1700.0,1450.0,3.9413e-16,1700.0,1450.0,3.9413e-16],0.3776],
[[1700.0,1450.0,9.6652e-16,1700.0,1450.0,9.6652e-16],0.5684],
[[1700.0,1450.0,2.3676e-15,1700.0,1450.0,2.3676e-15],0.7],
[[1700.0,1450.0,5.7737e-15,1700.0,1450.0,5.7737e-15],0.7324],
[[1700.0,1450.0,1.4185e-14,1700.0,1450.0,1.4185e-14],0.5992],
[[1700.0,1450.0,3.4642e-14,1700.0,1450.0,3.4642e-14],0.2999],
[[1700.0,1450.0,8.5039e-14,1700.0,1450.0,8.5039e-14],0.0602],
[[1700.0,1450.0,2.0829e-13,1700.0,1450.0,2.0829e-13],0.002275],
[[1900.0,1450.0,6.582e-17,1900.0,1450.0,6.582e-17],0.1033],
[[1900.0,1450.0,1.6132e-16,1900.0,1450.0,1.6132e-16],0.2163],
[[1900.0,1450.0,3.9413e-16,1900.0,1450.0,3.9413e-16],0.3897],
[[1900.0,1450.0,9.6652e-16,1900.0,1450.0,9.6652e-16],0.5756],
[[1900.0,1450.0,2.3676e-15,1900.0,1450.0,2.3676e-15],0.708],
[[1900.0,1450.0,5.7737e-15,1900.0,1450.0,5.7737e-15],0.7348],
[[1900.0,1450.0,1.4185e-14,1900.0,1450.0,1.4185e-14],0.5998],
[[1900.0,1450.0,3.4642e-14,1900.0,1450.0,3.4642e-14],0.2994],
[[1900.0,1450.0,8.5039e-14,1900.0,1450.0,8.5039e-14],0.0584],
[[1900.0,1450.0,2.0829e-13,1900.0,1450.0,2.0829e-13],0.00216],
[[2100.0,1450.0,6.582e-17,2100.0,1450.0,6.582e-17],0.09995],
[[2100.0,1450.0,1.6132e-16,2100.0,1450.0,1.6132e-16],0.2104],
[[2100.0,1450.0,3.9413e-16,2100.0,1450.0,3.9413e-16],0.3798],
[[2100.0,1450.0,9.6652e-16,2100.0,1450.0,9.6652e-16],0.5648],
[[2100.0,1450.0,2.3676e-15,2100.0,1450.0,2.3676e-15],0.6958],
[[2100.0,1450.0,5.7737e-15,2100.0,1450.0,5.7737e-15],0.7274],
[[2100.0,1450.0,1.4185e-14,2100.0,1450.0,1.4185e-14],0.6018],
[[2100.0,1450.0,3.4642e-14,2100.0,1450.0,3.4642e-14],0.3057],
[[2100.0,1450.0,8.5039e-14,2100.0,1450.0,8.5039e-14],0.06056],
[[2100.0,1450.0,2.0829e-13,2100.0,1450.0,2.0829e-13],0.002319],
[[2300.0,1450.0,6.582e-17,2300.0,1450.0,6.582e-17],0.09142],
[[2300.0,1450.0,1.6132e-16,2300.0,1450.0,1.6132e-16],0.1962],
[[2300.0,1450.0,3.9413e-16,2300.0,1450.0,3.9413e-16],0.3549],
[[2300.0,1450.0,9.6652e-16,2300.0,1450.0,9.6652e-16],0.5337],
[[2300.0,1450.0,2.3676e-15,2300.0,1450.0,2.3676e-15],0.6572],
[[2300.0,1450.0,5.7737e-15,2300.0,1450.0,5.7737e-15],0.6885],
[[2300.0,1450.0,1.4185e-14,2300.0,1450.0,1.4185e-14],0.5857],
[[2300.0,1450.0,3.4642e-14,2300.0,1450.0,3.4642e-14],0.3044],
[[2300.0,1450.0,8.5039e-14,2300.0,1450.0,8.5039e-14],0.06013],
[[2300.0,1450.0,2.0829e-13,2300.0,1450.0,2.0829e-13],0.002206],
[[2500.0,1450.0,6.582e-17,2500.0,1450.0,6.582e-17],0.08073],
[[2500.0,1450.0,1.6132e-16,2500.0,1450.0,1.6132e-16],0.1714],
[[2500.0,1450.0,3.9413e-16,2500.0,1450.0,3.9413e-16],0.3126],
[[2500.0,1450.0,9.6652e-16,2500.0,1450.0,9.6652e-16],0.473],
[[2500.0,1450.0,2.3676e-15,2500.0,1450.0,2.3676e-15],0.5876],
[[2500.0,1450.0,5.7737e-15,2500.0,1450.0,5.7737e-15],0.6205],
[[2500.0,1450.0,1.4185e-14,2500.0,1450.0,1.4185e-14],0.5261],
[[2500.0,1450.0,3.4642e-14,2500.0,1450.0,3.4642e-14],0.2772],
[[2500.0,1450.0,8.5039e-14,2500.0,1450.0,8.5039e-14],0.05686],
[[2500.0,1450.0,2.0829e-13,2500.0,1450.0,2.0829e-13],0.002169],
[[2700.0,1450.0,6.582e-17,2700.0,1450.0,6.582e-17],0.06128],
[[2700.0,1450.0,1.6132e-16,2700.0,1450.0,1.6132e-16],0.1323],
[[2700.0,1450.0,3.9413e-16,2700.0,1450.0,3.9413e-16],0.2471],
[[2700.0,1450.0,9.6652e-16,2700.0,1450.0,9.6652e-16],0.3729],
[[2700.0,1450.0,2.3676e-15,2700.0,1450.0,2.3676e-15],0.4665],
[[2700.0,1450.0,5.7737e-15,2700.0,1450.0,5.7737e-15],0.4958],
[[2700.0,1450.0,1.4185e-14,2700.0,1450.0,1.4185e-14],0.4269],
[[2700.0,1450.0,3.4642e-14,2700.0,1450.0,3.4642e-14],0.2329],
[[2700.0,1450.0,8.5039e-14,2700.0,1450.0,8.5039e-14],0.04858],
[[2700.0,1450.0,2.0829e-13,2700.0,1450.0,2.0829e-13],0.001943],
[[2900.0,1450.0,6.582e-17,2900.0,1450.0,6.582e-17],0.04003],
[[2900.0,1450.0,1.6132e-16,2900.0,1450.0,1.6132e-16],0.08598],
[[2900.0,1450.0,3.9413e-16,2900.0,1450.0,3.9413e-16],0.1612],
[[2900.0,1450.0,9.6652e-16,2900.0,1450.0,9.6652e-16],0.245],
[[2900.0,1450.0,2.3676e-15,2900.0,1450.0,2.3676e-15],0.3072],
[[2900.0,1450.0,5.7737e-15,2900.0,1450.0,5.7737e-15],0.3341],
[[2900.0,1450.0,1.4185e-14,2900.0,1450.0,1.4185e-14],0.2941],
[[2900.0,1450.0,3.4642e-14,2900.0,1450.0,3.4642e-14],0.1617],
[[2900.0,1450.0,8.5039e-14,2900.0,1450.0,8.5039e-14],0.03415],
[[2900.0,1450.0,2.0829e-13,2900.0,1450.0,2.0829e-13],0.001309],
[[1700.0,1650.0,6.582e-17,1700.0,1650.0,6.582e-17],0.09788],
[[1700.0,1650.0,1.6132e-16,1700.0,1650.0,1.6132e-16],0.2073],
[[1700.0,1650.0,3.9413e-16,1700.0,1650.0,3.9413e-16],0.3746],
[[1700.0,1650.0,9.6652e-16,1700.0,1650.0,9.6652e-16],0.5512],
[[1700.0,1650.0,2.3676e-15,1700.0,1650.0,2.3676e-15],0.6819],
[[1700.0,1650.0,5.7737e-15,1700.0,1650.0,5.7737e-15],0.7073],
[[1700.0,1650.0,1.4185e-14,1700.0,1650.0,1.4185e-14],0.5699],
[[1700.0,1650.0,3.4642e-14,1700.0,1650.0,3.4642e-14],0.2823],
[[1700.0,1650.0,8.5039e-14,1700.0,1650.0,8.5039e-14],0.05426],
[[1700.0,1650.0,2.0829e-13,1700.0,1650.0,2.0829e-13],0.001421],
[[1900.0,1650.0,6.582e-17,1900.0,1650.0,6.582e-17],0.105],
[[1900.0,1650.0,1.6132e-16,1900.0,1650.0,1.6132e-16],0.2188],
[[1900.0,1650.0,3.9413e-16,1900.0,1650.0,3.9413e-16],0.3934],
[[1900.0,1650.0,9.6652e-16,1900.0,1650.0,9.6652e-16],0.579],
[[1900.0,1650.0,2.3676e-15,1900.0,1650.0,2.3676e-15],0.7075],
[[1900.0,1650.0,5.7737e-15,1900.0,1650.0,5.7737e-15],0.73],
[[1900.0,1650.0,1.4185e-14,1900.0,1650.0,1.4185e-14],0.5779],
[[1900.0,1650.0,3.4642e-14,1900.0,1650.0,3.4642e-14],0.2729],
[[1900.0,1650.0,8.5039e-14,1900.0,1650.0,8.5039e-14],0.04861],
[[1900.0,1650.0,2.0829e-13,1900.0,1650.0,2.0829e-13],0.001458],
[[2100.0,1650.0,6.582e-17,2100.0,1650.0,6.582e-17],0.1048],
[[2100.0,1650.0,1.6132e-16,2100.0,1650.0,1.6132e-16],0.2211],
[[2100.0,1650.0,3.9413e-16,2100.0,1650.0,3.9413e-16],0.3933],
[[2100.0,1650.0,9.6652e-16,2100.0,1650.0,9.6652e-16],0.5776],
[[2100.0,1650.0,2.3676e-15,2100.0,1650.0,2.3676e-15],0.6993],
[[2100.0,1650.0,5.7737e-15,2100.0,1650.0,5.7737e-15],0.7192],
[[2100.0,1650.0,1.4185e-14,2100.0,1650.0,1.4185e-14],0.5736],
[[2100.0,1650.0,3.4642e-14,2100.0,1650.0,3.4642e-14],0.2699],
[[2100.0,1650.0,8.5039e-14,2100.0,1650.0,8.5039e-14],0.04758],
[[2100.0,1650.0,2.0829e-13,2100.0,1650.0,2.0829e-13],0.0009362],
[[2300.0,1650.0,6.582e-17,2300.0,1650.0,6.582e-17],0.1019],
[[2300.0,1650.0,1.6132e-16,2300.0,1650.0,1.6132e-16],0.2133],
[[2300.0,1650.0,3.9413e-16,2300.0,1650.0,3.9413e-16],0.3774],
[[2300.0,1650.0,9.6652e-16,2300.0,1650.0,9.6652e-16],0.5532],
[[2300.0,1650.0,2.3676e-15,2300.0,1650.0,2.3676e-15],0.6641],
[[2300.0,1650.0,5.7737e-15,2300.0,1650.0,5.7737e-15],0.6841],
[[2300.0,1650.0,1.4185e-14,2300.0,1650.0,1.4185e-14],0.5486],
[[2300.0,1650.0,3.4642e-14,2300.0,1650.0,3.4642e-14],0.2577],
[[2300.0,1650.0,8.5039e-14,2300.0,1650.0,8.5039e-14],0.04206],
[[2300.0,1650.0,2.0829e-13,2300.0,1650.0,2.0829e-13],0.001008],
[[2500.0,1650.0,6.582e-17,2500.0,1650.0,6.582e-17],0.09126],
[[2500.0,1650.0,1.6132e-16,2500.0,1650.0,1.6132e-16],0.1921],
[[2500.0,1650.0,3.9413e-16,2500.0,1650.0,3.9413e-16],0.341],
[[2500.0,1650.0,9.6652e-16,2500.0,1650.0,9.6652e-16],0.4935],
[[2500.0,1650.0,2.3676e-15,2500.0,1650.0,2.3676e-15],0.5957],
[[2500.0,1650.0,5.7737e-15,2500.0,1650.0,5.7737e-15],0.6142],
[[2500.0,1650.0,1.4185e-14,2500.0,1650.0,1.4185e-14],0.4877],
[[2500.0,1650.0,3.4642e-14,2500.0,1650.0,3.4642e-14],0.2267],
[[2500.0,1650.0,8.5039e-14,2500.0,1650.0,8.5039e-14],0.03995],
[[2500.0,1650.0,2.0829e-13,2500.0,1650.0,2.0829e-13],0.00105],
[[2700.0,1650.0,6.582e-17,2700.0,1650.0,6.582e-17],0.06886],
[[2700.0,1650.0,1.6132e-16,2700.0,1650.0,1.6132e-16],0.1478],
[[2700.0,1650.0,3.9413e-16,2700.0,1650.0,3.9413e-16],0.2621],
[[2700.0,1650.0,9.6652e-16,2700.0,1650.0,9.6652e-16],0.3872],
[[2700.0,1650.0,2.3676e-15,2700.0,1650.0,2.3676e-15],0.4724],
[[2700.0,1650.0,5.7737e-15,2700.0,1650.0,5.7737e-15],0.4937],
[[2700.0,1650.0,1.4185e-14,2700.0,1650.0,1.4185e-14],0.4004],
[[2700.0,1650.0,3.4642e-14,2700.0,1650.0,3.4642e-14],0.1899],
[[2700.0,1650.0,8.5039e-14,2700.0,1650.0,8.5039e-14],0.03096],
[[2700.0,1650.0,2.0829e-13,2700.0,1650.0,2.0829e-13],0.0007114],
[[2900.0,1650.0,6.582e-17,2900.0,1650.0,6.582e-17],0.04647],
[[2900.0,1650.0,1.6132e-16,2900.0,1650.0,1.6132e-16],0.09934],
[[2900.0,1650.0,3.9413e-16,2900.0,1650.0,3.9413e-16],0.1795],
[[2900.0,1650.0,9.6652e-16,2900.0,1650.0,9.6652e-16],0.2634],
[[2900.0,1650.0,2.3676e-15,2900.0,1650.0,2.3676e-15],0.3227],
[[2900.0,1650.0,5.7737e-15,2900.0,1650.0,5.7737e-15],0.3371],
[[2900.0,1650.0,1.4185e-14,2900.0,1650.0,1.4185e-14],0.2736],
[[2900.0,1650.0,3.4642e-14,2900.0,1650.0,3.4642e-14],0.1313],
[[2900.0,1650.0,8.5039e-14,2900.0,1650.0,8.5039e-14],0.02198],
[[2900.0,1650.0,2.0829e-13,2900.0,1650.0,2.0829e-13],0.0006369],
[[1900.0,1850.0,6.582e-17,1900.0,1850.0,6.582e-17],0.1042],
[[1900.0,1850.0,1.6132e-16,1900.0,1850.0,1.6132e-16],0.2185],
[[1900.0,1850.0,3.9413e-16,1900.0,1850.0,3.9413e-16],0.3879],
[[1900.0,1850.0,9.6652e-16,1900.0,1850.0,9.6652e-16],0.5709],
[[1900.0,1850.0,2.3676e-15,1900.0,1850.0,2.3676e-15],0.6931],
[[1900.0,1850.0,5.7737e-15,1900.0,1850.0,5.7737e-15],0.7128],
[[1900.0,1850.0,1.4185e-14,1900.0,1850.0,1.4185e-14],0.5616],
[[1900.0,1850.0,3.4642e-14,1900.0,1850.0,3.4642e-14],0.2603],
[[1900.0,1850.0,8.5039e-14,1900.0,1850.0,8.5039e-14],0.04623],
[[1900.0,1850.0,2.0829e-13,1900.0,1850.0,2.0829e-13],0.001124],
[[2100.0,1850.0,6.582e-17,2100.0,1850.0,6.582e-17],0.1083],
[[2100.0,1850.0,1.6132e-16,2100.0,1850.0,1.6132e-16],0.2279],
[[2100.0,1850.0,3.9413e-16,2100.0,1850.0,3.9413e-16],0.3998],
[[2100.0,1850.0,9.6652e-16,2100.0,1850.0,9.6652e-16],0.5797],
[[2100.0,1850.0,2.3676e-15,2100.0,1850.0,2.3676e-15],0.6999],
[[2100.0,1850.0,5.7737e-15,2100.0,1850.0,5.7737e-15],0.708],
[[2100.0,1850.0,1.4185e-14,2100.0,1850.0,1.4185e-14],0.5436],
[[2100.0,1850.0,3.4642e-14,2100.0,1850.0,3.4642e-14],0.2437],
[[2100.0,1850.0,8.5039e-14,2100.0,1850.0,8.5039e-14],0.04012],
[[2100.0,1850.0,2.0829e-13,2100.0,1850.0,2.0829e-13],0.00116],
[[2300.0,1850.0,6.582e-17,2300.0,1850.0,6.582e-17],0.1076],
[[2300.0,1850.0,1.6132e-16,2300.0,1850.0,1.6132e-16],0.2217],
[[2300.0,1850.0,3.9413e-16,2300.0,1850.0,3.9413e-16],0.3882],
[[2300.0,1850.0,9.6652e-16,2300.0,1850.0,9.6652e-16],0.5625],
[[2300.0,1850.0,2.3676e-15,2300.0,1850.0,2.3676e-15],0.6717],
[[2300.0,1850.0,5.7737e-15,2300.0,1850.0,5.7737e-15],0.6764],
[[2300.0,1850.0,1.4185e-14,2300.0,1850.0,1.4185e-14],0.5173],
[[2300.0,1850.0,3.4642e-14,2300.0,1850.0,3.4642e-14],0.2281],
[[2300.0,1850.0,8.5039e-14,2300.0,1850.0,8.5039e-14],0.03254],
[[2300.0,1850.0,2.0829e-13,2300.0,1850.0,2.0829e-13],0.0007484],
[[2500.0,1850.0,6.582e-17,2500.0,1850.0,6.582e-17],0.09788],
[[2500.0,1850.0,1.6132e-16,2500.0,1850.0,1.6132e-16],0.2029],
[[2500.0,1850.0,3.9413e-16,2500.0,1850.0,3.9413e-16],0.3513],
[[2500.0,1850.0,9.6652e-16,2500.0,1850.0,9.6652e-16],0.5048],
[[2500.0,1850.0,2.3676e-15,2500.0,1850.0,2.3676e-15],0.597],
[[2500.0,1850.0,5.7737e-15,2500.0,1850.0,5.7737e-15],0.602],
[[2500.0,1850.0,1.4185e-14,2500.0,1850.0,1.4185e-14],0.4612],
[[2500.0,1850.0,3.4642e-14,2500.0,1850.0,3.4642e-14],0.1937],
[[2500.0,1850.0,8.5039e-14,2500.0,1850.0,8.5039e-14],0.02622],
[[2500.0,1850.0,2.0829e-13,2500.0,1850.0,2.0829e-13],0.0005231],
[[2700.0,1850.0,6.582e-17,2700.0,1850.0,6.582e-17],0.07895],
[[2700.0,1850.0,1.6132e-16,2700.0,1850.0,1.6132e-16],0.16],
[[2700.0,1850.0,3.9413e-16,2700.0,1850.0,3.9413e-16],0.2809],
[[2700.0,1850.0,9.6652e-16,2700.0,1850.0,9.6652e-16],0.3986],
[[2700.0,1850.0,2.3676e-15,2700.0,1850.0,2.3676e-15],0.4744],
[[2700.0,1850.0,5.7737e-15,2700.0,1850.0,5.7737e-15],0.4785],
[[2700.0,1850.0,1.4185e-14,2700.0,1850.0,1.4185e-14],0.365],
[[2700.0,1850.0,3.4642e-14,2700.0,1850.0,3.4642e-14],0.1536],
[[2700.0,1850.0,8.5039e-14,2700.0,1850.0,8.5039e-14],0.02297],
[[2700.0,1850.0,2.0829e-13,2700.0,1850.0,2.0829e-13],0.000562],
[[2900.0,1850.0,6.582e-17,2900.0,1850.0,6.582e-17],0.05213],
[[2900.0,1850.0,1.6132e-16,2900.0,1850.0,1.6132e-16],0.1067],
[[2900.0,1850.0,3.9413e-16,2900.0,1850.0,3.9413e-16],0.1881],
[[2900.0,1850.0,9.6652e-16,2900.0,1850.0,9.6652e-16],0.2731],
[[2900.0,1850.0,2.3676e-15,2900.0,1850.0,2.3676e-15],0.3246],
[[2900.0,1850.0,5.7737e-15,2900.0,1850.0,5.7737e-15],0.3283],
[[2900.0,1850.0,1.4185e-14,2900.0,1850.0,1.4185e-14],0.254],
[[2900.0,1850.0,3.4642e-14,2900.0,1850.0,3.4642e-14],0.1094],
[[2900.0,1850.0,8.5039e-14,2900.0,1850.0,8.5039e-14],0.01514],
[[2900.0,1850.0,2.0829e-13,2900.0,1850.0,2.0829e-13],0.0001126],
[[2100.0,2050.0,6.582e-17,2100.0,2050.0,6.582e-17],0.1069],
[[2100.0,2050.0,1.6132e-16,2100.0,2050.0,1.6132e-16],0.2223],
[[2100.0,2050.0,3.9413e-16,2100.0,2050.0,3.9413e-16],0.396],
[[2100.0,2050.0,9.6652e-16,2100.0,2050.0,9.6652e-16],0.57],
[[2100.0,2050.0,2.3676e-15,2100.0,2050.0,2.3676e-15],0.6845],
[[2100.0,2050.0,5.7737e-15,2100.0,2050.0,5.7737e-15],0.6927],
[[2100.0,2050.0,1.4185e-14,2100.0,2050.0,1.4185e-14],0.5263],
[[2100.0,2050.0,3.4642e-14,2100.0,2050.0,3.4642e-14],0.2361],
[[2100.0,2050.0,8.5039e-14,2100.0,2050.0,8.5039e-14],0.03706],
[[2100.0,2050.0,2.0829e-13,2100.0,2050.0,2.0829e-13],0.0007468],
[[2300.0,2050.0,6.582e-17,2300.0,2050.0,6.582e-17],0.1092],
[[2300.0,2050.0,1.6132e-16,2300.0,2050.0,1.6132e-16],0.2223],
[[2300.0,2050.0,3.9413e-16,2300.0,2050.0,3.9413e-16],0.3926],
[[2300.0,2050.0,9.6652e-16,2300.0,2050.0,9.6652e-16],0.5633],
[[2300.0,2050.0,2.3676e-15,2300.0,2050.0,2.3676e-15],0.6669],
[[2300.0,2050.0,5.7737e-15,2300.0,2050.0,5.7737e-15],0.6648],
[[2300.0,2050.0,1.4185e-14,2300.0,2050.0,1.4185e-14],0.4969],
[[2300.0,2050.0,3.4642e-14,2300.0,2050.0,3.4642e-14],0.2042],
[[2300.0,2050.0,8.5039e-14,2300.0,2050.0,8.5039e-14],0.02634],
[[2300.0,2050.0,2.0829e-13,2300.0,2050.0,2.0829e-13],0.0003754],
[[2500.0,2050.0,6.582e-17,2500.0,2050.0,6.582e-17],0.103],
[[2500.0,2050.0,1.6132e-16,2500.0,2050.0,1.6132e-16],0.21],
[[2500.0,2050.0,3.9413e-16,2500.0,2050.0,3.9413e-16],0.3604],
[[2500.0,2050.0,9.6652e-16,2500.0,2050.0,9.6652e-16],0.5059],
[[2500.0,2050.0,2.3676e-15,2500.0,2050.0,2.3676e-15],0.5954],
[[2500.0,2050.0,5.7737e-15,2500.0,2050.0,5.7737e-15],0.5891],
[[2500.0,2050.0,1.4185e-14,2500.0,2050.0,1.4185e-14],0.4259],
[[2500.0,2050.0,3.4642e-14,2500.0,2050.0,3.4642e-14],0.1652],
[[2500.0,2050.0,8.5039e-14,2500.0,2050.0,8.5039e-14],0.02048],
[[2500.0,2050.0,2.0829e-13,2500.0,2050.0,2.0829e-13],0.0004129],
[[2700.0,2050.0,6.582e-17,2700.0,2050.0,6.582e-17],0.08195],
[[2700.0,2050.0,1.6132e-16,2700.0,2050.0,1.6132e-16],0.1679],
[[2700.0,2050.0,3.9413e-16,2700.0,2050.0,3.9413e-16],0.2899],
[[2700.0,2050.0,9.6652e-16,2700.0,2050.0,9.6652e-16],0.405],
[[2700.0,2050.0,2.3676e-15,2700.0,2050.0,2.3676e-15],0.4734],
[[2700.0,2050.0,5.7737e-15,2700.0,2050.0,5.7737e-15],0.4609],
[[2700.0,2050.0,1.4185e-14,2700.0,2050.0,1.4185e-14],0.3326],
[[2700.0,2050.0,3.4642e-14,2700.0,2050.0,3.4642e-14],0.1288],
[[2700.0,2050.0,8.5039e-14,2700.0,2050.0,8.5039e-14],0.01568],
[[2700.0,2050.0,2.0829e-13,2700.0,2050.0,2.0829e-13],0.0002617],
[[2900.0,2050.0,6.582e-17,2900.0,2050.0,6.582e-17],0.05603],
[[2900.0,2050.0,1.6132e-16,2900.0,2050.0,1.6132e-16],0.1137],
[[2900.0,2050.0,3.9413e-16,2900.0,2050.0,3.9413e-16],0.1987],
[[2900.0,2050.0,9.6652e-16,2900.0,2050.0,9.6652e-16],0.2767],
[[2900.0,2050.0,2.3676e-15,2900.0,2050.0,2.3676e-15],0.3224],
[[2900.0,2050.0,5.7737e-15,2900.0,2050.0,5.7737e-15],0.3201],
[[2900.0,2050.0,1.4185e-14,2900.0,2050.0,1.4185e-14],0.2339],
[[2900.0,2050.0,3.4642e-14,2900.0,2050.0,3.4642e-14],0.08921],
[[2900.0,2050.0,8.5039e-14,2900.0,2050.0,8.5039e-14],0.01049],
[[2900.0,2050.0,2.0829e-13,2900.0,2050.0,2.0829e-13],0.0001127],
[[2300.0,2250.0,6.582e-17,2300.0,2250.0,6.582e-17],0.1091],
[[2300.0,2250.0,1.6132e-16,2300.0,2250.0,1.6132e-16],0.2252],
[[2300.0,2250.0,3.9413e-16,2300.0,2250.0,3.9413e-16],0.3901],
[[2300.0,2250.0,9.6652e-16,2300.0,2250.0,9.6652e-16],0.5543],
[[2300.0,2250.0,2.3676e-15,2300.0,2250.0,2.3676e-15],0.6507],
[[2300.0,2250.0,5.7737e-15,2300.0,2250.0,5.7737e-15],0.6451],
[[2300.0,2250.0,1.4185e-14,2300.0,2250.0,1.4185e-14],0.4704],
[[2300.0,2250.0,3.4642e-14,2300.0,2250.0,3.4642e-14],0.1933],
[[2300.0,2250.0,8.5039e-14,2300.0,2250.0,8.5039e-14],0.02699],
[[2300.0,2250.0,2.0829e-13,2300.0,2250.0,2.0829e-13],0.0002245],
[[2500.0,2250.0,6.582e-17,2500.0,2250.0,6.582e-17],0.1018],
[[2500.0,2250.0,1.6132e-16,2500.0,2250.0,1.6132e-16],0.2083],
[[2500.0,2250.0,3.9413e-16,2500.0,2250.0,3.9413e-16],0.3613],
[[2500.0,2250.0,9.6652e-16,2500.0,2250.0,9.6652e-16],0.5072],
[[2500.0,2250.0,2.3676e-15,2500.0,2250.0,2.3676e-15],0.5924],
[[2500.0,2250.0,5.7737e-15,2500.0,2250.0,5.7737e-15],0.5775],
[[2500.0,2250.0,1.4185e-14,2500.0,2250.0,1.4185e-14],0.4112],
[[2500.0,2250.0,3.4642e-14,2500.0,2250.0,3.4642e-14],0.1537],
[[2500.0,2250.0,8.5039e-14,2500.0,2250.0,8.5039e-14],0.01804],
[[2500.0,2250.0,2.0829e-13,2500.0,2250.0,2.0829e-13],0.0002247],
[[2700.0,2250.0,6.582e-17,2700.0,2250.0,6.582e-17],0.08512],
[[2700.0,2250.0,1.6132e-16,2700.0,2250.0,1.6132e-16],0.1745],
[[2700.0,2250.0,3.9413e-16,2700.0,2250.0,3.9413e-16],0.2936],
[[2700.0,2250.0,9.6652e-16,2700.0,2250.0,9.6652e-16],0.4057],
[[2700.0,2250.0,2.3676e-15,2700.0,2250.0,2.3676e-15],0.4701],
[[2700.0,2250.0,5.7737e-15,2700.0,2250.0,5.7737e-15],0.4517],
[[2700.0,2250.0,1.4185e-14,2700.0,2250.0,1.4185e-14],0.3077],
[[2700.0,2250.0,3.4642e-14,2700.0,2250.0,3.4642e-14],0.1087],
[[2700.0,2250.0,8.5039e-14,2700.0,2250.0,8.5039e-14],0.01147],
[[2700.0,2250.0,2.0829e-13,2700.0,2250.0,2.0829e-13],0.0002251],
[[2900.0,2250.0,6.582e-17,2900.0,2250.0,6.582e-17],0.06],
[[2900.0,2250.0,1.6132e-16,2900.0,2250.0,1.6132e-16],0.1216],
[[2900.0,2250.0,3.9413e-16,2900.0,2250.0,3.9413e-16],0.2043],
[[2900.0,2250.0,9.6652e-16,2900.0,2250.0,9.6652e-16],0.2828],
[[2900.0,2250.0,2.3676e-15,2900.0,2250.0,2.3676e-15],0.3235],
[[2900.0,2250.0,5.7737e-15,2900.0,2250.0,5.7737e-15],0.311],
[[2900.0,2250.0,1.4185e-14,2900.0,2250.0,1.4185e-14],0.2126],
[[2900.0,2250.0,3.4642e-14,2900.0,2250.0,3.4642e-14],0.07324],
[[2900.0,2250.0,8.5039e-14,2900.0,2250.0,8.5039e-14],0.006681],
[[2900.0,2250.0,2.0829e-13,2900.0,2250.0,2.0829e-13],0.0001127],
[[2500.0,2450.0,6.582e-17,2500.0,2450.0,6.582e-17],0.1051],
[[2500.0,2450.0,1.6132e-16,2500.0,2450.0,1.6132e-16],0.2102],
[[2500.0,2450.0,3.9413e-16,2500.0,2450.0,3.9413e-16],0.3551],
[[2500.0,2450.0,9.6652e-16,2500.0,2450.0,9.6652e-16],0.4966],
[[2500.0,2450.0,2.3676e-15,2500.0,2450.0,2.3676e-15],0.578],
[[2500.0,2450.0,5.7737e-15,2500.0,2450.0,5.7737e-15],0.5567],
[[2500.0,2450.0,1.4185e-14,2500.0,2450.0,1.4185e-14],0.3885],
[[2500.0,2450.0,3.4642e-14,2500.0,2450.0,3.4642e-14],0.1429],
[[2500.0,2450.0,8.5039e-14,2500.0,2450.0,8.5039e-14],0.01643],
[[2500.0,2450.0,2.0829e-13,2500.0,2450.0,2.0829e-13],0.0001503],
[[2700.0,2450.0,6.582e-17,2700.0,2450.0,6.582e-17],0.08718],
[[2700.0,2450.0,1.6132e-16,2700.0,2450.0,1.6132e-16],0.1735],
[[2700.0,2450.0,3.9413e-16,2700.0,2450.0,3.9413e-16],0.2902],
[[2700.0,2450.0,9.6652e-16,2700.0,2450.0,9.6652e-16],0.3995],
[[2700.0,2450.0,2.3676e-15,2700.0,2450.0,2.3676e-15],0.4582],
[[2700.0,2450.0,5.7737e-15,2700.0,2450.0,5.7737e-15],0.437],
[[2700.0,2450.0,1.4185e-14,2700.0,2450.0,1.4185e-14],0.2893],
[[2700.0,2450.0,3.4642e-14,2700.0,2450.0,3.4642e-14],0.09758],
[[2700.0,2450.0,8.5039e-14,2700.0,2450.0,8.5039e-14],0.009748],
[[2700.0,2450.0,2.0829e-13,2700.0,2450.0,2.0829e-13],0.0001123],
[[2900.0,2450.0,6.582e-17,2900.0,2450.0,6.582e-17],0.06192],
[[2900.0,2450.0,1.6132e-16,2900.0,2450.0,1.6132e-16],0.124],
[[2900.0,2450.0,3.9413e-16,2900.0,2450.0,3.9413e-16],0.2028],
[[2900.0,2450.0,9.6652e-16,2900.0,2450.0,9.6652e-16],0.2798],
[[2900.0,2450.0,2.3676e-15,2900.0,2450.0,2.3676e-15],0.3182],
[[2900.0,2450.0,5.7737e-15,2900.0,2450.0,5.7737e-15],0.299],
[[2900.0,2450.0,1.4185e-14,2900.0,2450.0,1.4185e-14],0.1978],
[[2900.0,2450.0,3.4642e-14,2900.0,2450.0,3.4642e-14],0.06419],
[[2900.0,2450.0,8.5039e-14,2900.0,2450.0,8.5039e-14],0.004199],
[[2900.0,2450.0,2.0829e-13,2900.0,2450.0,2.0829e-13],0.0],
[[2700.0,2650.0,6.582e-17,2700.0,2650.0,6.582e-17],0.08511],
[[2700.0,2650.0,1.6132e-16,2700.0,2650.0,1.6132e-16],0.1697],
[[2700.0,2650.0,3.9413e-16,2700.0,2650.0,3.9413e-16],0.2841],
[[2700.0,2650.0,9.6652e-16,2700.0,2650.0,9.6652e-16],0.3906],
[[2700.0,2650.0,2.3676e-15,2700.0,2650.0,2.3676e-15],0.4425],
[[2700.0,2650.0,5.7737e-15,2700.0,2650.0,5.7737e-15],0.4199],
[[2700.0,2650.0,1.4185e-14,2700.0,2650.0,1.4185e-14],0.281],
[[2700.0,2650.0,3.4642e-14,2700.0,2650.0,3.4642e-14],0.09393],
[[2700.0,2650.0,8.5039e-14,2700.0,2650.0,8.5039e-14],0.008894],
[[2700.0,2650.0,2.0829e-13,2700.0,2650.0,2.0829e-13],0.0001125],
[[2900.0,2650.0,6.582e-17,2900.0,2650.0,6.582e-17],0.06511],
[[2900.0,2650.0,1.6132e-16,2900.0,2650.0,1.6132e-16],0.1276],
[[2900.0,2650.0,3.9413e-16,2900.0,2650.0,3.9413e-16],0.2094],
[[2900.0,2650.0,9.6652e-16,2900.0,2650.0,9.6652e-16],0.2833],
[[2900.0,2650.0,2.3676e-15,2900.0,2650.0,2.3676e-15],0.3213],
[[2900.0,2650.0,5.7737e-15,2900.0,2650.0,5.7737e-15],0.298],
[[2900.0,2650.0,1.4185e-14,2900.0,2650.0,1.4185e-14],0.1885],
[[2900.0,2650.0,3.4642e-14,2900.0,2650.0,3.4642e-14],0.0568],
[[2900.0,2650.0,8.5039e-14,2900.0,2650.0,8.5039e-14],0.004204],
[[2900.0,2650.0,2.0829e-13,2900.0,2650.0,2.0829e-13],0.0],
[[2900.0,2850.0,6.582e-17,2900.0,2850.0,6.582e-17],0.06533],
[[2900.0,2850.0,1.6132e-16,2900.0,2850.0,1.6132e-16],0.1276],
[[2900.0,2850.0,3.9413e-16,2900.0,2850.0,3.9413e-16],0.208],
[[2900.0,2850.0,9.6652e-16,2900.0,2850.0,9.6652e-16],0.2791],
[[2900.0,2850.0,2.3676e-15,2900.0,2850.0,2.3676e-15],0.3162],
[[2900.0,2850.0,5.7737e-15,2900.0,2850.0,5.7737e-15],0.2924],
[[2900.0,2850.0,1.4185e-14,2900.0,2850.0,1.4185e-14],0.1859],
[[2900.0,2850.0,3.4642e-14,2900.0,2850.0,3.4642e-14],0.05631],
[[2900.0,2850.0,8.5039e-14,2900.0,2850.0,8.5039e-14],0.004278],
[[2900.0,2850.0,2.0829e-13,2900.0,2850.0,2.0829e-13],0.0]]
