txName: TRPVChijjj
constraint: {(PV > anyBSM(1),anyBSM(2)), (anyBSM(1) > jet,jet,jet), (anyBSM(2) > jet,jet,jet)}
condition: None
conditionDescription: None
figureUrl: https://atlas.web.cern.ch/Atlas/GROUPS/PHYSICS/PAPERS/SUSY-2018-13/fig_11.png
source: Recast by A. Lessa
validated: True
axesMap: [{0: 'x', 1: 'y', 2: 'x', 3: 'y'}]
dataMap: {0: (1, 'mass', GeV), 1: (1, 'totalwidth', GeV), 2: (2, 'mass', GeV), 3: (2, 'totalwidth', GeV)}
finalState: None
intermediateState: None
efficiencyMap: [[[250.0,6.582e-18,240.0,6.582e-18],2.781e-07],
[[250.0,1.1967e-17,240.0,1.1967e-17],1.897e-06],
[[250.0,2.194e-17,240.0,2.194e-17],7.366e-06],
[[250.0,4.1138e-17,240.0,4.1138e-17],5.445e-06],
[[250.0,7.3955e-17,240.0,7.3955e-17],2.934e-05],
[[250.0,1.3713e-16,240.0,1.3713e-16],3.569e-05],
[[250.0,2.5315e-16,240.0,2.5315e-16],7.71e-05],
[[250.0,4.7014e-16,240.0,4.7014e-16],0.0002006],
[[250.0,8.4385e-16,240.0,8.4385e-16],0.0003836],
[[250.0,1.5307e-15,240.0,1.5307e-15],0.0006353],
[[250.0,2.8617e-15,240.0,2.8617e-15],0.0009725],
[[250.0,5.0631e-15,240.0,5.0631e-15],0.001266],
[[250.0,9.4029e-15,240.0,9.4029e-15],0.001583],
[[250.0,1.7321e-14,240.0,1.7321e-14],0.001696],
[[250.0,3.1343e-14,240.0,3.1343e-14],0.001759],
[[250.0,5.9836e-14,240.0,5.9836e-14],0.001537],
[[250.0,1.0616e-13,240.0,1.0616e-13],0.001221],
[[250.0,1.9359e-13,240.0,1.9359e-13],0.0006421],
[[250.0,3.6567e-13,240.0,3.6567e-13],0.0002528],
[[250.0,6.582e-13,240.0,6.582e-13],2.11e-05],
[[250.0,6.582e-18,250.0,6.582e-18],3.357e-06],
[[250.0,1.1967e-17,250.0,1.1967e-17],6.231e-06],
[[250.0,2.194e-17,250.0,2.194e-17],1.034e-05],
[[250.0,4.1138e-17,250.0,4.1138e-17],1.634e-05],
[[250.0,7.3955e-17,250.0,7.3955e-17],2.331e-05],
[[250.0,1.3713e-16,250.0,1.3713e-16],4.283e-05],
[[250.0,2.5315e-16,250.0,2.5315e-16],0.0001102],
[[250.0,4.7014e-16,250.0,4.7014e-16],0.0002464],
[[250.0,8.4385e-16,250.0,8.4385e-16],0.0004359],
[[250.0,1.5307e-15,250.0,1.5307e-15],0.0006912],
[[250.0,2.8617e-15,250.0,2.8617e-15],0.001125],
[[250.0,5.0631e-15,250.0,5.0631e-15],0.001442],
[[250.0,9.4029e-15,250.0,9.4029e-15],0.001761],
[[250.0,1.7321e-14,250.0,1.7321e-14],0.002007],
[[250.0,3.1343e-14,250.0,3.1343e-14],0.001962],
[[250.0,5.9836e-14,250.0,5.9836e-14],0.001702],
[[250.0,1.0616e-13,250.0,1.0616e-13],0.001182],
[[250.0,1.9359e-13,250.0,1.9359e-13],0.0006182],
[[250.0,3.6567e-13,250.0,3.6567e-13],0.0001436],
[[450.0,6.582e-18,440.0,6.582e-18],5.723e-05],
[[450.0,1.1967e-17,440.0,1.1967e-17],0.0001116],
[[450.0,2.194e-17,440.0,2.194e-17],0.0001946],
[[450.0,4.1138e-17,440.0,4.1138e-17],0.0004065],
[[450.0,7.3955e-17,440.0,7.3955e-17],0.0007567],
[[450.0,1.3713e-16,440.0,1.3713e-16],0.001675],
[[450.0,2.5315e-16,440.0,2.5315e-16],0.00305],
[[450.0,4.7014e-16,440.0,4.7014e-16],0.006098],
[[450.0,8.4385e-16,440.0,8.4385e-16],0.009778],
[[450.0,1.5307e-15,440.0,1.5307e-15],0.01424],
[[450.0,2.8617e-15,440.0,2.8617e-15],0.01912],
[[450.0,5.0631e-15,440.0,5.0631e-15],0.02291],
[[450.0,9.4029e-15,440.0,9.4029e-15],0.02575],
[[450.0,1.7321e-14,440.0,1.7321e-14],0.02639],
[[450.0,3.1343e-14,440.0,3.1343e-14],0.02493],
[[450.0,5.9836e-14,440.0,5.9836e-14],0.01882],
[[450.0,1.0616e-13,440.0,1.0616e-13],0.01101],
[[450.0,1.9359e-13,440.0,1.9359e-13],0.004318],
[[450.0,3.6567e-13,440.0,3.6567e-13],0.0007645],
[[450.0,6.582e-13,440.0,6.582e-13],4.628e-05],
[[450.0,6.582e-18,450.0,6.582e-18],7.641e-05],
[[450.0,1.1967e-17,450.0,1.1967e-17],0.0001313],
[[450.0,2.194e-17,450.0,2.194e-17],0.0002328],
[[450.0,4.1138e-17,450.0,4.1138e-17],0.0004506],
[[450.0,7.3955e-17,450.0,7.3955e-17],0.0008819],
[[450.0,1.3713e-16,450.0,1.3713e-16],0.001757],
[[450.0,2.5315e-16,450.0,2.5315e-16],0.003529],
[[450.0,4.7014e-16,450.0,4.7014e-16],0.006534],
[[450.0,8.4385e-16,450.0,8.4385e-16],0.01049],
[[450.0,1.5307e-15,450.0,1.5307e-15],0.01518],
[[450.0,2.8617e-15,450.0,2.8617e-15],0.02034],
[[450.0,5.0631e-15,450.0,5.0631e-15],0.02441],
[[450.0,9.4029e-15,450.0,9.4029e-15],0.02749],
[[450.0,1.7321e-14,450.0,1.7321e-14],0.02831],
[[450.0,3.1343e-14,450.0,3.1343e-14],0.02602],
[[450.0,5.9836e-14,450.0,5.9836e-14],0.0199],
[[450.0,1.0616e-13,450.0,1.0616e-13],0.01192],
[[450.0,1.9359e-13,450.0,1.9359e-13],0.004701],
[[450.0,3.6567e-13,450.0,3.6567e-13],0.0006717],
[[450.0,6.582e-13,450.0,6.582e-13],2.319e-05],
[[650.0,6.582e-18,640.0,6.582e-18],0.0005461],
[[650.0,1.1967e-17,640.0,1.1967e-17],0.0008784],
[[650.0,2.194e-17,640.0,2.194e-17],0.001829],
[[650.0,4.1138e-17,640.0,4.1138e-17],0.003907],
[[650.0,7.3955e-17,640.0,7.3955e-17],0.007809],
[[650.0,1.3713e-16,640.0,1.3713e-16],0.01534],
[[650.0,2.5315e-16,640.0,2.5315e-16],0.02805],
[[650.0,4.7014e-16,640.0,4.7014e-16],0.04602],
[[650.0,8.4385e-16,640.0,8.4385e-16],0.06668],
[[650.0,1.5307e-15,640.0,1.5307e-15],0.08963],
[[650.0,2.8617e-15,640.0,2.8617e-15],0.1108],
[[650.0,5.0631e-15,640.0,5.0631e-15],0.1248],
[[650.0,9.4029e-15,640.0,9.4029e-15],0.1309],
[[650.0,1.7321e-14,640.0,1.7321e-14],0.1229],
[[650.0,3.1343e-14,640.0,3.1343e-14],0.1007],
[[650.0,5.9836e-14,640.0,5.9836e-14],0.06132],
[[650.0,1.0616e-13,640.0,1.0616e-13],0.02821],
[[650.0,1.9359e-13,640.0,1.9359e-13],0.007088],
[[650.0,3.6567e-13,640.0,3.6567e-13],0.0006097],
[[650.0,6.582e-13,640.0,6.582e-13],2.393e-05],
[[650.0,6.582e-18,650.0,6.582e-18],0.0005002],
[[650.0,1.1967e-17,650.0,1.1967e-17],0.0009119],
[[650.0,2.194e-17,650.0,2.194e-17],0.001989],
[[650.0,4.1138e-17,650.0,4.1138e-17],0.004082],
[[650.0,7.3955e-17,650.0,7.3955e-17],0.008014],
[[650.0,1.3713e-16,650.0,1.3713e-16],0.0153],
[[650.0,2.5315e-16,650.0,2.5315e-16],0.02819],
[[650.0,4.7014e-16,650.0,4.7014e-16],0.04683],
[[650.0,8.4385e-16,650.0,8.4385e-16],0.06858],
[[650.0,1.5307e-15,650.0,1.5307e-15],0.09251],
[[650.0,2.8617e-15,650.0,2.8617e-15],0.1147],
[[650.0,5.0631e-15,650.0,5.0631e-15],0.1275],
[[650.0,9.4029e-15,650.0,9.4029e-15],0.1339],
[[650.0,1.7321e-14,650.0,1.7321e-14],0.126],
[[650.0,3.1343e-14,650.0,3.1343e-14],0.1029],
[[650.0,5.9836e-14,650.0,5.9836e-14],0.06252],
[[650.0,1.0616e-13,650.0,1.0616e-13],0.02892],
[[650.0,1.9359e-13,650.0,1.9359e-13],0.007939],
[[650.0,3.6567e-13,650.0,3.6567e-13],0.0009989],
[[650.0,6.582e-13,650.0,6.582e-13],6.147e-05],
[[850.0,6.582e-18,840.0,6.582e-18],0.002366],
[[850.0,1.1967e-17,840.0,1.1967e-17],0.004219],
[[850.0,2.194e-17,840.0,2.194e-17],0.008032],
[[850.0,4.1138e-17,840.0,4.1138e-17],0.01609],
[[850.0,7.3955e-17,840.0,7.3955e-17],0.02921],
[[850.0,1.3713e-16,840.0,1.3713e-16],0.05363],
[[850.0,2.5315e-16,840.0,2.5315e-16],0.09101],
[[850.0,4.7014e-16,840.0,4.7014e-16],0.1434],
[[850.0,8.4385e-16,840.0,8.4385e-16],0.1986],
[[850.0,1.5307e-15,840.0,1.5307e-15],0.2528],
[[850.0,2.8617e-15,840.0,2.8617e-15],0.2963],
[[850.0,5.0631e-15,840.0,5.0631e-15],0.3186],
[[850.0,9.4029e-15,840.0,9.4029e-15],0.3157],
[[850.0,1.7321e-14,840.0,1.7321e-14],0.2769],
[[850.0,3.1343e-14,840.0,3.1343e-14],0.2034],
[[850.0,5.9836e-14,840.0,5.9836e-14],0.1071],
[[850.0,1.0616e-13,840.0,1.0616e-13],0.04118],
[[850.0,1.9359e-13,840.0,1.9359e-13],0.00829],
[[850.0,3.6567e-13,840.0,3.6567e-13],0.0007896],
[[850.0,6.582e-13,840.0,6.582e-13],6.199e-05],
[[850.0,6.582e-18,850.0,6.582e-18],0.002396],
[[850.0,1.1967e-17,850.0,1.1967e-17],0.00439],
[[850.0,2.194e-17,850.0,2.194e-17],0.008467],
[[850.0,4.1138e-17,850.0,4.1138e-17],0.01612],
[[850.0,7.3955e-17,850.0,7.3955e-17],0.0296],
[[850.0,1.3713e-16,850.0,1.3713e-16],0.05461],
[[850.0,2.5315e-16,850.0,2.5315e-16],0.09326],
[[850.0,4.7014e-16,850.0,4.7014e-16],0.1448],
[[850.0,8.4385e-16,850.0,8.4385e-16],0.1987],
[[850.0,1.5307e-15,850.0,1.5307e-15],0.2541],
[[850.0,2.8617e-15,850.0,2.8617e-15],0.2988],
[[850.0,5.0631e-15,850.0,5.0631e-15],0.3214],
[[850.0,9.4029e-15,850.0,9.4029e-15],0.3173],
[[850.0,1.7321e-14,850.0,1.7321e-14],0.2795],
[[850.0,3.1343e-14,850.0,3.1343e-14],0.2041],
[[850.0,5.9836e-14,850.0,5.9836e-14],0.1062],
[[850.0,1.0616e-13,850.0,1.0616e-13],0.04037],
[[850.0,1.9359e-13,850.0,1.9359e-13],0.0084],
[[850.0,3.6567e-13,850.0,3.6567e-13],0.0005549],
[[850.0,6.582e-13,850.0,6.582e-13],2.496e-05],
[[1050.0,6.582e-18,1040.0,6.582e-18],0.005375],
[[1050.0,1.1967e-17,1040.0,1.1967e-17],0.009264],
[[1050.0,2.194e-17,1040.0,2.194e-17],0.01701],
[[1050.0,4.1138e-17,1040.0,4.1138e-17],0.0314],
[[1050.0,7.3955e-17,1040.0,7.3955e-17],0.05449],
[[1050.0,1.3713e-16,1040.0,1.3713e-16],0.09655],
[[1050.0,2.5315e-16,1040.0,2.5315e-16],0.1595],
[[1050.0,4.7014e-16,1040.0,4.7014e-16],0.2412],
[[1050.0,8.4385e-16,1040.0,8.4385e-16],0.3264],
[[1050.0,1.5307e-15,1040.0,1.5307e-15],0.406],
[[1050.0,2.8617e-15,1040.0,2.8617e-15],0.4655],
[[1050.0,5.0631e-15,1040.0,5.0631e-15],0.4912],
[[1050.0,9.4029e-15,1040.0,9.4029e-15],0.4739],
[[1050.0,1.7321e-14,1040.0,1.7321e-14],0.3984],
[[1050.0,3.1343e-14,1040.0,3.1343e-14],0.2736],
[[1050.0,5.9836e-14,1040.0,5.9836e-14],0.1298],
[[1050.0,1.0616e-13,1040.0,1.0616e-13],0.04398],
[[1050.0,1.9359e-13,1040.0,1.9359e-13],0.007566],
[[1050.0,3.6567e-13,1040.0,3.6567e-13],0.0003941],
[[1050.0,6.582e-13,1040.0,6.582e-13],2.365e-05],
[[1050.0,6.582e-18,1050.0,6.582e-18],0.005116],
[[1050.0,1.1967e-17,1050.0,1.1967e-17],0.009227],
[[1050.0,2.194e-17,1050.0,2.194e-17],0.01688],
[[1050.0,4.1138e-17,1050.0,4.1138e-17],0.03145],
[[1050.0,7.3955e-17,1050.0,7.3955e-17],0.0563],
[[1050.0,1.3713e-16,1050.0,1.3713e-16],0.09871],
[[1050.0,2.5315e-16,1050.0,2.5315e-16],0.1609],
[[1050.0,4.7014e-16,1050.0,4.7014e-16],0.244],
[[1050.0,8.4385e-16,1050.0,8.4385e-16],0.3293],
[[1050.0,1.5307e-15,1050.0,1.5307e-15],0.4087],
[[1050.0,2.8617e-15,1050.0,2.8617e-15],0.4684],
[[1050.0,5.0631e-15,1050.0,5.0631e-15],0.4942],
[[1050.0,9.4029e-15,1050.0,9.4029e-15],0.4761],
[[1050.0,1.7321e-14,1050.0,1.7321e-14],0.4003],
[[1050.0,3.1343e-14,1050.0,3.1343e-14],0.277],
[[1050.0,5.9836e-14,1050.0,5.9836e-14],0.1325],
[[1050.0,1.0616e-13,1050.0,1.0616e-13],0.04386],
[[1050.0,1.9359e-13,1050.0,1.9359e-13],0.007251],
[[1050.0,3.6567e-13,1050.0,3.6567e-13],0.0005077],
[[1050.0,6.582e-13,1050.0,6.582e-13],1.243e-05],
[[1250.0,6.582e-18,1240.0,6.582e-18],0.007434],
[[1250.0,1.1967e-17,1240.0,1.1967e-17],0.01303],
[[1250.0,2.194e-17,1240.0,2.194e-17],0.02274],
[[1250.0,4.1138e-17,1240.0,4.1138e-17],0.04331],
[[1250.0,7.3955e-17,1240.0,7.3955e-17],0.07482],
[[1250.0,1.3713e-16,1240.0,1.3713e-16],0.1303],
[[1250.0,2.5315e-16,1240.0,2.5315e-16],0.2111],
[[1250.0,4.7014e-16,1240.0,4.7014e-16],0.3138],
[[1250.0,8.4385e-16,1240.0,8.4385e-16],0.4192],
[[1250.0,1.5307e-15,1240.0,1.5307e-15],0.5134],
[[1250.0,2.8617e-15,1240.0,2.8617e-15],0.5799],
[[1250.0,5.0631e-15,1240.0,5.0631e-15],0.6032],
[[1250.0,9.4029e-15,1240.0,9.4029e-15],0.5722],
[[1250.0,1.7321e-14,1240.0,1.7321e-14],0.471],
[[1250.0,3.1343e-14,1240.0,3.1343e-14],0.3132],
[[1250.0,5.9836e-14,1240.0,5.9836e-14],0.1384],
[[1250.0,1.0616e-13,1240.0,1.0616e-13],0.04166],
[[1250.0,1.9359e-13,1240.0,1.9359e-13],0.00631],
[[1250.0,3.6567e-13,1240.0,3.6567e-13],0.0002734],
[[1250.0,6.582e-13,1240.0,6.582e-13],0.0],
[[1250.0,6.582e-18,1250.0,6.582e-18],0.007409],
[[1250.0,1.1967e-17,1250.0,1.1967e-17],0.01288],
[[1250.0,2.194e-17,1250.0,2.194e-17],0.0234],
[[1250.0,4.1138e-17,1250.0,4.1138e-17],0.04297],
[[1250.0,7.3955e-17,1250.0,7.3955e-17],0.07524],
[[1250.0,1.3713e-16,1250.0,1.3713e-16],0.1299],
[[1250.0,2.5315e-16,1250.0,2.5315e-16],0.2118],
[[1250.0,4.7014e-16,1250.0,4.7014e-16],0.3152],
[[1250.0,8.4385e-16,1250.0,8.4385e-16],0.4212],
[[1250.0,1.5307e-15,1250.0,1.5307e-15],0.5137],
[[1250.0,2.8617e-15,1250.0,2.8617e-15],0.583],
[[1250.0,5.0631e-15,1250.0,5.0631e-15],0.6068],
[[1250.0,9.4029e-15,1250.0,9.4029e-15],0.5751],
[[1250.0,1.7321e-14,1250.0,1.7321e-14],0.4701],
[[1250.0,3.1343e-14,1250.0,3.1343e-14],0.3131],
[[1250.0,5.9836e-14,1250.0,5.9836e-14],0.1373],
[[1250.0,1.0616e-13,1250.0,1.0616e-13],0.04204],
[[1250.0,1.9359e-13,1250.0,1.9359e-13],0.005779],
[[1250.0,3.6567e-13,1250.0,3.6567e-13],0.000286],
[[1250.0,6.582e-13,1250.0,6.582e-13],0.0],
[[1450.0,6.582e-18,1440.0,6.582e-18],0.008938],
[[1450.0,1.1967e-17,1440.0,1.1967e-17],0.01597],
[[1450.0,2.194e-17,1440.0,2.194e-17],0.0283],
[[1450.0,4.1138e-17,1440.0,4.1138e-17],0.05224],
[[1450.0,7.3955e-17,1440.0,7.3955e-17],0.09034],
[[1450.0,1.3713e-16,1440.0,1.3713e-16],0.154],
[[1450.0,2.5315e-16,1440.0,2.5315e-16],0.2473],
[[1450.0,4.7014e-16,1440.0,4.7014e-16],0.3635],
[[1450.0,8.4385e-16,1440.0,8.4385e-16],0.4774],
[[1450.0,1.5307e-15,1440.0,1.5307e-15],0.5776],
[[1450.0,2.8617e-15,1440.0,2.8617e-15],0.6479],
[[1450.0,5.0631e-15,1440.0,5.0631e-15],0.6678],
[[1450.0,9.4029e-15,1440.0,9.4029e-15],0.6247],
[[1450.0,1.7321e-14,1440.0,1.7321e-14],0.5005],
[[1450.0,3.1343e-14,1440.0,3.1343e-14],0.322],
[[1450.0,5.9836e-14,1440.0,5.9836e-14],0.1348],
[[1450.0,1.0616e-13,1440.0,1.0616e-13],0.03774],
[[1450.0,1.9359e-13,1440.0,1.9359e-13],0.005027],
[[1450.0,3.6567e-13,1440.0,3.6567e-13],0.0001116],
[[1450.0,6.582e-13,1440.0,6.582e-13],0.0],
[[1450.0,6.582e-18,1450.0,6.582e-18],0.009322],
[[1450.0,1.1967e-17,1450.0,1.1967e-17],0.01636],
[[1450.0,2.194e-17,1450.0,2.194e-17],0.02856],
[[1450.0,4.1138e-17,1450.0,4.1138e-17],0.05264],
[[1450.0,7.3955e-17,1450.0,7.3955e-17],0.08992],
[[1450.0,1.3713e-16,1450.0,1.3713e-16],0.155],
[[1450.0,2.5315e-16,1450.0,2.5315e-16],0.2481],
[[1450.0,4.7014e-16,1450.0,4.7014e-16],0.364],
[[1450.0,8.4385e-16,1450.0,8.4385e-16],0.4782],
[[1450.0,1.5307e-15,1450.0,1.5307e-15],0.5786],
[[1450.0,2.8617e-15,1450.0,2.8617e-15],0.6485],
[[1450.0,5.0631e-15,1450.0,5.0631e-15],0.6677],
[[1450.0,9.4029e-15,1450.0,9.4029e-15],0.6268],
[[1450.0,1.7321e-14,1450.0,1.7321e-14],0.5029],
[[1450.0,3.1343e-14,1450.0,3.1343e-14],0.3248],
[[1450.0,5.9836e-14,1450.0,5.9836e-14],0.1354],
[[1450.0,1.0616e-13,1450.0,1.0616e-13],0.03729],
[[1450.0,1.9359e-13,1450.0,1.9359e-13],0.005034],
[[1450.0,3.6567e-13,1450.0,3.6567e-13],0.0002006],
[[1450.0,6.582e-13,1450.0,6.582e-13],0.0],
[[1650.0,6.582e-18,1640.0,6.582e-18],0.0101],
[[1650.0,1.1967e-17,1640.0,1.1967e-17],0.01758],
[[1650.0,2.194e-17,1640.0,2.194e-17],0.03165],
[[1650.0,4.1138e-17,1640.0,4.1138e-17],0.05855],
[[1650.0,7.3955e-17,1640.0,7.3955e-17],0.1003],
[[1650.0,1.3713e-16,1640.0,1.3713e-16],0.1715],
[[1650.0,2.5315e-16,1640.0,2.5315e-16],0.2715],
[[1650.0,4.7014e-16,1640.0,4.7014e-16],0.3949],
[[1650.0,8.4385e-16,1640.0,8.4385e-16],0.5143],
[[1650.0,1.5307e-15,1640.0,1.5307e-15],0.6171],
[[1650.0,2.8617e-15,1640.0,2.8617e-15],0.6843],
[[1650.0,5.0631e-15,1640.0,5.0631e-15],0.7027],
[[1650.0,9.4029e-15,1640.0,9.4029e-15],0.6521],
[[1650.0,1.7321e-14,1640.0,1.7321e-14],0.5135],
[[1650.0,3.1343e-14,1640.0,3.1343e-14],0.3183],
[[1650.0,5.9836e-14,1640.0,5.9836e-14],0.1249],
[[1650.0,1.0616e-13,1640.0,1.0616e-13],0.03238],
[[1650.0,1.9359e-13,1640.0,1.9359e-13],0.003611],
[[1650.0,3.6567e-13,1640.0,3.6567e-13],5.003e-05],
[[1650.0,6.582e-13,1640.0,6.582e-13],0.0],
[[1650.0,6.582e-18,1650.0,6.582e-18],0.009868],
[[1650.0,1.1967e-17,1650.0,1.1967e-17],0.01716],
[[1650.0,2.194e-17,1650.0,2.194e-17],0.03166],
[[1650.0,4.1138e-17,1650.0,4.1138e-17],0.05844],
[[1650.0,7.3955e-17,1650.0,7.3955e-17],0.1016],
[[1650.0,1.3713e-16,1650.0,1.3713e-16],0.1721],
[[1650.0,2.5315e-16,1650.0,2.5315e-16],0.2735],
[[1650.0,4.7014e-16,1650.0,4.7014e-16],0.3966],
[[1650.0,8.4385e-16,1650.0,8.4385e-16],0.5146],
[[1650.0,1.5307e-15,1650.0,1.5307e-15],0.6165],
[[1650.0,2.8617e-15,1650.0,2.8617e-15],0.6859],
[[1650.0,5.0631e-15,1650.0,5.0631e-15],0.7048],
[[1650.0,9.4029e-15,1650.0,9.4029e-15],0.6512],
[[1650.0,1.7321e-14,1650.0,1.7321e-14],0.5128],
[[1650.0,3.1343e-14,1650.0,3.1343e-14],0.319],
[[1650.0,5.9836e-14,1650.0,5.9836e-14],0.1282],
[[1650.0,1.0616e-13,1650.0,1.0616e-13],0.03287],
[[1650.0,1.9359e-13,1650.0,1.9359e-13],0.003717],
[[1650.0,3.6567e-13,1650.0,3.6567e-13],8.75e-05],
[[1650.0,6.582e-13,1650.0,6.582e-13],0.0],
[[1850.0,6.582e-18,1840.0,6.582e-18],0.01055],
[[1850.0,1.1967e-17,1840.0,1.1967e-17],0.0194],
[[1850.0,2.194e-17,1840.0,2.194e-17],0.03491],
[[1850.0,4.1138e-17,1840.0,4.1138e-17],0.06331],
[[1850.0,7.3955e-17,1840.0,7.3955e-17],0.1102],
[[1850.0,1.3713e-16,1840.0,1.3713e-16],0.184],
[[1850.0,2.5315e-16,1840.0,2.5315e-16],0.2895],
[[1850.0,4.7014e-16,1840.0,4.7014e-16],0.4173],
[[1850.0,8.4385e-16,1840.0,8.4385e-16],0.5394],
[[1850.0,1.5307e-15,1840.0,1.5307e-15],0.6386],
[[1850.0,2.8617e-15,1840.0,2.8617e-15],0.7039],
[[1850.0,5.0631e-15,1840.0,5.0631e-15],0.715],
[[1850.0,9.4029e-15,1840.0,9.4029e-15],0.6549],
[[1850.0,1.7321e-14,1840.0,1.7321e-14],0.5042],
[[1850.0,3.1343e-14,1840.0,3.1343e-14],0.3034],
[[1850.0,5.9836e-14,1840.0,5.9836e-14],0.1101],
[[1850.0,1.0616e-13,1840.0,1.0616e-13],0.02592],
[[1850.0,1.9359e-13,1840.0,1.9359e-13],0.002832],
[[1850.0,3.6567e-13,1840.0,3.6567e-13],3.751e-05],
[[1850.0,6.582e-13,1840.0,6.582e-13],0.0],
[[1850.0,6.582e-18,1850.0,6.582e-18],0.01072],
[[1850.0,1.1967e-17,1850.0,1.1967e-17],0.01946],
[[1850.0,2.194e-17,1850.0,2.194e-17],0.03491],
[[1850.0,4.1138e-17,1850.0,4.1138e-17],0.06345],
[[1850.0,7.3955e-17,1850.0,7.3955e-17],0.1092],
[[1850.0,1.3713e-16,1850.0,1.3713e-16],0.1862],
[[1850.0,2.5315e-16,1850.0,2.5315e-16],0.2907],
[[1850.0,4.7014e-16,1850.0,4.7014e-16],0.417],
[[1850.0,8.4385e-16,1850.0,8.4385e-16],0.5373],
[[1850.0,1.5307e-15,1850.0,1.5307e-15],0.6379],
[[1850.0,2.8617e-15,1850.0,2.8617e-15],0.7039],
[[1850.0,5.0631e-15,1850.0,5.0631e-15],0.7156],
[[1850.0,9.4029e-15,1850.0,9.4029e-15],0.6534],
[[1850.0,1.7321e-14,1850.0,1.7321e-14],0.5037],
[[1850.0,3.1343e-14,1850.0,3.1343e-14],0.3041],
[[1850.0,5.9836e-14,1850.0,5.9836e-14],0.1116],
[[1850.0,1.0616e-13,1850.0,1.0616e-13],0.02666],
[[1850.0,1.9359e-13,1850.0,1.9359e-13],0.002185],
[[1850.0,3.6567e-13,1850.0,3.6567e-13],8.751e-05],
[[1850.0,6.582e-13,1850.0,6.582e-13],0.0]]
