txName: TRV1
constraint: {(PV > Zprime(1)), (Zprime(1) > MET(2),MET(3))}
condition: None
conditionDescription: None
figureUrl: None
source: Recast by CM2
validated: True
axesMap: [{0: 'x', 1: 'y', 2: 'y'}]
dataMap: {0: (1, 'mass', GeV), 1: (2, 'mass', GeV), 2: (3, 'mass', GeV)}
finalState: ['MET', 'MET']
intermediateState: None
efficiencyMap: [[[50.0,0,0],0.0],
[[50.0,1.0,1.0],0.0],
[[50.0,10.0,10.0],0.0],
[[50.0,20.0,20.0],0.0],
[[100.0,0,0],0.0],
[[100.0,1.0,1.0],0.0],
[[100.0,10.0,10.0],0],
[[150.0,0,0],0.0],
[[150.0,1.0,1.0],0.0],
[[150.0,10.0,10.0],0.0],
[[150.0,50.0,50.0],0.0],
[[150.0,70.0,70.0],0.0],
[[200.0,0,0],0],
[[200.0,1.0,1.0],0.0],
[[200.0,10.0,10.0],0],
[[200.0,50.0,50.0],0],
[[200.0,75.0,75.0],0.0],
[[250.0,0,0],0],
[[250.0,1.0,1.0],0.0],
[[250.0,10.0,10.0],0.0],
[[250.0,50.0,50.0],0.0],
[[250.0,75.0,75.0],0.0],
[[250.0,100.0,100.0],0.0],
[[250.0,120.0,120.0],0.0],
[[300.0,0,0],0],
[[300.0,1.0,1.0],0],
[[300.0,10.0,10.0],0.0],
[[300.0,50.0,50.0],0],
[[300.0,75.0,75.0],0],
[[300.0,100.0,100.0],0],
[[350.0,0,0],0.0],
[[350.0,1.0,1.0],0],
[[350.0,10.0,10.0],0],
[[350.0,50.0,50.0],0.0],
[[350.0,75.0,75.0],0.0],
[[350.0,100.0,100.0],0.0],
[[350.0,150.0,150.0],0],
[[350.0,170.0,170.0],0],
[[400.0,0,0],0.0],
[[400.0,1.0,1.0],0.0],
[[400.0,10.0,10.0],0],
[[400.0,50.0,50.0],0.0],
[[400.0,75.0,75.0],0],
[[400.0,100.0,100.0],0.0],
[[400.0,150.0,150.0],0],
[[450.0,0,0],0],
[[450.0,1.0,1.0],0],
[[450.0,10.0,10.0],0],
[[450.0,50.0,50.0],0],
[[450.0,75.0,75.0],0],
[[450.0,100.0,100.0],0],
[[450.0,150.0,150.0],0],
[[450.0,200.0,200.0],0],
[[450.0,220.0,220.0],0],
[[500.0,0,0],0],
[[500.0,1.0,1.0],0],
[[500.0,10.0,10.0],0],
[[500.0,50.0,50.0],0],
[[500.0,75.0,75.0],0],
[[500.0,100.0,100.0],0],
[[500.0,150.0,150.0],0],
[[500.0,200.0,200.0],0.0],
[[550.0,1.0,1.0],0],
[[550.0,10.0,10.0],0],
[[550.0,75.0,75.0],0],
[[550.0,150.0,150.0],0],
[[550.0,200.0,200.0],0],
[[550.0,250.0,250.0],0],
[[550.0,270.0,270.0],0],
[[600.0,0,0],0],
[[600.0,1.0,1.0],0],
[[600.0,10.0,10.0],0],
[[600.0,50.0,50.0],0],
[[600.0,75.0,75.0],0],
[[600.0,100.0,100.0],0],
[[600.0,150.0,150.0],0],
[[600.0,200.0,200.0],0],
[[600.0,250.0,250.0],0],
[[600.0,295.0,295.0],0],
[[650.0,1.0,1.0],0],
[[650.0,10.0,10.0],0],
[[650.0,75.0,75.0],0],
[[650.0,150.0,150.0],0],
[[650.0,200.0,200.0],0],
[[650.0,250.0,250.0],0],
[[650.0,300.0,300.0],0],
[[650.0,320.0,320.0],0],
[[700.0,0,0],0],
[[700.0,1.0,1.0],0],
[[700.0,10.0,10.0],0],
[[700.0,50.0,50.0],0],
[[700.0,75.0,75.0],0],
[[700.0,100.0,100.0],0],
[[700.0,150.0,150.0],0],
[[700.0,200.0,200.0],0],
[[700.0,250.0,250.0],0],
[[700.0,300.0,300.0],0],
[[750.0,1.0,1.0],0],
[[750.0,10.0,10.0],0],
[[750.0,75.0,75.0],0],
[[750.0,150.0,150.0],0],
[[750.0,200.0,200.0],0],
[[750.0,250.0,250.0],0],
[[750.0,300.0,300.0],0],
[[750.0,350.0,350.0],0],
[[750.0,370.0,370.0],0],
[[800.0,0,0],0],
[[800.0,1.0,1.0],0],
[[800.0,10.0,10.0],0],
[[800.0,50.0,50.0],0],
[[800.0,75.0,75.0],0],
[[800.0,100.0,100.0],0],
[[800.0,150.0,150.0],0],
[[800.0,200.0,200.0],0],
[[800.0,250.0,250.0],0],
[[800.0,300.0,300.0],0],
[[800.0,350.0,350.0],0],
[[850.0,1.0,1.0],0],
[[850.0,10.0,10.0],0],
[[850.0,75.0,75.0],0],
[[850.0,150.0,150.0],0],
[[850.0,200.0,200.0],0],
[[850.0,250.0,250.0],0],
[[850.0,300.0,300.0],0],
[[850.0,350.0,350.0],0],
[[850.0,400.0,400.0],0],
[[850.0,420.0,420.0],0],
[[900.0,0,0],0],
[[900.0,1.0,1.0],0],
[[900.0,10.0,10.0],0],
[[900.0,50.0,50.0],0],
[[900.0,75.0,75.0],0],
[[900.0,100.0,100.0],0],
[[900.0,150.0,150.0],0],
[[900.0,200.0,200.0],0],
[[900.0,250.0,250.0],0],
[[900.0,300.0,300.0],0],
[[900.0,350.0,350.0],0],
[[900.0,400.0,400.0],0],
[[950.0,1.0,1.0],0],
[[950.0,10.0,10.0],0],
[[950.0,75.0,75.0],0],
[[950.0,150.0,150.0],0],
[[950.0,200.0,200.0],0],
[[950.0,250.0,250.0],0],
[[950.0,300.0,300.0],0],
[[950.0,350.0,350.0],0],
[[950.0,400.0,400.0],0],
[[950.0,450.0,450.0],0],
[[950.0,470.0,470.0],0],
[[1000.0,0,0],0],
[[1000.0,50.0,50.0],0],
[[1000.0,100.0,100.0],0],
[[1000.0,150.0,150.0],0],
[[1000.0,200.0,200.0],0],
[[1000.0,250.0,250.0],0],
[[1000.0,300.0,300.0],1.643784e-06],
[[1000.0,350.0,350.0],0],
[[1000.0,400.0,400.0],0],
[[1000.0,450.0,450.0],0],
[[1050.0,520.0,520.0],0],
[[1100.0,0,0],0],
[[1100.0,100.0,100.0],0],
[[1100.0,200.0,200.0],1.684094e-06],
[[1100.0,300.0,300.0],0],
[[1100.0,400.0,400.0],0],
[[1100.0,500.0,500.0],0],
[[1150.0,570.0,570.0],1.704243e-06],
[[1200.0,0,0],0],
[[1200.0,100.0,100.0],0],
[[1200.0,200.0,200.0],0],
[[1200.0,300.0,300.0],0],
[[1200.0,400.0,400.0],1.923425e-06],
[[1200.0,500.0,500.0],0],
[[1250.0,620.0,620.0],1.90756e-06],
[[1300.0,0,0],1.832965e-06],
[[1300.0,100.0,100.0],0],
[[1300.0,200.0,200.0],1.770135e-06],
[[1300.0,300.0,300.0],1.894869e-06],
[[1300.0,400.0,400.0],0],
[[1300.0,500.0,500.0],2.073831e-06],
[[1300.0,600.0,600.0],1.656792e-06],
[[1350.0,670.0,670.0],2.035407e-06],
[[1400.0,0,0],3.094612e-06],
[[1400.0,100.0,100.0],2.820083e-06],
[[1400.0,200.0,200.0],2.281876e-06],
[[1400.0,300.0,300.0],0],
[[1400.0,400.0,400.0],2.174699e-06],
[[1400.0,500.0,500.0],2.601772e-06],
[[1400.0,600.0,600.0],2.3709e-06],
[[1450.0,720.0,720.0],1.724745e-06],
[[1500.0,0,0],3.595337e-06],
[[1500.0,100.0,100.0],2.109162e-06],
[[1500.0,200.0,200.0],3.167994e-06],
[[1500.0,300.0,300.0],2.55017e-06],
[[1500.0,400.0,400.0],2.703183e-06],
[[1500.0,500.0,500.0],2.586039e-06],
[[1500.0,600.0,600.0],2.273906e-06],
[[1500.0,700.0,700.0],3.942516e-06],
[[1550.0,770.0,770.0],2.416907e-06],
[[1600.0,0,0],2.627227e-06],
[[1600.0,100.0,100.0],2.98228e-06],
[[1600.0,200.0,200.0],3.316094e-06],
[[1600.0,300.0,300.0],2.690211e-06],
[[1600.0,400.0,400.0],2.171065e-06],
[[1600.0,500.0,500.0],4.280967e-06],
[[1600.0,600.0,600.0],1.975071e-06],
[[1600.0,700.0,700.0],4.320659e-06],
[[1650.0,820.0,820.0],2.225881e-06],
[[1700.0,0,0],3.364472e-06],
[[1700.0,100.0,100.0],2.465841e-06],
[[1700.0,200.0,200.0],3.466552e-06],
[[1700.0,300.0,300.0],1.885661e-06],
[[1700.0,400.0,400.0],3.36598e-06],
[[1700.0,500.0,500.0],4.043358e-06],
[[1700.0,600.0,600.0],3.138234e-06],
[[1700.0,700.0,700.0],4.183738e-06],
[[1700.0,800.0,800.0],5.946954e-06],
[[1750.0,870.0,870.0],3.765005e-06],
[[1800.0,0,0],4.338671e-06],
[[1800.0,100.0,100.0],3.364613e-06],
[[1800.0,200.0,200.0],4.299496e-06],
[[1800.0,300.0,300.0],2.650746e-06],
[[1800.0,400.0,400.0],2.581099e-06],
[[1800.0,500.0,500.0],2.676992e-06],
[[1800.0,600.0,600.0],4.645523e-06],
[[1800.0,700.0,700.0],4.525681e-06],
[[1800.0,800.0,800.0],2.776877e-06],
[[1850.0,920.0,920.0],4.00307e-06],
[[1900.0,0,0],3.155753e-06],
[[1900.0,100.0,100.0],3.273098e-06],
[[1900.0,200.0,200.0],5.733722e-06],
[[1900.0,300.0,300.0],4.06995e-06],
[[1900.0,400.0,400.0],3.91453e-06],
[[1900.0,500.0,500.0],3.377484e-06],
[[1900.0,600.0,600.0],6.503528e-06],
[[1900.0,700.0,700.0],3.463745e-06],
[[1900.0,800.0,800.0],3.123348e-06],
[[1900.0,900.0,900.0],3.779074e-06],
[[1950.0,970.0,970.0],4.076259e-06],
[[2000.0,0,0],4.43036e-06],
[[2000.0,100.0,100.0],3.696988e-06],
[[2000.0,200.0,200.0],2.86977e-06],
[[2000.0,300.0,300.0],2.850668e-06],
[[2000.0,400.0,400.0],4.66794e-06],
[[2000.0,500.0,500.0],4.229349e-06],
[[2000.0,600.0,600.0],6.314978e-06],
[[2000.0,700.0,700.0],4.976911e-06],
[[2000.0,800.0,800.0],3.492323e-06],
[[2000.0,900.0,900.0],3.155089e-06],
[[2050.0,1020.0,1020.0],4.48172e-06],
[[2100.0,0,0],2.936912e-06],
[[2100.0,100.0,100.0],3.329407e-06],
[[2100.0,200.0,200.0],5.626452e-06],
[[2100.0,300.0,300.0],4.874865e-06],
[[2100.0,400.0,400.0],6.047066e-06],
[[2100.0,500.0,500.0],4.902595e-06],
[[2100.0,600.0,600.0],5.967455e-06],
[[2100.0,700.0,700.0],5.923174e-06],
[[2100.0,800.0,800.0],3.118277e-06],
[[2100.0,900.0,900.0],2.086661e-06],
[[2100.0,1000.0,1000.0],5.269545e-06],
[[2150.0,1070.0,1070.0],4.812511e-06],
[[2200.0,0,0],6.90089e-06],
[[2200.0,100.0,100.0],5.060825e-06],
[[2200.0,200.0,200.0],4.335742e-06],
[[2200.0,300.0,300.0],4.025738e-06],
[[2200.0,400.0,400.0],6.183614e-06],
[[2200.0,500.0,500.0],8.724801e-06],
[[2200.0,600.0,600.0],7.25049e-06],
[[2200.0,700.0,700.0],6.647624e-06],
[[2200.0,800.0,800.0],6.890269e-06],
[[2200.0,900.0,900.0],3.635285e-06],
[[2200.0,1000.0,1000.0],4.832201e-06],
[[2250.0,1120.0,1120.0],7.475029e-06],
[[2300.0,0,0],4.857164e-06],
[[2300.0,100.0,100.0],5.631442e-06],
[[2300.0,200.0,200.0],4.805689e-06],
[[2300.0,300.0,300.0],9.962001e-06],
[[2300.0,400.0,400.0],5.15544e-06],
[[2300.0,500.0,500.0],3.367683e-06],
[[2300.0,600.0,600.0],4.199392e-06],
[[2300.0,700.0,700.0],5.70336e-06],
[[2300.0,800.0,800.0],4.962916e-06],
[[2300.0,900.0,900.0],4.120953e-06],
[[2300.0,1000.0,1000.0],3.854273e-06],
[[2300.0,1100.0,1100.0],5.188098e-06],
[[2350.0,1170.0,1170.0],6.554549e-06],
[[2400.0,0,0],5.791442e-06],
[[2400.0,100.0,100.0],4.612573e-06],
[[2400.0,200.0,200.0],4.911789e-06],
[[2400.0,300.0,300.0],4.03422e-06],
[[2400.0,400.0,400.0],4.236139e-06],
[[2400.0,500.0,500.0],6.227591e-06],
[[2400.0,600.0,600.0],4.000536e-06],
[[2400.0,700.0,700.0],4.331217e-06],
[[2400.0,800.0,800.0],6.315128e-06],
[[2400.0,900.0,900.0],5.271123e-06],
[[2400.0,1000.0,1000.0],5.468219e-06],
[[2400.0,1100.0,1100.0],1.03363e-05],
[[2450.0,1220.0,1220.0],6.454995e-06],
[[2500.0,0,0],5.664928e-06],
[[2500.0,100.0,100.0],4.392497e-06],
[[2500.0,200.0,200.0],4.834551e-06],
[[2500.0,300.0,300.0],5.554645e-06],
[[2500.0,400.0,400.0],8.496581e-06],
[[2500.0,500.0,500.0],4.443393e-06],
[[2500.0,600.0,600.0],8.463326e-06],
[[2500.0,700.0,700.0],4.235709e-06],
[[2500.0,800.0,800.0],4.617167e-06],
[[2500.0,900.0,900.0],7.872358e-06],
[[2500.0,1000.0,1000.0],5.888559e-06],
[[2500.0,1100.0,1100.0],5.876855e-06],
[[2500.0,1200.0,1200.0],4.248564e-06],
[[2550.0,1270.0,1270.0],4.95267e-06],
[[2600.0,0,0],4.572604e-06],
[[2600.0,100.0,100.0],5.209952e-06],
[[2600.0,200.0,200.0],5.681548e-06],
[[2600.0,300.0,300.0],4.096493e-06],
[[2600.0,400.0,400.0],7.611944e-06],
[[2600.0,500.0,500.0],4.975506e-06],
[[2600.0,600.0,600.0],6.530681e-06],
[[2600.0,700.0,700.0],9.048073e-06],
[[2600.0,800.0,800.0],6.259415e-06],
[[2600.0,900.0,900.0],7.178018e-06],
[[2600.0,1000.0,1000.0],1.038408e-05],
[[2600.0,1100.0,1100.0],8.181525e-06],
[[2600.0,1200.0,1200.0],6.47356e-06],
[[2650.0,1320.0,1320.0],7.608085e-06],
[[2700.0,0,0],8.296712e-06],
[[2700.0,100.0,100.0],5.11341e-06],
[[2700.0,200.0,200.0],4.995182e-06],
[[2700.0,300.0,300.0],5.624127e-06],
[[2700.0,400.0,400.0],7.536035e-06],
[[2700.0,500.0,500.0],6.686217e-06],
[[2700.0,600.0,600.0],3.513546e-06],
[[2700.0,700.0,700.0],5.817809e-06],
[[2700.0,800.0,800.0],7.887679e-06],
[[2700.0,900.0,900.0],7.891207e-06],
[[2700.0,1000.0,1000.0],8.216784e-06],
[[2700.0,1100.0,1100.0],4.868173e-06],
[[2700.0,1200.0,1200.0],5.491015e-06],
[[2700.0,1300.0,1300.0],7.219026e-06],
[[2750.0,1370.0,1370.0],5.11956e-06],
[[2800.0,0,0],5.022902e-06],
[[2800.0,100.0,100.0],4.502914e-06],
[[2800.0,200.0,200.0],6.419849e-06],
[[2800.0,300.0,300.0],5.39212e-06],
[[2800.0,400.0,400.0],5.6655e-06],
[[2800.0,500.0,500.0],6.720249e-06],
[[2800.0,600.0,600.0],6.203345e-06],
[[2800.0,700.0,700.0],7.622856e-06],
[[2800.0,800.0,800.0],7.385123e-06],
[[2800.0,900.0,900.0],8.748265e-06],
[[2800.0,1000.0,1000.0],6.517791e-06],
[[2800.0,1100.0,1100.0],7.742893e-06],
[[2800.0,1200.0,1200.0],6.835865e-06],
[[2800.0,1300.0,1300.0],5.848143e-06],
[[2850.0,1420.0,1420.0],5.530303e-06],
[[2900.0,0,0],4.600624e-06],
[[2900.0,100.0,100.0],3.965755e-06],
[[2900.0,200.0,200.0],6.112693e-06],
[[2900.0,300.0,300.0],1.089148e-05],
[[2900.0,400.0,400.0],7.610629e-06],
[[2900.0,500.0,500.0],8.638802e-06],
[[2900.0,600.0,600.0],6.599383e-06],
[[2900.0,700.0,700.0],6.712957e-06],
[[2900.0,800.0,800.0],6.574511e-06],
[[2900.0,900.0,900.0],3.410417e-06],
[[2900.0,1000.0,1000.0],7.15133e-06],
[[2900.0,1100.0,1100.0],6.364977e-06],
[[2900.0,1200.0,1200.0],5.317778e-06],
[[2900.0,1300.0,1300.0],5.026406e-06],
[[2900.0,1400.0,1400.0],1.074612e-05],
[[2950.0,1470.0,1470.0],7.158223e-06],
[[3000.0,0,0],5.876344e-06],
[[3000.0,100.0,100.0],5.441697e-06],
[[3000.0,200.0,200.0],4.568257e-06],
[[3000.0,300.0,300.0],8.404133e-06],
[[3000.0,400.0,400.0],3.861778e-06],
[[3000.0,500.0,500.0],7.262384e-06],
[[3000.0,600.0,600.0],7.724897e-06],
[[3000.0,700.0,700.0],6.873528e-06],
[[3000.0,800.0,800.0],6.748609e-06],
[[3000.0,900.0,900.0],5.619739e-06],
[[3000.0,1000.0,1000.0],9.115011e-06],
[[3000.0,1100.0,1100.0],7.520032e-06],
[[3000.0,1200.0,1200.0],7.049454e-06],
[[3000.0,1300.0,1300.0],4.746479e-06],
[[3000.0,1400.0,1400.0],5.181761e-06]]
