txName: TRV1
constraint: {(PV > Zprime(1)), (Zprime(1) > MET(2),MET(3))}
condition: None
conditionDescription: None
figureUrl: None
source: Recast by CM2
validated: True
axesMap: [{0: 'x', 1: 'y', 2: 'y'}]
dataMap: {0: (1, 'mass', GeV), 1: (2, 'mass', GeV), 2: (3, 'mass', GeV)}
finalState: ['MET', 'MET']
intermediateState: None
efficiencyMap: [[[50.0,0,0],0],
[[50.0,1.0,1.0],0],
[[50.0,10.0,10.0],0.0],
[[50.0,20.0,20.0],0],
[[100.0,0,0],0],
[[100.0,1.0,1.0],0],
[[100.0,10.0,10.0],0],
[[150.0,0,0],0],
[[150.0,1.0,1.0],0],
[[150.0,10.0,10.0],0],
[[150.0,50.0,50.0],0],
[[150.0,70.0,70.0],0],
[[200.0,0,0],0],
[[200.0,1.0,1.0],0],
[[200.0,10.0,10.0],0],
[[200.0,50.0,50.0],0],
[[200.0,75.0,75.0],0],
[[250.0,0,0],0],
[[250.0,1.0,1.0],0],
[[250.0,10.0,10.0],0],
[[250.0,50.0,50.0],0],
[[250.0,75.0,75.0],0],
[[250.0,100.0,100.0],0],
[[250.0,120.0,120.0],0],
[[300.0,0,0],0],
[[300.0,1.0,1.0],0],
[[300.0,10.0,10.0],0],
[[300.0,50.0,50.0],0],
[[300.0,75.0,75.0],0],
[[300.0,100.0,100.0],0],
[[350.0,0,0],0],
[[350.0,1.0,1.0],0],
[[350.0,10.0,10.0],0],
[[350.0,50.0,50.0],0],
[[350.0,75.0,75.0],0],
[[350.0,100.0,100.0],0],
[[350.0,150.0,150.0],0],
[[350.0,170.0,170.0],0],
[[400.0,0,0],0],
[[400.0,1.0,1.0],0],
[[400.0,10.0,10.0],0],
[[400.0,50.0,50.0],0],
[[400.0,75.0,75.0],0],
[[400.0,100.0,100.0],1.93352e-06],
[[400.0,150.0,150.0],0],
[[450.0,0,0],1.666699e-06],
[[450.0,1.0,1.0],1.990136e-06],
[[450.0,10.0,10.0],1.690498e-06],
[[450.0,50.0,50.0],0],
[[450.0,75.0,75.0],0],
[[450.0,100.0,100.0],2.830098e-06],
[[450.0,150.0,150.0],0],
[[450.0,200.0,200.0],2.475849e-06],
[[450.0,220.0,220.0],1.897316e-06],
[[500.0,0,0],3.037002e-06],
[[500.0,1.0,1.0],1.662188e-06],
[[500.0,10.0,10.0],2.212496e-06],
[[500.0,50.0,50.0],3.354516e-06],
[[500.0,75.0,75.0],1.701553e-06],
[[500.0,100.0,100.0],2.068961e-06],
[[500.0,150.0,150.0],2.082412e-06],
[[500.0,200.0,200.0],1.823157e-06],
[[550.0,1.0,1.0],2.925549e-06],
[[550.0,10.0,10.0],4.071402e-06],
[[550.0,75.0,75.0],3.129197e-06],
[[550.0,150.0,150.0],3.446634e-06],
[[550.0,200.0,200.0],3.715459e-06],
[[550.0,250.0,250.0],4.803709e-06],
[[550.0,270.0,270.0],3.363391e-06],
[[600.0,0,0],2.824236e-06],
[[600.0,1.0,1.0],3.651267e-06],
[[600.0,10.0,10.0],3.647827e-06],
[[600.0,50.0,50.0],2.624471e-06],
[[600.0,75.0,75.0],3.049172e-06],
[[600.0,100.0,100.0],3.717972e-06],
[[600.0,150.0,150.0],3.242644e-06],
[[600.0,200.0,200.0],4.513106e-06],
[[600.0,250.0,250.0],4.420266e-06],
[[600.0,295.0,295.0],5.913625e-06],
[[650.0,1.0,1.0],5.203241e-06],
[[650.0,10.0,10.0],1.110435e-05],
[[650.0,75.0,75.0],4.681173e-06],
[[650.0,150.0,150.0],6.260581e-06],
[[650.0,200.0,200.0],4.942113e-06],
[[650.0,250.0,250.0],7.667923e-06],
[[650.0,300.0,300.0],5.974661e-06],
[[650.0,320.0,320.0],5.433607e-06],
[[700.0,0,0],7.580887e-06],
[[700.0,1.0,1.0],5.114899e-06],
[[700.0,10.0,10.0],1.371437e-05],
[[700.0,50.0,50.0],8.774164e-06],
[[700.0,75.0,75.0],4.147843e-06],
[[700.0,100.0,100.0],2.388703e-06],
[[700.0,150.0,150.0],7.677784e-06],
[[700.0,200.0,200.0],6.267019e-06],
[[700.0,250.0,250.0],4.94697e-06],
[[700.0,300.0,300.0],6.379685e-06],
[[750.0,1.0,1.0],3.814613e-06],
[[750.0,10.0,10.0],1.230949e-05],
[[750.0,75.0,75.0],6.909212e-06],
[[750.0,150.0,150.0],6.811035e-06],
[[750.0,200.0,200.0],5.402335e-06],
[[750.0,250.0,250.0],1.124543e-05],
[[750.0,300.0,300.0],7.753332e-06],
[[750.0,350.0,350.0],8.89965e-06],
[[750.0,370.0,370.0],5.447224e-06],
[[800.0,0,0],7.36359e-06],
[[800.0,1.0,1.0],7.436537e-06],
[[800.0,10.0,10.0],8.872761e-06],
[[800.0,50.0,50.0],1.845258e-05],
[[800.0,75.0,75.0],1.068302e-05],
[[800.0,100.0,100.0],6.943736e-06],
[[800.0,150.0,150.0],8.506086e-06],
[[800.0,200.0,200.0],1.094123e-05],
[[800.0,250.0,250.0],1.122555e-05],
[[800.0,300.0,300.0],1.042175e-05],
[[800.0,350.0,350.0],8.85051e-06],
[[850.0,1.0,1.0],1.101008e-05],
[[850.0,10.0,10.0],1.139407e-05],
[[850.0,75.0,75.0],1.485474e-05],
[[850.0,150.0,150.0],9.441203e-06],
[[850.0,200.0,200.0],1.802953e-05],
[[850.0,250.0,250.0],1.219746e-05],
[[850.0,300.0,300.0],1.042928e-05],
[[850.0,350.0,350.0],1.330514e-05],
[[850.0,400.0,400.0],2.041526e-05],
[[850.0,420.0,420.0],4.245671e-05],
[[900.0,0,0],9.279222e-06],
[[900.0,1.0,1.0],1.085535e-05],
[[900.0,10.0,10.0],1.276367e-05],
[[900.0,50.0,50.0],1.052254e-05],
[[900.0,75.0,75.0],1.194144e-05],
[[900.0,100.0,100.0],1.672546e-05],
[[900.0,150.0,150.0],9.905939e-06],
[[900.0,200.0,200.0],9.675162e-06],
[[900.0,250.0,250.0],9.216259e-06],
[[900.0,300.0,300.0],8.291021e-06],
[[900.0,350.0,350.0],1.155069e-05],
[[900.0,400.0,400.0],1.335933e-05],
[[950.0,1.0,1.0],8.192866e-06],
[[950.0,10.0,10.0],9.907811e-06],
[[950.0,75.0,75.0],1.201994e-05],
[[950.0,150.0,150.0],1.251805e-05],
[[950.0,200.0,200.0],9.908244e-06],
[[950.0,250.0,250.0],1.206875e-05],
[[950.0,300.0,300.0],1.256433e-05],
[[950.0,350.0,350.0],1.209771e-05],
[[950.0,400.0,400.0],1.425353e-05],
[[950.0,450.0,450.0],3.607444e-05],
[[950.0,470.0,470.0],2.521808e-05],
[[1000.0,0,0],1.328375e-05],
[[1000.0,50.0,50.0],1.247382e-05],
[[1000.0,100.0,100.0],1.669706e-05],
[[1000.0,150.0,150.0],7.650577e-06],
[[1000.0,200.0,200.0],1.475313e-05],
[[1000.0,250.0,250.0],1.749158e-05],
[[1000.0,300.0,300.0],1.786658e-05],
[[1000.0,350.0,350.0],1.213718e-05],
[[1000.0,400.0,400.0],1.882232e-05],
[[1000.0,450.0,450.0],1.185979e-05],
[[1050.0,520.0,520.0],1.324662e-05],
[[1100.0,0,0],1.736442e-05],
[[1100.0,100.0,100.0],2.32345e-05],
[[1100.0,200.0,200.0],1.618451e-05],
[[1100.0,300.0,300.0],1.787789e-05],
[[1100.0,400.0,400.0],1.405078e-05],
[[1100.0,500.0,500.0],1.48608e-05],
[[1150.0,570.0,570.0],2.517733e-05],
[[1200.0,0,0],2.082866e-05],
[[1200.0,100.0,100.0],2.200109e-05],
[[1200.0,200.0,200.0],1.633769e-05],
[[1200.0,300.0,300.0],2.896689e-05],
[[1200.0,400.0,400.0],1.494565e-05],
[[1200.0,500.0,500.0],2.977934e-05],
[[1250.0,620.0,620.0],2.832203e-05],
[[1300.0,0,0],2.945432e-05],
[[1300.0,100.0,100.0],2.476078e-05],
[[1300.0,200.0,200.0],3.451485e-05],
[[1300.0,300.0,300.0],3.355928e-05],
[[1300.0,400.0,400.0],2.355591e-05],
[[1300.0,500.0,500.0],2.652858e-05],
[[1300.0,600.0,600.0],2.053167e-05],
[[1350.0,670.0,670.0],2.887367e-05],
[[1400.0,0,0],4.222542e-05],
[[1400.0,100.0,100.0],2.149322e-05],
[[1400.0,200.0,200.0],3.613021e-05],
[[1400.0,300.0,300.0],3.825048e-05],
[[1400.0,400.0,400.0],2.860177e-05],
[[1400.0,500.0,500.0],3.205489e-05],
[[1400.0,600.0,600.0],3.263437e-05],
[[1450.0,720.0,720.0],2.691272e-05],
[[1500.0,0,0],2.813661e-05],
[[1500.0,100.0,100.0],3.149378e-05],
[[1500.0,200.0,200.0],2.65825e-05],
[[1500.0,300.0,300.0],3.342598e-05],
[[1500.0,400.0,400.0],2.741391e-05],
[[1500.0,500.0,500.0],3.302421e-05],
[[1500.0,600.0,600.0],4.084216e-05],
[[1500.0,700.0,700.0],3.63245e-05],
[[1550.0,770.0,770.0],3.698796e-05],
[[1600.0,0,0],3.446679e-05],
[[1600.0,100.0,100.0],3.654079e-05],
[[1600.0,200.0,200.0],3.358226e-05],
[[1600.0,300.0,300.0],3.11003e-05],
[[1600.0,400.0,400.0],3.082228e-05],
[[1600.0,500.0,500.0],4.312733e-05],
[[1600.0,600.0,600.0],4.825336e-05],
[[1600.0,700.0,700.0],3.393544e-05],
[[1650.0,820.0,820.0],4.864015e-05],
[[1700.0,0,0],5.61338e-05],
[[1700.0,100.0,100.0],4.580716e-05],
[[1700.0,200.0,200.0],3.425099e-05],
[[1700.0,300.0,300.0],5.079935e-05],
[[1700.0,400.0,400.0],3.913709e-05],
[[1700.0,500.0,500.0],3.167824e-05],
[[1700.0,600.0,600.0],4.664507e-05],
[[1700.0,700.0,700.0],4.431537e-05],
[[1700.0,800.0,800.0],4.120162e-05],
[[1750.0,870.0,870.0],6.126787e-05],
[[1800.0,0,0],4.164215e-05],
[[1800.0,100.0,100.0],4.386225e-05],
[[1800.0,200.0,200.0],4.54082e-05],
[[1800.0,300.0,300.0],4.269142e-05],
[[1800.0,400.0,400.0],4.798172e-05],
[[1800.0,500.0,500.0],5.276617e-05],
[[1800.0,600.0,600.0],4.051213e-05],
[[1800.0,700.0,700.0],5.752516e-05],
[[1800.0,800.0,800.0],4.465127e-05],
[[1850.0,920.0,920.0],5.103691e-05],
[[1900.0,0,0],6.076862e-05],
[[1900.0,100.0,100.0],3.645963e-05],
[[1900.0,200.0,200.0],4.67187e-05],
[[1900.0,300.0,300.0],5.674032e-05],
[[1900.0,400.0,400.0],6.044249e-05],
[[1900.0,500.0,500.0],4.968372e-05],
[[1900.0,600.0,600.0],4.866312e-05],
[[1900.0,700.0,700.0],6.343118e-05],
[[1900.0,800.0,800.0],6.608843e-05],
[[1900.0,900.0,900.0],4.596242e-05],
[[1950.0,970.0,970.0],5.847255e-05],
[[2000.0,0,0],4.033552e-05],
[[2000.0,100.0,100.0],4.492017e-05],
[[2000.0,200.0,200.0],5.37653e-05],
[[2000.0,300.0,300.0],5.207025e-05],
[[2000.0,400.0,400.0],5.884741e-05],
[[2000.0,500.0,500.0],5.811828e-05],
[[2000.0,600.0,600.0],5.134976e-05],
[[2000.0,700.0,700.0],5.268922e-05],
[[2000.0,800.0,800.0],5.272356e-05],
[[2000.0,900.0,900.0],5.6296e-05],
[[2050.0,1020.0,1020.0],4.917683e-05],
[[2100.0,0,0],3.511743e-05],
[[2100.0,100.0,100.0],4.564998e-05],
[[2100.0,200.0,200.0],4.845721e-05],
[[2100.0,300.0,300.0],4.995252e-05],
[[2100.0,400.0,400.0],6.242548e-05],
[[2100.0,500.0,500.0],4.471776e-05],
[[2100.0,600.0,600.0],5.863274e-05],
[[2100.0,700.0,700.0],6.638194e-05],
[[2100.0,800.0,800.0],5.306848e-05],
[[2100.0,900.0,900.0],4.325272e-05],
[[2100.0,1000.0,1000.0],6.250517e-05],
[[2150.0,1070.0,1070.0],6.308297e-05],
[[2200.0,0,0],5.120379e-05],
[[2200.0,100.0,100.0],6.787848e-05],
[[2200.0,200.0,200.0],5.270265e-05],
[[2200.0,300.0,300.0],4.160324e-05],
[[2200.0,400.0,400.0],7.939265e-05],
[[2200.0,500.0,500.0],6.258391e-05],
[[2200.0,600.0,600.0],5.275654e-05],
[[2200.0,700.0,700.0],5.494638e-05],
[[2200.0,800.0,800.0],5.19154e-05],
[[2200.0,900.0,900.0],5.638215e-05],
[[2200.0,1000.0,1000.0],7.201824e-05],
[[2250.0,1120.0,1120.0],6.882815e-05],
[[2300.0,0,0],4.886203e-05],
[[2300.0,100.0,100.0],5.467701e-05],
[[2300.0,200.0,200.0],5.998554e-05],
[[2300.0,300.0,300.0],6.899141e-05],
[[2300.0,400.0,400.0],4.715258e-05],
[[2300.0,500.0,500.0],6.604934e-05],
[[2300.0,600.0,600.0],7.694841e-05],
[[2300.0,700.0,700.0],5.750891e-05],
[[2300.0,800.0,800.0],6.706144e-05],
[[2300.0,900.0,900.0],5.309237e-05],
[[2300.0,1000.0,1000.0],7.01599e-05],
[[2300.0,1100.0,1100.0],6.54664e-05],
[[2350.0,1170.0,1170.0],7.603577e-05],
[[2400.0,0,0],5.558238e-05],
[[2400.0,100.0,100.0],5.707678e-05],
[[2400.0,200.0,200.0],5.072667e-05],
[[2400.0,300.0,300.0],5.7646e-05],
[[2400.0,400.0,400.0],7.860399e-05],
[[2400.0,500.0,500.0],5.159185e-05],
[[2400.0,600.0,600.0],6.309413e-05],
[[2400.0,700.0,700.0],6.762739e-05],
[[2400.0,800.0,800.0],7.285969e-05],
[[2400.0,900.0,900.0],6.493932e-05],
[[2400.0,1000.0,1000.0],7.083331e-05],
[[2400.0,1100.0,1100.0],5.969277e-05],
[[2450.0,1220.0,1220.0],7.617418e-05],
[[2500.0,0,0],5.14026e-05],
[[2500.0,100.0,100.0],5.105477e-05],
[[2500.0,200.0,200.0],8.007882e-05],
[[2500.0,300.0,300.0],6.67191e-05],
[[2500.0,400.0,400.0],5.59432e-05],
[[2500.0,500.0,500.0],4.539213e-05],
[[2500.0,600.0,600.0],6.567893e-05],
[[2500.0,700.0,700.0],7.6577e-05],
[[2500.0,800.0,800.0],8.540762e-05],
[[2500.0,900.0,900.0],7.909221e-05],
[[2500.0,1000.0,1000.0],7.899276e-05],
[[2500.0,1100.0,1100.0],7.513825e-05],
[[2500.0,1200.0,1200.0],6.49073e-05],
[[2550.0,1270.0,1270.0],7.305574e-05],
[[2600.0,0,0],5.918184e-05],
[[2600.0,100.0,100.0],6.037907e-05],
[[2600.0,200.0,200.0],6.56468e-05],
[[2600.0,300.0,300.0],6.443707e-05],
[[2600.0,400.0,400.0],7.109083e-05],
[[2600.0,500.0,500.0],6.654422e-05],
[[2600.0,600.0,600.0],6.586409e-05],
[[2600.0,700.0,700.0],8.361997e-05],
[[2600.0,800.0,800.0],7.100554e-05],
[[2600.0,900.0,900.0],7.013444e-05],
[[2600.0,1000.0,1000.0],7.012625e-05],
[[2600.0,1100.0,1100.0],6.704388e-05],
[[2600.0,1200.0,1200.0],7.30976e-05],
[[2650.0,1320.0,1320.0],7.023175e-05],
[[2700.0,0,0],6.325044e-05],
[[2700.0,100.0,100.0],5.039463e-05],
[[2700.0,200.0,200.0],6.478357e-05],
[[2700.0,300.0,300.0],7.309313e-05],
[[2700.0,400.0,400.0],5.497829e-05],
[[2700.0,500.0,500.0],5.919098e-05],
[[2700.0,600.0,600.0],6.903273e-05],
[[2700.0,700.0,700.0],6.751036e-05],
[[2700.0,800.0,800.0],7.424284e-05],
[[2700.0,900.0,900.0],6.406767e-05],
[[2700.0,1000.0,1000.0],7.86063e-05],
[[2700.0,1100.0,1100.0],6.528838e-05],
[[2700.0,1200.0,1200.0],6.569899e-05],
[[2700.0,1300.0,1300.0],7.007481e-05],
[[2750.0,1370.0,1370.0],9.360629e-05],
[[2800.0,0,0],5.78947e-05],
[[2800.0,100.0,100.0],8.064523e-05],
[[2800.0,200.0,200.0],6.69095e-05],
[[2800.0,300.0,300.0],5.643476e-05],
[[2800.0,400.0,400.0],6.612206e-05],
[[2800.0,500.0,500.0],6.408638e-05],
[[2800.0,600.0,600.0],7.705176e-05],
[[2800.0,700.0,700.0],7.330026e-05],
[[2800.0,800.0,800.0],8.853312e-05],
[[2800.0,900.0,900.0],8.831064e-05],
[[2800.0,1000.0,1000.0],8.259436e-05],
[[2800.0,1100.0,1100.0],7.728015e-05],
[[2800.0,1200.0,1200.0],7.43327e-05],
[[2800.0,1300.0,1300.0],8.231941e-05],
[[2850.0,1420.0,1420.0],7.894261e-05],
[[2900.0,0,0],5.760227e-05],
[[2900.0,100.0,100.0],6.406389e-05],
[[2900.0,200.0,200.0],6.282221e-05],
[[2900.0,300.0,300.0],6.83297e-05],
[[2900.0,400.0,400.0],7.189407e-05],
[[2900.0,500.0,500.0],0.0001346782],
[[2900.0,600.0,600.0],6.444202e-05],
[[2900.0,700.0,700.0],7.028818e-05],
[[2900.0,800.0,800.0],8.168509e-05],
[[2900.0,900.0,900.0],3.427198e-05],
[[2900.0,1000.0,1000.0],0.0001040034],
[[2900.0,1100.0,1100.0],6.829041e-05],
[[2900.0,1200.0,1200.0],0.0001013456],
[[2900.0,1300.0,1300.0],7.63862e-05],
[[2900.0,1400.0,1400.0],8.624239e-05],
[[2950.0,1470.0,1470.0],7.035691e-05],
[[3000.0,0,0],5.399072e-05],
[[3000.0,100.0,100.0],6.358877e-05],
[[3000.0,200.0,200.0],8.113056e-05],
[[3000.0,300.0,300.0],7.486741e-05],
[[3000.0,400.0,400.0],6.598096e-05],
[[3000.0,500.0,500.0],7.882638e-05],
[[3000.0,600.0,600.0],7.288523e-05],
[[3000.0,700.0,700.0],7.18079e-05],
[[3000.0,800.0,800.0],7.415268e-05],
[[3000.0,900.0,900.0],6.857851e-05],
[[3000.0,1000.0,1000.0],7.892272e-05],
[[3000.0,1100.0,1100.0],8.03481e-05],
[[3000.0,1200.0,1200.0],7.805788e-05],
[[3000.0,1300.0,1300.0],7.774085e-05],
[[3000.0,1400.0,1400.0],8.33877e-05]]
