txName: TRV1
constraint: {(PV > Zprime(1)), (Zprime(1) > MET(2),MET(3))}
condition: None
conditionDescription: None
figureUrl: None
source: Recast by CM2
validated: True
axesMap: [{0: 'x', 1: 'y', 2: 'y'}]
dataMap: {0: (1, 'mass', GeV), 1: (2, 'mass', GeV), 2: (3, 'mass', GeV)}
finalState: ['MET', 'MET']
intermediateState: None
efficiencyMap: [[[50.0,0,0],0.0],
[[50.0,1.0,1.0],0.0],
[[50.0,10.0,10.0],0.0],
[[50.0,20.0,20.0],0.0],
[[100.0,0,0],0.0],
[[100.0,1.0,1.0],0.0],
[[100.0,10.0,10.0],0.0],
[[150.0,0,0],0],
[[150.0,1.0,1.0],0.0],
[[150.0,10.0,10.0],0],
[[150.0,50.0,50.0],0],
[[150.0,70.0,70.0],0.0],
[[200.0,0,0],0],
[[200.0,1.0,1.0],0.0],
[[200.0,10.0,10.0],0.0],
[[200.0,50.0,50.0],0.0],
[[200.0,75.0,75.0],0.0],
[[250.0,0,0],0.0],
[[250.0,1.0,1.0],0.0],
[[250.0,10.0,10.0],0.0],
[[250.0,50.0,50.0],0],
[[250.0,75.0,75.0],0],
[[250.0,100.0,100.0],0.0],
[[250.0,120.0,120.0],0],
[[300.0,0,0],0],
[[300.0,1.0,1.0],0],
[[300.0,10.0,10.0],0],
[[300.0,50.0,50.0],0],
[[300.0,75.0,75.0],0],
[[300.0,100.0,100.0],0.0],
[[350.0,0,0],0.0],
[[350.0,1.0,1.0],0],
[[350.0,10.0,10.0],0],
[[350.0,50.0,50.0],0],
[[350.0,75.0,75.0],0.0],
[[350.0,100.0,100.0],0.0],
[[350.0,150.0,150.0],0],
[[350.0,170.0,170.0],0],
[[400.0,0,0],0],
[[400.0,1.0,1.0],0],
[[400.0,10.0,10.0],0],
[[400.0,50.0,50.0],0],
[[400.0,75.0,75.0],0],
[[400.0,100.0,100.0],0],
[[400.0,150.0,150.0],0],
[[450.0,0,0],0],
[[450.0,1.0,1.0],0],
[[450.0,10.0,10.0],0],
[[450.0,50.0,50.0],0],
[[450.0,75.0,75.0],0],
[[450.0,100.0,100.0],0],
[[450.0,150.0,150.0],0],
[[450.0,200.0,200.0],0],
[[450.0,220.0,220.0],0],
[[500.0,0,0],0],
[[500.0,1.0,1.0],0],
[[500.0,10.0,10.0],0],
[[500.0,50.0,50.0],0.0],
[[500.0,75.0,75.0],0],
[[500.0,100.0,100.0],0],
[[500.0,150.0,150.0],0],
[[500.0,200.0,200.0],0],
[[550.0,1.0,1.0],0],
[[550.0,10.0,10.0],0],
[[550.0,75.0,75.0],0],
[[550.0,150.0,150.0],0],
[[550.0,200.0,200.0],0],
[[550.0,250.0,250.0],0],
[[550.0,270.0,270.0],0],
[[600.0,0,0],0],
[[600.0,1.0,1.0],0],
[[600.0,10.0,10.0],0],
[[600.0,50.0,50.0],0],
[[600.0,75.0,75.0],0],
[[600.0,100.0,100.0],0],
[[600.0,150.0,150.0],0],
[[600.0,200.0,200.0],0],
[[600.0,250.0,250.0],0],
[[600.0,295.0,295.0],0],
[[650.0,1.0,1.0],0],
[[650.0,10.0,10.0],0],
[[650.0,75.0,75.0],0],
[[650.0,150.0,150.0],0],
[[650.0,200.0,200.0],0],
[[650.0,250.0,250.0],0],
[[650.0,300.0,300.0],0],
[[650.0,320.0,320.0],0],
[[700.0,0,0],0],
[[700.0,1.0,1.0],0],
[[700.0,10.0,10.0],0],
[[700.0,50.0,50.0],0],
[[700.0,75.0,75.0],0],
[[700.0,100.0,100.0],0],
[[700.0,150.0,150.0],0],
[[700.0,200.0,200.0],0],
[[700.0,250.0,250.0],0],
[[700.0,300.0,300.0],2.377436e-06],
[[750.0,1.0,1.0],0],
[[750.0,10.0,10.0],0],
[[750.0,75.0,75.0],0],
[[750.0,150.0,150.0],0],
[[750.0,200.0,200.0],0],
[[750.0,250.0,250.0],0],
[[750.0,300.0,300.0],0],
[[750.0,350.0,350.0],0],
[[750.0,370.0,370.0],0],
[[800.0,0,0],0],
[[800.0,1.0,1.0],0],
[[800.0,10.0,10.0],0],
[[800.0,50.0,50.0],0],
[[800.0,75.0,75.0],0],
[[800.0,100.0,100.0],0],
[[800.0,150.0,150.0],0],
[[800.0,200.0,200.0],0],
[[800.0,250.0,250.0],0],
[[800.0,300.0,300.0],0],
[[800.0,350.0,350.0],0],
[[850.0,1.0,1.0],0],
[[850.0,10.0,10.0],0],
[[850.0,75.0,75.0],0],
[[850.0,150.0,150.0],0],
[[850.0,200.0,200.0],0],
[[850.0,250.0,250.0],0],
[[850.0,300.0,300.0],0],
[[850.0,350.0,350.0],2.567259e-06],
[[850.0,400.0,400.0],0],
[[850.0,420.0,420.0],0],
[[900.0,0,0],0],
[[900.0,1.0,1.0],0],
[[900.0,10.0,10.0],0],
[[900.0,50.0,50.0],2.138185e-06],
[[900.0,75.0,75.0],0],
[[900.0,100.0,100.0],0],
[[900.0,150.0,150.0],2.326739e-06],
[[900.0,200.0,200.0],0],
[[900.0,250.0,250.0],0],
[[900.0,300.0,300.0],0],
[[900.0,350.0,350.0],0],
[[900.0,400.0,400.0],2.254405e-06],
[[950.0,1.0,1.0],0],
[[950.0,10.0,10.0],2.204839e-06],
[[950.0,75.0,75.0],1.842159e-06],
[[950.0,150.0,150.0],0],
[[950.0,200.0,200.0],2.112607e-06],
[[950.0,250.0,250.0],0],
[[950.0,300.0,300.0],2.431823e-06],
[[950.0,350.0,350.0],0],
[[950.0,400.0,400.0],0],
[[950.0,450.0,450.0],0],
[[950.0,470.0,470.0],2.04572e-06],
[[1000.0,0,0],2.431717e-06],
[[1000.0,50.0,50.0],0],
[[1000.0,100.0,100.0],2.201734e-06],
[[1000.0,150.0,150.0],2.041073e-06],
[[1000.0,200.0,200.0],0],
[[1000.0,250.0,250.0],0],
[[1000.0,300.0,300.0],0],
[[1000.0,350.0,350.0],0],
[[1000.0,400.0,400.0],0],
[[1000.0,450.0,450.0],0],
[[1050.0,520.0,520.0],2.171254e-06],
[[1100.0,0,0],0],
[[1100.0,100.0,100.0],2.150354e-06],
[[1100.0,200.0,200.0],0],
[[1100.0,300.0,300.0],0],
[[1100.0,400.0,400.0],2.34579e-06],
[[1100.0,500.0,500.0],1.912797e-06],
[[1150.0,570.0,570.0],2.956423e-06],
[[1200.0,0,0],0],
[[1200.0,100.0,100.0],1.851039e-06],
[[1200.0,200.0,200.0],2.327944e-06],
[[1200.0,300.0,300.0],2.541118e-06],
[[1200.0,400.0,400.0],2.568407e-06],
[[1200.0,500.0,500.0],2.263127e-06],
[[1250.0,620.0,620.0],2.312657e-06],
[[1300.0,0,0],2.502722e-06],
[[1300.0,100.0,100.0],2.065144e-06],
[[1300.0,200.0,200.0],2.615357e-06],
[[1300.0,300.0,300.0],2.151398e-06],
[[1300.0,400.0,400.0],1.674384e-06],
[[1300.0,500.0,500.0],2.711654e-06],
[[1300.0,600.0,600.0],2.049213e-06],
[[1350.0,670.0,670.0],2.453301e-06],
[[1400.0,0,0],2.984098e-06],
[[1400.0,100.0,100.0],2.888475e-06],
[[1400.0,200.0,200.0],3.617057e-06],
[[1400.0,300.0,300.0],3.161094e-06],
[[1400.0,400.0,400.0],3.964884e-06],
[[1400.0,500.0,500.0],3.229878e-06],
[[1400.0,600.0,600.0],2.300661e-06],
[[1450.0,720.0,720.0],2.25857e-06],
[[1500.0,0,0],2.270287e-06],
[[1500.0,100.0,100.0],1.823609e-06],
[[1500.0,200.0,200.0],3.469806e-06],
[[1500.0,300.0,300.0],2.687383e-06],
[[1500.0,400.0,400.0],1.707727e-05],
[[1500.0,500.0,500.0],2.975626e-06],
[[1500.0,600.0,600.0],2.05349e-06],
[[1500.0,700.0,700.0],3.548471e-06],
[[1550.0,770.0,770.0],3.354136e-06],
[[1600.0,0,0],3.064949e-06],
[[1600.0,100.0,100.0],3.73913e-06],
[[1600.0,200.0,200.0],3.188016e-06],
[[1600.0,300.0,300.0],4.075061e-06],
[[1600.0,400.0,400.0],3.279802e-06],
[[1600.0,500.0,500.0],4.847761e-06],
[[1600.0,600.0,600.0],4.134126e-06],
[[1600.0,700.0,700.0],3.923728e-06],
[[1650.0,820.0,820.0],4.062508e-06],
[[1700.0,0,0],4.331259e-06],
[[1700.0,100.0,100.0],5.344645e-06],
[[1700.0,200.0,200.0],5.981132e-06],
[[1700.0,300.0,300.0],3.951076e-06],
[[1700.0,400.0,400.0],2.318044e-06],
[[1700.0,500.0,500.0],2.947089e-06],
[[1700.0,600.0,600.0],4.912424e-06],
[[1700.0,700.0,700.0],4.503441e-06],
[[1700.0,800.0,800.0],6.654277e-06],
[[1750.0,870.0,870.0],5.958832e-06],
[[1800.0,0,0],5.667773e-06],
[[1800.0,100.0,100.0],3.8876e-06],
[[1800.0,200.0,200.0],3.304815e-06],
[[1800.0,300.0,300.0],3.310897e-06],
[[1800.0,400.0,400.0],6.237037e-06],
[[1800.0,500.0,500.0],0],
[[1800.0,600.0,600.0],4.893387e-06],
[[1800.0,700.0,700.0],4.078426e-06],
[[1800.0,800.0,800.0],5.293114e-06],
[[1850.0,920.0,920.0],3.555632e-06],
[[1900.0,0,0],2.24578e-06],
[[1900.0,100.0,100.0],3.047722e-06],
[[1900.0,200.0,200.0],1.062973e-05],
[[1900.0,300.0,300.0],4.303981e-06],
[[1900.0,400.0,400.0],6.294245e-06],
[[1900.0,500.0,500.0],0],
[[1900.0,600.0,600.0],7.407033e-06],
[[1900.0,700.0,700.0],3.491525e-06],
[[1900.0,800.0,800.0],6.223026e-06],
[[1900.0,900.0,900.0],5.59867e-06],
[[1950.0,970.0,970.0],2.411966e-06],
[[2000.0,0,0],3.874554e-06],
[[2000.0,100.0,100.0],2.718385e-06],
[[2000.0,200.0,200.0],4.932402e-06],
[[2000.0,300.0,300.0],8.261727e-06],
[[2000.0,400.0,400.0],3.994103e-06],
[[2000.0,500.0,500.0],4.323258e-06],
[[2000.0,600.0,600.0],5.44641e-06],
[[2000.0,700.0,700.0],6.094744e-06],
[[2000.0,800.0,800.0],4.248492e-06],
[[2000.0,900.0,900.0],4.674711e-06],
[[2050.0,1020.0,1020.0],3.43205e-06],
[[2100.0,0,0],4.597948e-06],
[[2100.0,100.0,100.0],3.628855e-06],
[[2100.0,200.0,200.0],3.422873e-06],
[[2100.0,300.0,300.0],6.456049e-06],
[[2100.0,400.0,400.0],4.795285e-06],
[[2100.0,500.0,500.0],3.820846e-06],
[[2100.0,600.0,600.0],3.305938e-06],
[[2100.0,700.0,700.0],4.497319e-06],
[[2100.0,800.0,800.0],1.234654e-05],
[[2100.0,900.0,900.0],6.62231e-06],
[[2100.0,1000.0,1000.0],6.65858e-06],
[[2150.0,1070.0,1070.0],4.659132e-06],
[[2200.0,0,0],4.103838e-06],
[[2200.0,100.0,100.0],3.360782e-06],
[[2200.0,200.0,200.0],4.286044e-06],
[[2200.0,300.0,300.0],3.588512e-06],
[[2200.0,400.0,400.0],6.566129e-06],
[[2200.0,500.0,500.0],3.990412e-06],
[[2200.0,600.0,600.0],4.238509e-06],
[[2200.0,700.0,700.0],5.09629e-06],
[[2200.0,800.0,800.0],2.368893e-06],
[[2200.0,900.0,900.0],6.37884e-06],
[[2200.0,1000.0,1000.0],5.13852e-06],
[[2250.0,1120.0,1120.0],4.172919e-06],
[[2300.0,0,0],2.719856e-06],
[[2300.0,100.0,100.0],3.922355e-06],
[[2300.0,200.0,200.0],3.662005e-06],
[[2300.0,300.0,300.0],5.943275e-06],
[[2300.0,400.0,400.0],3.168664e-06],
[[2300.0,500.0,500.0],2.633621e-06],
[[2300.0,600.0,600.0],4.049852e-06],
[[2300.0,700.0,700.0],4.108235e-06],
[[2300.0,800.0,800.0],6.471295e-06],
[[2300.0,900.0,900.0],3.683313e-06],
[[2300.0,1000.0,1000.0],4.034801e-06],
[[2300.0,1100.0,1100.0],4.465912e-06],
[[2350.0,1170.0,1170.0],3.507635e-06],
[[2400.0,0,0],6.073056e-06],
[[2400.0,100.0,100.0],6.392566e-06],
[[2400.0,200.0,200.0],3.784161e-06],
[[2400.0,300.0,300.0],3.071952e-06],
[[2400.0,400.0,400.0],5.006668e-06],
[[2400.0,500.0,500.0],4.120362e-06],
[[2400.0,600.0,600.0],5.937046e-06],
[[2400.0,700.0,700.0],3.000657e-06],
[[2400.0,800.0,800.0],5.567786e-06],
[[2400.0,900.0,900.0],5.026423e-06],
[[2400.0,1000.0,1000.0],3.868611e-06],
[[2400.0,1100.0,1100.0],6.780541e-06],
[[2450.0,1220.0,1220.0],3.484853e-06],
[[2500.0,0,0],3.998205e-06],
[[2500.0,100.0,100.0],4.702229e-06],
[[2500.0,200.0,200.0],8.349021e-06],
[[2500.0,300.0,300.0],3.859827e-06],
[[2500.0,400.0,400.0],5.088952e-06],
[[2500.0,500.0,500.0],7.126823e-06],
[[2500.0,600.0,600.0],2.418231e-06],
[[2500.0,700.0,700.0],3.627862e-06],
[[2500.0,800.0,800.0],2.197023e-06],
[[2500.0,900.0,900.0],6.661751e-06],
[[2500.0,1000.0,1000.0],3.990777e-06],
[[2500.0,1100.0,1100.0],3.865472e-06],
[[2500.0,1200.0,1200.0],3.390635e-06],
[[2550.0,1270.0,1270.0],6.591408e-06],
[[2600.0,0,0],5.610335e-06],
[[2600.0,100.0,100.0],4.977428e-06],
[[2600.0,200.0,200.0],5.227372e-06],
[[2600.0,300.0,300.0],3.478805e-06],
[[2600.0,400.0,400.0],5.878459e-06],
[[2600.0,500.0,500.0],8.675596e-06],
[[2600.0,600.0,600.0],5.534168e-06],
[[2600.0,700.0,700.0],7.410969e-06],
[[2600.0,800.0,800.0],4.947356e-06],
[[2600.0,900.0,900.0],4.743204e-06],
[[2600.0,1000.0,1000.0],3.990127e-06],
[[2600.0,1100.0,1100.0],8.466952e-06],
[[2600.0,1200.0,1200.0],2.609496e-06],
[[2650.0,1320.0,1320.0],4.401346e-06],
[[2700.0,0,0],4.886659e-06],
[[2700.0,100.0,100.0],3.193126e-06],
[[2700.0,200.0,200.0],4.329171e-06],
[[2700.0,300.0,300.0],6.518092e-06],
[[2700.0,400.0,400.0],4.333387e-06],
[[2700.0,500.0,500.0],4.842034e-06],
[[2700.0,600.0,600.0],4.822831e-06],
[[2700.0,700.0,700.0],4.975347e-06],
[[2700.0,800.0,800.0],4.217077e-06],
[[2700.0,900.0,900.0],1.275194e-05],
[[2700.0,1000.0,1000.0],5.130887e-06],
[[2700.0,1100.0,1100.0],5.475186e-06],
[[2700.0,1200.0,1200.0],1.205236e-05],
[[2700.0,1300.0,1300.0],4.792447e-06],
[[2750.0,1370.0,1370.0],4.044467e-06],
[[2800.0,0,0],3.726895e-06],
[[2800.0,100.0,100.0],3.95798e-06],
[[2800.0,200.0,200.0],3.75897e-06],
[[2800.0,300.0,300.0],2.843235e-06],
[[2800.0,400.0,400.0],4.035499e-06],
[[2800.0,500.0,500.0],5.13004e-06],
[[2800.0,600.0,600.0],5.291737e-06],
[[2800.0,700.0,700.0],2.679952e-06],
[[2800.0,800.0,800.0],5.0261e-06],
[[2800.0,900.0,900.0],4.762052e-06],
[[2800.0,1000.0,1000.0],3.762176e-06],
[[2800.0,1100.0,1100.0],4.573716e-06],
[[2800.0,1200.0,1200.0],5.945917e-06],
[[2800.0,1300.0,1300.0],5.666626e-06],
[[2850.0,1420.0,1420.0],5.321089e-06],
[[2900.0,0,0],8.58611e-06],
[[2900.0,100.0,100.0],6.180331e-06],
[[2900.0,200.0,200.0],4.27618e-06],
[[2900.0,300.0,300.0],2.59239e-06],
[[2900.0,400.0,400.0],4.958393e-06],
[[2900.0,500.0,500.0],7.642941e-06],
[[2900.0,600.0,600.0],4.21938e-06],
[[2900.0,700.0,700.0],2.428593e-06],
[[2900.0,800.0,800.0],3.000686e-06],
[[2900.0,900.0,900.0],0],
[[2900.0,1000.0,1000.0],5.362393e-06],
[[2900.0,1100.0,1100.0],5.330799e-06],
[[2900.0,1200.0,1200.0],4.375307e-06],
[[2900.0,1300.0,1300.0],2.106123e-06],
[[2900.0,1400.0,1400.0],7.320687e-06],
[[2950.0,1470.0,1470.0],4.266173e-06],
[[3000.0,0,0],4.260058e-06],
[[3000.0,100.0,100.0],4.455224e-06],
[[3000.0,200.0,200.0],4.453577e-06],
[[3000.0,300.0,300.0],6.279049e-06],
[[3000.0,400.0,400.0],6.155917e-06],
[[3000.0,500.0,500.0],3.379235e-06],
[[3000.0,600.0,600.0],4.599193e-06],
[[3000.0,700.0,700.0],1.00075e-05],
[[3000.0,800.0,800.0],4.234728e-06],
[[3000.0,900.0,900.0],6.233544e-06],
[[3000.0,1000.0,1000.0],4.519648e-06],
[[3000.0,1100.0,1100.0],3.901715e-06],
[[3000.0,1200.0,1200.0],6.569779e-06],
[[3000.0,1300.0,1300.0],2.646547e-06],
[[3000.0,1400.0,1400.0],4.493907e-06]]
