txName: TRV1
constraint: {(PV > Zprime(1)), (Zprime(1) > MET(2),MET(3))}
condition: None
conditionDescription: None
figureUrl: None
source: Recast by CM2
validated: True
axesMap: [{0: 'x', 1: 'y', 2: 'y'}]
dataMap: {0: (1, 'mass', GeV), 1: (2, 'mass', GeV), 2: (3, 'mass', GeV)}
finalState: ['MET', 'MET']
intermediateState: None
efficiencyMap: [[[50.0,0,0],0.0],
[[50.0,1.0,1.0],0.0],
[[50.0,10.0,10.0],0.0],
[[50.0,20.0,20.0],0.0],
[[100.0,0,0],0.0],
[[100.0,1.0,1.0],0.0],
[[100.0,10.0,10.0],0.0],
[[150.0,0,0],0],
[[150.0,1.0,1.0],0],
[[150.0,10.0,10.0],0],
[[150.0,50.0,50.0],0],
[[150.0,70.0,70.0],0],
[[200.0,0,0],0.0],
[[200.0,1.0,1.0],0.0],
[[200.0,10.0,10.0],0.0],
[[200.0,50.0,50.0],0],
[[200.0,75.0,75.0],0.0],
[[250.0,0,0],0],
[[250.0,1.0,1.0],0],
[[250.0,10.0,10.0],0],
[[250.0,50.0,50.0],0],
[[250.0,75.0,75.0],0.0],
[[250.0,100.0,100.0],0],
[[250.0,120.0,120.0],0],
[[300.0,0,0],0],
[[300.0,1.0,1.0],0],
[[300.0,10.0,10.0],0],
[[300.0,50.0,50.0],0],
[[300.0,75.0,75.0],0],
[[300.0,100.0,100.0],0],
[[350.0,0,0],0],
[[350.0,1.0,1.0],0],
[[350.0,10.0,10.0],0],
[[350.0,50.0,50.0],0],
[[350.0,75.0,75.0],0],
[[350.0,100.0,100.0],0],
[[350.0,150.0,150.0],0],
[[350.0,170.0,170.0],0],
[[400.0,0,0],0],
[[400.0,1.0,1.0],0],
[[400.0,10.0,10.0],0],
[[400.0,50.0,50.0],0],
[[400.0,75.0,75.0],0],
[[400.0,100.0,100.0],0],
[[400.0,150.0,150.0],0],
[[450.0,0,0],0],
[[450.0,1.0,1.0],1.688658e-06],
[[450.0,10.0,10.0],0],
[[450.0,50.0,50.0],0],
[[450.0,75.0,75.0],0],
[[450.0,100.0,100.0],0.0],
[[450.0,150.0,150.0],0],
[[450.0,200.0,200.0],2.528065e-06],
[[450.0,220.0,220.0],1.702157e-06],
[[500.0,0,0],0],
[[500.0,1.0,1.0],0],
[[500.0,10.0,10.0],0],
[[500.0,50.0,50.0],3.361593e-06],
[[500.0,75.0,75.0],1.783714e-06],
[[500.0,100.0,100.0],0],
[[500.0,150.0,150.0],0],
[[500.0,200.0,200.0],0],
[[550.0,1.0,1.0],0],
[[550.0,10.0,10.0],1.848129e-06],
[[550.0,75.0,75.0],0],
[[550.0,150.0,150.0],1.985349e-06],
[[550.0,200.0,200.0],2.130757e-06],
[[550.0,250.0,250.0],3.523121e-06],
[[550.0,270.0,270.0],0],
[[600.0,0,0],2.29902e-06],
[[600.0,1.0,1.0],0],
[[600.0,10.0,10.0],0],
[[600.0,50.0,50.0],2.636189e-06],
[[600.0,75.0,75.0],3.056457e-06],
[[600.0,100.0,100.0],5.809367e-06],
[[600.0,150.0,150.0],1.702292e-06],
[[600.0,200.0,200.0],4.130293e-06],
[[600.0,250.0,250.0],2.742461e-06],
[[600.0,295.0,295.0],0],
[[650.0,1.0,1.0],2.435438e-06],
[[650.0,10.0,10.0],0],
[[650.0,75.0,75.0],3.642904e-06],
[[650.0,150.0,150.0],4.856746e-06],
[[650.0,200.0,200.0],3.675834e-06],
[[650.0,250.0,250.0],3.139122e-06],
[[650.0,300.0,300.0],2.189918e-06],
[[650.0,320.0,320.0],5.328222e-06],
[[700.0,0,0],3.425245e-06],
[[700.0,1.0,1.0],4.446958e-06],
[[700.0,10.0,10.0],0],
[[700.0,50.0,50.0],2.269439e-06],
[[700.0,75.0,75.0],4.43103e-06],
[[700.0,100.0,100.0],1.793143e-06],
[[700.0,150.0,150.0],4.757987e-06],
[[700.0,200.0,200.0],1.796068e-06],
[[700.0,250.0,250.0],5.150279e-06],
[[700.0,300.0,300.0],3.290723e-06],
[[750.0,1.0,1.0],3.045719e-06],
[[750.0,10.0,10.0],6.571882e-06],
[[750.0,75.0,75.0],3.27623e-06],
[[750.0,150.0,150.0],4.959645e-06],
[[750.0,200.0,200.0],0],
[[750.0,250.0,250.0],2.408747e-06],
[[750.0,300.0,300.0],3.291567e-06],
[[750.0,350.0,350.0],3.587135e-06],
[[750.0,370.0,370.0],2.491134e-06],
[[800.0,0,0],3.767537e-06],
[[800.0,1.0,1.0],4.563436e-06],
[[800.0,10.0,10.0],6.516346e-06],
[[800.0,50.0,50.0],1.690839e-06],
[[800.0,75.0,75.0],3.390795e-06],
[[800.0,100.0,100.0],5.683151e-06],
[[800.0,150.0,150.0],4.29815e-06],
[[800.0,200.0,200.0],4.038953e-06],
[[800.0,250.0,250.0],3.969846e-06],
[[800.0,300.0,300.0],9.328359e-06],
[[800.0,350.0,350.0],4.585953e-06],
[[850.0,1.0,1.0],4.764099e-06],
[[850.0,10.0,10.0],3.054207e-06],
[[850.0,75.0,75.0],7.504249e-06],
[[850.0,150.0,150.0],7.331523e-06],
[[850.0,200.0,200.0],5.881236e-06],
[[850.0,250.0,250.0],2.448663e-06],
[[850.0,300.0,300.0],9.872757e-06],
[[850.0,350.0,350.0],6.686382e-06],
[[850.0,400.0,400.0],4.063655e-06],
[[850.0,420.0,420.0],4.560002e-06],
[[900.0,0,0],3.537972e-06],
[[900.0,1.0,1.0],1.302393e-05],
[[900.0,10.0,10.0],5.747458e-06],
[[900.0,50.0,50.0],4.564193e-06],
[[900.0,75.0,75.0],6.349839e-06],
[[900.0,100.0,100.0],7.405187e-06],
[[900.0,150.0,150.0],4.747326e-06],
[[900.0,200.0,200.0],6.302745e-06],
[[900.0,250.0,250.0],7.580289e-06],
[[900.0,300.0,300.0],7.316764e-06],
[[900.0,350.0,350.0],9.669679e-06],
[[900.0,400.0,400.0],7.821556e-06],
[[950.0,1.0,1.0],5.433921e-06],
[[950.0,10.0,10.0],6.906208e-06],
[[950.0,75.0,75.0],8.951284e-06],
[[950.0,150.0,150.0],6.379276e-06],
[[950.0,200.0,200.0],6.119628e-06],
[[950.0,250.0,250.0],7.052702e-06],
[[950.0,300.0,300.0],6.149268e-06],
[[950.0,350.0,350.0],5.738171e-06],
[[950.0,400.0,400.0],2.786876e-06],
[[950.0,450.0,450.0],9.172748e-06],
[[950.0,470.0,470.0],6.577371e-06],
[[1000.0,0,0],3.507714e-06],
[[1000.0,50.0,50.0],6.440358e-06],
[[1000.0,100.0,100.0],6.18173e-06],
[[1000.0,150.0,150.0],9.801712e-06],
[[1000.0,200.0,200.0],1.255685e-05],
[[1000.0,250.0,250.0],6.126858e-06],
[[1000.0,300.0,300.0],5.004211e-06],
[[1000.0,350.0,350.0],7.864982e-06],
[[1000.0,400.0,400.0],8.772413e-06],
[[1000.0,450.0,450.0],6.84687e-06],
[[1050.0,520.0,520.0],4.995163e-06],
[[1100.0,0,0],1.025684e-05],
[[1100.0,100.0,100.0],1.134138e-05],
[[1100.0,200.0,200.0],7.896117e-06],
[[1100.0,300.0,300.0],6.941644e-06],
[[1100.0,400.0,400.0],9.052054e-06],
[[1100.0,500.0,500.0],9.078798e-06],
[[1150.0,570.0,570.0],1.409881e-05],
[[1200.0,0,0],5.98775e-06],
[[1200.0,100.0,100.0],5.950713e-06],
[[1200.0,200.0,200.0],7.143983e-06],
[[1200.0,300.0,300.0],2.087743e-05],
[[1200.0,400.0,400.0],9.029701e-06],
[[1200.0,500.0,500.0],1.558867e-05],
[[1250.0,620.0,620.0],1.625327e-05],
[[1300.0,0,0],1.014273e-05],
[[1300.0,100.0,100.0],8.105384e-06],
[[1300.0,200.0,200.0],9.158101e-06],
[[1300.0,300.0,300.0],1.209856e-05],
[[1300.0,400.0,400.0],1.712189e-05],
[[1300.0,500.0,500.0],1.058102e-05],
[[1300.0,600.0,600.0],1.117431e-05],
[[1350.0,670.0,670.0],1.581041e-05],
[[1400.0,0,0],1.412888e-05],
[[1400.0,100.0,100.0],1.707652e-05],
[[1400.0,200.0,200.0],1.140065e-05],
[[1400.0,300.0,300.0],1.021986e-05],
[[1400.0,400.0,400.0],8.052093e-06],
[[1400.0,500.0,500.0],5.751596e-06],
[[1400.0,600.0,600.0],2.974105e-05],
[[1450.0,720.0,720.0],1.034037e-05],
[[1500.0,0,0],1.017991e-05],
[[1500.0,100.0,100.0],2.007785e-05],
[[1500.0,200.0,200.0],1.44902e-05],
[[1500.0,300.0,300.0],1.79146e-05],
[[1500.0,400.0,400.0],1.746565e-05],
[[1500.0,500.0,500.0],1.990163e-05],
[[1500.0,600.0,600.0],2.373009e-05],
[[1500.0,700.0,700.0],1.33763e-05],
[[1550.0,770.0,770.0],2.149883e-05],
[[1600.0,0,0],1.865469e-05],
[[1600.0,100.0,100.0],1.829532e-05],
[[1600.0,200.0,200.0],2.237108e-05],
[[1600.0,300.0,300.0],1.543521e-05],
[[1600.0,400.0,400.0],1.749326e-05],
[[1600.0,500.0,500.0],2.429552e-05],
[[1600.0,600.0,600.0],1.584382e-05],
[[1600.0,700.0,700.0],2.028701e-05],
[[1650.0,820.0,820.0],1.168905e-05],
[[1700.0,0,0],1.794305e-05],
[[1700.0,100.0,100.0],1.380774e-05],
[[1700.0,200.0,200.0],1.00714e-05],
[[1700.0,300.0,300.0],1.065629e-05],
[[1700.0,400.0,400.0],1.906779e-05],
[[1700.0,500.0,500.0],2.15475e-05],
[[1700.0,600.0,600.0],1.405937e-05],
[[1700.0,700.0,700.0],2.463068e-05],
[[1700.0,800.0,800.0],2.119318e-05],
[[1750.0,870.0,870.0],3.765048e-05],
[[1800.0,0,0],2.11496e-05],
[[1800.0,100.0,100.0],1.279634e-05],
[[1800.0,200.0,200.0],3.043129e-05],
[[1800.0,300.0,300.0],1.911538e-05],
[[1800.0,400.0,400.0],1.953971e-05],
[[1800.0,500.0,500.0],3.249925e-05],
[[1800.0,600.0,600.0],3.240161e-05],
[[1800.0,700.0,700.0],3.167543e-05],
[[1800.0,800.0,800.0],2.022916e-05],
[[1850.0,920.0,920.0],2.056139e-05],
[[1900.0,0,0],2.003374e-05],
[[1900.0,100.0,100.0],1.194427e-05],
[[1900.0,200.0,200.0],2.900823e-05],
[[1900.0,300.0,300.0],2.173583e-05],
[[1900.0,400.0,400.0],4.106205e-05],
[[1900.0,500.0,500.0],3.086515e-05],
[[1900.0,600.0,600.0],8.633886e-06],
[[1900.0,700.0,700.0],2.508416e-05],
[[1900.0,800.0,800.0],2.785342e-05],
[[1900.0,900.0,900.0],1.778557e-05],
[[1950.0,970.0,970.0],2.378637e-05],
[[2000.0,0,0],2.053227e-05],
[[2000.0,100.0,100.0],2.19589e-05],
[[2000.0,200.0,200.0],3.684005e-05],
[[2000.0,300.0,300.0],1.993608e-05],
[[2000.0,400.0,400.0],3.378297e-05],
[[2000.0,500.0,500.0],2.290508e-05],
[[2000.0,600.0,600.0],1.628491e-05],
[[2000.0,700.0,700.0],2.218821e-05],
[[2000.0,800.0,800.0],2.5491e-05],
[[2000.0,900.0,900.0],3.185758e-05],
[[2050.0,1020.0,1020.0],4.095285e-05],
[[2100.0,0,0],2.435846e-05],
[[2100.0,100.0,100.0],1.764726e-05],
[[2100.0,200.0,200.0],2.498712e-05],
[[2100.0,300.0,300.0],2.2446e-05],
[[2100.0,400.0,400.0],3.03356e-05],
[[2100.0,500.0,500.0],2.638473e-05],
[[2100.0,600.0,600.0],2.300664e-05],
[[2100.0,700.0,700.0],3.074131e-05],
[[2100.0,800.0,800.0],3.61788e-05],
[[2100.0,900.0,900.0],2.121444e-05],
[[2100.0,1000.0,1000.0],3.444626e-05],
[[2150.0,1070.0,1070.0],4.04501e-05],
[[2200.0,0,0],2.610664e-05],
[[2200.0,100.0,100.0],3.229289e-05],
[[2200.0,200.0,200.0],1.641498e-05],
[[2200.0,300.0,300.0],3.195131e-05],
[[2200.0,400.0,400.0],2.419537e-05],
[[2200.0,500.0,500.0],3.351411e-05],
[[2200.0,600.0,600.0],2.341975e-05],
[[2200.0,700.0,700.0],1.706542e-05],
[[2200.0,800.0,800.0],2.14853e-05],
[[2200.0,900.0,900.0],4.384844e-05],
[[2200.0,1000.0,1000.0],2.83558e-05],
[[2250.0,1120.0,1120.0],2.79023e-05],
[[2300.0,0,0],3.345987e-05],
[[2300.0,100.0,100.0],2.874765e-05],
[[2300.0,200.0,200.0],3.161436e-05],
[[2300.0,300.0,300.0],2.28976e-05],
[[2300.0,400.0,400.0],2.664844e-05],
[[2300.0,500.0,500.0],2.677603e-05],
[[2300.0,600.0,600.0],2.659307e-05],
[[2300.0,700.0,700.0],2.439208e-05],
[[2300.0,800.0,800.0],2.256102e-05],
[[2300.0,900.0,900.0],2.151436e-05],
[[2300.0,1000.0,1000.0],2.33274e-05],
[[2300.0,1100.0,1100.0],1.954975e-05],
[[2350.0,1170.0,1170.0],2.331648e-05],
[[2400.0,0,0],1.729518e-05],
[[2400.0,100.0,100.0],2.61227e-05],
[[2400.0,200.0,200.0],2.016443e-05],
[[2400.0,300.0,300.0],2.638235e-05],
[[2400.0,400.0,400.0],2.482115e-05],
[[2400.0,500.0,500.0],2.883524e-05],
[[2400.0,600.0,600.0],2.216861e-05],
[[2400.0,700.0,700.0],3.117328e-05],
[[2400.0,800.0,800.0],3.482665e-05],
[[2400.0,900.0,900.0],2.733801e-05],
[[2400.0,1000.0,1000.0],3.707293e-05],
[[2400.0,1100.0,1100.0],2.1785e-05],
[[2450.0,1220.0,1220.0],3.587589e-05],
[[2500.0,0,0],2.168701e-05],
[[2500.0,100.0,100.0],3.262555e-05],
[[2500.0,200.0,200.0],3.268591e-05],
[[2500.0,300.0,300.0],3.677297e-05],
[[2500.0,400.0,400.0],3.05517e-05],
[[2500.0,500.0,500.0],2.79121e-05],
[[2500.0,600.0,600.0],2.206924e-05],
[[2500.0,700.0,700.0],3.625127e-05],
[[2500.0,800.0,800.0],3.148266e-05],
[[2500.0,900.0,900.0],3.059518e-05],
[[2500.0,1000.0,1000.0],1.363788e-05],
[[2500.0,1100.0,1100.0],3.931539e-05],
[[2500.0,1200.0,1200.0],2.817703e-05],
[[2550.0,1270.0,1270.0],3.258923e-05],
[[2600.0,0,0],2.249006e-05],
[[2600.0,100.0,100.0],2.556797e-05],
[[2600.0,200.0,200.0],4.109097e-05],
[[2600.0,300.0,300.0],1.45101e-05],
[[2600.0,400.0,400.0],3.613809e-05],
[[2600.0,500.0,500.0],2.483874e-05],
[[2600.0,600.0,600.0],3.788331e-05],
[[2600.0,700.0,700.0],3.018857e-05],
[[2600.0,800.0,800.0],3.61027e-05],
[[2600.0,900.0,900.0],3.563988e-05],
[[2600.0,1000.0,1000.0],3.924233e-05],
[[2600.0,1100.0,1100.0],2.971805e-05],
[[2600.0,1200.0,1200.0],4.057874e-05],
[[2650.0,1320.0,1320.0],3.964409e-05],
[[2700.0,0,0],1.251221e-05],
[[2700.0,100.0,100.0],3.950414e-05],
[[2700.0,200.0,200.0],2.58652e-05],
[[2700.0,300.0,300.0],2.011855e-05],
[[2700.0,400.0,400.0],3.971196e-05],
[[2700.0,500.0,500.0],4.426258e-05],
[[2700.0,600.0,600.0],1.65883e-05],
[[2700.0,700.0,700.0],2.981157e-05],
[[2700.0,800.0,800.0],3.847066e-05],
[[2700.0,900.0,900.0],1.774402e-05],
[[2700.0,1000.0,1000.0],1.357487e-05],
[[2700.0,1100.0,1100.0],2.574922e-05],
[[2700.0,1200.0,1200.0],3.094311e-05],
[[2700.0,1300.0,1300.0],3.216893e-05],
[[2750.0,1370.0,1370.0],3.734089e-05],
[[2800.0,0,0],2.471421e-05],
[[2800.0,100.0,100.0],2.930388e-05],
[[2800.0,200.0,200.0],2.757488e-05],
[[2800.0,300.0,300.0],1.881667e-05],
[[2800.0,400.0,400.0],2.664763e-05],
[[2800.0,500.0,500.0],4.087788e-05],
[[2800.0,600.0,600.0],2.67174e-05],
[[2800.0,700.0,700.0],2.846543e-05],
[[2800.0,800.0,800.0],2.677153e-05],
[[2800.0,900.0,900.0],2.568538e-05],
[[2800.0,1000.0,1000.0],2.54325e-05],
[[2800.0,1100.0,1100.0],2.210579e-05],
[[2800.0,1200.0,1200.0],2.516272e-05],
[[2800.0,1300.0,1300.0],2.887629e-05],
[[2850.0,1420.0,1420.0],4.003502e-05],
[[2900.0,0,0],1.667052e-05],
[[2900.0,100.0,100.0],2.048117e-05],
[[2900.0,200.0,200.0],3.485452e-05],
[[2900.0,300.0,300.0],3.563514e-05],
[[2900.0,400.0,400.0],3.863119e-05],
[[2900.0,500.0,500.0],5.363972e-05],
[[2900.0,600.0,600.0],2.400449e-05],
[[2900.0,700.0,700.0],2.612104e-05],
[[2900.0,800.0,800.0],4.589562e-05],
[[2900.0,900.0,900.0],1.984496e-05],
[[2900.0,1000.0,1000.0],3.355822e-05],
[[2900.0,1100.0,1100.0],2.079827e-05],
[[2900.0,1200.0,1200.0],3.392953e-05],
[[2900.0,1300.0,1300.0],1.499935e-05],
[[2900.0,1400.0,1400.0],3.965058e-05],
[[2950.0,1470.0,1470.0],4.51645e-05],
[[3000.0,0,0],2.024957e-05],
[[3000.0,100.0,100.0],3.485766e-05],
[[3000.0,200.0,200.0],3.493499e-05],
[[3000.0,300.0,300.0],1.41143e-05],
[[3000.0,400.0,400.0],3.966241e-05],
[[3000.0,500.0,500.0],3.805458e-05],
[[3000.0,600.0,600.0],2.951507e-05],
[[3000.0,700.0,700.0],2.701303e-05],
[[3000.0,800.0,800.0],2.376423e-05],
[[3000.0,900.0,900.0],3.319516e-05],
[[3000.0,1000.0,1000.0],2.441481e-05],
[[3000.0,1100.0,1100.0],3.401252e-05],
[[3000.0,1200.0,1200.0],1.792629e-05],
[[3000.0,1300.0,1300.0],2.708213e-05],
[[3000.0,1400.0,1400.0],2.985541e-05]]
