txName: TRV1
constraint: {(PV > Zprime(1)), (Zprime(1) > MET(2),MET(3))}
condition: None
conditionDescription: None
figureUrl: None
source: Recast by CM2
validated: True
axesMap: [{0: 'x', 1: 'y', 2: 'y'}]
dataMap: {0: (1, 'mass', GeV), 1: (2, 'mass', GeV), 2: (3, 'mass', GeV)}
finalState: ['MET', 'MET']
intermediateState: None
efficiencyMap: [[[50.0,0,0],0.0],
[[50.0,1.0,1.0],0.0],
[[50.0,10.0,10.0],0.0],
[[50.0,20.0,20.0],0.0],
[[100.0,0,0],0],
[[100.0,1.0,1.0],0.0],
[[100.0,10.0,10.0],0.0],
[[150.0,0,0],0.0],
[[150.0,1.0,1.0],0.0],
[[150.0,10.0,10.0],0],
[[150.0,50.0,50.0],0],
[[150.0,70.0,70.0],0],
[[200.0,0,0],0],
[[200.0,1.0,1.0],0],
[[200.0,10.0,10.0],0],
[[200.0,50.0,50.0],0.0],
[[200.0,75.0,75.0],0.0],
[[250.0,0,0],0.0],
[[250.0,1.0,1.0],0],
[[250.0,10.0,10.0],0.0],
[[250.0,50.0,50.0],0],
[[250.0,75.0,75.0],0],
[[250.0,100.0,100.0],0],
[[250.0,120.0,120.0],0],
[[300.0,0,0],0],
[[300.0,1.0,1.0],0],
[[300.0,10.0,10.0],0],
[[300.0,50.0,50.0],0],
[[300.0,75.0,75.0],0],
[[300.0,100.0,100.0],0],
[[350.0,0,0],0.0],
[[350.0,1.0,1.0],0],
[[350.0,10.0,10.0],0],
[[350.0,50.0,50.0],0],
[[350.0,75.0,75.0],0],
[[350.0,100.0,100.0],0],
[[350.0,150.0,150.0],0],
[[350.0,170.0,170.0],0],
[[400.0,0,0],0],
[[400.0,1.0,1.0],0],
[[400.0,10.0,10.0],0],
[[400.0,50.0,50.0],0],
[[400.0,75.0,75.0],0],
[[400.0,100.0,100.0],0],
[[400.0,150.0,150.0],0],
[[450.0,0,0],0],
[[450.0,1.0,1.0],0],
[[450.0,10.0,10.0],0],
[[450.0,50.0,50.0],0],
[[450.0,75.0,75.0],0],
[[450.0,100.0,100.0],0],
[[450.0,150.0,150.0],0],
[[450.0,200.0,200.0],0],
[[450.0,220.0,220.0],0],
[[500.0,0,0],0],
[[500.0,1.0,1.0],0],
[[500.0,10.0,10.0],0],
[[500.0,50.0,50.0],0],
[[500.0,75.0,75.0],0],
[[500.0,100.0,100.0],0],
[[500.0,150.0,150.0],0],
[[500.0,200.0,200.0],0],
[[550.0,1.0,1.0],0],
[[550.0,10.0,10.0],0],
[[550.0,75.0,75.0],0],
[[550.0,150.0,150.0],0],
[[550.0,200.0,200.0],0],
[[550.0,250.0,250.0],0],
[[550.0,270.0,270.0],0],
[[600.0,0,0],0],
[[600.0,1.0,1.0],0],
[[600.0,10.0,10.0],0],
[[600.0,50.0,50.0],0],
[[600.0,75.0,75.0],0],
[[600.0,100.0,100.0],0],
[[600.0,150.0,150.0],0],
[[600.0,200.0,200.0],0],
[[600.0,250.0,250.0],0],
[[600.0,295.0,295.0],0],
[[650.0,1.0,1.0],0],
[[650.0,10.0,10.0],0],
[[650.0,75.0,75.0],0],
[[650.0,150.0,150.0],0],
[[650.0,200.0,200.0],0],
[[650.0,250.0,250.0],0],
[[650.0,300.0,300.0],0],
[[650.0,320.0,320.0],0],
[[700.0,0,0],2.34124e-06],
[[700.0,1.0,1.0],0],
[[700.0,10.0,10.0],0],
[[700.0,50.0,50.0],0],
[[700.0,75.0,75.0],1.759416e-06],
[[700.0,100.0,100.0],0],
[[700.0,150.0,150.0],2.621763e-06],
[[700.0,200.0,200.0],1.739857e-06],
[[700.0,250.0,250.0],0],
[[700.0,300.0,300.0],0],
[[750.0,1.0,1.0],1.708663e-06],
[[750.0,10.0,10.0],0],
[[750.0,75.0,75.0],1.979166e-06],
[[750.0,150.0,150.0],0],
[[750.0,200.0,200.0],4.674415e-06],
[[750.0,250.0,250.0],2.139772e-06],
[[750.0,300.0,300.0],0],
[[750.0,350.0,350.0],0],
[[750.0,370.0,370.0],0],
[[800.0,0,0],0],
[[800.0,1.0,1.0],2.561e-06],
[[800.0,10.0,10.0],2.935924e-06],
[[800.0,50.0,50.0],0],
[[800.0,75.0,75.0],2.454372e-06],
[[800.0,100.0,100.0],1.788323e-06],
[[800.0,150.0,150.0],2.302476e-06],
[[800.0,200.0,200.0],3.076453e-06],
[[800.0,250.0,250.0],3.008497e-06],
[[800.0,300.0,300.0],2.050947e-06],
[[800.0,350.0,350.0],1.967317e-06],
[[850.0,1.0,1.0],0],
[[850.0,10.0,10.0],0],
[[850.0,75.0,75.0],1.892538e-06],
[[850.0,150.0,150.0],0],
[[850.0,200.0,200.0],2.836394e-06],
[[850.0,250.0,250.0],4.12751e-06],
[[850.0,300.0,300.0],4.943705e-06],
[[850.0,350.0,350.0],2.538108e-06],
[[850.0,400.0,400.0],2.996535e-06],
[[850.0,420.0,420.0],0],
[[900.0,0,0],2.534589e-06],
[[900.0,1.0,1.0],3.581909e-06],
[[900.0,10.0,10.0],2.872911e-06],
[[900.0,50.0,50.0],1.807814e-06],
[[900.0,75.0,75.0],3.797194e-06],
[[900.0,100.0,100.0],2.139332e-06],
[[900.0,150.0,150.0],3.146599e-06],
[[900.0,200.0,200.0],3.000127e-06],
[[900.0,250.0,250.0],2.679588e-06],
[[900.0,300.0,300.0],2.054108e-06],
[[900.0,350.0,350.0],1.77755e-06],
[[900.0,400.0,400.0],2.530493e-06],
[[950.0,1.0,1.0],0],
[[950.0,10.0,10.0],2.577302e-06],
[[950.0,75.0,75.0],2.219413e-06],
[[950.0,150.0,150.0],2.920435e-06],
[[950.0,200.0,200.0],2.510352e-06],
[[950.0,250.0,250.0],2.92399e-06],
[[950.0,300.0,300.0],2.630587e-06],
[[950.0,350.0,350.0],3.857241e-06],
[[950.0,400.0,400.0],5.87705e-06],
[[950.0,450.0,450.0],1.899877e-06],
[[950.0,470.0,470.0],2.65183e-06],
[[1000.0,0,0],6.093548e-06],
[[1000.0,50.0,50.0],4.281938e-06],
[[1000.0,100.0,100.0],3.942253e-06],
[[1000.0,150.0,150.0],2.788618e-06],
[[1000.0,200.0,200.0],2.822114e-06],
[[1000.0,250.0,250.0],1.996785e-06],
[[1000.0,300.0,300.0],3.089623e-06],
[[1000.0,350.0,350.0],0],
[[1000.0,400.0,400.0],3.683692e-06],
[[1000.0,450.0,450.0],2.953984e-06],
[[1050.0,520.0,520.0],2.46295e-06],
[[1100.0,0,0],5.005514e-06],
[[1100.0,100.0,100.0],4.400774e-06],
[[1100.0,200.0,200.0],5.575765e-06],
[[1100.0,300.0,300.0],3.710694e-06],
[[1100.0,400.0,400.0],2.675236e-06],
[[1100.0,500.0,500.0],5.903606e-06],
[[1150.0,570.0,570.0],6.370019e-06],
[[1200.0,0,0],4.132015e-06],
[[1200.0,100.0,100.0],3.618394e-06],
[[1200.0,200.0,200.0],4.785385e-06],
[[1200.0,300.0,300.0],8.355069e-06],
[[1200.0,400.0,400.0],6.148466e-06],
[[1200.0,500.0,500.0],6.530613e-06],
[[1250.0,620.0,620.0],5.898402e-06],
[[1300.0,0,0],8.645606e-06],
[[1300.0,100.0,100.0],8.379678e-06],
[[1300.0,200.0,200.0],1.026426e-05],
[[1300.0,300.0,300.0],5.933546e-06],
[[1300.0,400.0,400.0],1.078598e-05],
[[1300.0,500.0,500.0],5.207272e-06],
[[1300.0,600.0,600.0],5.151066e-06],
[[1350.0,670.0,670.0],7.880169e-06],
[[1400.0,0,0],8.438532e-06],
[[1400.0,100.0,100.0],6.940958e-06],
[[1400.0,200.0,200.0],8.625429e-06],
[[1400.0,300.0,300.0],6.773038e-06],
[[1400.0,400.0,400.0],7.895743e-06],
[[1400.0,500.0,500.0],6.806106e-06],
[[1400.0,600.0,600.0],7.072175e-06],
[[1450.0,720.0,720.0],9.091053e-06],
[[1500.0,0,0],7.963715e-06],
[[1500.0,100.0,100.0],8.049188e-06],
[[1500.0,200.0,200.0],6.570543e-06],
[[1500.0,300.0,300.0],7.238504e-06],
[[1500.0,400.0,400.0],6.039923e-06],
[[1500.0,500.0,500.0],9.419839e-06],
[[1500.0,600.0,600.0],7.206007e-06],
[[1500.0,700.0,700.0],8.483886e-06],
[[1550.0,770.0,770.0],7.569571e-06],
[[1600.0,0,0],7.114039e-06],
[[1600.0,100.0,100.0],6.393015e-06],
[[1600.0,200.0,200.0],9.009996e-06],
[[1600.0,300.0,300.0],8.527866e-06],
[[1600.0,400.0,400.0],9.217308e-06],
[[1600.0,500.0,500.0],7.189263e-06],
[[1600.0,600.0,600.0],1.008415e-05],
[[1600.0,700.0,700.0],8.037843e-06],
[[1650.0,820.0,820.0],8.275379e-06],
[[1700.0,0,0],1.282449e-05],
[[1700.0,100.0,100.0],7.989262e-06],
[[1700.0,200.0,200.0],1.174857e-05],
[[1700.0,300.0,300.0],1.324866e-05],
[[1700.0,400.0,400.0],1.552193e-05],
[[1700.0,500.0,500.0],9.857665e-06],
[[1700.0,600.0,600.0],6.823877e-06],
[[1700.0,700.0,700.0],2.892356e-05],
[[1700.0,800.0,800.0],1.389572e-05],
[[1750.0,870.0,870.0],1.275037e-05],
[[1800.0,0,0],1.793462e-05],
[[1800.0,100.0,100.0],1.544999e-05],
[[1800.0,200.0,200.0],1.130111e-05],
[[1800.0,300.0,300.0],1.520947e-05],
[[1800.0,400.0,400.0],1.242686e-05],
[[1800.0,500.0,500.0],1.451452e-05],
[[1800.0,600.0,600.0],8.281791e-06],
[[1800.0,700.0,700.0],2.129491e-05],
[[1800.0,800.0,800.0],1.272678e-05],
[[1850.0,920.0,920.0],1.471243e-05],
[[1900.0,0,0],1.158143e-05],
[[1900.0,100.0,100.0],1.025467e-05],
[[1900.0,200.0,200.0],1.53406e-05],
[[1900.0,300.0,300.0],9.075313e-06],
[[1900.0,400.0,400.0],1.496195e-05],
[[1900.0,500.0,500.0],1.455294e-05],
[[1900.0,600.0,600.0],1.399063e-05],
[[1900.0,700.0,700.0],2.285115e-05],
[[1900.0,800.0,800.0],1.948124e-05],
[[1900.0,900.0,900.0],1.208174e-05],
[[1950.0,970.0,970.0],1.403191e-05],
[[2000.0,0,0],1.122917e-05],
[[2000.0,100.0,100.0],2.035999e-05],
[[2000.0,200.0,200.0],1.183506e-05],
[[2000.0,300.0,300.0],1.292231e-05],
[[2000.0,400.0,400.0],1.387185e-05],
[[2000.0,500.0,500.0],1.375703e-05],
[[2000.0,600.0,600.0],1.807008e-05],
[[2000.0,700.0,700.0],1.278415e-05],
[[2000.0,800.0,800.0],1.109256e-05],
[[2000.0,900.0,900.0],1.016681e-05],
[[2050.0,1020.0,1020.0],1.498449e-05],
[[2100.0,0,0],8.914266e-06],
[[2100.0,100.0,100.0],9.226671e-06],
[[2100.0,200.0,200.0],2.233704e-05],
[[2100.0,300.0,300.0],1.239575e-05],
[[2100.0,400.0,400.0],2.404554e-05],
[[2100.0,500.0,500.0],1.537733e-05],
[[2100.0,600.0,600.0],1.651308e-05],
[[2100.0,700.0,700.0],1.744067e-05],
[[2100.0,800.0,800.0],1.72508e-05],
[[2100.0,900.0,900.0],1.473434e-05],
[[2100.0,1000.0,1000.0],1.622212e-05],
[[2150.0,1070.0,1070.0],1.642885e-05],
[[2200.0,0,0],1.263603e-05],
[[2200.0,100.0,100.0],1.953351e-05],
[[2200.0,200.0,200.0],1.98618e-05],
[[2200.0,300.0,300.0],1.587813e-05],
[[2200.0,400.0,400.0],1.787241e-05],
[[2200.0,500.0,500.0],1.432138e-05],
[[2200.0,600.0,600.0],1.475904e-05],
[[2200.0,700.0,700.0],1.777747e-05],
[[2200.0,800.0,800.0],1.292872e-05],
[[2200.0,900.0,900.0],1.163765e-05],
[[2200.0,1000.0,1000.0],1.43594e-05],
[[2250.0,1120.0,1120.0],1.272595e-05],
[[2300.0,0,0],1.601986e-05],
[[2300.0,100.0,100.0],1.62256e-05],
[[2300.0,200.0,200.0],1.191493e-05],
[[2300.0,300.0,300.0],1.695372e-05],
[[2300.0,400.0,400.0],1.18337e-05],
[[2300.0,500.0,500.0],1.721198e-05],
[[2300.0,600.0,600.0],2.053273e-05],
[[2300.0,700.0,700.0],1.759532e-05],
[[2300.0,800.0,800.0],2.021808e-05],
[[2300.0,900.0,900.0],1.55133e-05],
[[2300.0,1000.0,1000.0],1.525649e-05],
[[2300.0,1100.0,1100.0],1.231667e-05],
[[2350.0,1170.0,1170.0],1.934601e-05],
[[2400.0,0,0],1.789113e-05],
[[2400.0,100.0,100.0],1.672629e-05],
[[2400.0,200.0,200.0],1.872161e-05],
[[2400.0,300.0,300.0],1.725394e-05],
[[2400.0,400.0,400.0],1.568251e-05],
[[2400.0,500.0,500.0],1.849832e-05],
[[2400.0,600.0,600.0],1.674246e-05],
[[2400.0,700.0,700.0],1.414589e-05],
[[2400.0,800.0,800.0],2.85367e-05],
[[2400.0,900.0,900.0],1.688921e-05],
[[2400.0,1000.0,1000.0],1.192453e-05],
[[2400.0,1100.0,1100.0],1.814745e-05],
[[2450.0,1220.0,1220.0],1.536263e-05],
[[2500.0,0,0],1.179845e-05],
[[2500.0,100.0,100.0],1.476008e-05],
[[2500.0,200.0,200.0],2.413468e-05],
[[2500.0,300.0,300.0],1.151831e-05],
[[2500.0,400.0,400.0],1.682482e-05],
[[2500.0,500.0,500.0],1.547146e-05],
[[2500.0,600.0,600.0],1.836777e-05],
[[2500.0,700.0,700.0],1.497298e-05],
[[2500.0,800.0,800.0],1.570702e-05],
[[2500.0,900.0,900.0],2.017194e-05],
[[2500.0,1000.0,1000.0],1.608058e-05],
[[2500.0,1100.0,1100.0],1.962077e-05],
[[2500.0,1200.0,1200.0],1.66183e-05],
[[2550.0,1270.0,1270.0],2.618566e-05],
[[2600.0,0,0],1.890455e-05],
[[2600.0,100.0,100.0],1.430292e-05],
[[2600.0,200.0,200.0],9.520021e-06],
[[2600.0,300.0,300.0],1.76285e-05],
[[2600.0,400.0,400.0],1.833279e-05],
[[2600.0,500.0,500.0],1.734659e-05],
[[2600.0,600.0,600.0],1.808368e-05],
[[2600.0,700.0,700.0],2.090579e-05],
[[2600.0,800.0,800.0],1.891756e-05],
[[2600.0,900.0,900.0],2.139022e-05],
[[2600.0,1000.0,1000.0],2.264507e-05],
[[2600.0,1100.0,1100.0],2.55924e-05],
[[2600.0,1200.0,1200.0],1.420803e-05],
[[2650.0,1320.0,1320.0],1.577422e-05],
[[2700.0,0,0],2.854209e-05],
[[2700.0,100.0,100.0],1.975759e-05],
[[2700.0,200.0,200.0],1.025895e-05],
[[2700.0,300.0,300.0],2.396479e-05],
[[2700.0,400.0,400.0],1.842272e-05],
[[2700.0,500.0,500.0],1.809813e-05],
[[2700.0,600.0,600.0],1.667227e-05],
[[2700.0,700.0,700.0],1.770207e-05],
[[2700.0,800.0,800.0],1.531932e-05],
[[2700.0,900.0,900.0],2.286008e-05],
[[2700.0,1000.0,1000.0],1.652448e-05],
[[2700.0,1100.0,1100.0],2.214191e-05],
[[2700.0,1200.0,1200.0],1.16741e-05],
[[2700.0,1300.0,1300.0],1.381361e-05],
[[2750.0,1370.0,1370.0],2.085198e-05],
[[2800.0,0,0],1.47522e-05],
[[2800.0,100.0,100.0],2.614362e-05],
[[2800.0,200.0,200.0],2.165916e-05],
[[2800.0,300.0,300.0],1.816599e-05],
[[2800.0,400.0,400.0],2.157781e-05],
[[2800.0,500.0,500.0],1.68724e-05],
[[2800.0,600.0,600.0],2.506845e-05],
[[2800.0,700.0,700.0],1.495164e-05],
[[2800.0,800.0,800.0],1.71472e-05],
[[2800.0,900.0,900.0],2.06055e-05],
[[2800.0,1000.0,1000.0],1.46875e-05],
[[2800.0,1100.0,1100.0],2.382838e-05],
[[2800.0,1200.0,1200.0],2.228693e-05],
[[2800.0,1300.0,1300.0],1.425254e-05],
[[2850.0,1420.0,1420.0],2.017912e-05],
[[2900.0,0,0],1.951153e-05],
[[2900.0,100.0,100.0],1.653147e-05],
[[2900.0,200.0,200.0],1.655903e-05],
[[2900.0,300.0,300.0],1.631632e-05],
[[2900.0,400.0,400.0],1.954888e-05],
[[2900.0,500.0,500.0],2.736949e-05],
[[2900.0,600.0,600.0],1.973389e-05],
[[2900.0,700.0,700.0],1.083981e-05],
[[2900.0,800.0,800.0],1.882398e-05],
[[2900.0,900.0,900.0],8.424972e-06],
[[2900.0,1000.0,1000.0],2.666177e-05],
[[2900.0,1100.0,1100.0],2.351141e-05],
[[2900.0,1200.0,1200.0],2.101624e-05],
[[2900.0,1300.0,1300.0],1.055563e-05],
[[2900.0,1400.0,1400.0],2.640657e-05],
[[2950.0,1470.0,1470.0],1.531826e-05],
[[3000.0,0,0],1.381129e-05],
[[3000.0,100.0,100.0],1.594214e-05],
[[3000.0,200.0,200.0],1.407022e-05],
[[3000.0,300.0,300.0],2.154181e-05],
[[3000.0,400.0,400.0],1.930505e-05],
[[3000.0,500.0,500.0],1.908081e-05],
[[3000.0,600.0,600.0],1.912375e-05],
[[3000.0,700.0,700.0],2.618421e-05],
[[3000.0,800.0,800.0],2.248071e-05],
[[3000.0,900.0,900.0],2.192095e-05],
[[3000.0,1000.0,1000.0],2.156861e-05],
[[3000.0,1100.0,1100.0],1.654547e-05],
[[3000.0,1200.0,1200.0],1.247812e-05],
[[3000.0,1300.0,1300.0],2.166087e-05],
[[3000.0,1400.0,1400.0],1.48091e-05]]
