txName: TRS1
constraint: {(PV > H0(1)), (H0(1) > MET(2),MET(3))}
condition: None
conditionDescription: None
figureUrl: https://cms-results.web.cern.ch/cms-results/public-results/publications/EXO-20-004/CMS-EXO-20-004_Figure_009-a.png
source: CMS
validated: True
axesMap: [{0: 'x', 1: '1.0', 2: '1.0'}, {0: 'x', 1: 'y', 2: 'y'}]
dataMap: {0: (1, 'mass', GeV), 1: (2, 'mass', GeV), 2: (3, 'mass', GeV)}
finalState: ['MET', 'MET']
intermediateState: None
efficiencyMap: [[[100.0,10.0,10.0],1.708973e-07],
[[150.0,1.0,1.0],4.004557e-07],
[[150.0,50.0,50.0],2.37274e-07],
[[200.0,1.0,1.0],5.759443e-07],
[[200.0,50.0,50.0],7.133623e-07],
[[200.0,100.0,100.0],1.548488e-06],
[[250.0,1.0,1.0],8.659467e-07],
[[250.0,10.0,10.0],7.625778e-07],
[[250.0,50.0,50.0],7.564974e-07],
[[250.0,100.0,100.0],8.970055e-07],
[[300.0,1.0,1.0],1.153165e-06],
[[300.0,50.0,50.0],9.188809e-07],
[[300.0,100.0,100.0],1.542315e-06],
[[350.0,1.0,1.0],9.180353e-07],
[[350.0,50.0,50.0],8.759179e-07],
[[350.0,100.0,100.0],1.202334e-06],
[[350.0,150.0,150.0],1.081495e-06],
[[400.0,1.0,1.0],1.445788e-06],
[[400.0,50.0,50.0],1.572481e-06],
[[400.0,100.0,100.0],1.245677e-06],
[[400.0,150.0,150.0],1.870578e-06],
[[450.0,1.0,1.0],2.148944e-06],
[[450.0,50.0,50.0],2.400924e-06],
[[450.0,100.0,100.0],1.891058e-06],
[[450.0,150.0,150.0],1.95288e-06],
[[450.0,200.0,200.0],2.599325e-06],
[[500.0,1.0,1.0],3.067882e-06],
[[500.0,10.0,10.0],2.845503e-06],
[[500.0,50.0,50.0],3.173865e-06],
[[500.0,100.0,100.0],2.949941e-06],
[[500.0,150.0,150.0],2.520858e-06],
[[500.0,200.0,200.0],2.91831e-06],
[[550.0,1.0,1.0],4.490664e-06],
[[550.0,50.0,50.0],3.735025e-06],
[[550.0,100.0,100.0],5.228718e-06],
[[550.0,150.0,150.0],4.59087e-06],
[[550.0,200.0,200.0],4.145306e-06],
[[550.0,250.0,250.0],3.266239e-06],
[[600.0,1.0,1.0],5.869705e-06],
[[600.0,50.0,50.0],5.910447e-06],
[[600.0,100.0,100.0],5.735394e-06],
[[600.0,150.0,150.0],5.153512e-06],
[[600.0,200.0,200.0],8.012023e-06],
[[600.0,250.0,250.0],5.681461e-06],
[[650.0,1.0,1.0],7.451037e-06],
[[650.0,50.0,50.0],8.853954e-06],
[[650.0,100.0,100.0],7.570589e-06],
[[650.0,150.0,150.0],7.32137e-06],
[[650.0,200.0,200.0],1.082035e-05],
[[650.0,250.0,250.0],7.410023e-06],
[[650.0,300.0,300.0],9.286374e-06],
[[700.0,1.0,1.0],1.096318e-05],
[[700.0,50.0,50.0],1.096629e-05],
[[700.0,100.0,100.0],1.08571e-05],
[[700.0,150.0,150.0],1.068793e-05],
[[700.0,200.0,200.0],1.039394e-05],
[[700.0,250.0,250.0],9.092681e-06],
[[700.0,300.0,300.0],1.501933e-05],
[[750.0,1.0,1.0],1.737348e-05],
[[750.0,10.0,10.0],1.449396e-05],
[[750.0,50.0,50.0],1.304875e-05],
[[750.0,100.0,100.0],1.289222e-05],
[[750.0,150.0,150.0],1.492078e-05],
[[750.0,200.0,200.0],1.476576e-05],
[[750.0,250.0,250.0],1.45731e-05],
[[750.0,300.0,300.0],1.59447e-05],
[[750.0,350.0,350.0],1.775335e-05],
[[800.0,1.0,1.0],1.660892e-05],
[[800.0,150.0,150.0],1.894932e-05],
[[800.0,200.0,200.0],1.697682e-05],
[[800.0,250.0,250.0],1.844399e-05],
[[800.0,300.0,300.0],1.923555e-05],
[[800.0,350.0,350.0],2.281506e-05],
[[850.0,1.0,1.0],2.254731e-05],
[[850.0,150.0,150.0],2.055557e-05],
[[850.0,200.0,200.0],2.126725e-05],
[[850.0,250.0,250.0],2.201151e-05],
[[850.0,300.0,300.0],2.249834e-05],
[[850.0,350.0,350.0],2.615506e-05],
[[850.0,400.0,400.0],2.478919e-05],
[[900.0,1.0,1.0],2.06304e-05],
[[900.0,150.0,150.0],2.419253e-05],
[[900.0,200.0,200.0],3.185258e-05],
[[900.0,250.0,250.0],3.520082e-05],
[[900.0,300.0,300.0],2.801122e-05],
[[900.0,350.0,350.0],2.859382e-05],
[[900.0,400.0,400.0],3.277097e-05],
[[950.0,1.0,1.0],3.131703e-05],
[[950.0,150.0,150.0],3.172891e-05],
[[950.0,200.0,200.0],3.648728e-05],
[[950.0,250.0,250.0],4.231532e-05],
[[950.0,300.0,300.0],3.326622e-05],
[[950.0,350.0,350.0],3.556219e-05],
[[950.0,400.0,400.0],3.625712e-05],
[[950.0,450.0,450.0],5.201617e-05],
[[1000.0,1.0,1.0],3.483177e-05],
[[1000.0,10.0,10.0],3.777933e-05],
[[1000.0,50.0,50.0],3.204012e-05],
[[1000.0,100.0,100.0],3.733185e-05],
[[1000.0,150.0,150.0],3.996792e-05],
[[1000.0,200.0,200.0],4.258835e-05],
[[1000.0,250.0,250.0],4.231196e-05],
[[1000.0,300.0,300.0],3.803251e-05],
[[1000.0,350.0,350.0],4.869114e-05],
[[1000.0,400.0,400.0],4.4852e-05],
[[1000.0,450.0,450.0],4.467802e-05],
[[1050.0,1.0,1.0],3.69904e-05],
[[1050.0,150.0,150.0],4.850404e-05],
[[1050.0,200.0,200.0],4.236885e-05],
[[1050.0,250.0,250.0],5.079817e-05],
[[1050.0,300.0,300.0],4.978936e-05],
[[1050.0,350.0,350.0],4.940836e-05],
[[1050.0,400.0,400.0],6.62686e-05],
[[1050.0,450.0,450.0],5.945118e-05],
[[1050.0,500.0,500.0],5.92377e-05],
[[1100.0,1.0,1.0],4.717878e-05],
[[1100.0,150.0,150.0],5.243259e-05],
[[1100.0,200.0,200.0],4.608926e-05],
[[1100.0,250.0,250.0],4.721158e-05],
[[1100.0,300.0,300.0],4.955932e-05],
[[1100.0,350.0,350.0],5.935832e-05],
[[1100.0,400.0,400.0],6.000811e-05],
[[1100.0,450.0,450.0],6.136816e-05],
[[1100.0,500.0,500.0],7.717962e-05],
[[1150.0,1.0,1.0],4.612925e-05],
[[1150.0,150.0,150.0],5.785732e-05],
[[1150.0,200.0,200.0],5.328335e-05],
[[1150.0,250.0,250.0],6.479352e-05],
[[1150.0,300.0,300.0],6.929035e-05],
[[1150.0,350.0,350.0],6.924495e-05],
[[1150.0,400.0,400.0],6.391886e-05],
[[1150.0,450.0,450.0],8.047409e-05],
[[1150.0,500.0,500.0],9.350063e-05],
[[1150.0,550.0,550.0],8.251934e-05],
[[1200.0,1.0,1.0],5.671615e-05],
[[1200.0,150.0,150.0],7.170281e-05],
[[1200.0,200.0,200.0],6.806728e-05],
[[1200.0,250.0,250.0],8.529634e-05],
[[1200.0,300.0,300.0],7.017729e-05],
[[1200.0,350.0,350.0],6.902655e-05],
[[1200.0,400.0,400.0],0.000101476],
[[1200.0,450.0,450.0],8.049659e-05],
[[1200.0,500.0,500.0],7.948375e-05],
[[1200.0,550.0,550.0],0.0001043744],
[[1250.0,1.0,1.0],7.086389e-05],
[[1250.0,10.0,10.0],6.937116e-05],
[[1250.0,50.0,50.0],6.053908e-05],
[[1250.0,100.0,100.0],6.135796e-05],
[[1250.0,150.0,150.0],7.265214e-05],
[[1250.0,200.0,200.0],7.059215e-05],
[[1250.0,250.0,250.0],8.713533e-05],
[[1250.0,300.0,300.0],7.832037e-05],
[[1250.0,350.0,350.0],8.164141e-05],
[[1250.0,400.0,400.0],0.0001012048],
[[1250.0,450.0,450.0],9.259001e-05],
[[1250.0,500.0,500.0],9.027411e-05],
[[1250.0,550.0,550.0],9.576102e-05],
[[1250.0,600.0,600.0],0.000103609],
[[1300.0,1.0,1.0],7.097245e-05],
[[1300.0,150.0,150.0],6.971632e-05],
[[1300.0,200.0,200.0],9.626896e-05],
[[1300.0,250.0,250.0],8.886564e-05],
[[1300.0,300.0,300.0],8.550073e-05],
[[1300.0,350.0,350.0],0.0005135323],
[[1300.0,400.0,400.0],0.000104658],
[[1300.0,450.0,450.0],9.694598e-05],
[[1300.0,500.0,500.0],0.000247571],
[[1300.0,550.0,550.0],0.0001086141],
[[1300.0,600.0,600.0],0.0001265653],
[[1350.0,1.0,1.0],7.513454e-05],
[[1350.0,150.0,150.0],9.168813e-05],
[[1350.0,200.0,200.0],8.316651e-05],
[[1350.0,250.0,250.0],9.688172e-05],
[[1350.0,300.0,300.0],0.0001158801],
[[1350.0,350.0,350.0],0.0001061522],
[[1350.0,400.0,400.0],0.0001033588],
[[1350.0,450.0,450.0],0.0001039905],
[[1350.0,500.0,500.0],0.0001921192],
[[1350.0,550.0,550.0],0.0001249788],
[[1350.0,600.0,600.0],0.0001227325],
[[1350.0,650.0,650.0],0.0001945216],
[[1400.0,1.0,1.0],8.210098e-05],
[[1400.0,150.0,150.0],0.0001056877],
[[1400.0,200.0,200.0],0.0001659209],
[[1400.0,250.0,250.0],9.052651e-05],
[[1400.0,300.0,300.0],0.000105408],
[[1400.0,350.0,350.0],0.0001449231],
[[1400.0,400.0,400.0],0.0001225428],
[[1400.0,450.0,450.0],0.0001142904],
[[1400.0,500.0,500.0],0.0001580747],
[[1400.0,550.0,550.0],0.0001346165],
[[1400.0,600.0,600.0],0.0001387309],
[[1400.0,650.0,650.0],0.0001278984],
[[1450.0,1.0,1.0],8.445648e-05],
[[1450.0,150.0,150.0],9.728901e-05],
[[1450.0,200.0,200.0],9.97116e-05],
[[1450.0,250.0,250.0],0.0001362728],
[[1450.0,300.0,300.0],0.0001197982],
[[1450.0,350.0,350.0],0.0001414344],
[[1450.0,400.0,400.0],0.0001183542],
[[1450.0,450.0,450.0],0.0001345212],
[[1450.0,500.0,500.0],0.0001378303],
[[1450.0,550.0,550.0],0.000147181],
[[1450.0,600.0,600.0],0.0001567524],
[[1450.0,650.0,650.0],0.0001562276],
[[1450.0,700.0,700.0],0.0001750427],
[[1500.0,1.0,1.0],8.913218e-05],
[[1500.0,10.0,10.0],8.68412e-05],
[[1500.0,50.0,50.0],9.115233e-05],
[[1500.0,100.0,100.0],9.622584e-05],
[[1500.0,150.0,150.0],0.0001164699],
[[1500.0,200.0,200.0],0.0001084805],
[[1500.0,250.0,250.0],0.000121499],
[[1500.0,300.0,300.0],0.0001474659],
[[1500.0,350.0,350.0],0.0001448158],
[[1500.0,400.0,400.0],0.0001595251],
[[1500.0,450.0,450.0],0.000157726],
[[1500.0,500.0,500.0],0.0001362668],
[[1500.0,550.0,550.0],0.0001467516],
[[1500.0,600.0,600.0],0.0001781858],
[[1500.0,650.0,650.0],0.0001914255],
[[1500.0,700.0,700.0],0.0001721242],
[[1500.0,750.0,750.0],0.0002286492],
[[1550.0,1.0,1.0],8.63789e-05],
[[1550.0,150.0,150.0],0.0001066632],
[[1550.0,200.0,200.0],0.0001513872],
[[1550.0,250.0,250.0],0.0001368425],
[[1550.0,300.0,300.0],0.000139399],
[[1550.0,350.0,350.0],0.0001279696],
[[1550.0,400.0,400.0],0.0002106412],
[[1550.0,450.0,450.0],0.0001637871],
[[1550.0,500.0,500.0],0.000170991],
[[1550.0,550.0,550.0],0.0001538681],
[[1550.0,600.0,600.0],0.0001825823],
[[1550.0,650.0,650.0],0.0001508022],
[[1550.0,700.0,700.0],0.0001753463],
[[1550.0,750.0,750.0],0.000298118],
[[1600.0,1.0,1.0],0.0001177889],
[[1600.0,150.0,150.0],0.0001104507],
[[1600.0,200.0,200.0],0.0001159354],
[[1600.0,250.0,250.0],0.0001590128],
[[1600.0,300.0,300.0],0.0001283188],
[[1600.0,350.0,350.0],0.0001591295],
[[1600.0,400.0,400.0],0.0001586556],
[[1600.0,450.0,450.0],0.0001923357],
[[1600.0,500.0,500.0],0.0001477751],
[[1600.0,550.0,550.0],0.0001664891],
[[1600.0,600.0,600.0],0.0002017297],
[[1600.0,650.0,650.0],0.0003256194],
[[1600.0,700.0,700.0],0.0001636461],
[[1600.0,750.0,750.0],0.0001853559],
[[1650.0,1.0,1.0],0.0001012464],
[[1650.0,150.0,150.0],0.0001211523],
[[1650.0,200.0,200.0],0.000150548],
[[1650.0,250.0,250.0],0.0001546322],
[[1650.0,300.0,300.0],0.0001461837],
[[1650.0,350.0,350.0],0.0001753929],
[[1650.0,400.0,400.0],0.0001492488],
[[1650.0,450.0,450.0],0.0001749928],
[[1650.0,500.0,500.0],0.0001725389],
[[1650.0,550.0,550.0],0.0002602914],
[[1650.0,600.0,600.0],0.0001897523],
[[1650.0,650.0,650.0],0.0002067268],
[[1650.0,700.0,700.0],0.0002042371],
[[1650.0,750.0,750.0],0.0002057618],
[[1650.0,800.0,800.0],0.0002398801],
[[1700.0,1.0,1.0],0.0001136755],
[[1700.0,150.0,150.0],0.0001677733],
[[1700.0,200.0,200.0],0.000156692],
[[1700.0,250.0,250.0],0.0001529952],
[[1700.0,300.0,300.0],0.0001580232],
[[1700.0,350.0,350.0],0.0002092098],
[[1700.0,400.0,400.0],0.0001895674],
[[1700.0,450.0,450.0],0.0001857841],
[[1700.0,500.0,500.0],0.0001873114],
[[1700.0,550.0,550.0],0.000186201],
[[1700.0,600.0,600.0],0.0002081764],
[[1700.0,650.0,650.0],0.000218704],
[[1700.0,700.0,700.0],0.0001824467],
[[1700.0,750.0,750.0],0.0001756274],
[[1700.0,800.0,800.0],0.000252015],
[[1750.0,1.0,1.0],0.0001187673],
[[1750.0,10.0,10.0],0.0001004458],
[[1750.0,50.0,50.0],0.0001105424],
[[1750.0,100.0,100.0],0.0001186554],
[[1750.0,150.0,150.0],0.0001679531],
[[1750.0,200.0,200.0],0.0001920656],
[[1750.0,250.0,250.0],0.0001715041],
[[1750.0,300.0,300.0],0.0001710138],
[[1750.0,350.0,350.0],0.0001976192],
[[1750.0,400.0,400.0],0.0003016345],
[[1750.0,450.0,450.0],0.0002222812],
[[1750.0,500.0,500.0],0.0002018204],
[[1750.0,550.0,550.0],0.0002316181],
[[1750.0,600.0,600.0],0.0002984984],
[[1750.0,650.0,650.0],0.0002489205],
[[1750.0,700.0,700.0],0.0002094538],
[[1750.0,750.0,750.0],0.0002491692],
[[1750.0,800.0,800.0],0.0003802023],
[[1750.0,850.0,850.0],0.0002672269],
[[1800.0,1.0,1.0],0.000107388],
[[1800.0,150.0,150.0],0.0001267405],
[[1800.0,200.0,200.0],0.0001958449],
[[1800.0,250.0,250.0],0.0001745368],
[[1800.0,300.0,300.0],0.000205864],
[[1800.0,350.0,350.0],0.0001989652],
[[1800.0,400.0,400.0],0.0002477054],
[[1800.0,450.0,450.0],0.0002358226],
[[1800.0,500.0,500.0],0.0002068526],
[[1800.0,550.0,550.0],0.0002168437],
[[1800.0,600.0,600.0],0.0002423689],
[[1800.0,650.0,650.0],0.0003380762],
[[1800.0,700.0,700.0],0.0002953839],
[[1800.0,750.0,750.0],0.0002369204],
[[1800.0,800.0,800.0],0.0002488349],
[[1800.0,850.0,850.0],0.000307979],
[[1850.0,1.0,1.0],0.0001312489],
[[1850.0,150.0,150.0],0.0001463438],
[[1850.0,200.0,200.0],0.0002299154],
[[1850.0,250.0,250.0],0.0001909477],
[[1850.0,300.0,300.0],0.0001811113],
[[1850.0,350.0,350.0],0.0002483835],
[[1850.0,400.0,400.0],0.0003591166],
[[1850.0,450.0,450.0],0.0002558826],
[[1850.0,500.0,500.0],0.0002180213],
[[1850.0,550.0,550.0],0.0002631971],
[[1850.0,600.0,600.0],0.000273186],
[[1850.0,650.0,650.0],0.0002282671],
[[1850.0,700.0,700.0],0.0002645758],
[[1850.0,750.0,750.0],0.0003546579],
[[1850.0,800.0,800.0],0.000288052],
[[1850.0,850.0,850.0],0.0003070297],
[[1850.0,900.0,900.0],0.0002782539],
[[1900.0,1.0,1.0],0.0001414472],
[[1900.0,150.0,150.0],0.0001580159],
[[1900.0,200.0,200.0],0.0002023233],
[[1900.0,250.0,250.0],0.0002122717],
[[1900.0,300.0,300.0],0.0002234485],
[[1900.0,350.0,350.0],0.0004814549],
[[1900.0,400.0,400.0],0.0002170741],
[[1900.0,450.0,450.0],0.0002451771],
[[1900.0,500.0,500.0],0.0002238461],
[[1900.0,550.0,550.0],0.0002419885],
[[1900.0,600.0,600.0],0.0002678608],
[[1900.0,650.0,650.0],0.0002509203],
[[1900.0,700.0,700.0],0.0002650533],
[[1900.0,750.0,750.0],0.0005311526],
[[1900.0,800.0,800.0],0.0002515485],
[[1900.0,850.0,850.0],0.0002465942],
[[1900.0,900.0,900.0],0.0002876834],
[[1950.0,1.0,1.0],0.0001119994],
[[1950.0,150.0,150.0],0.0002003141],
[[1950.0,200.0,200.0],0.0001873816],
[[1950.0,250.0,250.0],0.0002166097],
[[1950.0,300.0,300.0],0.0002180475],
[[1950.0,350.0,350.0],0.0002308513],
[[1950.0,400.0,400.0],0.0002583139],
[[1950.0,450.0,450.0],0.0002624974],
[[1950.0,500.0,500.0],0.0002901841],
[[1950.0,550.0,550.0],0.0003155327],
[[1950.0,600.0,600.0],0.0002708069],
[[1950.0,650.0,650.0],0.000249878],
[[1950.0,700.0,700.0],0.0002985175],
[[1950.0,750.0,750.0],0.0002812242],
[[1950.0,800.0,800.0],0.0002861104],
[[1950.0,850.0,850.0],0.0002877389],
[[1950.0,900.0,900.0],0.0003096172],
[[1950.0,950.0,950.0],0.0003910223],
[[2000.0,1.0,1.0],0.000208011],
[[2000.0,10.0,10.0],0.0001128761],
[[2000.0,50.0,50.0],0.0001449106],
[[2000.0,100.0,100.0],0.0001557398],
[[2000.0,150.0,150.0],0.0002715743],
[[2000.0,200.0,200.0],0.0001758551],
[[2000.0,250.0,250.0],0.0002326943],
[[2000.0,300.0,300.0],0.0002283425],
[[2000.0,350.0,350.0],0.0002376484],
[[2000.0,400.0,400.0],0.0002641841],
[[2000.0,450.0,450.0],0.0002833728],
[[2000.0,500.0,500.0],0.0003361627],
[[2000.0,550.0,550.0],0.0003023472],
[[2000.0,600.0,600.0],0.0003168023],
[[2000.0,650.0,650.0],0.0005086025],
[[2000.0,700.0,700.0],0.0002574871],
[[2000.0,750.0,750.0],0.0004383952],
[[2000.0,800.0,800.0],0.0004572228],
[[2000.0,850.0,850.0],0.0003757108],
[[2000.0,900.0,900.0],0.0002823462],
[[2000.0,950.0,950.0],0.0003317584],
[[2250.0,1.0,1.0],0.0001114453],
[[2250.0,10.0,10.0],0.0001483715],
[[2250.0,50.0,50.0],0.0001535978],
[[2250.0,100.0,100.0],0.0001559839],
[[2250.0,150.0,150.0],0.0001781448],
[[2250.0,300.0,300.0],0.000246115],
[[2250.0,500.0,500.0],0.0003606577],
[[2250.0,750.0,750.0],0.0003838164],
[[2250.0,1000.0,1000.0],0.0003787395],
[[2500.0,1.0,1.0],0.0001023448],
[[2500.0,10.0,10.0],0.0001476761],
[[2500.0,50.0,50.0],0.0001187113],
[[2500.0,100.0,100.0],0.0001288642],
[[2500.0,150.0,150.0],0.0001740605],
[[2500.0,300.0,300.0],0.0002789317],
[[2500.0,500.0,500.0],0.0003671645],
[[2500.0,750.0,750.0],0.0004549528],
[[2500.0,1000.0,1000.0],0.0004532194],
[[2500.0,1200.0,1200.0],0.0005525425],
[[2750.0,1.0,1.0],9.392108e-05],
[[2750.0,10.0,10.0],0.0001118666],
[[2750.0,50.0,50.0],0.0001007399],
[[2750.0,100.0,100.0],0.0001140781],
[[2750.0,150.0,150.0],0.0001745022],
[[2750.0,300.0,300.0],0.0002864879],
[[2750.0,500.0,500.0],0.0003686423],
[[2750.0,750.0,750.0],0.0004459952],
[[2750.0,1000.0,1000.0],0.0005619716],
[[2750.0,1200.0,1200.0],0.0005535043],
[[3000.0,1.0,1.0],7.579025e-05],
[[3000.0,10.0,10.0],8.03809e-05],
[[3000.0,50.0,50.0],9.962389e-05],
[[3000.0,100.0,100.0],9.778705e-05],
[[3000.0,150.0,150.0],0.0001420124],
[[3000.0,300.0,300.0],0.0002780331],
[[3000.0,500.0,500.0],0.0003557781],
[[3000.0,750.0,750.0],0.0005436325],
[[3000.0,1000.0,1000.0],0.0005978016],
[[3000.0,1200.0,1200.0],0.0006632806],
[[3000.0,1400.0,1400.0],0.0005801019]]
