txName: TRV1
constraint: {(PV > Zprime(1)), (Zprime(1) > MET(2),MET(3))}
condition: None
conditionDescription: None
figureUrl: https://cms-results.web.cern.ch/cms-results/public-results/publications/EXO-20-004/CMS-EXO-20-004_Figure_007-b.png
source: CMS
validated: True
axesMap: [{0: 'x', 1: 'y', 2: 'y'}]
dataMap: {0: (1, 'mass', GeV), 1: (2, 'mass', GeV), 2: (3, 'mass', GeV)}
finalState: ['MET', 'MET']
intermediateState: None
efficiencyMap: [[[50.0,1.0,1.0],3.460745e-09],
[[100.0,1.0,1.0],1.222917e-08],
[[100.0,10.0,10.0],2.783153e-08],
[[150.0,1.0,1.0],9.332767e-08],
[[150.0,75.0,75.0],8.77124e-08],
[[200.0,1.0,1.0],2.450808e-07],
[[200.0,75.0,75.0],2.079002e-07],
[[250.0,1.0,1.0],4.710564e-07],
[[250.0,10.0,10.0],4.14638e-07],
[[250.0,75.0,75.0],4.714326e-07],
[[300.0,1.0,1.0],6.656954e-07],
[[300.0,75.0,75.0],1.039927e-06],
[[350.0,1.0,1.0],1.142646e-06],
[[350.0,75.0,75.0],2.072949e-06],
[[350.0,150.0,150.0],1.231916e-06],
[[400.0,1.0,1.0],1.278821e-06],
[[400.0,75.0,75.0],2.700228e-06],
[[400.0,150.0,150.0],2.142749e-06],
[[450.0,1.0,1.0],2.918422e-06],
[[450.0,75.0,75.0],3.005508e-06],
[[450.0,150.0,150.0],3.755874e-06],
[[450.0,200.0,200.0],4.24425e-06],
[[500.0,1.0,1.0],4.245207e-06],
[[500.0,10.0,10.0],3.599158e-06],
[[500.0,75.0,75.0],4.947903e-06],
[[500.0,150.0,150.0],5.0401e-06],
[[500.0,200.0,200.0],3.854865e-06],
[[550.0,1.0,1.0],6.525458e-06],
[[550.0,75.0,75.0],5.444267e-06],
[[550.0,150.0,150.0],5.658068e-06],
[[550.0,200.0,200.0],5.420068e-06],
[[550.0,250.0,250.0],6.528769e-06],
[[600.0,1.0,1.0],6.811566e-06],
[[600.0,75.0,75.0],7.394753e-06],
[[600.0,150.0,150.0],7.565444e-06],
[[600.0,200.0,200.0],6.924518e-06],
[[600.0,250.0,250.0],8.973736e-06],
[[650.0,1.0,1.0],9.043333e-06],
[[650.0,75.0,75.0],8.041394e-06],
[[650.0,150.0,150.0],7.689288e-06],
[[650.0,200.0,200.0],9.844109e-06],
[[650.0,250.0,250.0],1.06885e-05],
[[650.0,300.0,300.0],1.178677e-05],
[[700.0,1.0,1.0],1.029716e-05],
[[700.0,75.0,75.0],1.042586e-05],
[[700.0,150.0,150.0],1.235609e-05],
[[700.0,200.0,200.0],1.347112e-05],
[[700.0,250.0,250.0],8.079959e-06],
[[700.0,300.0,300.0],1.298362e-05],
[[750.0,1.0,1.0],1.282911e-05],
[[750.0,10.0,10.0],1.360735e-05],
[[750.0,75.0,75.0],1.209186e-05],
[[750.0,150.0,150.0],1.276367e-05],
[[750.0,200.0,200.0],1.349433e-05],
[[750.0,250.0,250.0],1.18487e-05],
[[750.0,300.0,300.0],1.363776e-05],
[[750.0,350.0,350.0],1.684873e-05],
[[800.0,1.0,1.0],1.413328e-05],
[[800.0,75.0,75.0],1.777405e-05],
[[800.0,150.0,150.0],1.617736e-05],
[[800.0,200.0,200.0],1.500548e-05],
[[800.0,250.0,250.0],2.240549e-05],
[[800.0,300.0,300.0],1.76662e-05],
[[800.0,350.0,350.0],1.865282e-05],
[[850.0,1.0,1.0],1.8396e-05],
[[850.0,75.0,75.0],1.586786e-05],
[[850.0,150.0,150.0],1.903361e-05],
[[850.0,200.0,200.0],1.932433e-05],
[[850.0,250.0,250.0],1.699586e-05],
[[850.0,300.0,300.0],1.890172e-05],
[[850.0,350.0,350.0],3.768718e-05],
[[850.0,400.0,400.0],1.978539e-05],
[[900.0,1.0,1.0],2.109002e-05],
[[900.0,75.0,75.0],1.962037e-05],
[[900.0,150.0,150.0],2.090288e-05],
[[900.0,200.0,200.0],2.089132e-05],
[[900.0,250.0,250.0],2.334743e-05],
[[900.0,300.0,300.0],2.233067e-05],
[[900.0,350.0,350.0],2.388135e-05],
[[900.0,400.0,400.0],2.271785e-05],
[[950.0,1.0,1.0],2.302748e-05],
[[950.0,75.0,75.0],2.142305e-05],
[[950.0,150.0,150.0],2.4447e-05],
[[950.0,200.0,200.0],2.11969e-05],
[[950.0,250.0,250.0],2.165879e-05],
[[950.0,300.0,300.0],2.568381e-05],
[[950.0,350.0,350.0],2.631771e-05],
[[950.0,400.0,400.0],2.219088e-05],
[[950.0,450.0,450.0],2.590017e-05],
[[1000.0,1.0,1.0],2.778689e-05],
[[1000.0,10.0,10.0],2.652521e-05],
[[1000.0,75.0,75.0],2.702472e-05],
[[1000.0,150.0,150.0],2.635716e-05],
[[1000.0,200.0,200.0],2.839124e-05],
[[1000.0,250.0,250.0],2.374334e-05],
[[1000.0,300.0,300.0],2.291367e-05],
[[1000.0,350.0,350.0],3.311971e-05],
[[1000.0,400.0,400.0],2.907093e-05],
[[1000.0,450.0,450.0],2.876268e-05],
[[1050.0,1.0,1.0],2.608046e-05],
[[1050.0,75.0,75.0],3.189771e-05],
[[1050.0,150.0,150.0],2.786841e-05],
[[1050.0,200.0,200.0],3.248156e-05],
[[1050.0,250.0,250.0],3.169317e-05],
[[1050.0,300.0,300.0],3.72476e-05],
[[1050.0,350.0,350.0],2.823822e-05],
[[1050.0,400.0,400.0],3.048442e-05],
[[1050.0,450.0,450.0],3.232644e-05],
[[1050.0,500.0,500.0],3.044954e-05],
[[1100.0,1.0,1.0],3.021465e-05],
[[1100.0,75.0,75.0],2.924119e-05],
[[1100.0,150.0,150.0],2.837455e-05],
[[1100.0,200.0,200.0],3.334582e-05],
[[1100.0,250.0,250.0],2.512554e-05],
[[1100.0,300.0,300.0],2.975756e-05],
[[1100.0,350.0,350.0],3.818563e-05],
[[1100.0,400.0,400.0],3.659953e-05],
[[1100.0,450.0,450.0],3.745992e-05],
[[1100.0,500.0,500.0],3.913039e-05],
[[1150.0,1.0,1.0],3.030855e-05],
[[1150.0,75.0,75.0],3.715822e-05],
[[1150.0,150.0,150.0],3.603196e-05],
[[1150.0,200.0,200.0],3.965006e-05],
[[1150.0,250.0,250.0],3.178056e-05],
[[1150.0,300.0,300.0],4.014521e-05],
[[1150.0,350.0,350.0],3.901882e-05],
[[1150.0,400.0,400.0],4.006477e-05],
[[1150.0,450.0,450.0],4.025165e-05],
[[1150.0,500.0,500.0],3.853109e-05],
[[1150.0,550.0,550.0],4.084897e-05],
[[1200.0,1.0,1.0],3.512242e-05],
[[1200.0,75.0,75.0],3.758409e-05],
[[1200.0,150.0,150.0],3.786441e-05],
[[1200.0,200.0,200.0],3.472701e-05],
[[1200.0,250.0,250.0],3.901715e-05],
[[1200.0,300.0,300.0],3.988434e-05],
[[1200.0,350.0,350.0],3.669153e-05],
[[1200.0,400.0,400.0],4.447024e-05],
[[1200.0,450.0,450.0],4.131383e-05],
[[1200.0,500.0,500.0],4.512206e-05],
[[1200.0,550.0,550.0],4.227003e-05],
[[1250.0,1.0,1.0],4.069852e-05],
[[1250.0,10.0,10.0],3.558084e-05],
[[1250.0,75.0,75.0],3.770783e-05],
[[1250.0,150.0,150.0],3.972386e-05],
[[1250.0,200.0,200.0],3.652535e-05],
[[1250.0,250.0,250.0],5.401331e-05],
[[1250.0,300.0,300.0],5.046992e-05],
[[1250.0,350.0,350.0],4.396053e-05],
[[1250.0,400.0,400.0],4.830617e-05],
[[1250.0,450.0,450.0],4.334313e-05],
[[1250.0,500.0,500.0],4.498332e-05],
[[1250.0,550.0,550.0],4.739162e-05],
[[1250.0,600.0,600.0],6.034771e-05],
[[1300.0,1.0,1.0],3.93789e-05],
[[1300.0,75.0,75.0],4.48862e-05],
[[1300.0,150.0,150.0],4.665502e-05],
[[1300.0,200.0,200.0],4.684558e-05],
[[1300.0,250.0,250.0],4.626885e-05],
[[1300.0,300.0,300.0],4.070904e-05],
[[1300.0,350.0,350.0],4.741874e-05],
[[1300.0,400.0,400.0],4.660998e-05],
[[1300.0,450.0,450.0],4.686382e-05],
[[1300.0,500.0,500.0],4.825202e-05],
[[1300.0,550.0,550.0],4.287291e-05],
[[1300.0,600.0,600.0],5.114124e-05],
[[1350.0,1.0,1.0],4.529453e-05],
[[1350.0,75.0,75.0],4.432564e-05],
[[1350.0,150.0,150.0],5.076157e-05],
[[1350.0,200.0,200.0],5.41382e-05],
[[1350.0,250.0,250.0],4.273499e-05],
[[1350.0,300.0,300.0],4.787797e-05],
[[1350.0,350.0,350.0],4.476184e-05],
[[1350.0,400.0,400.0],5.24841e-05],
[[1350.0,450.0,450.0],5.215462e-05],
[[1350.0,500.0,500.0],5.160291e-05],
[[1350.0,550.0,550.0],5.419467e-05],
[[1350.0,600.0,600.0],5.617853e-05],
[[1350.0,650.0,650.0],5.392378e-05],
[[1400.0,1.0,1.0],5.393812e-05],
[[1400.0,75.0,75.0],5.294986e-05],
[[1400.0,150.0,150.0],5.836551e-05],
[[1400.0,200.0,200.0],5.360463e-05],
[[1400.0,250.0,250.0],5.153343e-05],
[[1400.0,300.0,300.0],5.544074e-05],
[[1400.0,350.0,350.0],5.193418e-05],
[[1400.0,400.0,400.0],4.586866e-05],
[[1400.0,450.0,450.0],4.84476e-05],
[[1400.0,500.0,500.0],4.606909e-05],
[[1400.0,550.0,550.0],4.95929e-05],
[[1400.0,600.0,600.0],5.364037e-05],
[[1400.0,650.0,650.0],5.866928e-05],
[[1450.0,1.0,1.0],5.366008e-05],
[[1450.0,75.0,75.0],4.843597e-05],
[[1450.0,150.0,150.0],5.728619e-05],
[[1450.0,200.0,200.0],6.213081e-05],
[[1450.0,250.0,250.0],5.349271e-05],
[[1450.0,300.0,300.0],5.786863e-05],
[[1450.0,350.0,350.0],7.046935e-05],
[[1450.0,400.0,400.0],5.661631e-05],
[[1450.0,450.0,450.0],6.357134e-05],
[[1450.0,500.0,500.0],6.058853e-05],
[[1450.0,550.0,550.0],6.257187e-05],
[[1450.0,600.0,600.0],5.191753e-05],
[[1450.0,650.0,650.0],5.666636e-05],
[[1450.0,700.0,700.0],5.749279e-05],
[[1500.0,1.0,1.0],5.490048e-05],
[[1500.0,10.0,10.0],7.774488e-05],
[[1500.0,75.0,75.0],6.926459e-05],
[[1500.0,150.0,150.0],5.312013e-05],
[[1500.0,200.0,200.0],5.555336e-05],
[[1500.0,250.0,250.0],6.602e-05],
[[1500.0,300.0,300.0],5.261184e-05],
[[1500.0,350.0,350.0],6.064749e-05],
[[1500.0,400.0,400.0],5.975762e-05],
[[1500.0,450.0,450.0],6.548038e-05],
[[1500.0,500.0,500.0],6.147764e-05],
[[1500.0,550.0,550.0],6.05096e-05],
[[1500.0,600.0,600.0],6.11463e-05],
[[1500.0,650.0,650.0],5.277225e-05],
[[1500.0,700.0,700.0],7.393368e-05],
[[1500.0,750.0,750.0],8.00394e-05],
[[1550.0,1.0,1.0],6.054907e-05],
[[1550.0,75.0,75.0],6.321672e-05],
[[1550.0,150.0,150.0],6.005771e-05],
[[1550.0,200.0,200.0],5.914241e-05],
[[1550.0,250.0,250.0],5.313041e-05],
[[1550.0,300.0,300.0],6.734352e-05],
[[1550.0,350.0,350.0],6.557701e-05],
[[1550.0,400.0,400.0],6.33648e-05],
[[1550.0,450.0,450.0],7.548553e-05],
[[1550.0,500.0,500.0],7.204144e-05],
[[1550.0,550.0,550.0],6.657289e-05],
[[1550.0,600.0,600.0],6.023637e-05],
[[1550.0,650.0,650.0],7.128322e-05],
[[1550.0,700.0,700.0],6.396659e-05],
[[1550.0,750.0,750.0],9.1449e-05],
[[1600.0,1.0,1.0],5.797923e-05],
[[1600.0,75.0,75.0],6.716559e-05],
[[1600.0,150.0,150.0],6.936969e-05],
[[1600.0,200.0,200.0],6.70828e-05],
[[1600.0,250.0,250.0],0.0001038188],
[[1600.0,300.0,300.0],0.0001047715],
[[1600.0,350.0,350.0],6.598752e-05],
[[1600.0,400.0,400.0],5.289432e-05],
[[1600.0,450.0,450.0],6.046224e-05],
[[1600.0,500.0,500.0],7.628335e-05],
[[1600.0,550.0,550.0],7.974156e-05],
[[1600.0,600.0,600.0],7.220933e-05],
[[1600.0,650.0,650.0],6.130892e-05],
[[1600.0,700.0,700.0],6.62486e-05],
[[1600.0,750.0,750.0],7.257065e-05],
[[1650.0,1.0,1.0],7.31692e-05],
[[1650.0,75.0,75.0],6.94875e-05],
[[1650.0,150.0,150.0],6.504751e-05],
[[1650.0,200.0,200.0],6.603629e-05],
[[1650.0,250.0,250.0],7.410779e-05],
[[1650.0,300.0,300.0],8.163436e-05],
[[1650.0,350.0,350.0],7.643357e-05],
[[1650.0,400.0,400.0],7.749685e-05],
[[1650.0,450.0,450.0],7.290629e-05],
[[1650.0,500.0,500.0],6.491676e-05],
[[1650.0,550.0,550.0],7.471212e-05],
[[1650.0,600.0,600.0],7.56297e-05],
[[1650.0,650.0,650.0],9.734134e-05],
[[1650.0,700.0,700.0],7.141093e-05],
[[1650.0,750.0,750.0],7.288806e-05],
[[1650.0,800.0,800.0],6.615482e-05],
[[1700.0,1.0,1.0],6.08445e-05],
[[1700.0,75.0,75.0],7.050233e-05],
[[1700.0,150.0,150.0],6.51008e-05],
[[1700.0,200.0,200.0],7.94113e-05],
[[1700.0,250.0,250.0],7.743473e-05],
[[1700.0,300.0,300.0],7.789362e-05],
[[1700.0,350.0,350.0],7.86907e-05],
[[1700.0,400.0,400.0],7.418626e-05],
[[1700.0,450.0,450.0],7.131003e-05],
[[1700.0,500.0,500.0],6.903475e-05],
[[1700.0,550.0,550.0],7.296915e-05],
[[1700.0,600.0,600.0],7.283391e-05],
[[1700.0,650.0,650.0],0.0001003108],
[[1700.0,700.0,700.0],7.763476e-05],
[[1700.0,750.0,750.0],8.890924e-05],
[[1700.0,800.0,800.0],7.27662e-05],
[[1750.0,1.0,1.0],6.312277e-05],
[[1750.0,10.0,10.0],6.351705e-05],
[[1750.0,75.0,75.0],7.091448e-05],
[[1750.0,150.0,150.0],7.738991e-05],
[[1750.0,200.0,200.0],7.059533e-05],
[[1750.0,250.0,250.0],7.422415e-05],
[[1750.0,300.0,300.0],6.680894e-05],
[[1750.0,350.0,350.0],8.282455e-05],
[[1750.0,400.0,400.0],7.712383e-05],
[[1750.0,450.0,450.0],7.21676e-05],
[[1750.0,500.0,500.0],7.741016e-05],
[[1750.0,550.0,550.0],7.852286e-05],
[[1750.0,600.0,600.0],8.056213e-05],
[[1750.0,650.0,650.0],9.223951e-05],
[[1750.0,700.0,700.0],8.494017e-05],
[[1750.0,750.0,750.0],8.901822e-05],
[[1750.0,800.0,800.0],6.595829e-05],
[[1750.0,850.0,850.0],7.91337e-05],
[[1800.0,1.0,1.0],7.421722e-05],
[[1800.0,75.0,75.0],7.107854e-05],
[[1800.0,150.0,150.0],7.374706e-05],
[[1800.0,200.0,200.0],8.663647e-05],
[[1800.0,250.0,250.0],7.408038e-05],
[[1800.0,300.0,300.0],9.4012e-05],
[[1800.0,350.0,350.0],8.415015e-05],
[[1800.0,400.0,400.0],7.617525e-05],
[[1800.0,450.0,450.0],7.689339e-05],
[[1800.0,500.0,500.0],9.128607e-05],
[[1800.0,550.0,550.0],7.063583e-05],
[[1800.0,600.0,600.0],9.056254e-05],
[[1800.0,650.0,650.0],8.158698e-05],
[[1800.0,700.0,700.0],7.01539e-05],
[[1800.0,750.0,750.0],7.94486e-05],
[[1800.0,800.0,800.0],9.539943e-05],
[[1800.0,850.0,850.0],9.815855e-05],
[[1850.0,1.0,1.0],7.480724e-05],
[[1850.0,75.0,75.0],7.706035e-05],
[[1850.0,150.0,150.0],7.089088e-05],
[[1850.0,200.0,200.0],7.831537e-05],
[[1850.0,250.0,250.0],8.780576e-05],
[[1850.0,300.0,300.0],8.84273e-05],
[[1850.0,350.0,350.0],7.88539e-05],
[[1850.0,400.0,400.0],7.653577e-05],
[[1850.0,450.0,450.0],7.948688e-05],
[[1850.0,500.0,500.0],8.351788e-05],
[[1850.0,550.0,550.0],8.751956e-05],
[[1850.0,600.0,600.0],9.445698e-05],
[[1850.0,650.0,650.0],0.0001008204],
[[1850.0,700.0,700.0],9.899986e-05],
[[1850.0,750.0,750.0],9.506559e-05],
[[1850.0,800.0,800.0],8.927383e-05],
[[1850.0,850.0,850.0],7.87419e-05],
[[1850.0,900.0,900.0],8.159847e-05],
[[1900.0,1.0,1.0],7.575868e-05],
[[1900.0,75.0,75.0],9.267118e-05],
[[1900.0,150.0,150.0],8.100314e-05],
[[1900.0,200.0,200.0],8.474533e-05],
[[1900.0,250.0,250.0],7.552539e-05],
[[1900.0,300.0,300.0],8.336283e-05],
[[1900.0,350.0,350.0],9.950779e-05],
[[1900.0,400.0,400.0],8.45213e-05],
[[1900.0,450.0,450.0],8.57667e-05],
[[1900.0,500.0,500.0],6.81547e-05],
[[1900.0,550.0,550.0],8.801752e-05],
[[1900.0,600.0,600.0],8.314987e-05],
[[1900.0,650.0,650.0],8.110183e-05],
[[1900.0,700.0,700.0],8.898474e-05],
[[1900.0,750.0,750.0],9.774182e-05],
[[1900.0,800.0,800.0],0.0001016175],
[[1900.0,850.0,850.0],8.319213e-05],
[[1900.0,900.0,900.0],9.526575e-05],
[[1950.0,1.0,1.0],8.241597e-05],
[[1950.0,75.0,75.0],6.909924e-05],
[[1950.0,150.0,150.0],8.003451e-05],
[[1950.0,200.0,200.0],9.260811e-05],
[[1950.0,250.0,250.0],8.671929e-05],
[[1950.0,300.0,300.0],9.555001e-05],
[[1950.0,350.0,350.0],9.392387e-05],
[[1950.0,400.0,400.0],9.377325e-05],
[[1950.0,450.0,450.0],8.266944e-05],
[[1950.0,500.0,500.0],8.885868e-05],
[[1950.0,550.0,550.0],9.040374e-05],
[[1950.0,600.0,600.0],0.0001066132],
[[1950.0,650.0,650.0],8.292943e-05],
[[1950.0,700.0,700.0],9.151751e-05],
[[1950.0,750.0,750.0],8.831593e-05],
[[1950.0,800.0,800.0],0.0001183868],
[[1950.0,850.0,850.0],9.571272e-05],
[[1950.0,900.0,900.0],9.377199e-05],
[[1950.0,950.0,950.0],9.084033e-05],
[[2000.0,1.0,1.0],0.0001020599],
[[2000.0,75.0,75.0],0.000101508],
[[2000.0,150.0,150.0],8.715717e-05],
[[2000.0,200.0,200.0],8.627607e-05],
[[2000.0,250.0,250.0],8.429905e-05],
[[2000.0,300.0,300.0],9.603566e-05],
[[2000.0,350.0,350.0],8.739777e-05],
[[2000.0,400.0,400.0],9.537739e-05],
[[2000.0,450.0,450.0],8.329289e-05],
[[2000.0,500.0,500.0],9.152961e-05],
[[2000.0,550.0,550.0],9.136067e-05],
[[2000.0,600.0,600.0],0.0001063621],
[[2000.0,650.0,650.0],0.0001141617],
[[2000.0,700.0,700.0],9.392893e-05],
[[2000.0,750.0,750.0],9.139529e-05],
[[2000.0,800.0,800.0],0.0001007605],
[[2000.0,850.0,850.0],8.824561e-05],
[[2000.0,900.0,900.0],9.275457e-05],
[[2000.0,950.0,950.0],9.86324e-05],
[[2250.0,1.0,1.0],0.0001024057],
[[2250.0,75.0,75.0],0.0001021024],
[[2250.0,150.0,150.0],9.947669e-05],
[[2250.0,300.0,300.0],0.0001050682],
[[2250.0,500.0,500.0],9.960214e-05],
[[2250.0,750.0,750.0],0.0001014984],
[[2250.0,1000.0,1000.0],0.0001135627],
[[2500.0,1.0,1.0],0.0001123876],
[[2500.0,75.0,75.0],0.0001166413],
[[2500.0,150.0,150.0],0.0001086437],
[[2500.0,300.0,300.0],0.0001036239],
[[2500.0,500.0,500.0],0.0001120596],
[[2500.0,750.0,750.0],0.0001217313],
[[2500.0,1000.0,1000.0],0.0001190643],
[[2500.0,1200.0,1200.0],0.0001060672],
[[2750.0,1.0,1.0],0.0001307354],
[[2750.0,75.0,75.0],9.789883e-05],
[[2750.0,150.0,150.0],0.0001404622],
[[2750.0,300.0,300.0],0.0001094857],
[[2750.0,500.0,500.0],0.0001252397],
[[2750.0,750.0,750.0],0.0001145706],
[[2750.0,1000.0,1000.0],0.0001077192],
[[2750.0,1200.0,1200.0],0.0001317671],
[[3000.0,1.0,1.0],9.97786e-05],
[[3000.0,75.0,75.0],0.0001437916],
[[3000.0,150.0,150.0],0.0001002404],
[[3000.0,300.0,300.0],0.0001002913],
[[3000.0,500.0,500.0],0.0001017742],
[[3000.0,750.0,750.0],0.0001195218],
[[3000.0,1000.0,1000.0],0.0001144203],
[[3000.0,1200.0,1200.0],0.0001269212],
[[3000.0,1400.0,1400.0],0.0001288569]]
