txName: TRV1
constraint: {(PV > Zprime(1)), (Zprime(1) > MET(2),MET(3))}
condition: None
conditionDescription: None
figureUrl: None
source: Recast by CM2
validated: True
axesMap: [{0: 'x', 1: 'y', 2: 'y'}]
dataMap: {0: (1, 'mass', GeV), 1: (2, 'mass', GeV), 2: (3, 'mass', GeV)}
finalState: ['MET', 'MET']
intermediateState: None
efficiencyMap: [[[50.0,0,0],0],
[[50.0,1.0,1.0],0],
[[50.0,10.0,10.0],0],
[[50.0,20.0,20.0],0],
[[100.0,0,0],0],
[[100.0,1.0,1.0],0],
[[100.0,10.0,10.0],0],
[[150.0,0,0],2.639592e-06],
[[150.0,1.0,1.0],2.639484e-06],
[[150.0,10.0,10.0],3.088497e-06],
[[150.0,50.0,50.0],3.497769e-06],
[[150.0,70.0,70.0],3.280235e-06],
[[200.0,0,0],6.75896e-06],
[[200.0,1.0,1.0],6.735805e-06],
[[200.0,10.0,10.0],7.148222e-06],
[[200.0,50.0,50.0],7.984727e-06],
[[200.0,75.0,75.0],7.737891e-06],
[[250.0,0,0],6.53893e-05],
[[250.0,1.0,1.0],1.589451e-05],
[[250.0,10.0,10.0],1.655478e-05],
[[250.0,50.0,50.0],1.493662e-05],
[[250.0,75.0,75.0],1.464834e-05],
[[250.0,100.0,100.0],1.548686e-05],
[[250.0,120.0,120.0],1.801113e-05],
[[300.0,0,0],2.218907e-05],
[[300.0,1.0,1.0],2.334813e-05],
[[300.0,10.0,10.0],2.519869e-05],
[[300.0,50.0,50.0],6.638656e-05],
[[300.0,75.0,75.0],2.275861e-05],
[[300.0,100.0,100.0],2.590814e-05],
[[350.0,0,0],3.890227e-05],
[[350.0,1.0,1.0],3.85385e-05],
[[350.0,10.0,10.0],4.154214e-05],
[[350.0,50.0,50.0],3.868572e-05],
[[350.0,75.0,75.0],4.437754e-05],
[[350.0,100.0,100.0],4.012135e-05],
[[350.0,150.0,150.0],4.591102e-05],
[[350.0,170.0,170.0],4.523126e-05],
[[400.0,0,0],5.869261e-05],
[[400.0,1.0,1.0],5.590998e-05],
[[400.0,10.0,10.0],5.357687e-05],
[[400.0,50.0,50.0],5.971881e-05],
[[400.0,75.0,75.0],6.334789e-05],
[[400.0,100.0,100.0],5.79992e-05],
[[400.0,150.0,150.0],6.211513e-05],
[[450.0,0,0],7.756666e-05],
[[450.0,1.0,1.0],7.768415e-05],
[[450.0,10.0,10.0],7.95125e-05],
[[450.0,50.0,50.0],7.859013e-05],
[[450.0,75.0,75.0],8.039294e-05],
[[450.0,100.0,100.0],7.870065e-05],
[[450.0,150.0,150.0],7.813351e-05],
[[450.0,200.0,200.0],8.326322e-05],
[[450.0,220.0,220.0],9.433619e-05],
[[500.0,0,0],0.0001039722],
[[500.0,1.0,1.0],0.0001025546],
[[500.0,10.0,10.0],0.0001114018],
[[500.0,50.0,50.0],0.0001081651],
[[500.0,75.0,75.0],0.0001123283],
[[500.0,100.0,100.0],0.0001123256],
[[500.0,150.0,150.0],0.0001061054],
[[500.0,200.0,200.0],0.000116926],
[[550.0,1.0,1.0],0.000140568],
[[550.0,10.0,10.0],0.0001388079],
[[550.0,75.0,75.0],0.0001406799],
[[550.0,150.0,150.0],0.0001512549],
[[550.0,200.0,200.0],0.0001444671],
[[550.0,250.0,250.0],0.0001443918],
[[550.0,270.0,270.0],0.0001502663],
[[600.0,0,0],0.0001702866],
[[600.0,1.0,1.0],0.0001664492],
[[600.0,10.0,10.0],0.0001724298],
[[600.0,50.0,50.0],0.0001785306],
[[600.0,75.0,75.0],0.0001838549],
[[600.0,100.0,100.0],0.0001690276],
[[600.0,150.0,150.0],0.0001861523],
[[600.0,200.0,200.0],0.0001741512],
[[600.0,250.0,250.0],0.0001870973],
[[600.0,295.0,295.0],0.0001902431],
[[650.0,1.0,1.0],0.0002071588],
[[650.0,10.0,10.0],0.0002021115],
[[650.0,75.0,75.0],0.0002131824],
[[650.0,150.0,150.0],0.0002244761],
[[650.0,200.0,200.0],0.0002232531],
[[650.0,250.0,250.0],0.0002303363],
[[650.0,300.0,300.0],0.0002279539],
[[650.0,320.0,320.0],0.0002479489],
[[700.0,0,0],0.0002710996],
[[700.0,1.0,1.0],0.0002344852],
[[700.0,10.0,10.0],0.0002410581],
[[700.0,50.0,50.0],0.0002441829],
[[700.0,75.0,75.0],0.0002515197],
[[700.0,100.0,100.0],0.0001134799],
[[700.0,150.0,150.0],0.0002507993],
[[700.0,200.0,200.0],0.0002517406],
[[700.0,250.0,250.0],0.0002582335],
[[700.0,300.0,300.0],0.0002447331],
[[750.0,1.0,1.0],0.000275864],
[[750.0,10.0,10.0],0.0002892213],
[[750.0,75.0,75.0],0.0002913305],
[[750.0,150.0,150.0],0.0002766623],
[[750.0,200.0,200.0],0.0002952521],
[[750.0,250.0,250.0],0.0003108826],
[[750.0,300.0,300.0],0.000321078],
[[750.0,350.0,350.0],0.0003190782],
[[750.0,370.0,370.0],0.0003381741],
[[800.0,0,0],0.0003340295],
[[800.0,1.0,1.0],0.000353517],
[[800.0,10.0,10.0],0.0003328816],
[[800.0,50.0,50.0],0.0003435031],
[[800.0,75.0,75.0],0.0003405153],
[[800.0,100.0,100.0],0.0003356871],
[[800.0,150.0,150.0],0.0003473392],
[[800.0,200.0,200.0],0.000366971],
[[800.0,250.0,250.0],0.0003597389],
[[800.0,300.0,300.0],0.0003455916],
[[800.0,350.0,350.0],0.0003546605],
[[850.0,1.0,1.0],0.0003947306],
[[850.0,10.0,10.0],0.0004038105],
[[850.0,75.0,75.0],0.0003783871],
[[850.0,150.0,150.0],0.0003856936],
[[850.0,200.0,200.0],0.0003978108],
[[850.0,250.0,250.0],0.0003817358],
[[850.0,300.0,300.0],0.0003983792],
[[850.0,350.0,350.0],0.0004109475],
[[850.0,400.0,400.0],0.0004268435],
[[850.0,420.0,420.0],0.0004538246],
[[900.0,0,0],0.0004062532],
[[900.0,1.0,1.0],0.0004227577],
[[900.0,10.0,10.0],0.0004280446],
[[900.0,50.0,50.0],0.0004350506],
[[900.0,75.0,75.0],0.0004351888],
[[900.0,100.0,100.0],0.0004318935],
[[900.0,150.0,150.0],0.0004248115],
[[900.0,200.0,200.0],0.0004498895],
[[900.0,250.0,250.0],0.0004734298],
[[900.0,300.0,300.0],0.0004366752],
[[900.0,350.0,350.0],0.0004493681],
[[900.0,400.0,400.0],0.0004670517],
[[950.0,1.0,1.0],0.0004847982],
[[950.0,10.0,10.0],0.000468054],
[[950.0,75.0,75.0],0.0004737355],
[[950.0,150.0,150.0],0.000476271],
[[950.0,200.0,200.0],0.0005001572],
[[950.0,250.0,250.0],0.0005057359],
[[950.0,300.0,300.0],0.0005216501],
[[950.0,350.0,350.0],0.0005453058],
[[950.0,400.0,400.0],0.0005194418],
[[950.0,450.0,450.0],0.0005808612],
[[950.0,470.0,470.0],0.0005697598],
[[1000.0,0,0],0.0005655522],
[[1000.0,50.0,50.0],0.0005456845],
[[1000.0,100.0,100.0],0.0005512577],
[[1000.0,150.0,150.0],0.0005246559],
[[1000.0,200.0,200.0],0.0005467713],
[[1000.0,250.0,250.0],0.0005713124],
[[1000.0,300.0,300.0],0.00058165],
[[1000.0,350.0,350.0],0.0005722888],
[[1000.0,400.0,400.0],0.0005566514],
[[1000.0,450.0,450.0],0.0005948692],
[[1050.0,520.0,520.0],0.00067378],
[[1100.0,0,0],0.0006023063],
[[1100.0,100.0,100.0],0.0006475898],
[[1100.0,200.0,200.0],0.0006575103],
[[1100.0,300.0,300.0],0.0006322141],
[[1100.0,400.0,400.0],0.0006868788],
[[1100.0,500.0,500.0],0.0007166881],
[[1150.0,570.0,570.0],0.0008101243],
[[1200.0,0,0],0.0007896525],
[[1200.0,100.0,100.0],0.0008213185],
[[1200.0,200.0,200.0],0.0007466924],
[[1200.0,300.0,300.0],0.0007466059],
[[1200.0,400.0,400.0],0.000810232],
[[1200.0,500.0,500.0],0.0008516095],
[[1250.0,620.0,620.0],0.0009156655],
[[1300.0,0,0],0.0008771202],
[[1300.0,100.0,100.0],0.0008694455],
[[1300.0,200.0,200.0],0.0008451571],
[[1300.0,300.0,300.0],0.0009091032],
[[1300.0,400.0,400.0],0.0008947022],
[[1300.0,500.0,500.0],0.0008840285],
[[1300.0,600.0,600.0],0.0009628605],
[[1350.0,670.0,670.0],0.001061053],
[[1400.0,0,0],0.0009151662],
[[1400.0,100.0,100.0],0.0009181087],
[[1400.0,200.0,200.0],0.0009610129],
[[1400.0,300.0,300.0],0.00100155],
[[1400.0,400.0,400.0],0.0009990788],
[[1400.0,500.0,500.0],0.001021313],
[[1400.0,600.0,600.0],0.001066472],
[[1450.0,720.0,720.0],0.001119603],
[[1500.0,0,0],0.00106054],
[[1500.0,100.0,100.0],0.00104907],
[[1500.0,200.0,200.0],0.001070895],
[[1500.0,300.0,300.0],0.001091146],
[[1500.0,400.0,400.0],0.001086327],
[[1500.0,500.0,500.0],0.001152665],
[[1500.0,600.0,600.0],0.001157792],
[[1500.0,700.0,700.0],0.001186653],
[[1550.0,770.0,770.0],0.001280499],
[[1600.0,0,0],0.00113499],
[[1600.0,100.0,100.0],0.001151042],
[[1600.0,200.0,200.0],0.001162745],
[[1600.0,300.0,300.0],0.001240324],
[[1600.0,400.0,400.0],0.00121217],
[[1600.0,500.0,500.0],0.001263444],
[[1600.0,600.0,600.0],0.001262642],
[[1600.0,700.0,700.0],0.001280101],
[[1650.0,820.0,820.0],0.001347014],
[[1700.0,0,0],0.001281998],
[[1700.0,100.0,100.0],0.001223526],
[[1700.0,200.0,200.0],0.001293202],
[[1700.0,300.0,300.0],0.00133042],
[[1700.0,400.0,400.0],0.001392091],
[[1700.0,500.0,500.0],0.001356171],
[[1700.0,600.0,600.0],0.001380762],
[[1700.0,700.0,700.0],0.00145814],
[[1700.0,800.0,800.0],0.001426143],
[[1750.0,870.0,870.0],0.001526994],
[[1800.0,0,0],0.001353294],
[[1800.0,100.0,100.0],0.001320771],
[[1800.0,200.0,200.0],0.001365802],
[[1800.0,300.0,300.0],0.001407857],
[[1800.0,400.0,400.0],0.001487191],
[[1800.0,500.0,500.0],0.001404864],
[[1800.0,600.0,600.0],0.00139672],
[[1800.0,700.0,700.0],0.001529952],
[[1800.0,800.0,800.0],0.001553373],
[[1850.0,920.0,920.0],0.001565811],
[[1900.0,0,0],0.001377588],
[[1900.0,100.0,100.0],0.001446463],
[[1900.0,200.0,200.0],0.00144499],
[[1900.0,300.0,300.0],0.001462363],
[[1900.0,400.0,400.0],0.00150357],
[[1900.0,500.0,500.0],0.001534916],
[[1900.0,600.0,600.0],0.001517119],
[[1900.0,700.0,700.0],0.001616743],
[[1900.0,800.0,800.0],0.001538414],
[[1900.0,900.0,900.0],0.001569771],
[[1950.0,970.0,970.0],0.001773494],
[[2000.0,0,0],0.001522004],
[[2000.0,100.0,100.0],0.001549161],
[[2000.0,200.0,200.0],0.001552458],
[[2000.0,300.0,300.0],0.00150169],
[[2000.0,400.0,400.0],0.001662163],
[[2000.0,500.0,500.0],0.001569767],
[[2000.0,600.0,600.0],0.001615711],
[[2000.0,700.0,700.0],0.001638282],
[[2000.0,800.0,800.0],0.001649236],
[[2000.0,900.0,900.0],0.001616395],
[[2050.0,1020.0,1020.0],0.001796487],
[[2100.0,0,0],0.001535038],
[[2100.0,100.0,100.0],0.001582997],
[[2100.0,200.0,200.0],0.001604313],
[[2100.0,300.0,300.0],0.001674709],
[[2100.0,400.0,400.0],0.001703507],
[[2100.0,500.0,500.0],0.001689168],
[[2100.0,600.0,600.0],0.001819301],
[[2100.0,700.0,700.0],0.001685643],
[[2100.0,800.0,800.0],0.001746398],
[[2100.0,900.0,900.0],0.001719578],
[[2100.0,1000.0,1000.0],0.001781893],
[[2150.0,1070.0,1070.0],0.001903957],
[[2200.0,0,0],0.001594766],
[[2200.0,100.0,100.0],0.001678264],
[[2200.0,200.0,200.0],0.001693231],
[[2200.0,300.0,300.0],0.001731907],
[[2200.0,400.0,400.0],0.001793128],
[[2200.0,500.0,500.0],0.001786477],
[[2200.0,600.0,600.0],0.001742877],
[[2200.0,700.0,700.0],0.001832216],
[[2200.0,800.0,800.0],0.001863979],
[[2200.0,900.0,900.0],0.001843925],
[[2200.0,1000.0,1000.0],0.001849619],
[[2250.0,1120.0,1120.0],0.001924691],
[[2300.0,0,0],0.001644296],
[[2300.0,100.0,100.0],0.001715748],
[[2300.0,200.0,200.0],0.001696323],
[[2300.0,300.0,300.0],0.001775731],
[[2300.0,400.0,400.0],0.001843988],
[[2300.0,500.0,500.0],0.001815668],
[[2300.0,600.0,600.0],0.001867242],
[[2300.0,700.0,700.0],0.001884553],
[[2300.0,800.0,800.0],0.001889245],
[[2300.0,900.0,900.0],0.001847751],
[[2300.0,1000.0,1000.0],0.001950138],
[[2300.0,1100.0,1100.0],0.001932461],
[[2350.0,1170.0,1170.0],0.002021535],
[[2400.0,0,0],0.001694312],
[[2400.0,100.0,100.0],0.001768887],
[[2400.0,200.0,200.0],0.001871648],
[[2400.0,300.0,300.0],0.00191173],
[[2400.0,400.0,400.0],0.001889571],
[[2400.0,500.0,500.0],0.001960609],
[[2400.0,600.0,600.0],0.001938253],
[[2400.0,700.0,700.0],0.001893044],
[[2400.0,800.0,800.0],0.001928527],
[[2400.0,900.0,900.0],0.002032817],
[[2400.0,1000.0,1000.0],0.002049242],
[[2400.0,1100.0,1100.0],0.002035992],
[[2450.0,1220.0,1220.0],0.002141584],
[[2500.0,0,0],0.001667992],
[[2500.0,100.0,100.0],0.001790786],
[[2500.0,200.0,200.0],0.001961271],
[[2500.0,300.0,300.0],0.001941581],
[[2500.0,400.0,400.0],0.001925856],
[[2500.0,500.0,500.0],0.002001993],
[[2500.0,600.0,600.0],0.002085425],
[[2500.0,700.0,700.0],0.002034019],
[[2500.0,800.0,800.0],0.002033119],
[[2500.0,900.0,900.0],0.002105758],
[[2500.0,1000.0,1000.0],0.002167623],
[[2500.0,1100.0,1100.0],0.002093493],
[[2500.0,1200.0,1200.0],0.002123829],
[[2550.0,1270.0,1270.0],0.002275982],
[[2600.0,0,0],0.001712356],
[[2600.0,100.0,100.0],0.001860938],
[[2600.0,200.0,200.0],0.001873988],
[[2600.0,300.0,300.0],0.00185392],
[[2600.0,400.0,400.0],0.002035243],
[[2600.0,500.0,500.0],0.002030239],
[[2600.0,600.0,600.0],0.002073731],
[[2600.0,700.0,700.0],0.002088904],
[[2600.0,800.0,800.0],0.00207838],
[[2600.0,900.0,900.0],0.002144788],
[[2600.0,1000.0,1000.0],0.002156395],
[[2600.0,1100.0,1100.0],0.002211598],
[[2600.0,1200.0,1200.0],0.002211238],
[[2650.0,1320.0,1320.0],0.002273352],
[[2700.0,0,0],0.00177701],
[[2700.0,100.0,100.0],0.00185056],
[[2700.0,200.0,200.0],0.002031171],
[[2700.0,300.0,300.0],0.0020142],
[[2700.0,400.0,400.0],0.002049612],
[[2700.0,500.0,500.0],0.00211341],
[[2700.0,600.0,600.0],0.002118095],
[[2700.0,700.0,700.0],0.002172257],
[[2700.0,800.0,800.0],0.002150362],
[[2700.0,900.0,900.0],0.002233882],
[[2700.0,1000.0,1000.0],0.002226258],
[[2700.0,1100.0,1100.0],0.002175614],
[[2700.0,1200.0,1200.0],0.002274417],
[[2700.0,1300.0,1300.0],0.002287519],
[[2750.0,1370.0,1370.0],0.002259664],
[[2800.0,0,0],0.00178844],
[[2800.0,100.0,100.0],0.001953172],
[[2800.0,200.0,200.0],0.002039637],
[[2800.0,300.0,300.0],0.002057535],
[[2800.0,400.0,400.0],0.002121671],
[[2800.0,500.0,500.0],0.002152047],
[[2800.0,600.0,600.0],0.002179144],
[[2800.0,700.0,700.0],0.002188137],
[[2800.0,800.0,800.0],0.00223628],
[[2800.0,900.0,900.0],0.00225431],
[[2800.0,1000.0,1000.0],0.002308261],
[[2800.0,1100.0,1100.0],0.002224192],
[[2800.0,1200.0,1200.0],0.002163901],
[[2800.0,1300.0,1300.0],0.002368026],
[[2850.0,1420.0,1420.0],0.002323424],
[[2900.0,0,0],0.001872923],
[[2900.0,100.0,100.0],0.001955272],
[[2900.0,200.0,200.0],0.001995501],
[[2900.0,300.0,300.0],0.002120996],
[[2900.0,400.0,400.0],0.002119587],
[[2900.0,500.0,500.0],0.00399107],
[[2900.0,600.0,600.0],0.002195714],
[[2900.0,700.0,700.0],0.002246169],
[[2900.0,800.0,800.0],0.002321603],
[[2900.0,900.0,900.0],0.001036074],
[[2900.0,1000.0,1000.0],0.00224787],
[[2900.0,1100.0,1100.0],0.002280644],
[[2900.0,1200.0,1200.0],0.002312664],
[[2900.0,1300.0,1300.0],0.002343549],
[[2900.0,1400.0,1400.0],0.002352131],
[[2950.0,1470.0,1470.0],0.00234346],
[[3000.0,0,0],0.001844667],
[[3000.0,100.0,100.0],0.001978592],
[[3000.0,200.0,200.0],0.002048386],
[[3000.0,300.0,300.0],0.002163084],
[[3000.0,400.0,400.0],0.002179567],
[[3000.0,500.0,500.0],0.002142757],
[[3000.0,600.0,600.0],0.002194815],
[[3000.0,700.0,700.0],0.002222245],
[[3000.0,800.0,800.0],0.002369465],
[[3000.0,900.0,900.0],0.002376924],
[[3000.0,1000.0,1000.0],0.002329446],
[[3000.0,1100.0,1100.0],0.002441231],
[[3000.0,1200.0,1200.0],0.00243878],
[[3000.0,1300.0,1300.0],0.002365335],
[[3000.0,1400.0,1400.0],0.002395965]]
