txName: TRS1
constraint: {(PV > H0(1)), (H0(1) > MET(2),MET(3))}
condition: None
conditionDescription: None
figureUrl: https://cms-results.web.cern.ch/cms-results/public-results/publications/EXO-20-004/CMS-EXO-20-004_Figure_009-a.png
source: CMS
validated: True
axesMap: [{0: 'x', 1: '1.0', 2: '1.0'}, {0: 'x', 1: 'y', 2: 'y'}]
dataMap: {0: (1, 'mass', GeV), 1: (2, 'mass', GeV), 2: (3, 'mass', GeV)}
finalState: ['MET', 'MET']
intermediateState: None
efficiencyMap: [[[100.0,1.0,1.0],0.0001292188],
[[100.0,10.0,10.0],0.0001350968],
[[150.0,1.0,1.0],0.000274871],
[[150.0,50.0,50.0],0.000259666],
[[200.0,1.0,1.0],0.0003689575],
[[200.0,50.0,50.0],0.0004137156],
[[200.0,100.0,100.0],0.0006168156],
[[250.0,1.0,1.0],0.0005326398],
[[250.0,10.0,10.0],0.0005415482],
[[250.0,50.0,50.0],0.0005151734],
[[250.0,100.0,100.0],0.0005289055],
[[300.0,1.0,1.0],0.0006568582],
[[300.0,50.0,50.0],0.00068314],
[[300.0,100.0,100.0],0.001112256],
[[350.0,1.0,1.0],0.0006729534],
[[350.0,50.0,50.0],0.000687424],
[[350.0,100.0,100.0],0.000805477],
[[350.0,150.0,150.0],0.0007342191],
[[400.0,1.0,1.0],0.0008271088],
[[400.0,50.0,50.0],0.0008004306],
[[400.0,100.0,100.0],0.000819795],
[[400.0,150.0,150.0],0.0008486818],
[[450.0,1.0,1.0],0.001043091],
[[450.0,50.0,50.0],0.001111082],
[[450.0,100.0,100.0],0.001091939],
[[450.0,150.0,150.0],0.001556332],
[[450.0,200.0,200.0],0.001129857],
[[500.0,1.0,1.0],0.001542484],
[[500.0,10.0,10.0],0.001127611],
[[500.0,50.0,50.0],0.00116303],
[[500.0,100.0,100.0],0.001174818],
[[500.0,150.0,150.0],0.00161159],
[[500.0,200.0,200.0],0.001203617],
[[550.0,1.0,1.0],0.00150281],
[[550.0,50.0,50.0],0.001387472],
[[550.0,100.0,100.0],0.001457277],
[[550.0,150.0,150.0],0.001518111],
[[550.0,200.0,200.0],0.001765441],
[[550.0,250.0,250.0],0.002070417],
[[600.0,1.0,1.0],0.001549149],
[[600.0,50.0,50.0],0.001764672],
[[600.0,100.0,100.0],0.001701228],
[[600.0,150.0,150.0],0.001569872],
[[600.0,200.0,200.0],0.002379964],
[[600.0,250.0,250.0],0.001735521],
[[650.0,1.0,1.0],0.001823457],
[[650.0,50.0,50.0],0.002132052],
[[650.0,100.0,100.0],0.002030741],
[[650.0,150.0,150.0],0.001887619],
[[650.0,200.0,200.0],0.001853096],
[[650.0,250.0,250.0],0.002969567],
[[650.0,300.0,300.0],0.002029663],
[[700.0,1.0,1.0],0.001951413],
[[700.0,50.0,50.0],0.002147933],
[[700.0,100.0,100.0],0.002497309],
[[700.0,150.0,150.0],0.002210361],
[[700.0,200.0,200.0],0.002008413],
[[700.0,250.0,250.0],0.001819959],
[[700.0,300.0,300.0],0.002110087],
[[750.0,1.0,1.0],0.002023823],
[[750.0,10.0,10.0],0.002095013],
[[750.0,50.0,50.0],0.002399421],
[[750.0,100.0,100.0],0.002157449],
[[750.0,150.0,150.0],0.002302384],
[[750.0,200.0,200.0],0.002796785],
[[750.0,250.0,250.0],0.002299186],
[[750.0,300.0,300.0],0.003438476],
[[750.0,350.0,350.0],0.002392356],
[[800.0,1.0,1.0],0.002455364],
[[800.0,150.0,150.0],0.003432635],
[[800.0,200.0,200.0],0.002996811],
[[800.0,250.0,250.0],0.002388885],
[[800.0,300.0,300.0],0.002480127],
[[800.0,350.0,350.0],0.002303242],
[[850.0,1.0,1.0],0.002378218],
[[850.0,150.0,150.0],0.002703733],
[[850.0,200.0,200.0],0.002721013],
[[850.0,250.0,250.0],0.003196806],
[[850.0,300.0,300.0],0.002858118],
[[850.0,350.0,350.0],0.00297823],
[[850.0,400.0,400.0],0.004008835],
[[900.0,1.0,1.0],0.002542791],
[[900.0,150.0,150.0],0.002634865],
[[900.0,200.0,200.0],0.002653291],
[[900.0,250.0,250.0],0.003276092],
[[900.0,300.0,300.0],0.002698031],
[[900.0,350.0,350.0],0.003111922],
[[900.0,400.0,400.0],0.00336898],
[[950.0,1.0,1.0],0.002495224],
[[950.0,150.0,150.0],0.002659693],
[[950.0,200.0,200.0],0.002530398],
[[950.0,250.0,250.0],0.003191068],
[[950.0,300.0,300.0],0.003205326],
[[950.0,350.0,350.0],0.002987434],
[[950.0,400.0,400.0],0.003105616],
[[950.0,450.0,450.0],0.003664914],
[[1000.0,1.0,1.0],0.003185836],
[[1000.0,10.0,10.0],0.00350942],
[[1000.0,50.0,50.0],0.002519596],
[[1000.0,100.0,100.0],0.003009056],
[[1000.0,150.0,150.0],0.003493657],
[[1000.0,200.0,200.0],0.003441229],
[[1000.0,250.0,250.0],0.003187672],
[[1000.0,300.0,300.0],0.002755479],
[[1000.0,350.0,350.0],0.003252104],
[[1000.0,400.0,400.0],0.003559491],
[[1000.0,450.0,450.0],0.004554962],
[[1050.0,1.0,1.0],0.003106997],
[[1050.0,150.0,150.0],0.003695322],
[[1050.0,200.0,200.0],0.003115593],
[[1050.0,250.0,250.0],0.002745352],
[[1050.0,300.0,300.0],0.003198302],
[[1050.0,350.0,350.0],0.004000227],
[[1050.0,400.0,400.0],0.003053035],
[[1050.0,450.0,450.0],0.004073133],
[[1050.0,500.0,500.0],0.003239577],
[[1100.0,1.0,1.0],0.0031985],
[[1100.0,150.0,150.0],0.003287553],
[[1100.0,200.0,200.0],0.003635113],
[[1100.0,250.0,250.0],0.003370185],
[[1100.0,300.0,300.0],0.00314035],
[[1100.0,350.0,350.0],0.004386322],
[[1100.0,400.0,400.0],0.003766062],
[[1100.0,450.0,450.0],0.003793291],
[[1100.0,500.0,500.0],0.00370382],
[[1150.0,1.0,1.0],0.002875764],
[[1150.0,150.0,150.0],0.003024988],
[[1150.0,200.0,200.0],0.003438308],
[[1150.0,250.0,250.0],0.003796967],
[[1150.0,300.0,300.0],0.003843013],
[[1150.0,350.0,350.0],0.003535893],
[[1150.0,400.0,400.0],0.003526984],
[[1150.0,450.0,450.0],0.00384873],
[[1150.0,500.0,500.0],0.003160792],
[[1150.0,550.0,550.0],0.004100879],
[[1200.0,1.0,1.0],0.003217201],
[[1200.0,150.0,150.0],0.004487349],
[[1200.0,200.0,200.0],0.003635843],
[[1200.0,250.0,250.0],0.003614793],
[[1200.0,300.0,300.0],0.003508853],
[[1200.0,350.0,350.0],0.003853822],
[[1200.0,400.0,400.0],0.003657256],
[[1200.0,450.0,450.0],0.00375025],
[[1200.0,500.0,500.0],0.004389172],
[[1200.0,550.0,550.0],0.003899321],
[[1250.0,1.0,1.0],0.002784161],
[[1250.0,10.0,10.0],0.003405093],
[[1250.0,50.0,50.0],0.003186405],
[[1250.0,100.0,100.0],0.003490709],
[[1250.0,150.0,150.0],0.00380394],
[[1250.0,200.0,200.0],0.003829979],
[[1250.0,250.0,250.0],0.003591262],
[[1250.0,300.0,300.0],0.00425974],
[[1250.0,350.0,350.0],0.003361544],
[[1250.0,400.0,400.0],0.004755698],
[[1250.0,450.0,450.0],0.003647925],
[[1250.0,500.0,500.0],0.004402368],
[[1250.0,550.0,550.0],0.004238417],
[[1250.0,600.0,600.0],0.004080607],
[[1300.0,1.0,1.0],0.002930777],
[[1300.0,150.0,150.0],0.004853817],
[[1300.0,200.0,200.0],0.00380747],
[[1300.0,250.0,250.0],0.003613906],
[[1300.0,300.0,300.0],0.004023948],
[[1300.0,350.0,350.0],0.004051393],
[[1300.0,400.0,400.0],0.00409386],
[[1300.0,450.0,450.0],0.00364343],
[[1300.0,500.0,500.0],0.004056956],
[[1300.0,550.0,550.0],0.00398616],
[[1300.0,600.0,600.0],0.004149789],
[[1350.0,1.0,1.0],0.003794165],
[[1350.0,150.0,150.0],0.003715301],
[[1350.0,200.0,200.0],0.003840183],
[[1350.0,250.0,250.0],0.004086278],
[[1350.0,300.0,300.0],0.003856357],
[[1350.0,350.0,350.0],0.004091014],
[[1350.0,400.0,400.0],0.003563177],
[[1350.0,450.0,450.0],0.004206662],
[[1350.0,500.0,500.0],0.003798126],
[[1350.0,550.0,550.0],0.004297744],
[[1350.0,600.0,600.0],0.004343277],
[[1350.0,650.0,650.0],0.00423402],
[[1400.0,1.0,1.0],0.003148393],
[[1400.0,150.0,150.0],0.00362999],
[[1400.0,200.0,200.0],0.004096741],
[[1400.0,250.0,250.0],0.004504978],
[[1400.0,300.0,300.0],0.003625669],
[[1400.0,350.0,350.0],0.004452258],
[[1400.0,400.0,400.0],0.003930705],
[[1400.0,450.0,450.0],0.004406257],
[[1400.0,500.0,500.0],0.004079227],
[[1400.0,550.0,550.0],0.004504117],
[[1400.0,600.0,600.0],0.005231347],
[[1400.0,650.0,650.0],0.004851197],
[[1450.0,1.0,1.0],0.003515209],
[[1450.0,150.0,150.0],0.00398625],
[[1450.0,200.0,200.0],0.004282956],
[[1450.0,250.0,250.0],0.003669596],
[[1450.0,300.0,300.0],0.004027693],
[[1450.0,350.0,350.0],0.004414635],
[[1450.0,400.0,400.0],0.004045399],
[[1450.0,450.0,450.0],0.003962221],
[[1450.0,500.0,500.0],0.00439835],
[[1450.0,550.0,550.0],0.003932359],
[[1450.0,600.0,600.0],0.003724284],
[[1450.0,650.0,650.0],0.005041485],
[[1450.0,700.0,700.0],0.004487896],
[[1500.0,1.0,1.0],0.003181948],
[[1500.0,10.0,10.0],0.003115523],
[[1500.0,50.0,50.0],0.003536736],
[[1500.0,100.0,100.0],0.003030387],
[[1500.0,150.0,150.0],0.003650402],
[[1500.0,200.0,200.0],0.004111329],
[[1500.0,250.0,250.0],0.004633092],
[[1500.0,300.0,300.0],0.004761747],
[[1500.0,350.0,350.0],0.004027385],
[[1500.0,400.0,400.0],0.00412297],
[[1500.0,450.0,450.0],0.004304021],
[[1500.0,500.0,500.0],0.003820376],
[[1500.0,550.0,550.0],0.005388194],
[[1500.0,600.0,600.0],0.004184842],
[[1500.0,650.0,650.0],0.004310626],
[[1500.0,700.0,700.0],0.004821823],
[[1500.0,750.0,750.0],0.004088082],
[[1550.0,1.0,1.0],0.003329956],
[[1550.0,150.0,150.0],0.003710582],
[[1550.0,200.0,200.0],0.003759613],
[[1550.0,250.0,250.0],0.0042732],
[[1550.0,300.0,300.0],0.004288712],
[[1550.0,350.0,350.0],0.004694834],
[[1550.0,400.0,400.0],0.003724671],
[[1550.0,450.0,450.0],0.004322996],
[[1550.0,500.0,500.0],0.004907841],
[[1550.0,550.0,550.0],0.004531212],
[[1550.0,600.0,600.0],0.004101967],
[[1550.0,650.0,650.0],0.004670162],
[[1550.0,700.0,700.0],0.004565698],
[[1550.0,750.0,750.0],0.004725566],
[[1600.0,1.0,1.0],0.003006387],
[[1600.0,150.0,150.0],0.003694508],
[[1600.0,200.0,200.0],0.003712542],
[[1600.0,250.0,250.0],0.004027382],
[[1600.0,300.0,300.0],0.004364055],
[[1600.0,350.0,350.0],0.0036635],
[[1600.0,400.0,400.0],0.004316681],
[[1600.0,450.0,450.0],0.004085387],
[[1600.0,500.0,500.0],0.004860644],
[[1600.0,550.0,550.0],0.004461691],
[[1600.0,600.0,600.0],0.004460985],
[[1600.0,650.0,650.0],0.004798591],
[[1600.0,700.0,700.0],0.004722178],
[[1600.0,750.0,750.0],0.00490546],
[[1650.0,1.0,1.0],0.003254149],
[[1650.0,150.0,150.0],0.003861278],
[[1650.0,200.0,200.0],0.004057906],
[[1650.0,250.0,250.0],0.003788118],
[[1650.0,300.0,300.0],0.004485483],
[[1650.0,350.0,350.0],0.004282226],
[[1650.0,400.0,400.0],0.004584428],
[[1650.0,450.0,450.0],0.004474317],
[[1650.0,500.0,500.0],0.00414399],
[[1650.0,550.0,550.0],0.004949354],
[[1650.0,600.0,600.0],0.004357552],
[[1650.0,650.0,650.0],0.004508578],
[[1650.0,700.0,700.0],0.004671659],
[[1650.0,750.0,750.0],0.004326777],
[[1650.0,800.0,800.0],0.004961894],
[[1700.0,1.0,1.0],0.003339189],
[[1700.0,150.0,150.0],0.00369505],
[[1700.0,200.0,200.0],0.003827706],
[[1700.0,250.0,250.0],0.004209317],
[[1700.0,300.0,300.0],0.004186349],
[[1700.0,350.0,350.0],0.004792752],
[[1700.0,400.0,400.0],0.004278489],
[[1700.0,450.0,450.0],0.004816376],
[[1700.0,500.0,500.0],0.00526642],
[[1700.0,550.0,550.0],0.004425298],
[[1700.0,600.0,600.0],0.004235824],
[[1700.0,650.0,650.0],0.004238765],
[[1700.0,700.0,700.0],0.004525445],
[[1700.0,750.0,750.0],0.004942343],
[[1700.0,800.0,800.0],0.004586429],
[[1750.0,1.0,1.0],0.00289921],
[[1750.0,10.0,10.0],0.00306842],
[[1750.0,50.0,50.0],0.003193811],
[[1750.0,100.0,100.0],0.003284593],
[[1750.0,150.0,150.0],0.003507629],
[[1750.0,200.0,200.0],0.003991788],
[[1750.0,250.0,250.0],0.003923965],
[[1750.0,300.0,300.0],0.004489715],
[[1750.0,350.0,350.0],0.003881373],
[[1750.0,400.0,400.0],0.003968648],
[[1750.0,450.0,450.0],0.004861204],
[[1750.0,500.0,500.0],0.004149259],
[[1750.0,550.0,550.0],0.005074355],
[[1750.0,600.0,600.0],0.005083976],
[[1750.0,650.0,650.0],0.004866758],
[[1750.0,700.0,700.0],0.005038413],
[[1750.0,750.0,750.0],0.004513646],
[[1750.0,800.0,800.0],0.004403533],
[[1750.0,850.0,850.0],0.00518958],
[[1800.0,1.0,1.0],0.003296076],
[[1800.0,150.0,150.0],0.003846196],
[[1800.0,200.0,200.0],0.004480059],
[[1800.0,250.0,250.0],0.004499975],
[[1800.0,300.0,300.0],0.004191221],
[[1800.0,350.0,350.0],0.004840566],
[[1800.0,400.0,400.0],0.004211642],
[[1800.0,450.0,450.0],0.004886938],
[[1800.0,500.0,500.0],0.005244693],
[[1800.0,550.0,550.0],0.004803488],
[[1800.0,600.0,600.0],0.004658317],
[[1800.0,650.0,650.0],0.004529134],
[[1800.0,700.0,700.0],0.004685835],
[[1800.0,750.0,750.0],0.004298554],
[[1800.0,800.0,800.0],0.004401361],
[[1800.0,850.0,850.0],0.00518467],
[[1850.0,1.0,1.0],0.002920066],
[[1850.0,150.0,150.0],0.004003475],
[[1850.0,200.0,200.0],0.003602554],
[[1850.0,250.0,250.0],0.004451429],
[[1850.0,300.0,300.0],0.00516351],
[[1850.0,350.0,350.0],0.004681898],
[[1850.0,400.0,400.0],0.004685638],
[[1850.0,450.0,450.0],0.004947051],
[[1850.0,500.0,500.0],0.004132624],
[[1850.0,550.0,550.0],0.004899222],
[[1850.0,600.0,600.0],0.005191141],
[[1850.0,650.0,650.0],0.004311926],
[[1850.0,700.0,700.0],0.004364671],
[[1850.0,750.0,750.0],0.005260636],
[[1850.0,800.0,800.0],0.004686349],
[[1850.0,850.0,850.0],0.00475429],
[[1850.0,900.0,900.0],0.005003117],
[[1900.0,1.0,1.0],0.00305218],
[[1900.0,150.0,150.0],0.003075998],
[[1900.0,200.0,200.0],0.003793554],
[[1900.0,250.0,250.0],0.004274797],
[[1900.0,300.0,300.0],0.004052536],
[[1900.0,350.0,350.0],0.004758083],
[[1900.0,400.0,400.0],0.005015781],
[[1900.0,450.0,450.0],0.004804529],
[[1900.0,500.0,500.0],0.00513612],
[[1900.0,550.0,550.0],0.004746387],
[[1900.0,600.0,600.0],0.004344861],
[[1900.0,650.0,650.0],0.005287611],
[[1900.0,700.0,700.0],0.004773644],
[[1900.0,750.0,750.0],0.004593433],
[[1900.0,800.0,800.0],0.004079173],
[[1900.0,850.0,850.0],0.005608989],
[[1900.0,900.0,900.0],0.004807597],
[[1950.0,1.0,1.0],0.003301196],
[[1950.0,150.0,150.0],0.004061838],
[[1950.0,200.0,200.0],0.004094985],
[[1950.0,250.0,250.0],0.00522689],
[[1950.0,300.0,300.0],0.00470618],
[[1950.0,350.0,350.0],0.004113098],
[[1950.0,400.0,400.0],0.004603958],
[[1950.0,450.0,450.0],0.004626219],
[[1950.0,500.0,500.0],0.00487072],
[[1950.0,550.0,550.0],0.005203782],
[[1950.0,600.0,600.0],0.005024316],
[[1950.0,650.0,650.0],0.005144163],
[[1950.0,700.0,700.0],0.004497281],
[[1950.0,750.0,750.0],0.005088991],
[[1950.0,800.0,800.0],0.00488357],
[[1950.0,850.0,850.0],0.005632678],
[[1950.0,900.0,900.0],0.004751998],
[[1950.0,950.0,950.0],0.005699303],
[[2000.0,1.0,1.0],0.003149911],
[[2000.0,10.0,10.0],0.003156749],
[[2000.0,50.0,50.0],0.003008808],
[[2000.0,100.0,100.0],0.003206355],
[[2000.0,150.0,150.0],0.003483969],
[[2000.0,200.0,200.0],0.004079289],
[[2000.0,250.0,250.0],0.004582665],
[[2000.0,300.0,300.0],0.005162683],
[[2000.0,350.0,350.0],0.004762612],
[[2000.0,400.0,400.0],0.005360324],
[[2000.0,450.0,450.0],0.004548765],
[[2000.0,500.0,500.0],0.005378778],
[[2000.0,550.0,550.0],0.004468497],
[[2000.0,600.0,600.0],0.005635924],
[[2000.0,650.0,650.0],0.005576612],
[[2000.0,700.0,700.0],0.004899025],
[[2000.0,750.0,750.0],0.004977139],
[[2000.0,800.0,800.0],0.004915344],
[[2000.0,850.0,850.0],0.004505582],
[[2000.0,900.0,900.0],0.004466565],
[[2000.0,950.0,950.0],0.004858689],
[[2250.0,1.0,1.0],0.002704478],
[[2250.0,10.0,10.0],0.002779011],
[[2250.0,50.0,50.0],0.003071247],
[[2250.0,100.0,100.0],0.003259441],
[[2250.0,150.0,150.0],0.003772823],
[[2250.0,300.0,300.0],0.004698517],
[[2250.0,500.0,500.0],0.005050759],
[[2250.0,750.0,750.0],0.00531332],
[[2250.0,1000.0,1000.0],0.005240057],
[[2500.0,1.0,1.0],0.002600491],
[[2500.0,10.0,10.0],0.00274282],
[[2500.0,50.0,50.0],0.002953067],
[[2500.0,100.0,100.0],0.003245507],
[[2500.0,150.0,150.0],0.003280111],
[[2500.0,300.0,300.0],0.004174349],
[[2500.0,500.0,500.0],0.00548269],
[[2500.0,750.0,750.0],0.005071389],
[[2500.0,1000.0,1000.0],0.005701962],
[[2500.0,1200.0,1200.0],0.005695704],
[[2750.0,1.0,1.0],0.002729348],
[[2750.0,10.0,10.0],0.002480329],
[[2750.0,50.0,50.0],0.003264097],
[[2750.0,100.0,100.0],0.003243936],
[[2750.0,150.0,150.0],0.002934993],
[[2750.0,300.0,300.0],0.004156221],
[[2750.0,500.0,500.0],0.005469787],
[[2750.0,750.0,750.0],0.005508729],
[[2750.0,1000.0,1000.0],0.005354776],
[[2750.0,1200.0,1200.0],0.005100606],
[[3000.0,1.0,1.0],0.002468052],
[[3000.0,10.0,10.0],0.002748628],
[[3000.0,50.0,50.0],0.003088271],
[[3000.0,100.0,100.0],0.003638524],
[[3000.0,150.0,150.0],0.002993397],
[[3000.0,300.0,300.0],0.004341799],
[[3000.0,500.0,500.0],0.004953588],
[[3000.0,750.0,750.0],0.005635232],
[[3000.0,1000.0,1000.0],0.005510793],
[[3000.0,1200.0,1200.0],0.005182971],
[[3000.0,1400.0,1400.0],0.00576359]]
