txName: TRV1
constraint: {(PV > Zprime(1)), (Zprime(1) > MET(2),MET(3))}
condition: None
conditionDescription: None
figureUrl: https://cms-results.web.cern.ch/cms-results/public-results/publications/EXO-20-004/CMS-EXO-20-004_Figure_007-b.png
source: https://doi.org/10.5281/zenodo.13324003
validated: True
axesMap: [{0: 'x', 1: 'y', 2: 'y'}]
dataMap: {0: (1, 'mass', GeV), 1: (2, 'mass', GeV), 2: (3, 'mass', GeV)}
finalState: ['MET', 'MET']
intermediateState: None
efficiencyMap: [[[50.0,1.0,1.0],2.598589e-06],
[[100.0,1.0,1.0],1.425333e-05],
[[100.0,10.0,10.0],1.28241e-05],
[[150.0,1.0,1.0],3.944629e-05],
[[150.0,75.0,75.0],4.78361e-05],
[[200.0,1.0,1.0],9.286995e-05],
[[200.0,75.0,75.0],9.808191e-05],
[[250.0,1.0,1.0],0.0001503756],
[[250.0,10.0,10.0],0.0001495692],
[[250.0,75.0,75.0],0.0001576267],
[[300.0,1.0,1.0],0.0002278019],
[[300.0,75.0,75.0],0.0002337595],
[[350.0,1.0,1.0],0.0003150193],
[[350.0,75.0,75.0],0.0003150623],
[[350.0,150.0,150.0],0.0003241092],
[[400.0,1.0,1.0],0.0004027768],
[[400.0,75.0,75.0],0.0003796318],
[[400.0,150.0,150.0],0.0004272548],
[[450.0,1.0,1.0],0.000513043],
[[450.0,75.0,75.0],0.0004967578],
[[450.0,150.0,150.0],0.0004823559],
[[450.0,200.0,200.0],0.0004657571],
[[500.0,1.0,1.0],0.0005763765],
[[500.0,10.0,10.0],0.0005604385],
[[500.0,75.0,75.0],0.0005453461],
[[500.0,150.0,150.0],0.0006014233],
[[500.0,200.0,200.0],0.0005828018],
[[550.0,1.0,1.0],0.0006385575],
[[550.0,75.0,75.0],0.0007464037],
[[550.0,150.0,150.0],0.0006213254],
[[550.0,200.0,200.0],0.0006538022],
[[550.0,250.0,250.0],0.000698707],
[[600.0,1.0,1.0],0.0006858746],
[[600.0,75.0,75.0],0.0007198773],
[[600.0,150.0,150.0],0.0007599289],
[[600.0,200.0,200.0],0.0008475579],
[[600.0,250.0,250.0],0.0008047241],
[[650.0,1.0,1.0],0.0008380576],
[[650.0,75.0,75.0],0.000816423],
[[650.0,150.0,150.0],0.0007674254],
[[650.0,200.0,200.0],0.001040506],
[[650.0,250.0,250.0],0.0008781735],
[[650.0,300.0,300.0],0.000832669],
[[700.0,1.0,1.0],0.0008637816],
[[700.0,75.0,75.0],0.000879981],
[[700.0,150.0,150.0],0.0008633283],
[[700.0,200.0,200.0],0.000939744],
[[700.0,250.0,250.0],0.000906848],
[[700.0,300.0,300.0],0.0008953511],
[[750.0,1.0,1.0],0.001025259],
[[750.0,10.0,10.0],0.0008542033],
[[750.0,75.0,75.0],0.0009653653],
[[750.0,150.0,150.0],0.0009432682],
[[750.0,200.0,200.0],0.0009777947],
[[750.0,250.0,250.0],0.0009942595],
[[750.0,300.0,300.0],0.00101115],
[[750.0,350.0,350.0],0.001154987],
[[800.0,1.0,1.0],0.0009061956],
[[800.0,75.0,75.0],0.0009027307],
[[800.0,150.0,150.0],0.001094697],
[[800.0,200.0,200.0],0.001048892],
[[800.0,250.0,250.0],0.001066844],
[[800.0,300.0,300.0],0.001066299],
[[800.0,350.0,350.0],0.001119131],
[[850.0,1.0,1.0],0.001083673],
[[850.0,75.0,75.0],0.001169017],
[[850.0,150.0,150.0],0.001064091],
[[850.0,200.0,200.0],0.001023142],
[[850.0,250.0,250.0],0.001225425],
[[850.0,300.0,300.0],0.001237874],
[[850.0,350.0,350.0],0.001032493],
[[850.0,400.0,400.0],0.001090859],
[[900.0,1.0,1.0],0.001181819],
[[900.0,75.0,75.0],0.001290708],
[[900.0,150.0,150.0],0.001149719],
[[900.0,200.0,200.0],0.001133968],
[[900.0,250.0,250.0],0.001175992],
[[900.0,300.0,300.0],0.001023691],
[[900.0,350.0,350.0],0.001109759],
[[900.0,400.0,400.0],0.00117626],
[[950.0,1.0,1.0],0.001158182],
[[950.0,75.0,75.0],0.001144733],
[[950.0,150.0,150.0],0.001131485],
[[950.0,200.0,200.0],0.001163338],
[[950.0,250.0,250.0],0.001267452],
[[950.0,300.0,300.0],0.001325875],
[[950.0,350.0,350.0],0.001162955],
[[950.0,400.0,400.0],0.001275892],
[[950.0,450.0,450.0],0.001354259],
[[1000.0,1.0,1.0],0.001214666],
[[1000.0,10.0,10.0],0.001186551],
[[1000.0,75.0,75.0],0.001282793],
[[1000.0,150.0,150.0],0.001260303],
[[1000.0,200.0,200.0],0.001355876],
[[1000.0,250.0,250.0],0.00119986],
[[1000.0,300.0,300.0],0.001220922],
[[1000.0,350.0,350.0],0.001379191],
[[1000.0,400.0,400.0],0.001259562],
[[1000.0,450.0,450.0],0.001183999],
[[1050.0,1.0,1.0],0.001387005],
[[1050.0,75.0,75.0],0.001294284],
[[1050.0,150.0,150.0],0.001245509],
[[1050.0,200.0,200.0],0.001304864],
[[1050.0,250.0,250.0],0.001297615],
[[1050.0,300.0,300.0],0.001257981],
[[1050.0,350.0,350.0],0.001264461],
[[1050.0,400.0,400.0],0.001407544],
[[1050.0,450.0,450.0],0.001168711],
[[1050.0,500.0,500.0],0.001219983],
[[1100.0,1.0,1.0],0.001308161],
[[1100.0,75.0,75.0],0.00129491],
[[1100.0,150.0,150.0],0.00131991],
[[1100.0,200.0,200.0],0.00129938],
[[1100.0,250.0,250.0],0.001316985],
[[1100.0,300.0,300.0],0.00133994],
[[1100.0,350.0,350.0],0.001381578],
[[1100.0,400.0,400.0],0.001384912],
[[1100.0,450.0,450.0],0.001319229],
[[1100.0,500.0,500.0],0.001377564],
[[1150.0,1.0,1.0],0.001354509],
[[1150.0,75.0,75.0],0.001288259],
[[1150.0,150.0,150.0],0.001435344],
[[1150.0,200.0,200.0],0.001421057],
[[1150.0,250.0,250.0],0.001348356],
[[1150.0,300.0,300.0],0.001340419],
[[1150.0,350.0,350.0],0.001484053],
[[1150.0,400.0,400.0],0.001441206],
[[1150.0,450.0,450.0],0.001413835],
[[1150.0,500.0,500.0],0.001313235],
[[1150.0,550.0,550.0],0.001534018],
[[1200.0,1.0,1.0],0.001311273],
[[1200.0,75.0,75.0],0.001435026],
[[1200.0,150.0,150.0],0.001395721],
[[1200.0,200.0,200.0],0.001374879],
[[1200.0,250.0,250.0],0.001349246],
[[1200.0,300.0,300.0],0.001306059],
[[1200.0,350.0,350.0],0.001476351],
[[1200.0,400.0,400.0],0.001484122],
[[1200.0,450.0,450.0],0.00146817],
[[1200.0,500.0,500.0],0.001426933],
[[1200.0,550.0,550.0],0.001579721],
[[1250.0,1.0,1.0],0.001439411],
[[1250.0,10.0,10.0],0.001313675],
[[1250.0,75.0,75.0],0.001351086],
[[1250.0,150.0,150.0],0.001550587],
[[1250.0,200.0,200.0],0.001368907],
[[1250.0,250.0,250.0],0.001465272],
[[1250.0,300.0,300.0],0.001420127],
[[1250.0,350.0,350.0],0.001427694],
[[1250.0,400.0,400.0],0.001529047],
[[1250.0,450.0,450.0],0.001564696],
[[1250.0,500.0,500.0],0.001406202],
[[1250.0,550.0,550.0],0.001518109],
[[1250.0,600.0,600.0],0.001487937],
[[1300.0,1.0,1.0],0.001536771],
[[1300.0,75.0,75.0],0.001478045],
[[1300.0,150.0,150.0],0.001475431],
[[1300.0,200.0,200.0],0.00154773],
[[1300.0,250.0,250.0],0.001453457],
[[1300.0,300.0,300.0],0.001493029],
[[1300.0,350.0,350.0],0.001600222],
[[1300.0,400.0,400.0],0.001658379],
[[1300.0,450.0,450.0],0.001643093],
[[1300.0,500.0,500.0],0.001542447],
[[1300.0,550.0,550.0],0.001665923],
[[1300.0,600.0,600.0],0.001450287],
[[1350.0,1.0,1.0],0.001501618],
[[1350.0,75.0,75.0],0.001530899],
[[1350.0,150.0,150.0],0.001353258],
[[1350.0,200.0,200.0],0.001526122],
[[1350.0,250.0,250.0],0.001459492],
[[1350.0,300.0,300.0],0.0016103],
[[1350.0,350.0,350.0],0.001514428],
[[1350.0,400.0,400.0],0.001609052],
[[1350.0,450.0,450.0],0.00153137],
[[1350.0,500.0,500.0],0.00153617],
[[1350.0,550.0,550.0],0.001600944],
[[1350.0,600.0,600.0],0.001580607],
[[1350.0,650.0,650.0],0.001614569],
[[1400.0,1.0,1.0],0.001483884],
[[1400.0,75.0,75.0],0.001558343],
[[1400.0,150.0,150.0],0.001411557],
[[1400.0,200.0,200.0],0.00149191],
[[1400.0,250.0,250.0],0.001500371],
[[1400.0,300.0,300.0],0.001675232],
[[1400.0,350.0,350.0],0.001648024],
[[1400.0,400.0,400.0],0.001640601],
[[1400.0,450.0,450.0],0.001593666],
[[1400.0,500.0,500.0],0.00161099],
[[1400.0,550.0,550.0],0.001643284],
[[1400.0,600.0,600.0],0.001701326],
[[1400.0,650.0,650.0],0.001587232],
[[1450.0,1.0,1.0],0.001611904],
[[1450.0,75.0,75.0],0.001485875],
[[1450.0,150.0,150.0],0.001395154],
[[1450.0,200.0,200.0],0.001694389],
[[1450.0,250.0,250.0],0.0014659],
[[1450.0,300.0,300.0],0.001768253],
[[1450.0,350.0,350.0],0.001520112],
[[1450.0,400.0,400.0],0.001570464],
[[1450.0,450.0,450.0],0.001740505],
[[1450.0,500.0,500.0],0.001556503],
[[1450.0,550.0,550.0],0.00164372],
[[1450.0,600.0,600.0],0.001482263],
[[1450.0,650.0,650.0],0.001704514],
[[1450.0,700.0,700.0],0.001804137],
[[1500.0,1.0,1.0],0.001591954],
[[1500.0,10.0,10.0],0.001514007],
[[1500.0,75.0,75.0],0.00153367],
[[1500.0,150.0,150.0],0.001641651],
[[1500.0,200.0,200.0],0.00163272],
[[1500.0,250.0,250.0],0.001460743],
[[1500.0,300.0,300.0],0.001496984],
[[1500.0,350.0,350.0],0.001396849],
[[1500.0,400.0,400.0],0.001605511],
[[1500.0,450.0,450.0],0.001718321],
[[1500.0,500.0,500.0],0.001666942],
[[1500.0,550.0,550.0],0.001666652],
[[1500.0,600.0,600.0],0.001678139],
[[1500.0,650.0,650.0],0.001728307],
[[1500.0,700.0,700.0],0.00174819],
[[1500.0,750.0,750.0],0.001785576],
[[1550.0,1.0,1.0],0.001572374],
[[1550.0,75.0,75.0],0.001626824],
[[1550.0,150.0,150.0],0.001555134],
[[1550.0,200.0,200.0],0.001603091],
[[1550.0,250.0,250.0],0.001770039],
[[1550.0,300.0,300.0],0.001696157],
[[1550.0,350.0,350.0],0.001576615],
[[1550.0,400.0,400.0],0.001615294],
[[1550.0,450.0,450.0],0.001660927],
[[1550.0,500.0,500.0],0.001675903],
[[1550.0,550.0,550.0],0.001711019],
[[1550.0,600.0,600.0],0.001719898],
[[1550.0,650.0,650.0],0.001705723],
[[1550.0,700.0,700.0],0.00184942],
[[1550.0,750.0,750.0],0.001710595],
[[1600.0,1.0,1.0],0.001673929],
[[1600.0,75.0,75.0],0.001509268],
[[1600.0,150.0,150.0],0.001627503],
[[1600.0,200.0,200.0],0.001634532],
[[1600.0,250.0,250.0],0.001675796],
[[1600.0,300.0,300.0],0.001641451],
[[1600.0,350.0,350.0],0.001810694],
[[1600.0,400.0,400.0],0.001626623],
[[1600.0,450.0,450.0],0.001645984],
[[1600.0,500.0,500.0],0.00178032],
[[1600.0,550.0,550.0],0.001726697],
[[1600.0,600.0,600.0],0.001656908],
[[1600.0,650.0,650.0],0.001725568],
[[1600.0,700.0,700.0],0.001660352],
[[1600.0,750.0,750.0],0.001638977],
[[1650.0,1.0,1.0],0.001493318],
[[1650.0,75.0,75.0],0.001590721],
[[1650.0,150.0,150.0],0.001697867],
[[1650.0,200.0,200.0],0.001668786],
[[1650.0,250.0,250.0],0.001658119],
[[1650.0,300.0,300.0],0.001893739],
[[1650.0,350.0,350.0],0.001563359],
[[1650.0,400.0,400.0],0.001714197],
[[1650.0,450.0,450.0],0.001779312],
[[1650.0,500.0,500.0],0.001694218],
[[1650.0,550.0,550.0],0.001788355],
[[1650.0,600.0,600.0],0.00175462],
[[1650.0,650.0,650.0],0.001744151],
[[1650.0,700.0,700.0],0.001773683],
[[1650.0,750.0,750.0],0.00182088],
[[1650.0,800.0,800.0],0.001660477],
[[1700.0,1.0,1.0],0.001597331],
[[1700.0,75.0,75.0],0.001611202],
[[1700.0,150.0,150.0],0.001705899],
[[1700.0,200.0,200.0],0.001662843],
[[1700.0,250.0,250.0],0.001526028],
[[1700.0,300.0,300.0],0.001674204],
[[1700.0,350.0,350.0],0.001638644],
[[1700.0,400.0,400.0],0.001748841],
[[1700.0,450.0,450.0],0.001628585],
[[1700.0,500.0,500.0],0.001836105],
[[1700.0,550.0,550.0],0.001679375],
[[1700.0,600.0,600.0],0.001718026],
[[1700.0,650.0,650.0],0.001804324],
[[1700.0,700.0,700.0],0.001827658],
[[1700.0,750.0,750.0],0.001656203],
[[1700.0,800.0,800.0],0.001721465],
[[1750.0,1.0,1.0],0.001649408],
[[1750.0,10.0,10.0],0.001617669],
[[1750.0,75.0,75.0],0.001620461],
[[1750.0,150.0,150.0],0.001720146],
[[1750.0,200.0,200.0],0.001613022],
[[1750.0,250.0,250.0],0.001827908],
[[1750.0,300.0,300.0],0.001758745],
[[1750.0,350.0,350.0],0.001784631],
[[1750.0,400.0,400.0],0.001681839],
[[1750.0,450.0,450.0],0.001864705],
[[1750.0,500.0,500.0],0.001573949],
[[1750.0,550.0,550.0],0.001882561],
[[1750.0,600.0,600.0],0.001875351],
[[1750.0,650.0,650.0],0.001681319],
[[1750.0,700.0,700.0],0.001619677],
[[1750.0,750.0,750.0],0.001699022],
[[1750.0,800.0,800.0],0.001842099],
[[1750.0,850.0,850.0],0.001846389],
[[1800.0,1.0,1.0],0.001654962],
[[1800.0,75.0,75.0],0.001638274],
[[1800.0,150.0,150.0],0.001634911],
[[1800.0,200.0,200.0],0.001844224],
[[1800.0,250.0,250.0],0.00177851],
[[1800.0,300.0,300.0],0.001789458],
[[1800.0,350.0,350.0],0.001762897],
[[1800.0,400.0,400.0],0.001806233],
[[1800.0,450.0,450.0],0.001713009],
[[1800.0,500.0,500.0],0.001751573],
[[1800.0,550.0,550.0],0.001854639],
[[1800.0,600.0,600.0],0.001869191],
[[1800.0,650.0,650.0],0.001810088],
[[1800.0,700.0,700.0],0.001887034],
[[1800.0,750.0,750.0],0.001615977],
[[1800.0,800.0,800.0],0.001649212],
[[1800.0,850.0,850.0],0.001836042],
[[1850.0,1.0,1.0],0.0016098],
[[1850.0,75.0,75.0],0.001792584],
[[1850.0,150.0,150.0],0.001841507],
[[1850.0,200.0,200.0],0.001915262],
[[1850.0,250.0,250.0],0.00184922],
[[1850.0,300.0,300.0],0.001721147],
[[1850.0,350.0,350.0],0.00184021],
[[1850.0,400.0,400.0],0.001665671],
[[1850.0,450.0,450.0],0.001690059],
[[1850.0,500.0,500.0],0.001718712],
[[1850.0,550.0,550.0],0.001762104],
[[1850.0,600.0,600.0],0.001868445],
[[1850.0,650.0,650.0],0.001971568],
[[1850.0,700.0,700.0],0.002007125],
[[1850.0,750.0,750.0],0.001702645],
[[1850.0,800.0,800.0],0.001851317],
[[1850.0,850.0,850.0],0.001815402],
[[1850.0,900.0,900.0],0.001867725],
[[1900.0,1.0,1.0],0.00166065],
[[1900.0,75.0,75.0],0.001704918],
[[1900.0,150.0,150.0],0.001772132],
[[1900.0,200.0,200.0],0.001663275],
[[1900.0,250.0,250.0],0.001835895],
[[1900.0,300.0,300.0],0.001794724],
[[1900.0,350.0,350.0],0.001915291],
[[1900.0,400.0,400.0],0.001893344],
[[1900.0,450.0,450.0],0.00173395],
[[1900.0,500.0,500.0],0.001777147],
[[1900.0,550.0,550.0],0.001767459],
[[1900.0,600.0,600.0],0.001718853],
[[1900.0,650.0,650.0],0.001676495],
[[1900.0,700.0,700.0],0.001512832],
[[1900.0,750.0,750.0],0.001738029],
[[1900.0,800.0,800.0],0.00195992],
[[1900.0,850.0,850.0],0.001713677],
[[1900.0,900.0,900.0],0.00164196],
[[1950.0,1.0,1.0],0.001707665],
[[1950.0,75.0,75.0],0.001612273],
[[1950.0,150.0,150.0],0.001647806],
[[1950.0,200.0,200.0],0.001765274],
[[1950.0,250.0,250.0],0.001496947],
[[1950.0,300.0,300.0],0.001826791],
[[1950.0,350.0,350.0],0.001775605],
[[1950.0,400.0,400.0],0.001807582],
[[1950.0,450.0,450.0],0.001677427],
[[1950.0,500.0,500.0],0.001879649],
[[1950.0,550.0,550.0],0.001792474],
[[1950.0,600.0,600.0],0.002021021],
[[1950.0,650.0,650.0],0.001800013],
[[1950.0,700.0,700.0],0.001682554],
[[1950.0,750.0,750.0],0.001941629],
[[1950.0,800.0,800.0],0.002032188],
[[1950.0,850.0,850.0],0.001951137],
[[1950.0,900.0,900.0],0.001782277],
[[1950.0,950.0,950.0],0.001696258],
[[2000.0,1.0,1.0],0.001808069],
[[2000.0,75.0,75.0],0.001857346],
[[2000.0,150.0,150.0],0.001957171],
[[2000.0,200.0,200.0],0.002073702],
[[2000.0,250.0,250.0],0.0018083],
[[2000.0,300.0,300.0],0.001884703],
[[2000.0,350.0,350.0],0.001759431],
[[2000.0,400.0,400.0],0.00188943],
[[2000.0,450.0,450.0],0.00189763],
[[2000.0,500.0,500.0],0.001959319],
[[2000.0,550.0,550.0],0.001866435],
[[2000.0,600.0,600.0],0.001844649],
[[2000.0,650.0,650.0],0.001823078],
[[2000.0,700.0,700.0],0.001885276],
[[2000.0,750.0,750.0],0.001865108],
[[2000.0,800.0,800.0],0.001983597],
[[2000.0,850.0,850.0],0.001870108],
[[2000.0,900.0,900.0],0.001870385],
[[2000.0,950.0,950.0],0.002003065],
[[2250.0,1.0,1.0],0.001976931],
[[2250.0,75.0,75.0],0.001781236],
[[2250.0,150.0,150.0],0.002086541],
[[2250.0,300.0,300.0],0.001867414],
[[2250.0,500.0,500.0],0.001842149],
[[2250.0,750.0,750.0],0.001922252],
[[2250.0,1000.0,1000.0],0.00200329],
[[2500.0,1.0,1.0],0.001926825],
[[2500.0,75.0,75.0],0.001970042],
[[2500.0,150.0,150.0],0.002129931],
[[2500.0,300.0,300.0],0.001702647],
[[2500.0,500.0,500.0],0.00205726],
[[2500.0,750.0,750.0],0.002161063],
[[2500.0,1000.0,1000.0],0.002031532],
[[2500.0,1200.0,1200.0],0.002071235],
[[2750.0,1.0,1.0],0.002060685],
[[2750.0,75.0,75.0],0.002058756],
[[2750.0,150.0,150.0],0.001869869],
[[2750.0,300.0,300.0],0.001711129],
[[2750.0,500.0,500.0],0.00203077],
[[2750.0,750.0,750.0],0.002211692],
[[2750.0,1000.0,1000.0],0.001746309],
[[2750.0,1200.0,1200.0],0.002098219],
[[3000.0,1.0,1.0],0.002052507],
[[3000.0,75.0,75.0],0.001983827],
[[3000.0,150.0,150.0],0.002036097],
[[3000.0,300.0,300.0],0.001983043],
[[3000.0,500.0,500.0],0.002277353],
[[3000.0,750.0,750.0],0.002298543],
[[3000.0,1000.0,1000.0],0.002336034],
[[3000.0,1200.0,1200.0],0.00217041],
[[3000.0,1400.0,1400.0],0.002109698]]
